wav, obs, sigma_obs, syn, weight
4503.42, 0.989282, 0.0100968, 1, 0
4503.43, 0.990271, 0.0101044, 1, 0
4503.44, 0.989177, 0.0100927, 1, 0
4503.45, 0.991495, 0.0101109, 1, 0
4503.46, 0.993466, 0.0101266, 1, 0
4503.47, 0.992553, 0.0101171, 1, 0
4503.48, 0.993244, 0.010121, 0.99912, 0.0104289
4503.49, 0.994853, 0.0101317, 0.99861, 0.0125147
4503.5, 0.994861, 0.0101306, 0.99811, 0.0166863
4503.51, 0.992529, 0.0101145, 0.99772, 0.0166863
4503.52, 0.994077, 0.0101148, 0.99742, 0.0187721
4503.53, 1.00005, 0.0101449, 0.99718, 0.0187721
4503.54, 1.00233, 0.0101779, 0.99698, 0.0208579
4503.55, 0.999866, 0.0101723, 0.99679, 0.0208579
4503.56, 0.996988, 0.0101401, 0.99662, 0.0229437
4503.57, 0.998912, 0.0101404, 0.99646, 0.0229437
4503.58, 0.999865, 0.0101457, 0.9963, 0.0250295
4503.59, 0.996562, 0.0101264, 0.99612, 0.0292011
4503.6, 0.99191, 0.0100861, 0.99588, 0.0333726
4503.61, 0.989888, 0.0100649, 0.99547, 0.0438016
4503.62, 0.991474, 0.0100745, 0.99466, 0.0625737
4503.63, 0.993723, 0.0100864, 0.99306, 0.108461
4503.64, 0.990967, 0.010059, 0.99009, 0.193978
4503.65, 0.983069, 0.00999212, 0.98505, 0.354584
4503.66, 0.974923, 0.00992215, 0.97729, 0.621565
4503.67, 0.969961, 0.00987538, 0.96642, 1.02204
4503.68, 0.963894, 0.00981919, 0.95257, 1.56434
4503.69, 0.950875, 0.00970403, 0.93649, 2.22971
4503.7, 0.93677, 0.00955872, 0.9194, 2.96808
4503.71, 0.918523, 0.00937914, 0.90274, 3.71479
4503.72, 0.892147, 0.00915967, 0.88788, 4.39476
4503.73, 0.870851, 0.00897378, 0.87583, 4.95375
4503.74, 0.856167, 0.00883503, 0.8672, 5.35005
4503.75, 0.845132, 0.0087387, 0.86223, 5.57114
4503.76, 0.845337, 0.00874058, 0.861, 5.6066
4503.77, 0.85432, 0.00881927, 0.86351, 5.45851
4503.78, 0.867239, 0.00893384, 0.86971, 5.12896
4503.79, 0.887203, 0.00909977, 0.87943, 4.63045
4503.8, 0.905071, 0.00925467, 0.89225, 3.99012
4503.81, 0.914149, 0.00934903, 0.90731, 3.26426
4503.82, 0.924118, 0.00943524, 0.9234, 2.51338
4503.83, 0.933114, 0.00950905, 0.93911, 1.81047
4503.84, 0.93745, 0.00955164, 0.95312, 1.21602
4503.85, 0.940852, 0.00957652, 0.96451, 0.759227
4503.86, 0.94481, 0.00961041, 0.97294, 0.444273
4503.87, 0.949565, 0.00966087, 0.97862, 0.246123
4503.88, 0.955235, 0.00970509, 0.98215, 0.133491
4503.89, 0.960966, 0.00975107, 0.98424, 0.0750884
4503.9, 0.96623, 0.00980142, 0.98553, 0.0479732
4503.91, 0.971664, 0.00984168, 0.98647, 0.0333726
4503.92, 0.978958, 0.0098984, 0.98732, 0.0271153
4503.93, 0.986904, 0.00997058, 0.98819, 0.0250295
4503.94, 0.991447, 0.0100156, 0.9891, 0.0229437
4503.95, 0.993818, 0.0100364, 0.99005, 0.0208579
4503.96, 0.996201, 0.0100534, 0.991, 0.0187721
4503.97, 0.999255, 0.0100809, 0.99192, 0.0187721
4503.98, 1.00061, 0.0100946, 0.9928, 0.0166863
4503.99, 1.00068, 0.0100921, 0.99362, 0.0146005
4504, 1.002, 0.0100943, 0.99441, 0.0146005
4504.01, 1.00204, 0.0100937, 0.99523, 0.0125147
4504.02, 1.00064, 0.0100841, 0.99617, 0.0125147
4504.03, 0.999896, 0.0100685, 0.99723, 0.00834316
4504.04, 0.999127, 0.0100543, 0.99827, 0.00625737
4504.05, 0.999371, 0.0100642, 1, 0
4504.06, 1.00162, 0.0101053, 1, 0
4504.07, 1.00185, 0.0101143, 1, 0
4504.08, 0.999851, 0.0100885, 1, 0
4504.09, 0.998458, 0.0100721, 1, 0
4504.1, 0.997065, 0.0100558, 1, 0
