wav, obs, sigma_obs, syn, weight
4505.14, 0.98404, 0.00981172, 1, 0
4505.15, 0.984792, 0.00980896, 1, 0
4505.16, 0.985543, 0.00980621, 1, 0
4505.17, 0.986295, 0.00980346, 1, 0
4505.18, 0.987046, 0.00980071, 1, 0
4505.19, 0.987798, 0.00979795, 1, 0
4505.2, 0.988549, 0.0097952, 0.99852, 0.00829691
4505.21, 0.990319, 0.00979884, 0.99711, 0.0099563
4505.22, 0.98775, 0.00977527, 0.99492, 0.0116157
4505.23, 0.981288, 0.00972799, 0.99177, 0.0132751
4505.24, 0.975935, 0.00968737, 0.98749, 0.0149344
4505.25, 0.969709, 0.00963031, 0.98214, 0.0165938
4505.26, 0.96232, 0.00955942, 0.976, 0.0182532
4505.27, 0.95577, 0.00950201, 0.96956, 0.0182532
4505.28, 0.948413, 0.0094404, 0.9634, 0.0199126
4505.29, 0.942968, 0.00938782, 0.958, 0.0232314
4505.3, 0.943073, 0.00937189, 0.95369, 0.0232314
4505.31, 0.94366, 0.00937048, 0.95061, 0.0282095
4505.32, 0.944972, 0.00939064, 0.94877, 0.0331877
4505.33, 0.95021, 0.0094469, 0.94815, 0.0398252
4505.34, 0.958429, 0.00951273, 0.94871, 0.0514409
4505.35, 0.966891, 0.00957803, 0.95045, 0.0746722
4505.36, 0.973075, 0.00963742, 0.95339, 0.119476
4505.37, 0.976463, 0.00967278, 0.95745, 0.202445
4505.38, 0.978681, 0.0096868, 0.96245, 0.345152
4505.39, 0.980476, 0.00968928, 0.96802, 0.577465
4505.4, 0.980244, 0.00968527, 0.97365, 0.922617
4505.41, 0.9796, 0.00968482, 0.97877, 1.38393
4505.42, 0.980382, 0.00969137, 0.98294, 1.94977
4505.43, 0.982724, 0.00970088, 0.98595, 2.582
4505.44, 0.985838, 0.00973007, 0.98783, 3.22418
4505.45, 0.989885, 0.0097763, 0.98881, 3.81658
4505.46, 0.995065, 0.00981037, 0.9892, 4.31108
4505.47, 0.996474, 0.00981645, 0.9893, 4.6695
4505.48, 0.994138, 0.00980442, 0.98932, 4.87693
4505.49, 0.993279, 0.00980085, 0.98941, 4.92505
4505.5, 0.996268, 0.0098165, 0.98964, 4.81387
4505.51, 0.997514, 0.00981721, 0.99006, 4.54505
4505.52, 0.991816, 0.00977487, 0.99069, 4.12854
4505.53, 0.989678, 0.00975905, 0.99153, 3.5909
4505.54, 0.991024, 0.00976128, 0.99256, 2.97361
4505.55, 0.990111, 0.00974242, 0.9937, 2.32977
4505.56, 0.988274, 0.00973183, 0.99487, 1.71912
4505.57, 0.99054, 0.00975304, 0.99595, 1.1931
4505.58, 0.996823, 0.00979132, 0.99685, 0.783229
4505.59, 0.997118, 0.00979093, 0.99752, 0.494496
4505.6, 0.996287, 0.00979251, 0.99795, 0.318601
4505.61, 0.99959, 0.00982413, 0.99814, 0.235632
4505.62, 1.00244, 0.00983641, 0.99815, 0.220698
4505.63, 1.00178, 0.00983192, 0.99803, 0.258864
4505.64, 0.999449, 0.00982738, 0.9978, 0.331877
4505.65, 1.00017, 0.00982638, 0.9975, 0.42978
4505.66, 0.998936, 0.00981323, 0.99714, 0.532662
4505.67, 0.99513, 0.00978516, 0.99675, 0.632225
4505.68, 0.99378, 0.00975883, 0.99635, 0.716853
4505.69, 0.993062, 0.0097515, 0.99596, 0.776591
4505.7, 0.993541, 0.00975822, 0.9956, 0.814757
4505.71, 0.996075, 0.00975751, 0.99529, 0.826372
4505.72, 0.992975, 0.00973698, 0.99503, 0.811438
4505.73, 0.987525, 0.00970757, 0.99485, 0.769953
4505.74, 0.98618, 0.0096836, 0.99479, 0.703578
4505.75, 0.982379, 0.00965198, 0.99498, 0.612312
4505.76, 0.975832, 0.00960702, 0.99556, 0.499474
4505.77, 0.971522, 0.0095656, 0.99655, 0.37502
4505.78, 0.973675, 0.00956464, 0.99774, 0.250567
4505.79, 0.973345, 0.00955813, 1, 0
4505.8, 0.965871, 0.00951351, 1, 0
4505.81, 0.961512, 0.00947759, 1, 0
4505.82, 0.960356, 0.00946098, 1, 0
4505.83, 0.959698, 0.00945229, 1, 0
4505.84, 0.959452, 0.00944201, 1, 0
