wav, obs, sigma_obs, syn, weight
4531.81, 0.994866, 0.00996634, 1, 0
4531.82, 0.993097, 0.00994733, 1, 0
4531.83, 0.991327, 0.00992832, 1, 0
4531.84, 0.9895, 0.00990891, 1, 0
4531.85, 0.987627, 0.0098892, 1, 0
4531.86, 0.986572, 0.0098749, 1, 0
4531.87, 0.984822, 0.00985416, 0.98856, 0.711663
4531.88, 0.980292, 0.00981116, 0.98662, 0.931093
4531.89, 0.973804, 0.00975286, 0.98563, 1.07936
4531.9, 0.969462, 0.00971375, 0.98541, 1.15052
4531.91, 0.971062, 0.00972538, 0.98574, 1.15645
4531.92, 0.972954, 0.00973772, 0.98645, 1.11494
4531.93, 0.972845, 0.00973237, 0.98743, 1.03191
4531.94, 0.973726, 0.00973797, 0.98857, 0.931093
4531.95, 0.976682, 0.009761, 0.98972, 0.812482
4531.96, 0.98107, 0.00979547, 0.99077, 0.682011
4531.97, 0.984833, 0.00982726, 0.99161, 0.5634
4531.98, 0.985766, 0.00983464, 0.99219, 0.474442
4531.99, 0.985119, 0.0098305, 0.99251, 0.421067
4532, 0.988095, 0.00986938, 0.99254, 0.421067
4532.01, 0.990869, 0.00990479, 0.99226, 0.492234
4532.02, 0.989264, 0.00988848, 0.99158, 0.640497
4532.03, 0.985918, 0.00985236, 0.99039, 0.877718
4532.04, 0.982715, 0.00981925, 0.98859, 1.20983
4532.05, 0.980355, 0.00979673, 0.98614, 1.6131
4532.06, 0.978676, 0.00977993, 0.98315, 2.05789
4532.07, 0.977274, 0.00976585, 0.97982, 2.50268
4532.08, 0.975801, 0.00975223, 0.97645, 2.90003
4532.09, 0.974269, 0.00973309, 0.97333, 3.22621
4532.1, 0.972361, 0.00970978, 0.9707, 3.45157
4532.11, 0.969876, 0.00968859, 0.96876, 3.57018
4532.12, 0.968001, 0.00967153, 0.96766, 3.58797
4532.13, 0.967346, 0.00966076, 0.96754, 3.49308
4532.14, 0.967813, 0.00965967, 0.96846, 3.29144
4532.15, 0.969766, 0.00967229, 0.97037, 2.99492
4532.16, 0.972975, 0.00969667, 0.9731, 2.61536
4532.17, 0.976666, 0.00972624, 0.97631, 2.18243
4532.18, 0.981438, 0.00976647, 0.97965, 1.73764
4532.19, 0.987288, 0.00981639, 0.98281, 1.32844
4532.2, 0.992659, 0.00986038, 0.98558, 0.990398
4532.21, 0.995274, 0.00987984, 0.98791, 0.729455
4532.22, 0.99575, 0.00988095, 0.9898, 0.55747
4532.23, 0.998925, 0.00990433, 0.99131, 0.45072
4532.24, 1.00256, 0.00993274, 0.99246, 0.391415
4532.25, 1.00325, 0.00993675, 0.9933, 0.367693
4532.26, 1.0023, 0.00992157, 0.99384, 0.355832
4532.27, 1.00071, 0.00990147, 0.99417, 0.355832
4532.28, 0.999136, 0.00988796, 0.99433, 0.355832
4532.29, 0.998425, 0.00987793, 0.99441, 0.361762
4532.3, 0.99598, 0.00985174, 0.99445, 0.373623
4532.31, 0.990191, 0.00980303, 0.99449, 0.373623
4532.32, 0.988636, 0.009788, 0.99455, 0.379554
4532.33, 0.99028, 0.00979663, 0.99462, 0.385484
4532.34, 0.988802, 0.00978031, 0.99474, 0.385484
4532.35, 0.9889, 0.00977844, 0.99494, 0.361762
4532.36, 0.991531, 0.00979931, 0.99534, 0.320249
4532.37, 0.992693, 0.00980952, 0.99602, 0.249082
4532.38, 0.993342, 0.00981164, 1, 0
4532.39, 0.995084, 0.00982026, 1, 0
4532.4, 0.998008, 0.00984394, 1, 0
4532.41, 0.998952, 0.00984977, 1, 0
4532.42, 0.998267, 0.00983755, 1, 0
4532.43, 1.00112, 0.00985759, 1, 0
