wav, obs, sigma_obs, syn, weight
4534.22, 0.889176, 0.00843971, 1, 0
4534.23, 0.919563, 0.00868021, 1, 0
4534.24, 0.940849, 0.00885275, 1, 0
4534.25, 0.953147, 0.00895577, 1, 0
4534.26, 0.963103, 0.00903526, 1, 0
4534.27, 0.972838, 0.00910703, 1, 0
4534.28, 0.980128, 0.00916136, 0.98033, 0.201266
4534.29, 0.981359, 0.00917843, 0.98166, 0.259507
4534.3, 0.980019, 0.00916935, 0.98257, 0.295632
4534.31, 0.979621, 0.00916046, 0.9831, 0.311114
4534.32, 0.981051, 0.00917387, 0.98329, 0.314063
4534.33, 0.982077, 0.00918019, 0.98326, 0.312588
4534.34, 0.981508, 0.00916755, 0.98312, 0.30964
4534.35, 0.980396, 0.00915758, 0.98299, 0.307428
4534.36, 0.980158, 0.00915576, 0.983, 0.305953
4534.37, 0.981335, 0.00916081, 0.98319, 0.305216
4534.38, 0.983083, 0.00916876, 0.98353, 0.306691
4534.39, 0.983502, 0.00916925, 0.98394, 0.308902
4534.4, 0.982411, 0.00916144, 0.98431, 0.311851
4534.41, 0.982127, 0.00915854, 0.98456, 0.317012
4534.42, 0.983514, 0.00916484, 0.98464, 0.324384
4534.43, 0.984992, 0.00917115, 0.98454, 0.335443
4534.44, 0.983336, 0.00915918, 0.98427, 0.351662
4534.45, 0.981863, 0.00914355, 0.98381, 0.374516
4534.46, 0.981689, 0.009132, 0.9831, 0.406218
4534.47, 0.977712, 0.00910526, 0.98203, 0.44824
4534.48, 0.974728, 0.0090773, 0.9804, 0.500584
4534.49, 0.974731, 0.00905562, 0.97798, 0.5603
4534.5, 0.969093, 0.00901643, 0.97464, 0.62444
4534.51, 0.962683, 0.00898061, 0.97042, 0.688579
4534.52, 0.960567, 0.00896011, 0.96565, 0.749033
4534.53, 0.956462, 0.00891584, 0.96095, 0.8058
4534.54, 0.950217, 0.00885928, 0.95706, 0.855932
4534.55, 0.944547, 0.00881623, 0.95454, 0.901641
4534.56, 0.940188, 0.00878359, 0.95356, 0.945138
4534.57, 0.93532, 0.00874601, 0.95382, 0.98716
4534.58, 0.929411, 0.00869946, 0.9546, 1.03139
4534.59, 0.926588, 0.00866962, 0.95507, 1.08374
4534.6, 0.923609, 0.00863911, 0.95449, 1.15451
4534.61, 0.916649, 0.00858688, 0.95238, 1.25625
4534.62, 0.910766, 0.00854325, 0.94838, 1.40886
4534.63, 0.906918, 0.00850814, 0.94206, 1.62266
4534.64, 0.901854, 0.00845713, 0.93249, 1.89912
4534.65, 0.890542, 0.00836457, 0.91766, 2.21466
4534.66, 0.871056, 0.00820988, 0.89397, 2.52799
4534.67, 0.84361, 0.00798319, 0.85631, 2.79855
4534.68, 0.807729, 0.00768992, 0.79949, 2.99908
4534.69, 0.758193, 0.00728543, 0.7209, 3.12072
4534.7, 0.690494, 0.00672854, 0.62317, 3.16864
4534.71, 0.611297, 0.00609038, 0.51471, 3.14948
4534.72, 0.525162, 0.00539181, 0.40756, 3.07133
4534.73, 0.434633, 0.00462739, 0.31344, 2.94084
4534.74, 0.345798, 0.00387448, 0.24003, 2.77054
4534.75, 0.267874, 0.0032136, 0.18939, 2.58328
4534.76, 0.210555, 0.00271093, 0.159, 2.4174
4534.77, 0.17848, 0.00241881, 0.14469, 2.31198
4534.78, 0.17341, 0.00236896, 0.14345, 2.29723
4534.79, 0.19569, 0.00257229, 0.15498, 2.37464
4534.8, 0.246017, 0.00301903, 0.18187, 2.52135
4534.81, 0.319996, 0.003658, 0.22829, 2.69755
4534.82, 0.40919, 0.00441125, 0.29741, 2.8649
4534.83, 0.507587, 0.00522615, 0.38831, 2.99687
4534.84, 0.605203, 0.00602643, 0.49435, 3.08165
4534.85, 0.690329, 0.00672494, 0.60425, 3.10819
4534.86, 0.762041, 0.00730625, 0.70554, 3.07207
4534.87, 0.820161, 0.00777223, 0.78872, 2.96517
4534.88, 0.86318, 0.00812295, 0.84991, 2.77938
4534.89, 0.892721, 0.00835607, 0.89091, 2.5184
4534.9, 0.913487, 0.00851225, 0.9168, 2.20508
4534.91, 0.930826, 0.00865714, 0.93302, 1.87553
4534.92, 0.942271, 0.00875775, 0.94367, 1.56884
4534.93, 0.949194, 0.0088116, 0.95122, 1.31302
4534.94, 0.957785, 0.00887013, 0.95693, 1.11397
4534.95, 0.964064, 0.00891893, 0.96144, 0.963569
4534.96, 0.965972, 0.00894161, 0.9651, 0.849297
4534.97, 0.967322, 0.00894812, 0.9681, 0.758617
4534.98, 0.970529, 0.0089661, 0.97056, 0.68563
4534.99, 0.975565, 0.00900136, 0.97257, 0.623702
4535, 0.979924, 0.00902814, 0.97414, 0.572096
4535.01, 0.980739, 0.00903497, 0.97525, 0.527862
4535.02, 0.978918, 0.00902694, 0.97569, 0.488051
4535.03, 0.978816, 0.00901712, 0.97495, 0.451926
4535.04, 0.975314, 0.00898111, 0.97192, 0.417276
4535.05, 0.96457, 0.00889889, 0.96462, 0.3841
4535.06, 0.948798, 0.008773, 0.95012, 0.350188
4535.07, 0.926434, 0.00858909, 0.92509, 0.318486
4535.08, 0.893067, 0.00831636, 0.88704, 0.287522
4535.09, 0.844801, 0.00792763, 0.8361, 0.25877
4535.1, 0.792546, 0.0075065, 0.77634, 0.232967
4535.11, 0.747049, 0.0071359, 0.71589, 0.212324
4535.12, 0.710501, 0.00683653, 0.66538, 0.195368
4535.13, 0.689955, 0.00667079, 0.63509, 0.183572
4535.14, 0.692315, 0.00669448, 0.63167, 0.177674
4535.15, 0.719051, 0.00691077, 0.65592, 0.1762
4535.16, 0.761425, 0.00724889, 0.7025, 0.179886
4535.17, 0.809558, 0.00763303, 0.7618, 0.187258
4535.18, 0.858638, 0.008027, 0.82298, 0.199054
4535.19, 0.90272, 0.00837445, 0.8771, 0.213061
4535.2, 0.936844, 0.00863801, 0.91902, 0.227069
4535.21, 0.959167, 0.00882753, 0.94767, 0.241076
4535.22, 0.968789, 0.00891419, 0.9649, 0.254347
4535.23, 0.96967, 0.00891023, 0.97376, 0.263931
4535.24, 0.972194, 0.00892311, 0.97706, 0.271303
4535.25, 0.971465, 0.00891883, 0.97668, 0.27204
4535.26, 0.960531, 0.00883458, 0.97364, 0.259507
4535.27, 0.944776, 0.00870674, 0.96866, 0.228543
4535.28, 0.939463, 0.00866154, 0.96264, 0.176937
4535.29, 0.933568, 0.00861324, 1, 0
4535.3, 0.870692, 0.00810101, 1, 0
4535.31, 0.829246, 0.00776032, 1, 0
4535.32, 0.888524, 0.00823562, 1, 0
4535.33, 0.954046, 0.00876151, 1, 0
4535.34, 1.01007, 0.00921044, 1, 0
