wav, obs, sigma_obs, syn, weight
4544.29, 0.997787, 0.00831902, 1, 0
4544.3, 0.998067, 0.00831726, 1, 0
4544.31, 0.999197, 0.00831865, 1, 0
4544.32, 1.00067, 0.00832602, 1, 0
4544.33, 0.99962, 0.00832317, 1, 0
4544.34, 0.995803, 0.0083023, 1, 0
4544.35, 0.994961, 0.00828835, 0.98758, 0.0388462
4544.36, 0.995827, 0.00828392, 0.98604, 0.0514141
4544.37, 0.994603, 0.00827309, 0.98456, 0.0605543
4544.38, 0.989643, 0.00824217, 0.98288, 0.0674095
4544.39, 0.985058, 0.00822269, 0.98078, 0.0731222
4544.4, 0.980668, 0.00819943, 0.97826, 0.0776924
4544.41, 0.974707, 0.00814441, 0.97552, 0.0822625
4544.42, 0.971556, 0.0081056, 0.97282, 0.0879752
4544.43, 0.962812, 0.00804273, 0.9702, 0.0936878
4544.44, 0.946528, 0.00794191, 0.9674, 0.101686
4544.45, 0.939194, 0.0078948, 0.96399, 0.109683
4544.46, 0.934726, 0.00785533, 0.95969, 0.119966
4544.47, 0.927706, 0.00780075, 0.95468, 0.131391
4544.48, 0.923502, 0.0077829, 0.94962, 0.143959
4544.49, 0.929199, 0.00782458, 0.9454, 0.15767
4544.5, 0.936504, 0.00786787, 0.94259, 0.17138
4544.51, 0.934879, 0.00785617, 0.94061, 0.182806
4544.52, 0.931369, 0.00783561, 0.93683, 0.191946
4544.53, 0.916299, 0.00772903, 0.92599, 0.201086
4544.54, 0.881592, 0.00747311, 0.90064, 0.215939
4544.55, 0.832267, 0.00710562, 0.85349, 0.246788
4544.56, 0.763216, 0.00660749, 0.7814, 0.317625
4544.57, 0.676454, 0.00597856, 0.68903, 0.445589
4544.58, 0.584852, 0.00528592, 0.58902, 0.64439
4544.59, 0.503347, 0.00467952, 0.49779, 0.89689
4544.6, 0.442166, 0.00423118, 0.42892, 1.18367
4544.61, 0.404652, 0.00394548, 0.388, 1.47387
4544.62, 0.385778, 0.0037997, 0.37118, 1.7595
4544.63, 0.371572, 0.00369541, 0.36754, 2.04742
4544.64, 0.350268, 0.00353844, 0.36408, 2.36505
4544.65, 0.318687, 0.00329452, 0.35191, 2.74665
4544.66, 0.281122, 0.00300226, 0.33039, 3.20824
4544.67, 0.248367, 0.00274405, 0.30698, 3.72238
4544.68, 0.236233, 0.00264319, 0.29328, 4.22167
4544.69, 0.261591, 0.00285233, 0.30072, 4.62041
4544.7, 0.325426, 0.00334909, 0.33782, 4.86034
4544.71, 0.42032, 0.00405452, 0.40799, 4.93461
4544.72, 0.536848, 0.00492927, 0.50671, 4.87291
4544.73, 0.652653, 0.00579809, 0.62048, 4.7221
4544.74, 0.752388, 0.00653977, 0.73038, 4.50616
4544.75, 0.8325, 0.00713256, 0.81982, 4.22966
4544.76, 0.889016, 0.00753177, 0.88135, 3.87434
4544.77, 0.924939, 0.0077759, 0.91771, 3.42646
4544.78, 0.946671, 0.00793843, 0.93743, 2.88833
4544.79, 0.957574, 0.00803645, 0.94915, 2.2885
4544.8, 0.963538, 0.00809008, 0.95829, 1.69438
4544.81, 0.970947, 0.00813073, 0.96684, 1.1791
4544.82, 0.981667, 0.00818435, 0.97475, 0.790634
4544.83, 0.983586, 0.00821588, 0.98142, 0.535849
4544.84, 0.981536, 0.00822686, 0.98652, 0.385034
4544.85, 0.988457, 0.00824778, 0.99013, 0.299344
4544.86, 0.990675, 0.0082599, 0.99251, 0.249073
4544.87, 0.98937, 0.00826276, 0.99392, 0.215939
4544.88, 0.988931, 0.0082537, 0.99445, 0.191946
4544.89, 0.981998, 0.00820772, 0.99394, 0.172523
4544.9, 0.973915, 0.00814814, 0.99207, 0.156527
4544.91, 0.966478, 0.00808443, 0.9885, 0.143959
4544.92, 0.953976, 0.00799618, 0.98322, 0.133677
4544.93, 0.938743, 0.00788791, 0.97696, 0.125679
4544.94, 0.926093, 0.00778988, 0.97117, 0.119966
4544.95, 0.919557, 0.00773306, 0.96758, 0.115396
4544.96, 0.917201, 0.00771749, 0.96733, 0.115396
4544.97, 0.918209, 0.00773531, 0.97042, 0.118824
4544.98, 0.922751, 0.00777993, 0.97574, 0.131391
4544.99, 0.930871, 0.0078467, 0.98168, 0.161097
4545, 0.94131, 0.00792088, 0.98691, 0.212511
4545.01, 0.952571, 0.00799442, 0.99072, 0.275351
4545.02, 0.962264, 0.00806072, 0.99293, 0.314197
4545.03, 0.96549, 0.00809251, 0.99352, 0.298202
4545.04, 0.960905, 0.00806132, 1, 0
4545.05, 0.946736, 0.00794623, 1, 0
4545.06, 0.916958, 0.00773391, 1, 0
4545.07, 0.869471, 0.00739463, 1, 0
4545.08, 0.810047, 0.00695819, 1, 0
4545.09, 0.752864, 0.00654015, 1, 0
