wav, obs, sigma_obs, syn, weight
4547.78, 0.882961, 0.00762731, 1, 0
4547.79, 0.798045, 0.00698644, 1, 0
4547.8, 0.715398, 0.00636098, 1, 0
4547.81, 0.619402, 0.00564425, 1, 0
4547.82, 0.513065, 0.00484764, 1, 0
4547.83, 0.411092, 0.00406753, 0.39902, 0
4547.84, 0.326685, 0.00341436, 0.30488, 0.129572
4547.85, 0.271844, 0.00298611, 0.26938, 0.132329
4547.86, 0.256871, 0.0028664, 0.2783, 0.107518
4547.87, 0.287249, 0.00310323, 0.31728, 0.0744353
4547.88, 0.35697, 0.00365379, 0.37756, 0.0496235
4547.89, 0.457097, 0.00443104, 0.45158, 0.0413529
4547.9, 0.573253, 0.00531137, 0.53378, 0.0413529
4547.91, 0.683271, 0.00614281, 0.6185, 0.0468666
4547.92, 0.773791, 0.00682168, 0.70024, 0.0578941
4547.93, 0.839133, 0.0073049, 0.77393, 0.0661647
4547.94, 0.880264, 0.00761043, 0.83551, 0.0771921
4547.95, 0.905303, 0.00780671, 0.88283, 0.0909764
4547.96, 0.925192, 0.00794479, 0.91624, 0.102004
4547.97, 0.941398, 0.00803864, 0.93823, 0.121302
4547.98, 0.9444, 0.0080798, 0.95216, 0.157141
4547.99, 0.948043, 0.00811421, 0.96101, 0.223306
4548, 0.955358, 0.00815291, 0.9668, 0.347365
4548.01, 0.958286, 0.00817816, 0.97052, 0.559643
4548.02, 0.9603, 0.00820958, 0.97247, 0.887709
4548.03, 0.964404, 0.00824495, 0.97255, 1.34535
4548.04, 0.970257, 0.00827419, 0.97059, 1.92153
4548.05, 0.973848, 0.00829187, 0.96655, 2.57491
4548.06, 0.969292, 0.00828339, 0.96075, 3.25034
4548.07, 0.963191, 0.00825307, 0.95396, 3.87339
4548.08, 0.960267, 0.00820513, 0.94724, 4.39444
4548.09, 0.946771, 0.00812377, 0.94173, 4.7804
4548.1, 0.938894, 0.00806941, 0.93841, 5.00646
4548.11, 0.940067, 0.0080518, 0.93791, 5.07262
4548.12, 0.934521, 0.00802582, 0.9404, 4.98165
4548.13, 0.936586, 0.00806, 0.94561, 4.72802
4548.14, 0.948629, 0.00814606, 0.95287, 4.32276
4548.15, 0.962381, 0.00823496, 0.96117, 3.78241
4548.16, 0.97259, 0.00831587, 0.96942, 3.14558
4548.17, 0.981746, 0.00837964, 0.97668, 2.47566
4548.18, 0.987848, 0.00841704, 0.98239, 1.83883
4548.19, 0.987388, 0.00843124, 0.98643, 1.2847
4548.2, 0.98878, 0.00845065, 0.98905, 0.857384
4548.21, 0.989051, 0.00845391, 0.99065, 0.556886
4548.22, 0.987438, 0.00843911, 0.99165, 0.369419
4548.23, 0.991343, 0.0084506, 0.99233, 0.264659
4548.24, 0.989215, 0.00844936, 0.99288, 0.212278
4548.25, 0.984253, 0.00843705, 0.99337, 0.187467
4548.26, 0.987498, 0.00844671, 0.9938, 0.179196
4548.27, 0.993332, 0.00847012, 0.99418, 0.176439
4548.28, 0.997442, 0.00849496, 0.99449, 0.179196
4548.29, 0.998645, 0.00851034, 0.99473, 0.179196
4548.3, 0.998139, 0.00851381, 0.9949, 0.181953
4548.31, 0.998534, 0.00852579, 0.995, 0.18471
4548.32, 0.999595, 0.00854391, 0.99501, 0.190223
4548.33, 0.999993, 0.00855321, 0.99489, 0.195737
4548.34, 1.00003, 0.00855011, 0.99459, 0.198494
4548.35, 1.00015, 0.00854252, 0.99403, 0.204008
4548.36, 1.00036, 0.00853794, 0.99319, 0.195737
4548.37, 0.9994, 0.00853409, 0.9922, 0.173682
4548.38, 0.994964, 0.00851662, 0.99148, 0.135086
4548.39, 0.994048, 0.00850368, 0.99165, 0.0854627
4548.4, 0.996423, 0.00850003, 1, 0
4548.41, 0.990669, 0.00848011, 1, 0
4548.42, 0.989869, 0.00847554, 1, 0
4548.43, 0.993337, 0.00848153, 1, 0
4548.44, 0.991077, 0.00847103, 1, 0
