wav, obs, sigma_obs, syn, weight
4548.34, 1.00033, 0.00853373, 1, 0
4548.35, 0.999351, 0.00852973, 1, 0
4548.36, 0.998121, 0.00852476, 1, 0
4548.37, 0.993545, 0.008506, 1, 0
4548.38, 0.993415, 0.00849513, 1, 0
4548.39, 0.995193, 0.00849026, 0.98944, 0
4548.4, 0.98908, 0.00846981, 0.98692, 0.0484802
4548.41, 0.989422, 0.00846844, 0.98467, 0.0651975
4548.42, 0.992171, 0.00847203, 0.98316, 0.0768996
4548.43, 0.989584, 0.00846067, 0.98276, 0.0852583
4548.44, 0.988909, 0.00845952, 0.98357, 0.0902735
4548.45, 0.989333, 0.00847294, 0.98535, 0.0944528
4548.46, 0.990029, 0.00849099, 0.98765, 0.100304
4548.47, 0.992003, 0.00850517, 0.98996, 0.105319
4548.48, 0.994475, 0.00852196, 0.99191, 0.11117
4548.49, 0.997663, 0.00852923, 0.99331, 0.118693
4548.5, 0.997943, 0.00851529, 0.99418, 0.126216
4548.51, 0.989981, 0.00848435, 0.99463, 0.13541
4548.52, 0.983111, 0.00844797, 0.9948, 0.145441
4548.53, 0.978834, 0.00840254, 0.99478, 0.156307
4548.54, 0.972612, 0.00834287, 0.99463, 0.169681
4548.55, 0.964763, 0.00828477, 0.99436, 0.184726
4548.56, 0.960376, 0.00825007, 0.9939, 0.203115
4548.57, 0.958539, 0.00823378, 0.99316, 0.223176
4548.58, 0.954544, 0.00822008, 0.99194, 0.249924
4548.59, 0.954816, 0.00824123, 0.99006, 0.28503
4548.6, 0.960232, 0.0082826, 0.98737, 0.335182
4548.61, 0.965886, 0.00831537, 0.98391, 0.415425
4548.62, 0.967386, 0.00833845, 0.97991, 0.550835
4548.63, 0.971725, 0.00835652, 0.97573, 0.768996
4548.64, 0.972191, 0.00834349, 0.9714, 1.08663
4548.65, 0.959835, 0.00828142, 0.96582, 1.48784
4548.66, 0.948792, 0.00821325, 0.95576, 1.925
4548.67, 0.933233, 0.0080789, 0.93519, 2.33875
4548.68, 0.901708, 0.0078228, 0.8962, 2.68731
4548.69, 0.849236, 0.00743903, 0.83206, 2.95729
4548.7, 0.774592, 0.00687947, 0.74147, 3.15539
4548.71, 0.67657, 0.00613056, 0.63103, 3.29749
4548.72, 0.560754, 0.00525134, 0.51405, 3.41033
4548.73, 0.444215, 0.00436691, 0.40624, 3.51899
4548.74, 0.339217, 0.00355363, 0.32053, 3.63351
4548.75, 0.258943, 0.00291544, 0.26383, 3.74133
4548.76, 0.216455, 0.00257326, 0.23739, 3.80737
4548.77, 0.217307, 0.00257921, 0.24031, 3.80068
4548.78, 0.263211, 0.0029477, 0.27274, 3.72462
4548.79, 0.349753, 0.0036361, 0.33555, 3.61512
4548.8, 0.464354, 0.0045312, 0.42667, 3.50395
4548.81, 0.587861, 0.00547547, 0.53804, 3.4003
4548.82, 0.703275, 0.00634908, 0.65601, 3.28662
4548.83, 0.797369, 0.00706801, 0.76509, 3.13951
4548.84, 0.861956, 0.00756887, 0.85307, 2.93305
4548.85, 0.905087, 0.00788903, 0.91469, 2.6522
4548.86, 0.934521, 0.00809287, 0.95215, 2.29194
4548.87, 0.952849, 0.00822791, 0.97208, 1.87401
4548.88, 0.965327, 0.00832021, 0.98166, 1.44187
4548.89, 0.97429, 0.00837953, 0.98612, 1.05821
4548.9, 0.978447, 0.00841298, 0.98835, 0.762309
4548.91, 0.977037, 0.00843458, 0.98966, 0.565045
4548.92, 0.981253, 0.00846068, 0.99055, 0.44468
4548.93, 0.987947, 0.00848711, 0.99117, 0.373632
4548.94, 0.987115, 0.00849771, 0.99154, 0.329331
4548.95, 0.983479, 0.00849007, 0.99167, 0.298404
4548.96, 0.984957, 0.00849031, 0.99152, 0.275
4548.97, 0.988156, 0.0084948, 0.99112, 0.257447
4548.98, 0.982822, 0.00847173, 0.99052, 0.243237
4548.99, 0.976933, 0.00843943, 0.98991, 0.231535
4549, 0.974767, 0.00841912, 0.98947, 0.22234
4549.01, 0.972439, 0.00840105, 0.98935, 0.215653
4549.02, 0.964055, 0.00835176, 0.98961, 0.209802
4549.03, 0.960842, 0.00831516, 0.99016, 0.206459
4549.04, 0.959721, 0.00829407, 0.99084, 0.203115
4549.05, 0.95237, 0.00826589, 0.99147, 0.200608
4549.06, 0.951886, 0.008264, 0.99193, 0.199772
4549.07, 0.954903, 0.0082844, 0.99215, 0.199772
4549.08, 0.957424, 0.00831125, 0.99214, 0.198936
4549.09, 0.962947, 0.00834098, 0.99187, 0.196428
4549.1, 0.970066, 0.00837905, 0.99121, 0.186398
4549.11, 0.974909, 0.00841143, 0.98987, 0.162994
4549.12, 0.975727, 0.00842695, 0.98755, 0.124544
4549.13, 0.974623, 0.00843284, 0.98421, 0.0777355
4549.14, 0.969593, 0.0084035, 1, 0
4549.15, 0.963322, 0.00835552, 1, 0
4549.16, 0.960522, 0.00832768, 1, 0
4549.17, 0.957819, 0.00830043, 1, 0
4549.18, 0.954888, 0.00827177, 1, 0
