wav, obs, sigma_obs, syn, weight
4559.56, 0.998999, 0.0112798, 1, 0
4559.57, 0.998658, 0.0112732, 1, 0
4559.58, 0.998216, 0.0112676, 1, 0
4559.59, 0.997877, 0.0112643, 1, 0
4559.6, 0.998504, 0.0112635, 1, 0
4559.61, 0.999887, 0.0112658, 1, 0
4559.62, 1.00094, 0.0112689, 0.99942, 0.00465077
4559.63, 1.00047, 0.011262, 0.99931, 0.00465077
4559.64, 1.00023, 0.0112578, 0.99924, 0.00775128
4559.65, 1.0041, 0.0112893, 0.99919, 0.00775128
4559.66, 1.00666, 0.0113093, 0.99915, 0.00775128
4559.67, 1.00381, 0.011281, 0.99913, 0.00775128
4559.68, 1.00212, 0.0112565, 0.99911, 0.00775128
4559.69, 1.00295, 0.0112538, 0.9991, 0.00930154
4559.7, 1.0031, 0.0112542, 0.99908, 0.00930154
4559.71, 1.00015, 0.0112244, 0.99906, 0.00930154
4559.72, 0.99632, 0.0111792, 0.99902, 0.012402
4559.73, 0.997597, 0.0111813, 0.99896, 0.0139523
4559.74, 0.999894, 0.0111979, 0.99887, 0.0186031
4559.75, 0.99835, 0.011183, 0.99874, 0.0217036
4559.76, 0.995232, 0.0111479, 0.99856, 0.0294549
4559.77, 0.992744, 0.0111144, 0.99827, 0.0434072
4559.78, 0.991867, 0.0110994, 0.99778, 0.0744123
4559.79, 0.991597, 0.0110917, 0.99683, 0.136423
4559.8, 0.991013, 0.0110812, 0.99498, 0.252692
4559.81, 0.989654, 0.0110648, 0.99148, 0.449574
4559.82, 0.98594, 0.0110269, 0.98529, 0.758075
4559.83, 0.97865, 0.010953, 0.97522, 1.1906
4559.84, 0.968104, 0.0108422, 0.96031, 1.74869
4559.85, 0.953358, 0.0106892, 0.94017, 2.4091
4559.86, 0.932765, 0.0104847, 0.9154, 3.12842
4559.87, 0.905808, 0.0102203, 0.88767, 3.85394
4559.88, 0.875115, 0.00991794, 0.85947, 4.52675
4559.89, 0.845834, 0.00962759, 0.83368, 5.09104
4559.9, 0.818117, 0.00935287, 0.81298, 5.50651
4559.91, 0.794407, 0.00911904, 0.79944, 5.7468
4559.92, 0.784584, 0.00902074, 0.79425, 5.79641
4559.93, 0.788208, 0.00905313, 0.79768, 5.65223
4559.94, 0.799305, 0.00915753, 0.80907, 5.32203
4559.95, 0.818273, 0.00933464, 0.82677, 4.82595
4559.96, 0.842364, 0.00956066, 0.84816, 4.19809
4559.97, 0.864877, 0.00977831, 0.86972, 3.49118
4559.98, 0.885358, 0.00997723, 0.88739, 2.76101
4559.99, 0.901392, 0.0101279, 0.8972, 2.06339
4560, 0.903362, 0.0101402, 0.89604, 1.45414
4560.01, 0.891988, 0.0100248, 0.88235, 0.956508
4560.02, 0.872379, 0.00983238, 0.85656, 0.587547
4560.03, 0.841082, 0.00952481, 0.82106, 0.336406
4560.04, 0.798333, 0.00910429, 0.77973, 0.18138
4560.05, 0.750441, 0.00863681, 0.73736, 0.0930154
4560.06, 0.705559, 0.00819954, 0.69898, 0.0480579
4560.07, 0.670236, 0.00785355, 0.66917, 0.0263544
4560.08, 0.647307, 0.00762724, 0.65159, 0.0155026
4560.09, 0.64041, 0.00755676, 0.64849, 0.012402
4560.1, 0.652122, 0.0076672, 0.66046, 0.00930154
4560.11, 0.679626, 0.00792963, 0.68634, 0.00775128
4560.12, 0.718408, 0.00830097, 0.72339, 0.00775128
4560.13, 0.763664, 0.0087368, 0.76765, 0.00775128
4560.14, 0.81265, 0.00920669, 0.8145, 0.00620102
4560.15, 0.86037, 0.00966103, 0.85932, 0.00775128
4560.16, 0.897808, 0.0100181, 0.89815, 0.00620102
4560.17, 0.924255, 0.0102687, 0.92818, 0.00620102
4560.18, 0.942265, 0.0104338, 0.94825, 0.00775128
4560.19, 0.949826, 0.0105003, 0.95886, 0.00620102
4560.2, 0.949805, 0.0104973, 0.96238, 0.00620102
4560.21, 0.94849, 0.010482, 0.96269, 0.00620102
4560.22, 0.942602, 0.0104238, 0.96404, 0.00465077
4560.23, 0.930676, 0.0103069, 1, 0
4560.24, 0.9185, 0.0101806, 1, 0
4560.25, 0.909751, 0.0100884, 1, 0
4560.26, 0.905837, 0.0100515, 1, 0
4560.27, 0.906015, 0.0100505, 1, 0
4560.28, 0.908568, 0.0100653, 1, 0
