wav, obs, sigma_obs, syn, weight
4562.28, 0.993541, 0.0100934, 1, 0
4562.29, 0.983751, 0.0100009, 1, 0
4562.3, 0.967803, 0.00985578, 1, 0
4562.31, 0.948405, 0.00968016, 1, 0
4562.32, 0.929536, 0.00950718, 1, 0
4562.33, 0.906464, 0.00929812, 1, 0
4562.34, 0.882958, 0.00908787, 0.87748, 0.00581138
4562.35, 0.86907, 0.00896424, 0.86283, 0.00813594
4562.36, 0.861839, 0.00889811, 0.85808, 0.00929821
4562.37, 0.860519, 0.00888227, 0.86304, 0.00929821
4562.38, 0.87099, 0.00897129, 0.87644, 0.0104605
4562.39, 0.888151, 0.00911931, 0.89604, 0.0104605
4562.4, 0.905747, 0.00927032, 0.91881, 0.0116228
4562.41, 0.925304, 0.00944023, 0.94147, 0.0116228
4562.42, 0.945127, 0.00961283, 0.96124, 0.0139473
4562.43, 0.961331, 0.00975125, 0.97648, 0.0151096
4562.44, 0.972119, 0.00984161, 0.98687, 0.0162719
4562.45, 0.97866, 0.00989528, 0.99312, 0.0174342
4562.46, 0.984084, 0.00993908, 0.99644, 0.020921
4562.47, 0.988648, 0.00997445, 0.99798, 0.0255701
4562.48, 0.992437, 0.0100024, 0.99858, 0.0348683
4562.49, 0.996415, 0.0100329, 0.9987, 0.0569516
4562.5, 0.99958, 0.0100567, 0.99844, 0.105767
4562.51, 1.00044, 0.0100603, 0.99764, 0.199912
4562.52, 0.998814, 0.010045, 0.99575, 0.370766
4562.53, 0.997497, 0.0100287, 0.99187, 0.64855
4562.54, 0.997611, 0.0100153, 0.98471, 1.05651
4562.55, 0.987922, 0.00992548, 0.97288, 1.59697
4562.56, 0.967086, 0.00974934, 0.95531, 2.25249
4562.57, 0.944699, 0.00955246, 0.93185, 2.97775
4562.58, 0.916701, 0.00930105, 0.90368, 3.7158
4562.59, 0.880896, 0.0089825, 0.87339, 4.39806
4562.6, 0.845406, 0.00867025, 0.8446, 4.9699
4562.61, 0.815765, 0.00841067, 0.82125, 5.38948
4562.62, 0.795983, 0.00823475, 0.80673, 5.63356
4562.63, 0.790509, 0.00817829, 0.80325, 5.69051
4562.64, 0.799774, 0.00825227, 0.81132, 5.55917
4562.65, 0.820805, 0.00843927, 0.82972, 5.24419
4562.66, 0.849742, 0.00869067, 0.85571, 4.76301
4562.67, 0.883758, 0.00897843, 0.88556, 4.14119
4562.68, 0.92042, 0.00929463, 0.91539, 3.42988
4562.69, 0.951689, 0.00956735, 0.9419, 2.69067
4562.7, 0.973082, 0.00975194, 0.96305, 1.98749
4562.71, 0.989023, 0.00988529, 0.97822, 1.37381
4562.72, 1.00021, 0.00997519, 0.98801, 0.886817
4562.73, 1.0061, 0.0100204, 0.99369, 0.533485
4562.74, 1.00915, 0.010046, 0.99664, 0.302192
4562.75, 1.01037, 0.0100554, 0.99802, 0.166206
4562.76, 1.00968, 0.0100405, 0.9986, 0.0941444
4562.77, 1.0089, 0.0100303, 0.99884, 0.0592761
4562.78, 1.00859, 0.0100294, 0.99893, 0.0441665
4562.79, 1.00742, 0.0100101, 0.99896, 0.0371929
4562.8, 1.00533, 0.00998367, 0.99897, 0.0348683
4562.81, 1.00241, 0.00995988, 0.99898, 0.033706
4562.82, 0.998387, 0.00992314, 0.99897, 0.0325437
4562.83, 0.994366, 0.00988224, 0.99896, 0.0325437
4562.84, 0.991201, 0.00984995, 0.99895, 0.0325437
4562.85, 0.987161, 0.00981126, 0.99893, 0.0325437
4562.86, 0.983, 0.00977228, 0.9989, 0.0325437
4562.87, 0.981215, 0.00975407, 0.99887, 0.0325437
4562.88, 0.981699, 0.00975341, 0.99884, 0.0313815
4562.89, 0.983697, 0.00976473, 0.99881, 0.0313815
4562.9, 0.986483, 0.00978589, 0.99879, 0.0290569
4562.91, 0.989398, 0.00980694, 0.99879, 0.0267324
4562.92, 0.99204, 0.00982299, 0.99885, 0.020921
4562.93, 0.99444, 0.00984231, 1, 0
4562.94, 0.996841, 0.00986299, 1, 0
4562.95, 0.999363, 0.0098798, 1, 0
4562.96, 1.00158, 0.00989588, 1, 0
4562.97, 1.00346, 0.00991284, 1, 0
4562.98, 1.00542, 0.00992957, 1, 0
