wav, obs, sigma_obs, syn, weight
4570.58, 0.989536, 0.0080465, 1, 0
4570.59, 0.990184, 0.00804489, 1, 0
4570.6, 0.99117, 0.00804604, 1, 0
4570.61, 0.99408, 0.00806417, 1, 0
4570.62, 0.993195, 0.00806207, 1, 0
4570.63, 0.989717, 0.00803978, 1, 0
4570.64, 0.995652, 0.00806309, 0.99703, 0.063324
4570.65, 0.999076, 0.00807658, 0.99699, 0.084432
4570.66, 0.993548, 0.00805159, 0.99697, 0.101318
4570.67, 0.994079, 0.00806471, 0.99695, 0.109762
4570.68, 0.998426, 0.00808923, 0.99694, 0.113983
4570.69, 1.00044, 0.00809052, 0.99692, 0.113983
4570.7, 1.00044, 0.00809142, 0.9969, 0.118205
4570.71, 0.999596, 0.00808951, 0.99686, 0.118205
4570.72, 0.999468, 0.00808457, 0.99681, 0.122426
4570.73, 1.00142, 0.00809457, 0.99673, 0.126648
4570.74, 1.0021, 0.00809505, 0.99662, 0.13087
4570.75, 1.00045, 0.00807955, 0.99649, 0.139313
4570.76, 1.00128, 0.00809086, 0.99632, 0.151978
4570.77, 1.00021, 0.00809097, 0.99612, 0.18575
4570.78, 0.995518, 0.00805979, 0.99582, 0.244853
4570.79, 0.995216, 0.0080571, 0.99536, 0.350393
4570.8, 0.994859, 0.00805411, 0.99455, 0.540365
4570.81, 0.991251, 0.00802458, 0.99306, 0.835877
4570.82, 0.991723, 0.00801137, 0.99039, 1.24959
4570.83, 0.991145, 0.00800005, 0.98596, 1.78574
4570.84, 0.984623, 0.00796635, 0.97921, 2.40631
4570.85, 0.977282, 0.00791713, 0.96995, 3.06066
4570.86, 0.967889, 0.00784602, 0.95856, 3.68546
4570.87, 0.954757, 0.00775172, 0.94613, 4.22582
4570.88, 0.941107, 0.00765401, 0.93431, 4.63954
4570.89, 0.928999, 0.00756793, 0.9249, 4.90128
4570.9, 0.920149, 0.00750408, 0.91934, 5.00682
4570.91, 0.91659, 0.00747038, 0.91832, 4.96038
4570.92, 0.917062, 0.00747039, 0.92151, 4.75775
4570.93, 0.920299, 0.0074995, 0.9277, 4.39891
4570.94, 0.926978, 0.00754114, 0.93494, 3.9092
4570.95, 0.931625, 0.00757145, 0.94072, 3.30551
4570.96, 0.929807, 0.00756946, 0.94195, 2.65961
4570.97, 0.923553, 0.00752376, 0.93474, 2.0137
4570.98, 0.90919, 0.00741831, 0.91441, 1.43534
4570.99, 0.88153, 0.00722818, 0.87642, 0.966747
4571, 0.838085, 0.00691977, 0.81793, 0.620575
4571.01, 0.776074, 0.00647794, 0.7395, 0.384166
4571.02, 0.694935, 0.00590469, 0.64554, 0.23641
4571.03, 0.598976, 0.00522028, 0.54353, 0.151978
4571.04, 0.495783, 0.00447984, 0.44248, 0.101318
4571.05, 0.394978, 0.00375457, 0.35121, 0.0717672
4571.06, 0.306905, 0.0031123, 0.27653, 0.0464376
4571.07, 0.237642, 0.00259254, 0.22193, 0.0337728
4571.08, 0.189094, 0.00221278, 0.18729, 0.0253296
4571.09, 0.15956, 0.00197557, 0.17031, 0.0168864
4571.1, 0.148366, 0.00188537, 0.16883, 0.021108
4571.11, 0.155986, 0.00194808, 0.18262, 0.021108
4571.12, 0.18364, 0.00216826, 0.2136, 0.0337728
4571.13, 0.231746, 0.00254336, 0.26428, 0.0464376
4571.14, 0.301973, 0.00307458, 0.33555, 0.0548808
4571.15, 0.397138, 0.00376558, 0.42501, 0.0591024
4571.16, 0.505237, 0.00453828, 0.52723, 0.0548808
4571.17, 0.612366, 0.00530412, 1, 0
4571.18, 0.713561, 0.00602273, 1, 0
4571.19, 0.79902, 0.00662153, 1, 0
4571.2, 0.861815, 0.00705487, 1, 0
4571.21, 0.905872, 0.0073612, 1, 0
4571.22, 0.942353, 0.00761801, 1, 0
