wav, obs, sigma_obs, syn, weight
4616.86, 1.00462, 0.00742719, 1, 0
4616.87, 1.00357, 0.00743945, 1, 0
4616.88, 1.00084, 0.00743453, 1, 0
4616.89, 1.0012, 0.0074345, 1, 0
4616.9, 1.0034, 0.00744191, 1, 0
4616.91, 0.999608, 0.00742819, 0.99731, 0
4616.92, 1.00166, 0.0074304, 0.99735, 0.0289681
4616.93, 1.00628, 0.00744681, 0.9974, 0.0394288
4616.94, 1.00277, 0.00744832, 0.99745, 0.0474755
4616.95, 1.00077, 0.00744733, 0.99748, 0.0523035
4616.96, 1.00281, 0.00744608, 0.99748, 0.0571315
4616.97, 1.00566, 0.00744672, 0.99748, 0.0619595
4616.98, 1.00584, 0.00745484, 0.99747, 0.0667875
4616.99, 1.00399, 0.007448, 0.99744, 0.0716155
4617, 1.00393, 0.00744073, 0.99739, 0.0772482
4617.01, 1.00658, 0.00745406, 0.99733, 0.0844902
4617.02, 1.00376, 0.00744426, 0.99726, 0.0925369
4617.03, 1.00037, 0.00743046, 0.99716, 0.100584
4617.04, 1.00063, 0.0074356, 0.99704, 0.111849
4617.05, 0.999398, 0.00744001, 0.9969, 0.123114
4617.06, 0.998614, 0.00743406, 0.99673, 0.138403
4617.07, 0.999408, 0.00742624, 0.99652, 0.155301
4617.08, 1.00008, 0.00742691, 0.99626, 0.176223
4617.09, 0.998626, 0.00742265, 0.99595, 0.203581
4617.1, 0.996882, 0.00740881, 0.99556, 0.239791
4617.11, 0.995961, 0.00739407, 0.99508, 0.296118
4617.12, 0.993412, 0.00738832, 0.99444, 0.386241
4617.13, 0.988027, 0.00736479, 0.99356, 0.53591
4617.14, 0.983759, 0.00733572, 0.99219, 0.771678
4617.15, 0.983498, 0.00732537, 0.98966, 1.10401
4617.16, 0.978457, 0.00728831, 0.98443, 1.51519
4617.17, 0.965749, 0.00720656, 0.97345, 1.96098
4617.18, 0.944622, 0.00706859, 0.95181, 2.38906
4617.19, 0.910794, 0.00684434, 0.91342, 2.76243
4617.2, 0.855812, 0.00650285, 0.85333, 3.0674
4617.21, 0.780081, 0.00602647, 0.77075, 3.31604
4617.22, 0.688812, 0.00541808, 0.67104, 3.53411
4617.23, 0.580455, 0.00471097, 0.56523, 3.74493
4617.24, 0.47096, 0.00400186, 0.46708, 3.96299
4617.25, 0.379806, 0.00339545, 0.38933, 4.1706
4617.26, 0.318423, 0.00297195, 0.34101, 4.32268
4617.27, 0.298312, 0.00283359, 0.32684, 4.37096
4617.28, 0.324186, 0.00301604, 0.34798, 4.29693
4617.29, 0.392723, 0.00348117, 0.4026, 4.12876
4617.3, 0.494098, 0.00415501, 0.48512, 3.91552
4617.31, 0.607992, 0.00490933, 0.5856, 3.69745
4617.32, 0.716576, 0.00562227, 0.69075, 3.48583
4617.33, 0.81085, 0.00622037, 0.78707, 3.26374
4617.34, 0.877624, 0.00665832, 0.86458, 3.00544
4617.35, 0.919429, 0.00694421, 0.91932, 2.68679
4617.36, 0.947986, 0.00712242, 0.95331, 2.30135
4617.37, 0.964275, 0.00723149, 0.97212, 1.86683
4617.38, 0.975172, 0.00730538, 0.9818, 1.42346
4617.39, 0.985195, 0.00735803, 0.98684, 1.02595
4617.4, 0.990921, 0.00738118, 0.9898, 0.713741
4617.41, 0.990135, 0.00737896, 0.99185, 0.49809
4617.42, 0.986628, 0.0073696, 0.99339, 0.362906
4617.43, 0.985498, 0.00736864, 0.99454, 0.281634
4617.44, 0.985, 0.00736774, 0.99537, 0.231745
4617.45, 0.98538, 0.00736643, 0.99596, 0.197949
4617.46, 0.986402, 0.0073677, 0.99638, 0.173004
4617.47, 0.986709, 0.00737312, 0.99669, 0.152082
4617.48, 0.989825, 0.0073875, 0.99692, 0.135989
4617.49, 0.993063, 0.00740009, 0.99711, 0.12231
4617.5, 0.993065, 0.00740441, 0.99726, 0.11024
4617.51, 0.995928, 0.00742354, 0.99737, 0.099779
4617.52, 0.995437, 0.00742793, 0.99746, 0.0909276
4617.53, 0.992568, 0.00742097, 0.99752, 0.0836856
4617.54, 0.99814, 0.0074491, 0.99756, 0.0756389
4617.55, 0.997977, 0.00744926, 0.99757, 0.0700062
4617.56, 0.993572, 0.00743646, 0.99758, 0.0651782
4617.57, 0.995266, 0.00745662, 0.99758, 0.0603502
4617.58, 0.998648, 0.00746668, 0.99759, 0.0555222
4617.59, 1.00346, 0.00748328, 0.99759, 0.0514988
4617.6, 1.00643, 0.00750194, 0.9976, 0.0458661
4617.61, 1.00178, 0.00748192, 0.9976, 0.0378194
4617.62, 0.998072, 0.00746998, 0.9976, 0.0281634
4617.63, 0.998354, 0.00747848, 0.99762, 0.0177027
4617.64, 0.999323, 0.00748505, 1, 0
4617.65, 0.998265, 0.00747939, 1, 0
4617.66, 0.998148, 0.00747889, 1, 0
4617.67, 1.00047, 0.00749153, 1, 0
4617.68, 1.00231, 0.00750158, 1, 0
