wav, obs, sigma_obs, syn, weight
4619.15, 0.992132, 0.00761035, 1, 0
4619.16, 0.986566, 0.00755137, 1, 0
4619.17, 0.980993, 0.00750344, 1, 0
4619.18, 0.970866, 0.00744145, 1, 0
4619.19, 0.948274, 0.00730485, 1, 0
4619.2, 0.913147, 0.00708945, 0.92003, 0
4619.21, 0.865321, 0.00678448, 0.86933, 0.00989968
4619.22, 0.802108, 0.00636371, 0.78829, 0.0197994
4619.23, 0.720059, 0.00580844, 0.67764, 0.029699
4619.24, 0.62359, 0.00516247, 0.55148, 0.029699
4619.25, 0.521187, 0.00447576, 0.43245, 0.0197994
4619.26, 0.423645, 0.00380388, 0.33958, 0.00989968
4619.27, 0.344578, 0.00325427, 0.27971, 0.00989968
4619.28, 0.298501, 0.00293605, 0.24941, 0.00989968
4619.29, 0.295116, 0.00291162, 0.24288, 0
4619.3, 0.335628, 0.00318282, 0.25837, 0.00989968
4619.31, 0.414038, 0.00373459, 0.29967, 0.00989968
4619.32, 0.515555, 0.00444799, 0.37261, 0.00989968
4619.33, 0.622929, 0.00517619, 0.47725, 0.0197994
4619.34, 0.724453, 0.00585653, 0.60148, 0.0197994
4619.35, 0.810278, 0.00641266, 0.72334, 0.029699
4619.36, 0.873139, 0.00681953, 0.82243, 0.0494984
4619.37, 0.913086, 0.00711014, 0.89013, 0.0692978
4619.38, 0.943079, 0.0073064, 0.93019, 0.0989968
4619.39, 0.962496, 0.00742375, 0.95187, 0.178194
4619.4, 0.971354, 0.00749266, 0.96349, 0.29699
4619.41, 0.979872, 0.00755537, 0.97014, 0.514784
4619.42, 0.985241, 0.00760007, 0.97416, 0.871172
4619.43, 0.986496, 0.00761678, 0.9762, 1.36616
4619.44, 0.985766, 0.00760841, 0.97576, 1.99974
4619.45, 0.982189, 0.00757369, 0.97112, 2.72241
4619.46, 0.97139, 0.00748458, 0.959, 3.46489
4619.47, 0.943786, 0.00730007, 0.93478, 4.16777
4619.48, 0.893508, 0.00699629, 0.89416, 4.79145
4619.49, 0.836823, 0.00660944, 0.8363, 5.29633
4619.5, 0.774934, 0.0061858, 0.76683, 5.65272
4619.51, 0.712294, 0.00578616, 0.69808, 5.83091
4619.52, 0.671348, 0.00549687, 0.64536, 5.84081
4619.53, 0.658996, 0.00541098, 0.62158, 5.64282
4619.54, 0.676888, 0.00554373, 0.6328, 5.26663
4619.55, 0.722377, 0.0058469, 0.67636, 4.71225
4619.56, 0.784072, 0.00626472, 0.74166, 4.02917
4619.57, 0.848627, 0.00669597, 0.81369, 3.28669
4619.58, 0.90309, 0.00705356, 0.87834, 2.55412
4619.59, 0.939249, 0.0073029, 0.92719, 1.89084
4619.6, 0.961289, 0.00746103, 0.95885, 1.34636
4619.61, 0.976919, 0.00756222, 0.9768, 0.910771
4619.62, 0.987857, 0.00762396, 0.98595, 0.603881
4619.63, 0.988071, 0.0076373, 0.99038, 0.376188
4619.64, 0.982977, 0.00762274, 0.99257, 0.227693
4619.65, 0.983647, 0.00762651, 0.99377, 0.158395
4619.66, 0.993026, 0.00766688, 0.99451, 0.0989968
4619.67, 0.995489, 0.00768225, 0.99494, 0.0791975
4619.68, 0.993341, 0.0076736, 0.99502, 0.0692978
4619.69, 0.992202, 0.00766865, 0.99442, 0.0494984
4619.7, 0.991273, 0.00767405, 0.99241, 0.0494984
4619.71, 0.98749, 0.00764663, 0.98772, 0.0395987
4619.72, 0.974284, 0.00755998, 0.97873, 0.0395987
4619.73, 0.951719, 0.00742262, 0.9641, 0.029699
4619.74, 0.929572, 0.00726469, 0.94386, 0.029699
4619.75, 0.903547, 0.00708255, 0.92044, 0.0197994
4619.76, 0.878471, 0.0069151, 0.8987, 0.0197994
4619.77, 0.865938, 0.0068267, 0.88443, 0.00989968
4619.78, 0.868515, 0.00684258, 0.88194, 0
4619.79, 0.885918, 0.00696915, 0.89201, 0.00989968
4619.8, 0.91395, 0.00716404, 0.9115, 0
4619.81, 0.944301, 0.00735484, 0.9348, 0
4619.82, 0.967908, 0.00752136, 0.95623, 0
4619.83, 0.984184, 0.0076415, 0.9721, 0
4619.84, 0.996306, 0.00771154, 0.98137, 0
4619.85, 1.00464, 0.0077578, 1, 0
4619.86, 1.00521, 0.0077732, 1, 0
4619.87, 1.00049, 0.00776832, 1, 0
4619.88, 0.997038, 0.00776832, 1, 0
4619.89, 0.993591, 0.00776832, 1, 0
