wav, obs, sigma_obs, syn, weight
4681.5, 0.881784, 0.00578907, 1, 0
4681.51, 0.909174, 0.00594826, 1, 0
4681.52, 0.935984, 0.00610378, 1, 0
4681.53, 0.95443, 0.00620628, 1, 0
4681.54, 0.967314, 0.00627204, 1, 0
4681.55, 0.977211, 0.00632138, 1, 0
4681.56, 0.981143, 0.00634535, 0.9752, 0.0196076
4681.57, 0.984711, 0.00636395, 0.98049, 0.0320852
4681.58, 0.989694, 0.00638634, 0.98574, 0.0427803
4681.59, 0.989425, 0.00639352, 0.98962, 0.0516928
4681.6, 0.990341, 0.00640052, 0.99208, 0.0588229
4681.61, 0.995165, 0.00641609, 0.99356, 0.0632792
4681.62, 0.996982, 0.00642652, 0.99445, 0.0686267
4681.63, 0.99653, 0.00643026, 0.99502, 0.0739743
4681.64, 0.995964, 0.00643119, 0.99539, 0.080213
4681.65, 0.995889, 0.00643345, 0.99565, 0.0864518
4681.66, 0.996358, 0.00643713, 0.99581, 0.0953644
4681.67, 0.997399, 0.00643926, 0.9959, 0.104277
4681.68, 0.999062, 0.00643808, 0.99592, 0.114972
4681.69, 1.00093, 0.00644315, 0.99586, 0.128341
4681.7, 0.999667, 0.00644254, 0.99572, 0.143492
4681.71, 0.993031, 0.00641748, 0.99547, 0.1631
4681.72, 0.990635, 0.0064003, 0.9951, 0.188055
4681.73, 0.993015, 0.00640164, 0.99459, 0.222814
4681.74, 0.992788, 0.00640332, 0.99392, 0.278072
4681.75, 0.988012, 0.00638433, 0.99302, 0.36898
4681.76, 0.983962, 0.0063611, 0.9917, 0.518711
4681.77, 0.984694, 0.00635569, 0.98942, 0.746873
4681.78, 0.980287, 0.00633491, 0.98495, 1.0597
4681.79, 0.971289, 0.00629324, 0.97601, 1.43492
4681.8, 0.961328, 0.00623414, 0.95923, 1.8342
4681.81, 0.942426, 0.00612761, 0.93076, 2.21923
4681.82, 0.910173, 0.0059502, 0.88762, 2.5579
4681.83, 0.861443, 0.00567938, 0.82901, 2.83865
4681.84, 0.790418, 0.00528528, 0.75675, 3.06236
4681.85, 0.697972, 0.00477036, 0.67481, 3.24239
4681.86, 0.590347, 0.00416702, 0.58836, 3.39836
4681.87, 0.477433, 0.0035319, 0.50329, 3.54898
4681.88, 0.372581, 0.00293204, 0.42618, 3.70139
4681.89, 0.288852, 0.00243813, 0.36433, 3.84577
4681.9, 0.235911, 0.002117, 0.32485, 3.94826
4681.91, 0.218538, 0.00200977, 0.31304, 3.98213
4681.92, 0.239434, 0.00213817, 0.33058, 3.93222
4681.93, 0.299076, 0.00249893, 0.37492, 3.81814
4681.94, 0.388002, 0.00302465, 0.44018, 3.6693
4681.95, 0.494923, 0.003637, 0.51902, 3.51601
4681.96, 0.608857, 0.00426847, 0.60419, 3.36538
4681.97, 0.711945, 0.0048439, 0.68913, 3.20407
4681.98, 0.792165, 0.00530278, 0.76781, 3.01512
4681.99, 0.847965, 0.00561842, 0.83476, 2.77805
4682, 0.885683, 0.005825, 0.88547, 2.48215
4682.01, 0.908318, 0.00594436, 0.91722, 2.12743
4682.02, 0.915374, 0.0059804, 0.92955, 1.73171
4682.03, 0.911187, 0.00596309, 0.92389, 1.32619
4682.04, 0.898068, 0.00589641, 0.90287, 0.954535
4682.05, 0.87463, 0.00576148, 0.86967, 0.651508
4682.06, 0.836818, 0.00555236, 0.82802, 0.43315
4682.07, 0.78927, 0.00529317, 0.78234, 0.291441
4682.08, 0.741498, 0.00502532, 0.73769, 0.204989
4682.09, 0.698655, 0.00478442, 0.69947, 0.153296
4682.1, 0.669115, 0.00462154, 0.67269, 0.12032
4682.11, 0.660398, 0.00457642, 0.6611, 0.0971469
4682.12, 0.672564, 0.0046417, 0.66643, 0.0811043
4682.13, 0.705291, 0.00482024, 0.68797, 0.0704092
4682.14, 0.753267, 0.00508794, 0.72272, 0.0632792
4682.15, 0.801844, 0.00535744, 0.76615, 0.0597142
4682.16, 0.843658, 0.0055911, 0.81302, 0.0579316
4682.17, 0.876864, 0.00578084, 0.85837, 0.0570404
4682.18, 0.90218, 0.00592317, 0.89825, 0.0570404
4682.19, 0.920885, 0.00602117, 0.9302, 0.0570404
4682.2, 0.933578, 0.00608209, 0.9534, 0.0570404
4682.21, 0.940466, 0.00611699, 0.9683, 0.0552579
4682.22, 0.946062, 0.00614545, 0.97597, 0.0525841
4682.23, 0.950044, 0.00616699, 0.97746, 0.0472366
4682.24, 0.946796, 0.00616127, 0.97366, 0.0392153
4682.25, 0.94359, 0.00615051, 0.96612, 0.0294114
4682.26, 0.939968, 0.00612574, 0.95815, 0.0187164
4682.27, 0.925508, 0.00604283, 1, 0
4682.28, 0.901672, 0.0059131, 1, 0
4682.29, 0.871137, 0.00574763, 1, 0
4682.3, 0.835298, 0.00554884, 1, 0
4682.31, 0.798445, 0.00534345, 1, 0
4682.32, 0.762164, 0.00514179, 1, 0
