wav, obs, sigma_obs, syn, weight
4686.54, 1.00211, 0.00662019, 1, 0
4686.55, 1.00003, 0.00660423, 1, 0
4686.56, 0.996511, 0.00658672, 1, 0
4686.57, 0.993064, 0.00657422, 1, 0
4686.58, 0.996342, 0.00657641, 1, 0
4686.59, 0.996367, 0.00657265, 1, 0
4686.6, 0.991937, 0.00656262, 0.99438, 0.00416293
4686.61, 0.995454, 0.00657446, 0.99437, 0.00416293
4686.62, 1.00005, 0.00659543, 0.99477, 0.00832586
4686.63, 1.00031, 0.00660487, 0.99542, 0.00832586
4686.64, 0.997782, 0.00659635, 0.99616, 0.00832586
4686.65, 0.997191, 0.0065918, 0.99689, 0.00416293
4686.66, 0.997512, 0.00658748, 0.99753, 0.00832586
4686.67, 0.995547, 0.00657459, 0.99802, 0.00832586
4686.68, 0.991395, 0.00656469, 0.99831, 0.0124888
4686.69, 0.989, 0.00655516, 0.99841, 0.0124888
4686.7, 0.98826, 0.00654363, 0.9983, 0.0166517
4686.71, 0.985147, 0.00653703, 0.998, 0.0249776
4686.72, 0.986763, 0.00654514, 0.99753, 0.0416293
4686.73, 0.992229, 0.00656007, 0.99695, 0.0707698
4686.74, 0.993822, 0.00656547, 0.9963, 0.129051
4686.75, 0.991434, 0.00656502, 0.9956, 0.233124
4686.76, 0.990156, 0.00656495, 0.99477, 0.395478
4686.77, 0.991888, 0.00656594, 0.99365, 0.632765
4686.78, 0.990301, 0.00656188, 0.99201, 0.944985
4686.79, 0.990348, 0.00656186, 0.9896, 1.31549
4686.8, 0.991674, 0.00655985, 0.98631, 1.72762
4686.81, 0.985028, 0.00653252, 0.98222, 2.13558
4686.82, 0.977428, 0.00649724, 0.97765, 2.51857
4686.83, 0.971999, 0.00646626, 0.97313, 2.85577
4686.84, 0.966637, 0.00643892, 0.96923, 3.13885
4686.85, 0.964468, 0.00641816, 0.96642, 3.37197
4686.86, 0.964013, 0.00641182, 0.96499, 3.55514
4686.87, 0.963285, 0.00642155, 0.96495, 3.68836
4686.88, 0.964895, 0.00643385, 0.96608, 3.77162
4686.89, 0.967911, 0.00644049, 0.968, 3.7841
4686.9, 0.969048, 0.00643786, 0.97024, 3.70917
4686.91, 0.966279, 0.0064288, 0.97239, 3.55098
4686.92, 0.966064, 0.00643175, 0.97418, 3.31369
4686.93, 0.967826, 0.0064414, 0.97558, 3.03478
4686.94, 0.967341, 0.00644527, 0.97676, 2.73921
4686.95, 0.971338, 0.00647251, 0.978, 2.4478
4686.96, 0.979582, 0.00651976, 0.9796, 2.18138
4686.97, 0.987901, 0.00656562, 0.98172, 1.93993
4686.98, 0.994489, 0.00659919, 0.98435, 1.71096
4686.99, 0.997901, 0.00661593, 0.98729, 1.47784
4687, 0.998939, 0.00662499, 0.99024, 1.23639
4687.01, 1.00057, 0.00664195, 0.99288, 0.990778
4687.02, 1.00342, 0.00665202, 0.99501, 0.757653
4687.03, 1.00448, 0.00665077, 0.99655, 0.541181
4687.04, 1.00159, 0.00664609, 0.99754, 0.366338
4687.05, 1.00043, 0.00663804, 0.99811, 0.233124
4687.06, 0.99958, 0.0066264, 0.99839, 0.14154
4687.07, 0.996929, 0.00661573, 0.99848, 0.0832586
4687.08, 0.995961, 0.00661219, 0.99844, 0.0499552
4687.09, 0.99124, 0.00658966, 0.99826, 0.0249776
4687.1, 0.98238, 0.00654602, 0.9979, 0.0208147
4687.11, 0.976275, 0.00651003, 0.99736, 0.0124888
4687.12, 0.969191, 0.00646716, 0.9968, 0.00416293
4687.13, 0.962317, 0.00642263, 1, 0
4687.14, 0.958954, 0.0063939, 1, 0
4687.15, 0.953197, 0.00636855, 1, 0
4687.16, 0.94525, 0.00634204, 1, 0
4687.17, 0.937979, 0.0063159, 1, 0
4687.18, 0.930707, 0.00628976, 1, 0
