wav, obs, sigma_obs, syn, weight
4687.47, 0.963211, 0.00645568, 1, 0
4687.48, 0.971671, 0.0064987, 1, 0
4687.49, 0.980926, 0.00654428, 1, 0
4687.5, 0.98646, 0.00657778, 1, 0
4687.51, 0.987834, 0.00659443, 1, 0
4687.52, 0.988833, 0.00660339, 1, 0
4687.53, 0.993054, 0.00662385, 0.99618, 0.0282787
4687.54, 0.996536, 0.00663852, 0.99552, 0.0282787
4687.55, 0.995795, 0.00663271, 0.99445, 0
4687.56, 0.997548, 0.00664283, 0.99281, 0.0282787
4687.57, 0.99903, 0.00664667, 0.99048, 0.0282787
4687.58, 0.995957, 0.00662762, 0.98731, 0.0282787
4687.59, 0.990125, 0.00661243, 0.98311, 0.0282787
4687.6, 0.989676, 0.00660968, 0.97768, 0.0282787
4687.61, 0.990474, 0.00659997, 0.97083, 0
4687.62, 0.982526, 0.00656279, 0.96262, 0
4687.63, 0.974071, 0.00652667, 0.95357, 0
4687.64, 0.968497, 0.00649164, 0.94468, 0
4687.65, 0.962876, 0.00644621, 0.93737, 0
4687.66, 0.953328, 0.0063992, 0.93308, 0.0282787
4687.67, 0.945987, 0.00636692, 0.93284, 0.0565574
4687.68, 0.945462, 0.0063622, 0.93691, 0.141393
4687.69, 0.94987, 0.00638809, 0.94465, 0.254508
4687.7, 0.957063, 0.00643437, 0.95458, 0.42418
4687.71, 0.965797, 0.00648321, 0.96467, 0.763525
4687.72, 0.974064, 0.00652016, 0.97271, 1.1877
4687.73, 0.977162, 0.00654574, 0.97657, 1.725
4687.74, 0.976292, 0.00654922, 0.97454, 2.34713
4687.75, 0.97106, 0.00651453, 0.96557, 2.96926
4687.76, 0.955418, 0.00643026, 0.94978, 3.61967
4687.77, 0.932181, 0.00629774, 0.92879, 4.18525
4687.78, 0.90685, 0.00614259, 0.90583, 4.66598
4687.79, 0.883856, 0.00600445, 0.88518, 5.03361
4687.8, 0.86572, 0.00590367, 0.87115, 5.20328
4687.81, 0.858332, 0.00586933, 0.86686, 5.23156
4687.82, 0.867291, 0.005926, 0.87331, 5.14672
4687.83, 0.891513, 0.00606605, 0.88908, 4.89221
4687.84, 0.921685, 0.00623597, 0.9108, 4.49631
4687.85, 0.948239, 0.00638494, 0.93426, 3.95902
4687.86, 0.967323, 0.00649567, 0.95565, 3.36516
4687.87, 0.982767, 0.00657872, 0.97251, 2.71475
4687.88, 0.992197, 0.00662655, 0.98414, 2.06434
4687.89, 0.992584, 0.00663395, 0.99115, 1.49877
4687.9, 0.995228, 0.00664882, 0.99485, 0.989754
4687.91, 0.996107, 0.00665664, 0.99653, 0.622131
4687.92, 0.992195, 0.00664504, 0.99717, 0.367623
4687.93, 0.994899, 0.00665796, 0.99732, 0.22623
4687.94, 0.998623, 0.00667802, 0.99727, 0.113115
4687.95, 0.998107, 0.00668394, 0.99713, 0.0848361
4687.96, 0.996135, 0.00667999, 0.99692, 0.0282787
4687.97, 0.997708, 0.00668477, 0.99666, 0.0565574
4687.98, 1.00105, 0.00669294, 0.99633, 0.0565574
4687.99, 1.00153, 0.00669095, 0.99594, 0.0282787
4688, 0.999242, 0.00668615, 0.99546, 0.0565574
4688.01, 0.996574, 0.00668079, 0.99489, 0.0282787
4688.02, 0.995117, 0.00667605, 0.9942, 0.0282787
4688.03, 0.994048, 0.00667266, 0.99334, 0.0282787
4688.04, 0.99108, 0.00665669, 0.99218, 0.0282787
4688.05, 0.985751, 0.00662623, 0.99046, 0.0282787
4688.06, 0.980125, 0.00659352, 0.98767, 0.0282787
4688.07, 0.977169, 0.0065688, 0.98306, 0
4688.08, 0.972707, 0.00654001, 0.97568, 0
4688.09, 0.96308, 0.00649353, 0.96551, 0.0282787
4688.1, 0.95126, 0.00643011, 1, 0
4688.11, 0.934495, 0.00633192, 1, 0
4688.12, 0.908886, 0.00618263, 1, 0
4688.13, 0.872497, 0.00597582, 1, 0
4688.14, 0.82626, 0.00570952, 1, 0
4688.15, 0.775281, 0.0054124, 1, 0
