wav, obs, sigma_obs, syn, weight
4696.59, 0.996717, 0.00985514, 1, 0
4696.6, 0.993701, 0.00982364, 1, 0
4696.61, 0.990721, 0.00979222, 1, 0
4696.62, 0.987475, 0.00976044, 1, 0
4696.63, 0.984964, 0.00973722, 1, 0
4696.64, 0.984995, 0.00973677, 1, 0
4696.65, 0.986335, 0.00974523, 0.99977, 0.00570696
4696.66, 0.987085, 0.00974555, 0.99973, 0.00570696
4696.67, 0.987135, 0.00974426, 0.9997, 0.00856044
4696.68, 0.987476, 0.00974726, 0.99967, 0.00856044
4696.69, 0.989705, 0.00975631, 0.99964, 0.0114139
4696.7, 0.993315, 0.00977861, 0.99959, 0.0114139
4696.71, 0.996843, 0.00981417, 0.99952, 0.0114139
4696.72, 0.998925, 0.00983622, 0.99942, 0.0114139
4696.73, 0.99939, 0.00983617, 0.99928, 0.0142674
4696.74, 0.999546, 0.00983228, 0.99911, 0.0142674
4696.75, 1.0017, 0.00984696, 0.99893, 0.0171209
4696.76, 1.00668, 0.00988725, 0.99873, 0.0228278
4696.77, 1.0098, 0.0099117, 0.99855, 0.0285348
4696.78, 1.01016, 0.00991132, 0.99837, 0.0428022
4696.79, 1.01209, 0.00992273, 0.99819, 0.0684835
4696.8, 1.01467, 0.00994171, 0.99795, 0.119846
4696.81, 1.01498, 0.00994559, 0.99754, 0.216864
4696.82, 1.01286, 0.00992476, 0.99676, 0.38522
4696.83, 1.00943, 0.00988883, 0.99531, 0.644886
4696.84, 1.00642, 0.00986383, 0.99286, 1.01869
4696.85, 1.00233, 0.00983195, 0.98908, 1.50664
4696.86, 0.994646, 0.00976267, 0.98378, 2.0916
4696.87, 0.98351, 0.0096641, 0.97708, 2.73649
4696.88, 0.97071, 0.00955602, 0.9694, 3.38423
4696.89, 0.959304, 0.00946093, 0.96145, 3.98917
4696.9, 0.950164, 0.00938148, 0.95399, 4.49994
4696.91, 0.943002, 0.00931314, 0.94765, 4.88801
4696.92, 0.937946, 0.00926564, 0.94275, 5.13626
4696.93, 0.935133, 0.00924337, 0.93918, 5.23899
4696.94, 0.93439, 0.00923773, 0.93636, 5.19333
4696.95, 0.933569, 0.00922881, 0.93325, 4.9993
4696.96, 0.930086, 0.00919662, 0.92854, 4.66259
4696.97, 0.923942, 0.00914316, 0.9209, 4.19462
4696.98, 0.914838, 0.009066, 0.9094, 3.62107
4696.99, 0.901369, 0.00895098, 0.89385, 2.98474
4697, 0.884425, 0.00880659, 0.87508, 2.32844
4697.01, 0.866055, 0.00865208, 0.85482, 1.71779
4697.02, 0.847193, 0.00849257, 0.83543, 1.18705
4697.03, 0.829888, 0.00834342, 0.81937, 0.767586
4697.04, 0.818095, 0.00823918, 0.80874, 0.465117
4697.05, 0.813544, 0.0081981, 0.80503, 0.265374
4697.06, 0.815956, 0.00822059, 0.80894, 0.145527
4697.07, 0.82314, 0.00828195, 0.82041, 0.0798974
4697.08, 0.83566, 0.00838277, 0.83858, 0.0485092
4697.09, 0.858309, 0.00856623, 0.86183, 0.0313883
4697.1, 0.886416, 0.00879706, 0.88786, 0.0256813
4697.11, 0.911236, 0.00900434, 0.91408, 0.0228278
4697.12, 0.934001, 0.00919351, 0.9381, 0.0199744
4697.13, 0.955702, 0.0093706, 0.95816, 0.0171209
4697.14, 0.972885, 0.00951109, 0.97342, 0.0171209
4697.15, 0.983731, 0.00959891, 0.98401, 0.0142674
4697.16, 0.988711, 0.00963486, 0.99071, 0.0142674
4697.17, 0.992123, 0.00965892, 0.9946, 0.0114139
4697.18, 0.996027, 0.00969047, 0.99669, 0.00856044
4697.19, 0.997396, 0.00970028, 0.99778, 0.00856044
4697.2, 0.996868, 0.00969377, 0.99839, 0.00570696
4697.21, 0.997044, 0.00969441, 0.9988, 0.00285348
4697.22, 0.996454, 0.0096853, 1, 0
4697.23, 0.993805, 0.00965507, 1, 0
4697.24, 0.990017, 0.00962012, 1, 0
4697.25, 0.985803, 0.00958725, 1, 0
4697.26, 0.981693, 0.00955381, 1, 0
4697.27, 0.977591, 0.00952034, 1, 0
