wav, obs, sigma_obs, syn, weight
4714.94, 0.918787, 0.00579727, 1, 0
4714.95, 0.919813, 0.00580588, 1, 0
4714.96, 0.920564, 0.00581407, 1, 0
4714.97, 0.922424, 0.00582399, 1, 0
4714.98, 0.925272, 0.00583715, 1, 0
4714.99, 0.92784, 0.00585372, 1, 0
4715, 0.931358, 0.00586935, 0.9945, 0.00136819
4715.01, 0.935534, 0.00588217, 0.99465, 0.00273639
4715.02, 0.937591, 0.00589426, 0.99489, 0.00410458
4715.03, 0.938001, 0.00590142, 0.9951, 0.00273639
4715.04, 0.93887, 0.00590777, 0.99521, 0.00410458
4715.05, 0.942267, 0.00592792, 0.99521, 0.00273639
4715.06, 0.946401, 0.0059506, 0.99514, 0.00410458
4715.07, 0.948935, 0.00596214, 0.99504, 0.00410458
4715.08, 0.949449, 0.00596339, 0.99498, 0.00273639
4715.09, 0.950884, 0.0059734, 0.99499, 0.00410458
4715.1, 0.954526, 0.00599647, 0.99511, 0.00547278
4715.11, 0.957304, 0.00600696, 0.99532, 0.00547278
4715.12, 0.95936, 0.00601609, 0.9956, 0.00684097
4715.13, 0.961813, 0.00603587, 0.99588, 0.00820917
4715.14, 0.964658, 0.00605116, 0.9961, 0.0136819
4715.15, 0.967654, 0.00606204, 0.99618, 0.0259957
4715.16, 0.970101, 0.00607231, 0.996, 0.0519914
4715.17, 0.970664, 0.00607634, 0.99536, 0.105351
4715.18, 0.968877, 0.00606589, 0.99397, 0.207966
4715.19, 0.965456, 0.00604211, 0.99134, 0.383094
4715.2, 0.962096, 0.00602344, 0.98679, 0.660838
4715.21, 0.956752, 0.00600036, 0.97939, 1.05351
4715.22, 0.947535, 0.0059569, 0.96801, 1.56658
4715.23, 0.936978, 0.00589789, 0.95155, 2.17953
4715.24, 0.923311, 0.00582106, 0.92938, 2.85679
4715.25, 0.903189, 0.00571709, 0.90191, 3.54362
4715.26, 0.876506, 0.00557619, 0.87107, 4.18804
4715.27, 0.846446, 0.00541264, 0.84029, 4.74079
4715.28, 0.818134, 0.00525765, 0.81398, 5.1663
4715.29, 0.79703, 0.0051457, 0.79658, 5.44404
4715.3, 0.788203, 0.00510048, 0.79138, 5.56445
4715.31, 0.795401, 0.00513749, 0.7996, 5.5275
4715.32, 0.819323, 0.0052675, 0.81997, 5.32912
4715.33, 0.855757, 0.00546257, 0.84903, 4.98159
4715.34, 0.896653, 0.0056725, 0.8821, 4.49315
4715.35, 0.932405, 0.00586095, 0.91443, 3.89388
4715.36, 0.958615, 0.0060048, 0.94231, 3.22483
4715.37, 0.975606, 0.00609612, 0.96373, 2.53526
4715.38, 0.985497, 0.00614801, 0.97844, 1.88127
4715.39, 0.990553, 0.00617496, 0.98745, 1.31073
4715.4, 0.992495, 0.00618711, 0.99238, 0.849649
4715.41, 0.991863, 0.00618733, 0.99476, 0.513073
4715.42, 0.990885, 0.00618225, 0.99577, 0.285953
4715.43, 0.99199, 0.00618097, 0.99613, 0.149133
4715.44, 0.992983, 0.00618598, 0.99621, 0.0752507
4715.45, 0.993355, 0.0061916, 0.99616, 0.0369412
4715.46, 0.994447, 0.0061911, 0.99606, 0.0191547
4715.47, 0.995763, 0.00619432, 0.99591, 0.0123137
4715.48, 0.996719, 0.0062006, 0.99569, 0.00957736
4715.49, 0.99704, 0.00620027, 0.99532, 0.00684097
4715.5, 0.99644, 0.0061997, 0.99466, 0.00684097
4715.51, 0.994702, 0.00619655, 0.99349, 0.00684097
4715.52, 0.991927, 0.0061811, 0.99148, 0.00547278
4715.53, 0.989115, 0.00616301, 0.98833, 0.00547278
4715.54, 0.985053, 0.00614099, 0.98393, 0.00547278
4715.55, 0.977204, 0.00610217, 0.97848, 0.00547278
4715.56, 0.967988, 0.00605435, 0.9726, 0.00547278
4715.57, 0.958895, 0.00600489, 0.96714, 0.00410458
4715.58, 0.949993, 0.00595788, 0.96305, 0.00410458
4715.59, 0.945815, 0.00593172, 0.96103, 0.00273639
4715.6, 0.946345, 0.00592952, 0.96157, 0.00136819
4715.61, 0.946635, 0.00593629, 1, 0
4715.62, 0.949431, 0.00595437, 1, 0
4715.63, 0.954154, 0.00597588, 1, 0
4715.64, 0.954971, 0.00598003, 1, 0
4715.65, 0.954048, 0.00597688, 1, 0
4715.66, 0.953876, 0.00597688, 1, 0
