wav, obs, sigma_obs, syn, weight
4747.33, 0.998169, 0.00631588, 1, 0
4747.34, 0.997278, 0.00630819, 1, 0
4747.35, 0.997046, 0.00630332, 1, 0
4747.36, 0.9962, 0.00630049, 1, 0
4747.37, 0.995641, 0.00630073, 1, 0
4747.38, 0.99723, 0.0063049, 1, 0
4747.39, 0.997616, 0.00630461, 0.99969, 0.0054158
4747.4, 0.996379, 0.00630147, 0.99959, 0.0108316
4747.41, 0.997649, 0.00630898, 0.99953, 0.0135395
4747.42, 0.999922, 0.00631734, 0.99949, 0.0162474
4747.43, 1.00124, 0.00631956, 0.99947, 0.0162474
4747.44, 1.00269, 0.00632793, 0.99945, 0.0162474
4747.45, 1.00333, 0.00633542, 0.99944, 0.0162474
4747.46, 1.00247, 0.00633157, 0.99943, 0.0162474
4747.47, 1.003, 0.00632609, 0.99942, 0.0162474
4747.48, 1.00374, 0.00632175, 0.9994, 0.0189553
4747.49, 1.00162, 0.00631556, 0.99937, 0.0216632
4747.5, 0.999645, 0.00631153, 0.99934, 0.0243711
4747.51, 0.99955, 0.00631004, 0.99929, 0.0297869
4747.52, 1.00017, 0.00630697, 0.9992, 0.0433264
4747.53, 1.00014, 0.00630399, 0.99902, 0.0676975
4747.54, 0.999023, 0.00630097, 0.99866, 0.11644
4747.55, 0.997744, 0.00629321, 0.99798, 0.2058
4747.56, 0.996741, 0.00628373, 0.99675, 0.360151
4747.57, 0.995473, 0.00627424, 0.99469, 0.603862
4747.58, 0.992076, 0.00625635, 0.99155, 0.955889
4747.59, 0.986085, 0.00622548, 0.98714, 1.42165
4747.6, 0.977797, 0.00618079, 0.98152, 1.98489
4747.61, 0.966874, 0.00612313, 0.97496, 2.61042
4747.62, 0.955316, 0.00606223, 0.96798, 3.25219
4747.63, 0.946332, 0.00601199, 0.96121, 3.85605
4747.64, 0.93899, 0.00597179, 0.95524, 4.37597
4747.65, 0.93426, 0.00594669, 0.95053, 4.78215
4747.66, 0.935887, 0.00595057, 0.94735, 5.05565
4747.67, 0.941831, 0.00597871, 0.94584, 5.18292
4747.68, 0.949514, 0.00602177, 0.94602, 5.16938
4747.69, 0.959081, 0.00607427, 0.9479, 5.00962
4747.7, 0.968651, 0.00612461, 0.9514, 4.70904
4747.71, 0.976392, 0.00616466, 0.95636, 4.27577
4747.72, 0.98331, 0.00620144, 0.96244, 3.7369
4747.73, 0.98779, 0.00622367, 0.96914, 3.1195
4747.74, 0.987678, 0.00621687, 0.97584, 2.47773
4747.75, 0.986466, 0.00620629, 0.98193, 1.86033
4747.76, 0.985998, 0.00620507, 0.98695, 1.31604
4747.77, 0.985295, 0.00620508, 0.99067, 0.871944
4747.78, 0.983688, 0.00619616, 0.99311, 0.54158
4747.79, 0.98158, 0.00618153, 0.99445, 0.319532
4747.8, 0.980406, 0.00617942, 0.99492, 0.181429
4747.81, 0.979791, 0.00618033, 0.9947, 0.100192
4747.82, 0.979015, 0.00617377, 0.99388, 0.0568659
4747.83, 0.978254, 0.00616972, 0.99242, 0.0379106
4747.84, 0.977794, 0.00616731, 0.99017, 0.027079
4747.85, 0.97673, 0.00615669, 0.98686, 0.0189553
4747.86, 0.971346, 0.00612639, 0.98215, 0.0162474
4747.87, 0.963705, 0.00608553, 0.97562, 0.0135395
4747.88, 0.958462, 0.00605143, 0.9668, 0.0108316
4747.89, 0.951107, 0.00600924, 0.9553, 0.0081237
4747.9, 0.940535, 0.00595635, 0.9413, 0.0081237
4747.91, 0.931343, 0.00591036, 0.92571, 0.0054158
4747.92, 0.925617, 0.00587895, 0.91124, 0.0054158
4747.93, 0.922677, 0.0058595, 0.90264, 0.0027079
4747.94, 0.919591, 0.00584134, 0.90498, 0.0027079
4747.95, 0.917129, 0.00582872, 0.91999, 0
4747.96, 0.916674, 0.00582694, 1, 0
4747.97, 0.917166, 0.00582879, 1, 0
4747.98, 0.917892, 0.00583075, 1, 0
4747.99, 0.918553, 0.00583269, 1, 0
4748, 0.919213, 0.00583463, 1, 0
4748.01, 0.919874, 0.00583656, 1, 0
