wav, obs, sigma_obs, syn, weight
4757.73, 0.995523, 0.00608275, 1, 0
4757.74, 0.996158, 0.00607201, 1, 0
4757.75, 0.996843, 0.00606101, 1, 0
4757.76, 0.99598, 0.00605787, 1, 0
4757.77, 0.993925, 0.00605613, 1, 0
4757.78, 0.991467, 0.00604765, 1, 0
4757.79, 0.988528, 0.00603628, 0.96234, 0.00979515
4757.8, 0.986734, 0.00602643, 0.96481, 0.016092
4757.81, 0.986589, 0.00601848, 0.96843, 0.0223889
4757.82, 0.985522, 0.00600789, 0.97221, 0.0265868
4757.83, 0.983069, 0.0059974, 0.97562, 0.0300851
4757.84, 0.980944, 0.00599037, 0.97862, 0.0328837
4757.85, 0.981679, 0.00598797, 0.98141, 0.0356823
4757.86, 0.983255, 0.0059987, 0.98418, 0.0391806
4757.87, 0.984654, 0.00601755, 0.98688, 0.0426789
4757.88, 0.987466, 0.00602767, 0.98932, 0.0461771
4757.89, 0.991466, 0.00604145, 0.99131, 0.0510747
4757.9, 0.993808, 0.00605644, 0.99277, 0.056672
4757.91, 0.992012, 0.00605603, 0.99382, 0.0629688
4757.92, 0.991756, 0.0060533, 0.99461, 0.070665
4757.93, 0.994684, 0.00605935, 0.99525, 0.0811598
4757.94, 0.997567, 0.00607228, 0.9958, 0.0958526
4757.95, 0.997381, 0.00607523, 0.99619, 0.118241
4757.96, 0.995148, 0.00606755, 0.99639, 0.155323
4757.97, 0.993632, 0.0060596, 0.99634, 0.221091
4757.98, 0.993002, 0.00605607, 0.99598, 0.332336
4757.99, 0.990758, 0.00604942, 0.99517, 0.508648
4758, 0.986399, 0.00603306, 0.99347, 0.762623
4758.01, 0.984347, 0.00601233, 0.9899, 1.09286
4758.02, 0.978268, 0.00597451, 0.98249, 1.48397
4758.03, 0.962833, 0.00590432, 0.96803, 1.91355
4758.04, 0.941023, 0.00579261, 0.94231, 2.35853
4758.05, 0.905448, 0.00560498, 0.90125, 2.80911
4758.06, 0.850608, 0.00532022, 0.84286, 3.26039
4758.07, 0.77936, 0.00494894, 0.76909, 3.70747
4758.08, 0.696031, 0.00451018, 0.68667, 4.13845
4758.09, 0.609805, 0.00405261, 0.60617, 4.52466
4758.1, 0.534874, 0.0036544, 0.53966, 4.82971
4758.11, 0.485335, 0.00339021, 0.49786, 5.01652
4758.12, 0.47255, 0.00332094, 0.48775, 5.06129
4758.13, 0.501332, 0.00347404, 0.511, 4.95845
4758.14, 0.563178, 0.00380538, 0.56374, 4.71986
4758.15, 0.645591, 0.0042446, 0.63725, 4.37773
4758.16, 0.734845, 0.00471414, 0.71993, 3.96914
4758.17, 0.816904, 0.00514238, 0.79999, 3.53045
4758.18, 0.880146, 0.00547327, 0.86816, 3.08058
4758.19, 0.921318, 0.00569256, 0.91962, 2.6293
4758.2, 0.950423, 0.00584891, 0.95417, 2.18012
4758.21, 0.970335, 0.00595252, 0.97487, 1.74004
4758.22, 0.981497, 0.00600675, 0.98607, 1.32374
4758.23, 0.987402, 0.00603918, 0.99167, 0.955027
4758.24, 0.989823, 0.00605475, 0.99436, 0.654176
4758.25, 0.990406, 0.00605871, 0.9957, 0.433086
4758.26, 0.991407, 0.0060669, 0.99645, 0.284759
4758.27, 0.993254, 0.0060756, 0.99692, 0.193804
4758.28, 0.995453, 0.00608118, 0.99724, 0.14063
4758.29, 0.997051, 0.00608611, 0.99746, 0.110545
4758.3, 0.996795, 0.00608712, 0.99757, 0.0916546
4758.31, 0.996395, 0.00608864, 0.99756, 0.0790609
4758.32, 0.998709, 0.00609829, 0.99736, 0.0692657
4758.33, 1.00128, 0.00610666, 0.99684, 0.0615695
4758.34, 1.00272, 0.00611088, 0.99581, 0.0552726
4758.35, 1.0029, 0.00611295, 0.99401, 0.0496754
4758.36, 1.00077, 0.00610785, 0.99122, 0.0454775
4758.37, 0.996424, 0.0060932, 0.98737, 0.0412796
4758.38, 0.991323, 0.00607094, 0.98273, 0.0377813
4758.39, 0.987767, 0.00604705, 0.97796, 0.0349827
4758.4, 0.984735, 0.0060283, 0.97397, 0.0321841
4758.41, 0.981751, 0.00601799, 0.9717, 0.0293855
4758.42, 0.981459, 0.0060138, 0.97171, 0.0265868
4758.43, 0.982238, 0.00601515, 0.97402, 0.0223889
4758.44, 0.982804, 0.0060222, 0.97806, 0.0167917
4758.45, 0.984912, 0.00603563, 0.98289, 0.0104948
4758.46, 0.990539, 0.00605959, 1, 0
4758.47, 0.99635, 0.00608326, 1, 0
4758.48, 0.995709, 0.00608615, 1, 0
4758.49, 0.99325, 0.00608324, 1, 0
4758.5, 0.991703, 0.00608324, 1, 0
4758.51, 0.990156, 0.00608324, 1, 0
