wav, obs, sigma_obs, syn, weight
4769.42, 1.00352, 0.00876501, 1, 0
4769.43, 1.00607, 0.00989053, 1, 0
4769.44, 1.00318, 0.00945235, 1, 0
4769.45, 0.999593, 0.00929829, 1, 0
4769.46, 0.997784, 0.00940405, 1, 0
4769.47, 0.998178, 0.00940042, 1, 0
4769.48, 0.998652, 0.00937512, 0.9971, 0.0609323
4769.49, 0.998366, 0.0093774, 0.99469, 0.0941681
4769.5, 0.997754, 0.00937528, 0.99192, 0.124634
4769.51, 0.996156, 0.00935783, 0.98948, 0.152331
4769.52, 0.993653, 0.00933275, 0.98785, 0.166179
4769.53, 0.993501, 0.00933052, 0.98711, 0.171718
4769.54, 0.995584, 0.00934861, 0.98706, 0.171718
4769.55, 0.995617, 0.00934544, 0.98747, 0.168949
4769.56, 0.994527, 0.00933074, 0.98822, 0.15787
4769.57, 0.995352, 0.00933481, 0.98924, 0.146791
4769.58, 0.997721, 0.00935398, 0.99048, 0.130174
4769.59, 0.999911, 0.00937125, 0.99183, 0.113556
4769.6, 0.999615, 0.00936412, 0.99317, 0.0969378
4769.61, 0.99862, 0.00935168, 0.9943, 0.0886288
4769.62, 1.00048, 0.00936974, 0.99496, 0.0969378
4769.63, 1.00217, 0.00938094, 0.99487, 0.130174
4769.64, 1.00077, 0.00935602, 0.99369, 0.204954
4769.65, 0.99821, 0.00933205, 0.99111, 0.348976
4769.66, 0.994839, 0.0093129, 0.98691, 0.578857
4769.67, 0.989127, 0.00926677, 0.98103, 0.922294
4769.68, 0.980895, 0.0091962, 0.97364, 1.38206
4769.69, 0.970831, 0.00911601, 0.96516, 1.94429
4769.7, 0.960298, 0.00903129, 0.95617, 2.57301
4769.71, 0.95057, 0.0089494, 0.94731, 3.22387
4769.72, 0.942438, 0.00888076, 0.93915, 3.83597
4769.73, 0.934462, 0.00881498, 0.93215, 4.36497
4769.74, 0.925174, 0.0087395, 0.92656, 4.78319
4769.75, 0.918003, 0.00868103, 0.92253, 5.06292
4769.76, 0.914898, 0.00865385, 0.92012, 5.20417
4769.77, 0.913526, 0.00863725, 0.91936, 5.2014
4769.78, 0.914465, 0.00863942, 0.9203, 5.05184
4769.79, 0.919927, 0.00868405, 0.92297, 4.7638
4769.8, 0.927286, 0.00874616, 0.92738, 4.34281
4769.81, 0.934193, 0.00880146, 0.93345, 3.8055
4769.82, 0.942415, 0.00886275, 0.94095, 3.19064
4769.83, 0.951146, 0.00892612, 0.94948, 2.53977
4769.84, 0.957175, 0.00897087, 0.95845, 1.91383
4769.85, 0.96244, 0.00901181, 0.9672, 1.35713
4769.86, 0.968961, 0.00906245, 0.97513, 0.902906
4769.87, 0.972157, 0.00908568, 0.98178, 0.562239
4769.88, 0.971533, 0.00907791, 0.98696, 0.329588
4769.89, 0.972796, 0.0090857, 0.99068, 0.185567
4769.9, 0.975039, 0.00910224, 0.99312, 0.0997074
4769.91, 0.974657, 0.00909783, 0.99451, 0.0581627
4769.92, 0.973742, 0.00908448, 0.99509, 0.0360055
4769.93, 0.973813, 0.00907567, 0.99504, 0.0276965
4769.94, 0.973159, 0.00906987, 0.99452, 0.0193876
4769.95, 0.972025, 0.00906631, 0.99366, 0.0193876
4769.96, 0.971849, 0.00906433, 0.99257, 0.0166179
4769.97, 0.97121, 0.0090551, 0.99138, 0.0138483
4769.98, 0.970034, 0.00904273, 0.99019, 0.0110786
4769.99, 0.973047, 0.00906367, 0.98911, 0.0110786
4770, 0.978967, 0.009108, 0.98828, 0.0110786
4770.01, 0.981222, 0.00912527, 0.98789, 0.00830895
4770.02, 0.982401, 0.00913318, 0.98824, 0.00830895
4770.03, 0.986526, 0.00916124, 0.98957, 0.0055393
4770.04, 0.98985, 0.00918431, 0.99186, 0.00276965
4770.05, 0.990901, 0.00919158, 0.99458, 0.00276965
4770.06, 0.992573, 0.00920122, 0.99701, 0
4770.07, 0.994835, 0.00921472, 1, 0
4770.08, 0.996267, 0.00922499, 1, 0
4770.09, 0.997297, 0.00923358, 1, 0
4770.1, 0.998533, 0.00924303, 1, 0
4770.11, 0.999768, 0.00925248, 1, 0
4770.12, 1.001, 0.00926193, 1, 0
