wav, obs, sigma_obs, syn, weight
4770.73, 0.981869, 0.00900688, 1, 0
4770.74, 0.985272, 0.00903323, 1, 0
4770.75, 0.990585, 0.00907182, 1, 0
4770.76, 0.996679, 0.00911486, 1, 0
4770.77, 0.999104, 0.00913253, 1, 0
4770.78, 0.999091, 0.00913186, 1, 0
4770.79, 1.00032, 0.00913668, 1, 0
4770.8, 1.00198, 0.00914557, 0.9997, 0.0088334
4770.81, 1.00296, 0.00915289, 0.99957, 0.0088334
4770.82, 1.00345, 0.00915657, 0.99946, 0.0088334
4770.83, 1.00334, 0.00915432, 0.9994, 0.0088334
4770.84, 1.00244, 0.00914533, 0.99936, 0.0132501
4770.85, 1.00193, 0.00913779, 0.99934, 0.0088334
4770.86, 1.00244, 0.00913687, 0.99932, 0.0132501
4770.87, 1.00266, 0.00913583, 0.9993, 0.0132501
4770.88, 1.00199, 0.00913019, 0.99925, 0.0132501
4770.89, 1.0006, 0.00911883, 0.99918, 0.0176668
4770.9, 0.998502, 0.00910052, 0.99905, 0.0176668
4770.91, 0.996198, 0.00907906, 0.99881, 0.0176668
4770.92, 0.995445, 0.00907018, 0.99831, 0.0220835
4770.93, 0.995385, 0.00906782, 0.99735, 0.0265002
4770.94, 0.992598, 0.00904423, 0.99556, 0.0309169
4770.95, 0.987874, 0.00900583, 0.99245, 0.0530004
4770.96, 0.983115, 0.00896769, 0.98746, 0.0927507
4770.97, 0.977138, 0.00891856, 0.98008, 0.163418
4770.98, 0.968872, 0.00885011, 0.97, 0.282669
4770.99, 0.958228, 0.00876469, 0.95725, 0.472587
4771, 0.945453, 0.00866432, 0.94229, 0.755256
4771.01, 0.930939, 0.00855057, 0.92595, 1.14393
4771.02, 0.915028, 0.00842562, 0.90929, 1.64743
4771.03, 0.898081, 0.00829202, 0.8934, 2.24368
4771.04, 0.880621, 0.0081538, 0.87925, 2.90177
4771.05, 0.864795, 0.00802869, 0.86754, 3.57753
4771.06, 0.85329, 0.00793876, 0.85868, 4.21353
4771.07, 0.84586, 0.00787976, 0.85287, 4.7612
4771.08, 0.842328, 0.0078489, 0.85013, 5.18079
4771.09, 0.844253, 0.00786059, 0.85049, 5.45904
4771.1, 0.85089, 0.0079107, 0.85395, 5.58271
4771.11, 0.859918, 0.00798128, 0.86051, 5.54296
4771.12, 0.872476, 0.00807748, 0.87013, 5.35746
4771.13, 0.889233, 0.00820216, 0.88256, 5.02179
4771.14, 0.906706, 0.00833244, 0.8973, 4.55804
4771.15, 0.922597, 0.00845214, 0.91354, 3.97945
4771.16, 0.936542, 0.00855672, 0.93025, 3.33019
4771.17, 0.948824, 0.00864772, 0.94629, 2.65444
4771.18, 0.959053, 0.00872228, 0.96067, 2.00077
4771.19, 0.964246, 0.00875825, 0.97268, 1.41776
4771.2, 0.964156, 0.00875325, 0.982, 0.940757
4771.21, 0.962321, 0.00873285, 0.98872, 0.578588
4771.22, 0.960788, 0.00871582, 0.99321, 0.335669
4771.23, 0.959863, 0.008708, 0.99599, 0.181085
4771.24, 0.957102, 0.00868656, 0.99759, 0.0927507
4771.25, 0.952288, 0.00864614, 0.99845, 0.0485837
4771.26, 0.949009, 0.00861392, 0.99889, 0.0265002
4771.27, 0.946687, 0.0085891, 0.99912, 0.0176668
4771.28, 0.942886, 0.00855715, 0.99923, 0.0132501
4771.29, 0.939708, 0.00853034, 0.9993, 0.0176668
4771.3, 0.938001, 0.00851287, 0.99934, 0.0132501
4771.31, 0.934484, 0.00848348, 0.99937, 0.0088334
4771.32, 0.929379, 0.00844221, 0.99939, 0.0132501
4771.33, 0.925173, 0.00840362, 0.99941, 0.0132501
4771.34, 0.920328, 0.00836114, 0.99942, 0.0088334
4771.35, 0.912372, 0.00829938, 0.99943, 0.0132501
4771.36, 0.899763, 0.00820018, 0.99945, 0.0088334
4771.37, 0.882528, 0.00806181, 0.99948, 0.0132501
4771.38, 0.861471, 0.00789359, 0.99955, 0.0132501
4771.39, 0.833936, 0.00767763, 0.99964, 0.0088334
4771.4, 0.798775, 0.00740573, 0.99975, 0.0088334
4771.41, 0.761922, 0.0071203, 1, 0
4771.42, 0.726084, 0.00684099, 1, 0
4771.43, 0.690406, 0.00656278, 1, 0
4771.44, 0.662469, 0.0063446, 1, 0
4771.45, 0.648985, 0.00623811, 1, 0
4771.46, 0.63991, 0.00616569, 1, 0
4771.47, 0.628175, 0.00607272, 1, 0
