wav, obs, sigma_obs, syn, weight
4777.87, 0.988127, 0.00699154, 1, 0
4777.88, 0.990115, 0.0069994, 1, 0
4777.89, 0.99138, 0.00700434, 1, 0
4777.9, 0.991897, 0.00700632, 1, 0
4777.91, 0.99394, 0.00701452, 1, 0
4777.92, 0.99593, 0.00702118, 1, 0
4777.93, 0.994049, 0.00700935, 0.99898, 0.00361989
4777.94, 0.991761, 0.00699671, 0.99895, 0.00603316
4777.95, 0.991472, 0.00699409, 0.99893, 0.00723979
4777.96, 0.989883, 0.0069824, 0.99891, 0.00723979
4777.97, 0.987532, 0.00696645, 0.99888, 0.00844642
4777.98, 0.987044, 0.00696278, 0.99885, 0.00844642
4777.99, 0.987732, 0.00696391, 0.99881, 0.00965305
4778, 0.988994, 0.00696663, 0.99876, 0.00965305
4778.01, 0.991244, 0.00697905, 0.9987, 0.0108597
4778.02, 0.99352, 0.00699174, 0.99862, 0.0108597
4778.03, 0.995129, 0.00699635, 0.99851, 0.0120663
4778.04, 0.998064, 0.0070122, 0.99836, 0.0132729
4778.05, 1.00192, 0.00703661, 0.99811, 0.0156862
4778.06, 1.00395, 0.00704501, 0.99774, 0.0168928
4778.07, 1.00515, 0.00704555, 0.99716, 0.0205127
4778.08, 1.00732, 0.00705371, 0.99631, 0.0253393
4778.09, 1.01082, 0.00707241, 0.99512, 0.0337857
4778.1, 1.01323, 0.00708715, 0.99357, 0.0506785
4778.11, 1.01143, 0.00707793, 0.99167, 0.0808443
4778.12, 1.00789, 0.00705506, 0.98944, 0.139969
4778.13, 1.00469, 0.00703092, 0.98693, 0.246153
4778.14, 1.00094, 0.0070078, 0.98405, 0.419908
4778.15, 0.996903, 0.00698506, 0.98052, 0.682953
4778.16, 0.992556, 0.00695698, 0.97574, 1.05098
4778.17, 0.984468, 0.0069058, 0.96879, 1.52277
4778.18, 0.970653, 0.00682199, 0.95854, 2.08385
4778.19, 0.951703, 0.00670868, 0.94406, 2.70768
4778.2, 0.928986, 0.00657131, 0.92503, 3.34478
4778.21, 0.904012, 0.00641804, 0.90226, 3.95534
4778.22, 0.878089, 0.00626209, 0.87782, 4.49108
4778.23, 0.854672, 0.00612204, 0.85486, 4.91702
4778.24, 0.83834, 0.0060188, 0.83692, 5.21265
4778.25, 0.829754, 0.00596443, 0.82717, 5.36227
4778.26, 0.829293, 0.00596451, 0.82746, 5.36348
4778.27, 0.8387, 0.0060177, 0.83791, 5.21385
4778.28, 0.856024, 0.00611618, 0.8568, 4.92064
4778.29, 0.877527, 0.00624709, 0.88109, 4.4935
4778.3, 0.902033, 0.00639274, 0.90719, 3.95896
4778.31, 0.92678, 0.00653355, 0.93183, 3.35082
4778.32, 0.946752, 0.00665041, 0.95272, 2.7113
4778.33, 0.961328, 0.00673711, 0.96882, 2.08989
4778.34, 0.971732, 0.00679563, 0.98018, 1.52639
4778.35, 0.978297, 0.00683304, 0.98759, 1.05339
4778.36, 0.982567, 0.00685773, 0.99209, 0.686573
4778.37, 0.986788, 0.00687732, 0.99468, 0.423528
4778.38, 0.989821, 0.00689278, 0.99612, 0.248566
4778.39, 0.990883, 0.00690256, 0.99686, 0.142383
4778.4, 0.992031, 0.00690534, 0.99718, 0.0832576
4778.41, 0.993936, 0.00690837, 0.99715, 0.0518852
4778.42, 0.996023, 0.00692013, 0.9968, 0.0361989
4778.43, 0.997642, 0.00693008, 0.99612, 0.0277525
4778.44, 0.998567, 0.00693349, 0.99514, 0.022926
4778.45, 0.999217, 0.0069392, 0.99396, 0.0193061
4778.46, 1.0003, 0.00694494, 0.99272, 0.0180995
4778.47, 1.00167, 0.00694369, 0.99163, 0.0144796
4778.48, 1.00061, 0.00693346, 0.99088, 0.0132729
4778.49, 0.998131, 0.00692139, 0.99062, 0.0120663
4778.5, 0.998404, 0.00691925, 0.99091, 0.00965305
4778.51, 0.998608, 0.0069153, 0.99171, 0.00844642
4778.52, 0.996223, 0.00690159, 0.9929, 0.00603316
4778.53, 0.994697, 0.00689505, 0.99429, 0.00482653
4778.54, 0.99478, 0.0068963, 1, 0
4778.55, 0.995132, 0.00689542, 1, 0
4778.56, 0.996635, 0.00690053, 1, 0
4778.57, 0.999704, 0.00691624, 1, 0
4778.58, 1.0028, 0.00693214, 1, 0
4778.59, 1.00574, 0.00694697, 1, 0
