wav, obs, sigma_obs, syn, weight
4781.35, 0.985649, 0.00639425, 1, 0
4781.36, 0.977936, 0.0063583, 1, 0
4781.37, 0.971699, 0.00632697, 1, 0
4781.38, 0.968532, 0.00630553, 1, 0
4781.39, 0.965805, 0.00628672, 1, 0
4781.4, 0.962223, 0.00626622, 1, 0
4781.41, 0.958708, 0.00624596, 0.94606, 0.00162529
4781.42, 0.956756, 0.00623325, 0.94118, 0.00162529
4781.43, 0.956769, 0.00623169, 0.93924, 0.00162529
4781.44, 0.957087, 0.00623553, 0.93956, 0.00325058
4781.45, 0.957748, 0.00624115, 0.94168, 0.00325058
4781.46, 0.959928, 0.00624981, 0.94536, 0.00487588
4781.47, 0.964595, 0.0062712, 0.95035, 0.00325058
4781.48, 0.970307, 0.00630102, 0.9564, 0.00487588
4781.49, 0.973992, 0.00632258, 0.96312, 0.00650117
4781.5, 0.977496, 0.00634285, 0.97008, 0.00812646
4781.51, 0.982551, 0.00636872, 0.9768, 0.00975175
4781.52, 0.987484, 0.00639161, 0.98286, 0.011377
4781.53, 0.99116, 0.00640818, 0.98793, 0.0146276
4781.54, 0.993174, 0.00641905, 0.99187, 0.0178782
4781.55, 0.993661, 0.00642378, 0.9947, 0.0243794
4781.56, 0.994282, 0.00642739, 0.99653, 0.0422576
4781.57, 0.997215, 0.00643775, 0.99757, 0.0763887
4781.58, 0.998746, 0.00644363, 0.99794, 0.146276
4781.59, 0.996601, 0.00643578, 0.99765, 0.273049
4781.6, 0.994729, 0.0064212, 0.99645, 0.481086
4781.61, 0.992597, 0.0064027, 0.99383, 0.793143
4781.62, 0.987557, 0.00637788, 0.98895, 1.22385
4781.63, 0.980768, 0.0063398, 0.98084, 1.76507
4781.64, 0.972116, 0.00628455, 0.96858, 2.3908
4781.65, 0.959154, 0.00621, 0.95173, 3.06205
4781.66, 0.938888, 0.00609947, 0.93062, 3.72029
4781.67, 0.911611, 0.00595125, 0.90654, 4.32003
4781.68, 0.88371, 0.00579965, 0.88166, 4.81899
4781.69, 0.858576, 0.00566178, 0.8587, 5.18956
4781.7, 0.837803, 0.00554524, 0.84046, 5.41385
4781.71, 0.82478, 0.00547095, 0.82935, 5.48861
4781.72, 0.821722, 0.0054527, 0.82684, 5.4106
4781.73, 0.828981, 0.00549246, 0.83323, 5.17981
4781.74, 0.845865, 0.00558519, 0.84753, 4.80599
4781.75, 0.870047, 0.00571678, 0.86764, 4.30052
4781.76, 0.896852, 0.00586094, 0.89084, 3.69266
4781.77, 0.921722, 0.00599384, 0.91437, 3.03117
4781.78, 0.941384, 0.00609951, 0.93594, 2.36155
4781.79, 0.955975, 0.00617972, 0.95407, 1.74069
4781.8, 0.966807, 0.0062401, 0.96816, 1.20759
4781.81, 0.975477, 0.0062861, 0.97835, 0.786641
4781.82, 0.982222, 0.00632074, 0.98525, 0.479461
4781.83, 0.987012, 0.00634608, 0.98971, 0.273049
4781.84, 0.990253, 0.00636393, 0.99251, 0.149527
4781.85, 0.992306, 0.00637436, 0.99429, 0.0796393
4781.86, 0.993738, 0.00637949, 0.99546, 0.0422576
4781.87, 0.995899, 0.00639076, 0.99625, 0.0260047
4781.88, 0.998938, 0.00640829, 0.99679, 0.0162529
4781.89, 1.00165, 0.00642024, 0.99711, 0.0130023
4781.9, 1.00333, 0.00642696, 0.99728, 0.011377
4781.91, 1.00442, 0.00643351, 0.99736, 0.00975175
4781.92, 1.00676, 0.00644422, 0.99739, 0.00975175
4781.93, 1.009, 0.0064529, 0.99744, 0.00812646
4781.94, 1.00876, 0.00645051, 0.99753, 0.00812646
4781.95, 1.00692, 0.00643908, 0.99768, 0.00650117
4781.96, 1.00467, 0.00642392, 0.99786, 0.00812646
4781.97, 1.00268, 0.0064108, 0.99802, 0.00487588
4781.98, 1.00117, 0.00640204, 0.99812, 0.00487588
4781.99, 0.99932, 0.00639299, 0.99811, 0.00487588
4782, 0.995097, 0.00637061, 0.99801, 0.00325058
4782.01, 0.989394, 0.00633714, 0.99792, 0.00162529
4782.02, 0.983522, 0.00629925, 1, 0
4782.03, 0.974766, 0.00624851, 1, 0
4782.04, 0.96425, 0.00619119, 1, 0
4782.05, 0.956637, 0.00614668, 1, 0
4782.06, 0.950646, 0.0061092, 1, 0
4782.07, 0.943971, 0.00606876, 1, 0
