wav, obs, sigma_obs, syn, weight
4810.69, 0.968503, 0.00771691, 1, 0
4810.7, 0.963861, 0.00768324, 1, 0
4810.71, 0.959218, 0.00764956, 1, 0
4810.72, 0.954209, 0.00761382, 1, 0
4810.73, 0.950186, 0.00758363, 1, 0
4810.74, 0.948278, 0.00756593, 1, 0
4810.75, 0.949126, 0.00756626, 0.94675, 0.0171631
4810.76, 0.952056, 0.00758117, 0.94955, 0.0257447
4810.77, 0.955355, 0.00759976, 0.95646, 0.0300354
4810.78, 0.958815, 0.00762027, 0.96524, 0.0300354
4810.79, 0.962984, 0.00764615, 0.97402, 0.0257447
4810.8, 0.968597, 0.00768345, 0.98169, 0.0214539
4810.81, 0.974613, 0.00772246, 0.98763, 0.0214539
4810.82, 0.978481, 0.00774025, 0.99183, 0.0171631
4810.83, 0.98238, 0.00775933, 0.99458, 0.0171631
4810.84, 0.98878, 0.00780474, 0.99623, 0.0171631
4810.85, 0.993399, 0.00783605, 0.99718, 0.0128723
4810.86, 0.994648, 0.0078377, 0.9977, 0.0171631
4810.87, 0.995994, 0.00784176, 0.99798, 0.0171631
4810.88, 0.997584, 0.00785059, 0.99813, 0.0214539
4810.89, 0.998138, 0.00785267, 0.99821, 0.0300354
4810.9, 0.999041, 0.00785689, 0.99822, 0.0471986
4810.91, 1.00111, 0.00786776, 0.99814, 0.077234
4810.92, 1.00328, 0.00787594, 0.99791, 0.124433
4810.93, 1.00422, 0.00787556, 0.9974, 0.205957
4810.94, 1.00298, 0.00786494, 0.9964, 0.334681
4810.95, 1.00038, 0.00784675, 0.99462, 0.532056
4810.96, 0.99677, 0.00782039, 0.99167, 0.810957
4810.97, 0.990814, 0.00777794, 0.98711, 1.17138
4810.98, 0.982603, 0.00772033, 0.98048, 1.62191
4810.99, 0.973136, 0.0076539, 0.9715, 2.14539
4811, 0.961805, 0.00757465, 0.96014, 2.71606
4811.01, 0.948268, 0.0074812, 0.94684, 3.29532
4811.02, 0.933831, 0.00738436, 0.93251, 3.83166
4811.03, 0.920361, 0.00729481, 0.91852, 4.29507
4811.04, 0.90972, 0.00722077, 0.90646, 4.65549
4811.05, 0.901802, 0.00716424, 0.89785, 4.8872
4811.06, 0.896806, 0.0071293, 0.89381, 4.98159
4811.07, 0.897253, 0.0071298, 0.89491, 4.94298
4811.08, 0.903018, 0.00716446, 0.901, 4.77135
4811.09, 0.91138, 0.00721755, 0.91132, 4.47099
4811.1, 0.922432, 0.00728838, 0.92463, 4.06766
4811.11, 0.93648, 0.00737685, 0.93938, 3.56564
4811.12, 0.951002, 0.00746647, 0.95398, 3.01213
4811.13, 0.963806, 0.00754525, 0.96709, 2.42858
4811.14, 0.973801, 0.00760993, 0.97783, 1.86649
4811.15, 0.981534, 0.00766112, 0.98589, 1.36018
4811.16, 0.988027, 0.00770065, 0.99142, 0.93539
4811.17, 0.993361, 0.0077292, 0.9949, 0.60929
4811.18, 0.997345, 0.00774802, 0.99693, 0.373298
4811.19, 0.999729, 0.00775948, 0.99803, 0.21883
4811.2, 1.00088, 0.007766, 0.99859, 0.124433
4811.21, 1.00139, 0.00776939, 0.99886, 0.0686524
4811.22, 1.00144, 0.00776935, 0.99896, 0.038617
4811.23, 1.00136, 0.00776671, 0.9989, 0.0257447
4811.24, 1.00169, 0.00776442, 0.99865, 0.0171631
4811.25, 1.00209, 0.00776284, 0.99808, 0.0128723
4811.26, 1.00149, 0.00775806, 0.99705, 0.00858156
4811.27, 0.998379, 0.00773653, 0.9954, 0.00858156
4811.28, 0.993026, 0.00769738, 0.99313, 0.00429078
4811.29, 0.988457, 0.00766247, 0.99046, 0.00429078
4811.3, 0.983305, 0.00762579, 0.98791, 0.00429078
4811.31, 0.974124, 0.00756613, 0.98631, 0.00429078
4811.32, 0.963186, 0.00749115, 1, 0
4811.33, 0.953431, 0.00741822, 1, 0
4811.34, 0.945896, 0.00736595, 1, 0
4811.35, 0.941142, 0.00733734, 1, 0
4811.36, 0.93924, 0.00732308, 1, 0
4811.37, 0.938596, 0.00731407, 1, 0
