wav, obs, sigma_obs, syn, weight
4820.03, 1.0024, 0.00602746, 1, 0
4820.04, 1.00391, 0.00603266, 1, 0
4820.05, 1.0017, 0.00602344, 1, 0
4820.06, 1.00003, 0.0060146, 1, 0
4820.07, 1.0025, 0.00601962, 1, 0
4820.08, 1.00248, 0.00601757, 1, 0
4820.09, 0.999366, 0.00600556, 0.99937, 0.0055836
4820.1, 0.99836, 0.005999, 0.99933, 0.00837541
4820.11, 0.99951, 0.00599987, 0.9993, 0.0111672
4820.12, 1.00083, 0.00600462, 0.99927, 0.0132611
4820.13, 1.00006, 0.00600787, 0.99924, 0.014657
4820.14, 0.998033, 0.00600509, 0.9992, 0.0167508
4820.15, 0.996858, 0.00599692, 0.99914, 0.0181467
4820.16, 0.997292, 0.00599622, 0.99907, 0.0202406
4820.17, 0.998871, 0.00600334, 0.99898, 0.0223344
4820.18, 1.00024, 0.00600662, 0.99886, 0.0251262
4820.19, 1.00036, 0.00600501, 0.99871, 0.0272201
4820.2, 0.999101, 0.00600058, 0.99854, 0.0314078
4820.21, 0.997668, 0.00599459, 0.99833, 0.0355955
4820.22, 0.996992, 0.00598836, 0.9981, 0.0411791
4820.23, 0.997439, 0.00598404, 0.99781, 0.0502524
4820.24, 0.998341, 0.00598547, 0.99738, 0.0649094
4820.25, 0.99749, 0.00598259, 0.99665, 0.0914315
4820.26, 0.992498, 0.00595811, 0.99532, 0.140288
4820.27, 0.987573, 0.00593436, 0.99295, 0.22823
4820.28, 0.984217, 0.00591953, 0.98894, 0.372706
4820.29, 0.975838, 0.0058764, 0.98246, 0.58907
4820.3, 0.963039, 0.00580802, 0.97237, 0.885699
4820.31, 0.948809, 0.00573251, 0.95709, 1.25631
4820.32, 0.928102, 0.0056282, 0.93457, 1.68695
4820.33, 0.897686, 0.00547701, 0.90264, 2.15806
4820.34, 0.857775, 0.00527344, 0.85978, 2.6564
4820.35, 0.807486, 0.00501404, 0.80607, 3.1666
4820.36, 0.747298, 0.00470439, 0.74388, 3.67401
4820.37, 0.681343, 0.00436694, 0.67801, 4.1563
4820.38, 0.617442, 0.00403901, 0.61529, 4.58205
4820.39, 0.564878, 0.00376549, 0.56368, 4.91776
4820.4, 0.530656, 0.00358782, 0.53084, 5.13063
4820.41, 0.520752, 0.0035374, 0.52238, 5.19973
4820.42, 0.539447, 0.00363117, 0.54025, 5.11877
4820.43, 0.584339, 0.00386013, 0.58206, 4.89543
4820.44, 0.648153, 0.00419019, 0.6417, 4.55273
4820.45, 0.719388, 0.00455895, 0.71092, 4.1221
4820.46, 0.789553, 0.00491573, 0.78114, 3.63842
4820.47, 0.852562, 0.0052293, 0.84507, 3.13101
4820.48, 0.902733, 0.00549866, 0.89777, 2.6208
4820.49, 0.938532, 0.00567455, 0.93717, 2.12317
4820.5, 0.962941, 0.00568521, 0.96383, 1.65065
4820.51, 0.97816, 0.00571153, 0.98014, 1.22211
4820.52, 0.986975, 0.00586786, 0.98918, 0.855687
4820.53, 0.993717, 0.00595655, 0.99375, 0.566038
4820.54, 0.997715, 0.00595151, 0.99591, 0.355955
4820.55, 0.997154, 0.00594748, 0.99689, 0.217761
4820.56, 0.998467, 0.00596093, 0.99736, 0.134007
4820.57, 1.00217, 0.00597643, 0.9976, 0.0872438
4820.58, 1.00148, 0.00596948, 0.99776, 0.0635135
4820.59, 1.00071, 0.00596249, 0.99789, 0.0495545
4820.6, 1.00347, 0.00597324, 0.998, 0.0411791
4820.61, 1.00332, 0.00597447, 0.99812, 0.0355955
4820.62, 1.00128, 0.00596687, 0.99824, 0.0314078
4820.63, 1.00204, 0.00596671, 0.99836, 0.028616
4820.64, 1.00214, 0.00596317, 0.99847, 0.0251262
4820.65, 1.00045, 0.00595479, 0.99857, 0.0230324
4820.66, 1.00017, 0.00595538, 0.99865, 0.0209385
4820.67, 1.00073, 0.00595975, 0.9987, 0.0188447
4820.68, 1.00072, 0.00595885, 0.99873, 0.0174488
4820.69, 1.00023, 0.00595233, 0.99871, 0.0160529
4820.7, 0.99881, 0.00594171, 0.99865, 0.0132611
4820.71, 0.99636, 0.00593024, 0.99853, 0.0111672
4820.72, 0.995474, 0.00592523, 0.99836, 0.00837541
4820.73, 0.996267, 0.0059262, 0.99816, 0.0055836
4820.74, 0.995832, 0.00592438, 1, 0
4820.75, 0.995447, 0.00592356, 1, 0
4820.76, 0.996354, 0.00592675, 1, 0
4820.77, 0.996328, 0.00592549, 1, 0
4820.78, 0.995068, 0.00591904, 1, 0
4820.79, 0.994159, 0.00591406, 1, 0
