wav, obs, sigma_obs, syn, weight
4831.69, 0.800789, 0.00458235, 1, 0
4831.7, 0.835205, 0.00474243, 1, 0
4831.71, 0.869621, 0.00490252, 1, 0
4831.72, 0.90536, 0.00506816, 1, 0
4831.73, 0.939116, 0.00522548, 1, 0
4831.74, 0.961364, 0.00533352, 1, 0
4831.75, 0.974761, 0.00539673, 0.99158, 0
4831.76, 0.983622, 0.00543352, 0.99381, 0
4831.77, 0.98974, 0.00546095, 0.99587, 0.00976348
4831.78, 0.994192, 0.00548086, 0.99727, 0
4831.79, 0.997295, 0.0054924, 0.99803, 0.00976348
4831.8, 0.99889, 0.00549879, 0.99839, 0
4831.81, 1.00017, 0.00550763, 0.99851, 0.00976348
4831.82, 1.00141, 0.00551708, 0.99854, 0.00976348
4831.83, 1.00145, 0.00551518, 0.99852, 0.00976348
4831.84, 1.00065, 0.00550909, 0.99848, 0.00976348
4831.85, 0.999381, 0.00550298, 0.99843, 0.00976348
4831.86, 0.997211, 0.00549069, 0.99838, 0.019527
4831.87, 0.993516, 0.00547319, 0.99833, 0.019527
4831.88, 0.987805, 0.00545065, 0.9983, 0.0292904
4831.89, 0.980715, 0.00542303, 0.99827, 0.0292904
4831.9, 0.977259, 0.00540948, 0.99825, 0.0292904
4831.91, 0.97865, 0.00541292, 0.9982, 0.0488174
4831.92, 0.98023, 0.00541349, 0.99807, 0.0585809
4831.93, 0.979274, 0.00541134, 0.99775, 0.0976348
4831.94, 0.97791, 0.00541284, 0.9971, 0.185506
4831.95, 0.981208, 0.00542217, 0.9959, 0.312431
4831.96, 0.984924, 0.00543511, 0.99391, 0.536991
4831.97, 0.985903, 0.00544433, 0.9909, 0.878713
4831.98, 0.985369, 0.00544357, 0.98678, 1.32783
4831.99, 0.983442, 0.0054349, 0.98163, 1.89411
4832, 0.980734, 0.00542285, 0.97571, 2.5385
4832.01, 0.977692, 0.00540798, 0.96945, 3.20242
4832.02, 0.969687, 0.00537377, 0.96335, 3.83705
4832.03, 0.958383, 0.00532473, 0.95792, 4.39356
4832.04, 0.951878, 0.00528899, 0.95363, 4.83292
4832.05, 0.948633, 0.00527139, 0.95084, 5.13559
4832.06, 0.946738, 0.00526457, 0.94982, 5.30157
4832.07, 0.946938, 0.00526126, 0.95065, 5.32109
4832.08, 0.950075, 0.00527841, 0.9532, 5.20393
4832.09, 0.956384, 0.00531545, 0.95716, 4.93056
4832.1, 0.965134, 0.00535186, 0.96211, 4.53025
4832.11, 0.974231, 0.00539007, 0.9676, 4.00303
4832.12, 0.982324, 0.00543022, 0.97321, 3.38793
4832.13, 0.988987, 0.00546391, 0.97862, 2.72401
4832.14, 0.993093, 0.00548411, 0.98354, 2.06986
4832.15, 0.995858, 0.00549524, 0.98776, 1.48405
4832.16, 0.999257, 0.00550693, 0.99108, 0.986111
4832.17, 0.998745, 0.00550727, 0.99338, 0.624862
4832.18, 0.995729, 0.00549805, 0.99456, 0.371012
4832.19, 0.995859, 0.0054926, 0.99457, 0.205033
4832.2, 0.993571, 0.00547932, 0.9934, 0.117162
4832.21, 0.988714, 0.00546134, 0.99109, 0.0683443
4832.22, 0.986635, 0.00545404, 0.98783, 0.0390539
4832.23, 0.985146, 0.00544693, 0.98394, 0.0292904
4832.24, 0.981838, 0.0054304, 0.97993, 0.0292904
4832.25, 0.976701, 0.0054056, 0.97635, 0.019527
4832.26, 0.972943, 0.00538808, 0.97369, 0.00976348
4832.27, 0.970817, 0.00537927, 0.97229, 0.00976348
4832.28, 0.968356, 0.0053698, 0.97226, 0.019527
4832.29, 0.966856, 0.00536516, 0.97345, 0.00976348
4832.3, 0.969266, 0.00537758, 0.97545, 0.00976348
4832.31, 0.977183, 0.00541305, 0.97763, 0.00976348
4832.32, 0.985516, 0.00544881, 0.97945, 0.00976348
4832.33, 0.991382, 0.00547373, 0.98095, 0
4832.34, 0.994568, 0.00548883, 1, 0
4832.35, 0.994143, 0.00548885, 1, 0
4832.36, 0.987916, 0.0054611, 1, 0
4832.37, 0.972945, 0.00539033, 1, 0
4832.38, 0.947042, 0.00526954, 1, 0
4832.39, 0.914344, 0.00511862, 1, 0
