wav, obs, sigma_obs, syn, weight
4835.77, 0.999609, 0.00566917, 1, 0
4835.78, 0.977439, 0.00556259, 1, 0
4835.79, 0.954927, 0.00545468, 1, 0
4835.8, 0.920772, 0.00530008, 1, 0
4835.81, 0.873557, 0.00508113, 1, 0
4835.82, 0.814773, 0.0047968, 1, 0
4835.83, 0.745978, 0.00446369, 0.77071, 0.00176991
4835.84, 0.678133, 0.00413673, 0.71656, 0.00176991
4835.85, 0.624607, 0.00387958, 0.67204, 0.00353982
4835.86, 0.596667, 0.00374631, 0.64398, 0.00353982
4835.87, 0.602797, 0.00377702, 0.63715, 0.00353982
4835.88, 0.641353, 0.00396397, 0.65269, 0.00353982
4835.89, 0.701245, 0.00425441, 0.68771, 0.00530973
4835.9, 0.772274, 0.00459758, 0.73607, 0.00707965
4835.91, 0.840133, 0.00492328, 0.79006, 0.00884956
4835.92, 0.892454, 0.00517113, 0.84225, 0.0106195
4835.93, 0.932545, 0.00535629, 0.88691, 0.0141593
4835.94, 0.958908, 0.00548126, 0.92093, 0.0176991
4835.95, 0.970244, 0.00554506, 0.94401, 0.0230088
4835.96, 0.976273, 0.00557666, 0.95803, 0.0318584
4835.97, 0.979314, 0.00558982, 0.96596, 0.0477876
4835.98, 0.980183, 0.00559643, 0.97069, 0.079646
4835.99, 0.984345, 0.00561828, 0.97431, 0.141593
4836, 0.98998, 0.00564357, 0.97788, 0.256637
4836.01, 0.99439, 0.0056612, 0.9815, 0.447788
4836.02, 0.997893, 0.00567868, 0.98463, 0.736283
4836.03, 0.999197, 0.00568926, 0.98636, 1.14159
4836.04, 0.997665, 0.00568492, 0.98568, 1.65664
4836.05, 0.993445, 0.00566188, 0.98177, 2.26195
4836.06, 0.984345, 0.00561686, 0.97417, 2.91327
4836.07, 0.96883, 0.00554548, 0.96305, 3.55929
4836.08, 0.947837, 0.00544805, 0.94938, 4.14867
4836.09, 0.926156, 0.00534169, 0.93489, 4.64071
4836.1, 0.905597, 0.00524125, 0.92179, 5.00885
4836.11, 0.888567, 0.00516458, 0.91225, 5.23717
4836.12, 0.883895, 0.00514219, 0.90771, 5.32035
4836.13, 0.890845, 0.00517431, 0.90835, 5.26195
4836.14, 0.903812, 0.00524122, 0.9128, 5.05841
4836.15, 0.918811, 0.00531839, 0.91834, 4.71327
4836.16, 0.931098, 0.00537479, 0.92154, 4.24071
4836.17, 0.936473, 0.00539404, 0.91939, 3.66549
4836.18, 0.932514, 0.00538051, 0.91031, 3.02478
4836.19, 0.919159, 0.00531896, 0.89484, 2.36814
4836.2, 0.901499, 0.00522823, 0.87564, 1.75221
4836.21, 0.88734, 0.00515983, 0.85679, 1.21593
4836.22, 0.875699, 0.00511112, 0.84265, 0.789381
4836.23, 0.86933, 0.00508669, 0.83669, 0.479646
4836.24, 0.873505, 0.00510324, 0.84057, 0.274336
4836.25, 0.88487, 0.0051554, 0.85382, 0.148673
4836.26, 0.899154, 0.00522629, 0.87416, 0.0778761
4836.27, 0.914726, 0.00530334, 0.89824, 0.0442478
4836.28, 0.933846, 0.00539261, 0.92256, 0.0283186
4836.29, 0.949954, 0.00547163, 0.9443, 0.0212389
4836.3, 0.959168, 0.00552445, 0.96179, 0.0159292
4836.31, 0.969852, 0.00557295, 0.97457, 0.0123894
4836.32, 0.978138, 0.00560772, 0.98311, 0.0123894
4836.33, 0.981089, 0.00562313, 0.98837, 0.0106195
4836.34, 0.983889, 0.00563581, 0.99138, 0.0106195
4836.35, 0.985424, 0.00564167, 0.99305, 0.00884956
4836.36, 0.984922, 0.00564037, 0.99401, 0.00707965
4836.37, 0.984711, 0.00564257, 0.99469, 0.00707965
4836.38, 0.987754, 0.00565407, 0.99532, 0.00530973
4836.39, 0.989978, 0.00566266, 0.99597, 0.00530973
4836.4, 0.986261, 0.00565488, 0.99666, 0.00353982
4836.41, 0.985329, 0.00565282, 0.99734, 0.00176991
4836.42, 0.986107, 0.00565237, 1, 0
4836.43, 0.983365, 0.00563928, 1, 0
4836.44, 0.980611, 0.0056244, 1, 0
4836.45, 0.978563, 0.00561089, 1, 0
4836.46, 0.976287, 0.00559694, 1, 0
4836.47, 0.974012, 0.00558298, 1, 0
