wav, obs, sigma_obs, syn, weight
4840.46, 0.990748, 0.00608153, 1, 0
4840.47, 0.994183, 0.00610228, 1, 0
4840.48, 0.998037, 0.00611716, 1, 0
4840.49, 0.999582, 0.00612471, 1, 0
4840.5, 0.997845, 0.00612728, 1, 0
4840.51, 0.998448, 0.00612904, 0.99495, 0
4840.52, 0.99978, 0.00613202, 0.99524, 0.0175755
4840.53, 0.999742, 0.00613764, 0.9956, 0.0277508
4840.54, 0.999501, 0.00614528, 0.99597, 0.0370011
4840.55, 0.998957, 0.00614552, 0.99631, 0.0453264
4840.56, 0.999707, 0.00614561, 0.9966, 0.0508765
4840.57, 1.00166, 0.00615099, 0.99683, 0.0545767
4840.58, 0.998538, 0.0061349, 0.99695, 0.0592018
4840.59, 0.995482, 0.00612012, 0.99695, 0.0629019
4840.6, 0.996463, 0.00612522, 0.99678, 0.0684521
4840.61, 0.996441, 0.00612919, 0.99643, 0.0730772
4840.62, 0.995853, 0.00612965, 0.99589, 0.0804774
4840.63, 0.996149, 0.00613369, 0.99523, 0.0878777
4840.64, 0.997421, 0.00614444, 0.99456, 0.0952779
4840.65, 0.99811, 0.00614851, 0.994, 0.105453
4840.66, 0.997441, 0.00614741, 0.99368, 0.117479
4840.67, 0.996263, 0.00614762, 0.99365, 0.131354
4840.68, 0.996507, 0.00614763, 0.99388, 0.14893
4840.69, 0.997059, 0.00614463, 0.99425, 0.17298
4840.7, 0.99614, 0.00613789, 0.99463, 0.209981
4840.71, 0.993167, 0.0061283, 0.99487, 0.271033
4840.72, 0.989947, 0.00611543, 0.99487, 0.377411
4840.73, 0.987934, 0.00610376, 0.99457, 0.553167
4840.74, 0.986822, 0.00609558, 0.99381, 0.81865
4840.75, 0.9841, 0.00608237, 0.99221, 1.17479
4840.76, 0.977678, 0.0060505, 0.98873, 1.59567
4840.77, 0.967041, 0.00599902, 0.9811, 2.03599
4840.78, 0.952113, 0.00593114, 0.96531, 2.4541
4840.79, 0.928977, 0.00581064, 0.93577, 2.82226
4840.8, 0.890295, 0.0056046, 0.88682, 3.134
4840.81, 0.829217, 0.00529085, 0.8155, 3.393
4840.82, 0.744438, 0.00485592, 0.72425, 3.61686
4840.83, 0.641294, 0.0043139, 0.62163, 3.82129
4840.84, 0.530487, 0.00372022, 0.52028, 4.0137
4840.85, 0.42594, 0.00315996, 0.43314, 4.1839
4840.86, 0.34061, 0.00269209, 0.36997, 4.29861
4840.87, 0.288721, 0.00240111, 0.33588, 4.32266
4840.88, 0.280911, 0.00236105, 0.33231, 4.23478
4840.89, 0.316678, 0.00256429, 0.35882, 4.04052
4840.9, 0.391086, 0.0029753, 0.41363, 3.77966
4840.91, 0.492858, 0.00352618, 0.49253, 3.50031
4840.92, 0.604912, 0.00412326, 0.58762, 3.23667
4840.93, 0.714009, 0.00470311, 0.68776, 2.99894
4840.94, 0.807809, 0.00519705, 0.781, 2.77138
4840.95, 0.877672, 0.00555467, 0.85802, 2.53273
4840.96, 0.92489, 0.00579885, 0.91448, 2.26447
4840.97, 0.954651, 0.00595888, 0.95129, 1.96013
4840.98, 0.972983, 0.00605828, 0.97277, 1.62342
4840.99, 0.98457, 0.00611613, 0.98419, 1.27654
4841, 0.99041, 0.00615306, 0.9899, 0.951854
4841.01, 0.992256, 0.00617318, 0.99275, 0.677121
4841.02, 0.993908, 0.00617843, 0.99429, 0.472689
4841.03, 0.999288, 0.0061999, 0.99524, 0.33671
4841.04, 1.00347, 0.00621748, 0.99589, 0.251608
4841.05, 1.00183, 0.00620998, 0.99637, 0.200731
4841.06, 0.998127, 0.00620072, 0.99674, 0.168355
4841.07, 0.997207, 0.00620281, 0.99702, 0.146154
4841.08, 0.999346, 0.0062106, 0.99722, 0.127654
4841.09, 1.00049, 0.00621042, 0.99736, 0.114703
4841.1, 0.997865, 0.00620446, 0.99744, 0.102678
4841.11, 0.995914, 0.00619856, 0.99747, 0.0925028
4841.12, 0.997091, 0.00619687, 0.99747, 0.0851026
4841.13, 0.995495, 0.00619928, 0.99743, 0.0767773
4841.14, 0.994733, 0.00620235, 0.99739, 0.0712272
4841.15, 0.99663, 0.00620535, 0.99733, 0.064752
4841.16, 0.997953, 0.00620887, 0.99726, 0.0601268
4841.17, 0.996926, 0.00620718, 0.99722, 0.0564267
4841.18, 0.995718, 0.00620687, 0.99721, 0.0518016
4841.19, 0.996017, 0.00621182, 0.99727, 0.0462514
4841.2, 0.995542, 0.00621059, 0.99741, 0.0379262
4841.21, 0.996541, 0.00621473, 0.99763, 0.0277508
4841.22, 0.998385, 0.00622458, 0.9979, 0.0175755
4841.23, 0.997484, 0.00622433, 0.99821, 0.00832525
4841.24, 0.996479, 0.00621589, 1, 0
4841.25, 0.99607, 0.00620904, 1, 0
4841.26, 0.995417, 0.00620969, 1, 0
4841.27, 0.994777, 0.00621004, 1, 0
4841.28, 0.994151, 0.00621004, 1, 0
