wav, obs, sigma_obs, syn, weight
4869.74, 1.0028, 0.00521667, 1, 0
4869.75, 1.00319, 0.00521508, 1, 0
4869.76, 1.00155, 0.00520994, 1, 0
4869.77, 1.00065, 0.00520976, 1, 0
4869.78, 1.00154, 0.00521602, 1, 0
4869.79, 1.00156, 0.00521753, 1, 0
4869.8, 1.00173, 0.00521639, 0.99496, 0.00864317
4869.81, 1.00266, 0.00521657, 0.99494, 0.013685
4869.82, 1.00252, 0.00521725, 0.99491, 0.0180066
4869.83, 1.0028, 0.00521986, 0.99484, 0.0216079
4869.84, 1.00381, 0.00522278, 0.99476, 0.0252092
4869.85, 1.00248, 0.00521946, 0.99467, 0.02737
4869.86, 1.0013, 0.00521452, 0.99458, 0.0302511
4869.87, 1.00212, 0.00521346, 0.99449, 0.0324119
4869.88, 1.00193, 0.00521477, 0.99439, 0.0367335
4869.89, 1.00144, 0.00521569, 0.99426, 0.0396145
4869.9, 1.00165, 0.00521429, 0.99407, 0.0439361
4869.91, 1.00087, 0.00521053, 0.99375, 0.0496982
4869.92, 0.999455, 0.00520498, 0.99321, 0.0554603
4869.93, 0.997837, 0.00519769, 0.99223, 0.0612224
4869.94, 0.994521, 0.00518702, 0.99044, 0.0698656
4869.95, 0.989095, 0.00516735, 0.98717, 0.0828304
4869.96, 0.981883, 0.00513514, 0.9815, 0.101557
4869.97, 0.972989, 0.0050936, 0.9723, 0.13757
4869.98, 0.959425, 0.00503365, 0.95865, 0.203114
4869.99, 0.93914, 0.00494805, 0.94029, 0.316916
4870, 0.915649, 0.00484883, 0.91822, 0.497702
4870.01, 0.892543, 0.00474919, 0.89465, 0.756998
4870.02, 0.872698, 0.00466176, 0.87238, 1.09336
4870.03, 0.857928, 0.00459771, 0.85339, 1.49167
4870.04, 0.846646, 0.00454863, 0.8373, 1.93175
4870.05, 0.83385, 0.00449081, 0.8207, 2.39632
4870.06, 0.811454, 0.00439321, 0.79814, 2.87385
4870.07, 0.774269, 0.00423313, 0.7646, 3.35715
4870.08, 0.721005, 0.00400189, 0.71849, 3.83613
4870.09, 0.655217, 0.00371321, 0.66338, 4.28701
4870.1, 0.587348, 0.00341311, 0.60766, 4.67811
4870.11, 0.532049, 0.00316703, 0.56229, 4.97414
4870.12, 0.50355, 0.00303796, 0.53749, 5.14052
4870.13, 0.509405, 0.00306313, 0.53981, 5.16141
4870.14, 0.549544, 0.00324526, 0.5704, 5.03248
4870.15, 0.615555, 0.00354071, 0.62482, 4.77031
4870.16, 0.694754, 0.00389017, 0.69432, 4.40513
4870.17, 0.773703, 0.00423438, 0.76818, 3.97154
4870.18, 0.843069, 0.0045318, 0.83647, 3.50336
4870.19, 0.895628, 0.00475745, 0.89229, 3.02367
4870.2, 0.929248, 0.00490799, 0.93291, 2.54397
4870.21, 0.953648, 0.0050133, 0.95932, 2.07292
4870.22, 0.971158, 0.00508516, 0.97472, 1.62131
4870.23, 0.979214, 0.00512271, 0.98287, 1.20716
4870.24, 0.984554, 0.00514758, 0.98685, 0.852793
4870.25, 0.989412, 0.00516807, 0.98872, 0.57261
4870.26, 0.991944, 0.00518052, 0.9896, 0.372377
4870.27, 0.994679, 0.00519155, 0.99004, 0.241288
4870.28, 0.996036, 0.00519631, 0.99029, 0.16278
4870.29, 0.99295, 0.00518667, 0.99043, 0.118123
4870.3, 0.992505, 0.00518426, 0.9905, 0.0914735
4870.31, 0.994408, 0.00518833, 0.99053, 0.076348
4870.32, 0.992188, 0.00517916, 0.99052, 0.065544
4870.33, 0.98907, 0.00516521, 0.99048, 0.0576211
4870.34, 0.986744, 0.00515494, 0.99042, 0.0511387
4870.35, 0.983925, 0.00514863, 0.99033, 0.0460969
4870.36, 0.981941, 0.00513979, 0.99022, 0.0410551
4870.37, 0.981208, 0.0051308, 0.9901, 0.0374537
4870.38, 0.980503, 0.00512928, 0.98995, 0.0345727
4870.39, 0.978368, 0.00512369, 0.9898, 0.0316916
4870.4, 0.976017, 0.0051147, 0.98962, 0.0295308
4870.41, 0.976307, 0.00511549, 0.98944, 0.0266498
4870.42, 0.977515, 0.00511905, 0.98923, 0.0252092
4870.43, 0.978204, 0.00512161, 0.98901, 0.0216079
4870.44, 0.978756, 0.00512719, 0.98877, 0.0180066
4870.45, 0.980439, 0.00513381, 0.98854, 0.013685
4870.46, 0.982606, 0.00513875, 0.98836, 0.00864317
4870.47, 0.98303, 0.00514104, 1, 0
4870.48, 0.982745, 0.00514289, 1, 0
4870.49, 0.983246, 0.0051467, 1, 0
4870.5, 0.985184, 0.00515355, 1, 0
4870.51, 0.987595, 0.00516137, 1, 0
4870.52, 0.989792, 0.00516875, 1, 0
