wav, obs, sigma_obs, syn, weight
4880.55, 0.951372, 0.00579331, 1, 0
4880.56, 0.95623, 0.00582272, 1, 0
4880.57, 0.96341, 0.00586173, 1, 0
4880.58, 0.969601, 0.00589347, 1, 0
4880.59, 0.975038, 0.00591926, 1, 0
4880.6, 0.98328, 0.00595799, 0.98293, 0
4880.61, 0.98778, 0.00598985, 0.98177, 0.00211555
4880.62, 0.990939, 0.00601651, 0.98428, 0.0042311
4880.63, 0.996402, 0.00604386, 0.98851, 0.0042311
4880.64, 1.00019, 0.00606109, 0.99237, 0.00634665
4880.65, 1.00275, 0.00607913, 0.995, 0.0084622
4880.66, 1.00491, 0.00609618, 0.99655, 0.0084622
4880.67, 1.00628, 0.00609903, 0.99735, 0.0105778
4880.68, 1.007, 0.00610182, 0.99776, 0.0126933
4880.69, 1.00731, 0.00610614, 0.99798, 0.0126933
4880.7, 1.00789, 0.00610722, 0.99808, 0.0148089
4880.71, 1.00953, 0.00610782, 0.99813, 0.0169244
4880.72, 1.00928, 0.00610859, 0.99813, 0.0211555
4880.73, 1.00707, 0.00610574, 0.9981, 0.0253866
4880.74, 1.00585, 0.00609707, 0.99805, 0.0317333
4880.75, 1.00442, 0.00609541, 0.99798, 0.0444266
4880.76, 1.00438, 0.00610096, 0.99786, 0.0698132
4880.77, 1.00644, 0.00610741, 0.99764, 0.120586
4880.78, 1.00626, 0.00611297, 0.99719, 0.211555
4880.79, 1.00339, 0.00610816, 0.99624, 0.372337
4880.8, 1.00141, 0.006099, 0.99441, 0.621972
4880.81, 1.00249, 0.00609699, 0.99116, 0.981616
4880.82, 0.997213, 0.00607043, 0.98593, 1.45761
4880.83, 0.987738, 0.00602506, 0.9783, 2.03304
4880.84, 0.978889, 0.00597597, 0.96819, 2.67194
4880.85, 0.964945, 0.00590518, 0.95605, 3.32141
4880.86, 0.947183, 0.00582395, 0.94281, 3.93281
4880.87, 0.929554, 0.00574423, 0.92975, 4.45747
4880.88, 0.915218, 0.00567056, 0.91825, 4.86788
4880.89, 0.906061, 0.00562413, 0.90948, 5.14079
4880.9, 0.901898, 0.00560597, 0.90433, 5.27618
4880.91, 0.901566, 0.00560558, 0.90329, 5.26772
4880.92, 0.904598, 0.00562125, 0.90645, 5.12175
4880.93, 0.912176, 0.00565707, 0.91351, 4.83615
4880.94, 0.922517, 0.00570596, 0.92372, 4.41727
4880.95, 0.931976, 0.00575503, 0.93594, 3.88415
4880.96, 0.943368, 0.00581738, 0.94883, 3.26853
4880.97, 0.954547, 0.00588004, 0.96106, 2.61694
4880.98, 0.962729, 0.00592517, 0.97167, 1.98227
4880.99, 0.970942, 0.0059632, 0.98014, 1.41319
4881, 0.977167, 0.00599358, 0.98645, 0.943536
4881.01, 0.980225, 0.00601397, 0.9909, 0.592354
4881.02, 0.981802, 0.00602581, 0.99388, 0.349066
4881.03, 0.982073, 0.00603037, 0.99582, 0.196746
4881.04, 0.982635, 0.00603478, 0.99701, 0.110009
4881.05, 0.984998, 0.0060453, 0.99769, 0.0634665
4881.06, 0.98802, 0.00605856, 0.99802, 0.0401955
4881.07, 0.988813, 0.00606707, 0.99813, 0.0275022
4881.08, 0.988427, 0.0060727, 0.99812, 0.0232711
4881.09, 0.991089, 0.00608636, 0.99805, 0.0169244
4881.1, 0.995301, 0.00610939, 0.99798, 0.0148089
4881.11, 0.998861, 0.00612741, 0.99792, 0.0105778
4881.12, 1.00045, 0.00612962, 0.99789, 0.0105778
4881.13, 0.999872, 0.00612669, 0.99788, 0.0084622
4881.14, 0.997633, 0.00612152, 0.9979, 0.00634665
4881.15, 0.993965, 0.00611124, 0.9979, 0.0042311
4881.16, 0.989132, 0.00609174, 0.9979, 0.0042311
4881.17, 0.984884, 0.00606245, 0.99789, 0.0042311
4881.18, 0.979413, 0.00603059, 0.99793, 0.00211555
4881.19, 0.972122, 0.00600227, 0.99812, 0.00211555
4881.2, 0.967946, 0.00597579, 0.99851, 0
4881.21, 0.966207, 0.0059607, 1, 0
4881.22, 0.96506, 0.00595733, 1, 0
4881.23, 0.963811, 0.00595159, 1, 0
4881.24, 0.962561, 0.00594585, 1, 0
4881.25, 0.961311, 0.0059401, 1, 0
