wav, obs, sigma_obs, syn, weight
4892.71, 0.990949, 0.00599365, 1, 0
4892.72, 0.986116, 0.00597009, 1, 0
4892.73, 0.981567, 0.00594879, 1, 0
4892.74, 0.976163, 0.00592075, 1, 0
4892.75, 0.968591, 0.00587936, 1, 0
4892.76, 0.956945, 0.00582005, 1, 0
4892.77, 0.939155, 0.00573214, 0.94522, 0.0034216
4892.78, 0.913367, 0.00560225, 0.92078, 0.0034216
4892.79, 0.879236, 0.00542889, 0.88693, 0.0034216
4892.8, 0.837289, 0.00521616, 0.84333, 0.0068432
4892.81, 0.789018, 0.00497255, 0.79182, 0.0068432
4892.82, 0.739499, 0.00472351, 0.7365, 0.0068432
4892.83, 0.696145, 0.00450527, 0.68339, 0.0068432
4892.84, 0.663986, 0.00434135, 0.63943, 0.0068432
4892.85, 0.646672, 0.00425061, 0.6111, 0.0102648
4892.86, 0.646572, 0.00424994, 0.60296, 0.0102648
4892.87, 0.663821, 0.00433878, 0.61644, 0.0136864
4892.88, 0.696293, 0.00450104, 0.64947, 0.017108
4892.89, 0.738922, 0.00471257, 0.697, 0.0239512
4892.9, 0.786322, 0.00494866, 0.75231, 0.0444808
4892.91, 0.834342, 0.00518835, 0.80847, 0.0752752
4892.92, 0.878915, 0.00541123, 0.85968, 0.136864
4892.93, 0.916211, 0.00559791, 0.90208, 0.253198
4892.94, 0.943909, 0.00573375, 0.93406, 0.434543
4892.95, 0.961793, 0.00581695, 0.95601, 0.711693
4892.96, 0.972806, 0.00586776, 0.96957, 1.08807
4892.97, 0.979512, 0.00589964, 0.97686, 1.57051
4892.98, 0.983455, 0.00591712, 0.97976, 2.13166
4892.99, 0.984106, 0.00591877, 0.97971, 2.73728
4893, 0.980963, 0.00590354, 0.97772, 3.3429
4893.01, 0.97503, 0.00587543, 0.97456, 3.90062
4893.02, 0.968976, 0.00584564, 0.97094, 4.36938
4893.03, 0.965896, 0.00582769, 0.96759, 4.72865
4893.04, 0.964626, 0.00581822, 0.9652, 4.9579
4893.05, 0.963621, 0.0058117, 0.96429, 5.0537
4893.06, 0.963433, 0.00580969, 0.96513, 5.01265
4893.07, 0.96524, 0.00581767, 0.96763, 4.83814
4893.08, 0.970128, 0.00584098, 0.97139, 4.53362
4893.09, 0.977027, 0.00587054, 0.97584, 4.10592
4893.1, 0.983532, 0.00589485, 0.98034, 3.57899
4893.11, 0.986319, 0.00590772, 0.9844, 2.99048
4893.12, 0.98709, 0.00591589, 0.98769, 2.38143
4893.13, 0.990451, 0.00593217, 0.99013, 1.79634
4893.14, 0.994163, 0.00594835, 0.99181, 1.27626
4893.15, 0.995677, 0.0059554, 0.99289, 0.858822
4893.16, 0.996255, 0.00595624, 0.99355, 0.540613
4893.17, 0.996706, 0.00595444, 0.99396, 0.325052
4893.18, 0.997101, 0.00595284, 0.99421, 0.188188
4893.19, 0.997483, 0.00595386, 0.99437, 0.10607
4893.2, 0.99782, 0.00595687, 0.99449, 0.0615888
4893.21, 0.997924, 0.00595605, 0.99458, 0.0410592
4893.22, 0.997505, 0.00595073, 0.99467, 0.0307944
4893.23, 0.996483, 0.005945, 0.99475, 0.0239512
4893.24, 0.99619, 0.00594338, 0.99482, 0.0273728
4893.25, 0.997151, 0.00594634, 0.99485, 0.0273728
4893.26, 0.997593, 0.00594689, 0.9948, 0.0307944
4893.27, 0.997248, 0.00594435, 0.99466, 0.0410592
4893.28, 0.997113, 0.00594284, 0.99437, 0.0581672
4893.29, 0.997558, 0.00594184, 0.99392, 0.0786968
4893.3, 0.998265, 0.00594007, 0.99333, 0.0992264
4893.31, 0.998105, 0.00593755, 0.99268, 0.109491
4893.32, 0.997113, 0.00593433, 0.99208, 0.102648
4893.33, 0.996027, 0.00592949, 0.99171, 0.0786968
4893.34, 0.994226, 0.00591784, 1, 0
4893.35, 0.990946, 0.00589672, 1, 0
4893.36, 0.98598, 0.00587036, 1, 0
4893.37, 0.979876, 0.005842, 1, 0
4893.38, 0.974031, 0.00581407, 1, 0
4893.39, 0.968215, 0.0057862, 1, 0
