wav, obs, sigma_obs, syn, weight
4903.96, 0.997824, 0.0050623, 1, 0
4903.97, 0.998123, 0.00506328, 1, 0
4903.98, 0.999176, 0.00506847, 1, 0
4903.99, 0.999614, 0.00506976, 1, 0
4904, 0.998944, 0.00506407, 1, 0
4904.01, 0.997949, 0.00505662, 1, 0
4904.02, 0.996558, 0.00505242, 0.99431, 0
4904.03, 0.995322, 0.00505222, 0.99405, 0
4904.04, 0.995845, 0.00505065, 0.99381, 0.195473
4904.05, 0.995564, 0.00504609, 0.99345, 0.195473
4904.06, 0.992803, 0.0050409, 0.99283, 0.195473
4904.07, 0.992738, 0.00504084, 0.9918, 0.195473
4904.08, 0.994469, 0.00504309, 0.99022, 0
4904.09, 0.993569, 0.00504065, 0.98796, 0.195473
4904.1, 0.991689, 0.00503524, 0.98497, 0.195473
4904.11, 0.988742, 0.00502284, 0.9813, 0.195473
4904.12, 0.982453, 0.00499565, 0.97715, 0.195473
4904.13, 0.97631, 0.00496892, 0.9728, 0
4904.14, 0.972647, 0.00495267, 0.96865, 0.195473
4904.15, 0.969376, 0.00493848, 0.96514, 0.195473
4904.16, 0.966431, 0.00492624, 0.96267, 0.195473
4904.17, 0.964858, 0.00491981, 0.9615, 0.195473
4904.18, 0.965465, 0.0049209, 0.96171, 0
4904.19, 0.967061, 0.00492569, 0.96314, 0
4904.2, 0.967843, 0.00492894, 0.96543, 0.195473
4904.21, 0.968349, 0.00493215, 0.96801, 0.195473
4904.22, 0.968421, 0.00493354, 0.97025, 0
4904.23, 0.966924, 0.00492777, 0.97152, 0.195473
4904.24, 0.96357, 0.00491468, 0.97132, 0.195473
4904.25, 0.958735, 0.00489614, 0.96935, 0
4904.26, 0.953093, 0.00487356, 0.9655, 0
4904.27, 0.945491, 0.00484042, 0.95959, 0
4904.28, 0.935322, 0.00479474, 0.95107, 0
4904.29, 0.924246, 0.00474805, 0.93856, 0
4904.3, 0.909244, 0.0046865, 0.9196, 0
4904.31, 0.885976, 0.00458853, 0.89101, 0
4904.32, 0.855126, 0.00445847, 0.84979, 0
4904.33, 0.815069, 0.00428952, 0.7945, 0
4904.34, 0.762021, 0.00406435, 0.72619, 0
4904.35, 0.695266, 0.00378112, 0.6486, 0
4904.36, 0.618152, 0.00345297, 0.5676, 0
4904.37, 0.538111, 0.00310739, 0.49021, 0
4904.38, 0.462966, 0.00277833, 0.4235, 0
4904.39, 0.40143, 0.00250619, 0.37356, 0
4904.4, 0.36338, 0.00233732, 0.34477, 0
4904.41, 0.35567, 0.00230312, 0.33948, 0
4904.42, 0.380815, 0.00241484, 0.35813, 0
4904.43, 0.434604, 0.00265373, 0.39925, 0.195473
4904.44, 0.50895, 0.00297979, 0.45948, 0
4904.45, 0.593469, 0.00334264, 0.53356, 0.195473
4904.46, 0.677653, 0.00370251, 0.61492, 0.195473
4904.47, 0.752892, 0.00402456, 0.69647, 0.195473
4904.48, 0.813868, 0.00428253, 0.77162, 0.195473
4904.49, 0.861686, 0.00448272, 0.83536, 0.195473
4904.5, 0.898236, 0.00463539, 0.88507, 0.195473
4904.51, 0.923584, 0.00474119, 0.92078, 0.390947
4904.52, 0.939999, 0.0048092, 0.94469, 0.195473
4904.53, 0.950849, 0.00485377, 0.95995, 0.58642
4904.54, 0.959276, 0.00488994, 0.96958, 0.977366
4904.55, 0.96717, 0.00492277, 0.97584, 1.56379
4904.56, 0.974555, 0.00494981, 0.98013, 2.15021
4904.57, 0.978472, 0.00496724, 0.98319, 2.9321
4904.58, 0.98069, 0.00497999, 0.98545, 3.71399
4904.59, 0.986057, 0.00499796, 0.98713, 4.69136
4904.6, 0.990207, 0.00501447, 0.98838, 5.47325
4904.61, 0.991438, 0.00502529, 0.98934, 5.8642
4904.62, 0.994319, 0.00503521, 0.99011, 6.25514
4904.63, 0.997437, 0.00504425, 0.99078, 6.64609
4904.64, 0.998514, 0.00505024, 0.9914, 6.84156
4904.65, 0.998574, 0.00505138, 0.992, 6.64609
4904.66, 0.997746, 0.00504858, 0.9926, 6.45062
4904.67, 0.996189, 0.00504487, 0.99318, 6.05967
4904.68, 0.995923, 0.00504409, 0.99373, 5.47325
4904.69, 0.996014, 0.00504094, 0.99423, 4.69136
4904.7, 0.993886, 0.00502734, 0.99466, 3.71399
4904.71, 0.990836, 0.00501335, 0.99503, 2.9321
4904.72, 0.987682, 0.00500305, 0.99534, 2.34568
4904.73, 0.983859, 0.00499002, 0.9956, 1.56379
4904.74, 0.980006, 0.00497448, 0.99581, 0.977366
4904.75, 0.977027, 0.00496077, 0.996, 0.58642
4904.76, 0.975351, 0.0049542, 0.99616, 0.390947
4904.77, 0.973777, 0.00494748, 0.9963, 0.195473
4904.78, 0.970913, 0.00493321, 0.99643, 0
4904.79, 0.966793, 0.00491722, 0.99654, 0
4904.8, 0.963212, 0.00490436, 0.99664, 0.195473
4904.81, 0.962032, 0.00489653, 0.99673, 0
4904.82, 0.961992, 0.00489235, 0.99681, 0
4904.83, 0.961955, 0.00489115, 0.99689, 0
4904.84, 0.961979, 0.0048943, 0.99702, 0
4904.85, 0.96434, 0.00490648, 1, 0
4904.86, 0.968821, 0.00492481, 1, 0
4904.87, 0.971797, 0.00493754, 1, 0
4904.88, 0.973666, 0.00494639, 1, 0
4904.89, 0.975955, 0.0049567, 1, 0
4904.9, 0.978244, 0.00496702, 1, 0
