wav, obs, sigma_obs, syn, weight
4914.88, 0.98964, 0.00532141, 1, 0
4914.89, 0.986708, 0.0053133, 1, 0
4914.9, 0.983985, 0.00529917, 1, 0
4914.91, 0.983123, 0.00529261, 1, 0
4914.92, 0.984347, 0.00529904, 1, 0
4914.93, 0.985308, 0.00530297, 1, 0
4914.94, 0.986724, 0.00530721, 0.99239, 0.00311992
4914.95, 0.987648, 0.0053119, 0.99404, 0.00467988
4914.96, 0.985484, 0.00530924, 0.99581, 0.00623984
4914.97, 0.986246, 0.00531185, 0.99733, 0.0077998
4914.98, 0.990545, 0.00532545, 0.9984, 0.00935976
4914.99, 0.992721, 0.00534181, 0.99902, 0.00935976
4915, 0.994143, 0.00535124, 0.99929, 0.0109197
4915.01, 0.996515, 0.00535708, 0.99932, 0.0124797
4915.02, 0.999388, 0.00536786, 0.99915, 0.0140396
4915.03, 0.999703, 0.00537495, 0.99883, 0.0155996
4915.04, 0.998103, 0.00537497, 0.99836, 0.0171596
4915.05, 0.997203, 0.00537182, 0.99779, 0.0202795
4915.06, 0.997306, 0.00537201, 0.99723, 0.0233994
4915.07, 0.997623, 0.00537521, 0.99679, 0.0327592
4915.08, 0.99731, 0.00537612, 0.99658, 0.0514787
4915.09, 0.9965, 0.00537002, 0.99664, 0.0889177
4915.1, 0.997305, 0.00537034, 0.99695, 0.162236
4915.11, 0.999402, 0.00538136, 0.99734, 0.293272
4915.12, 0.998316, 0.00538293, 0.9976, 0.506987
4915.13, 0.995205, 0.00537122, 0.9974, 0.822099
4915.14, 0.992067, 0.00535311, 0.99621, 1.25109
4915.15, 0.988725, 0.00533688, 0.99321, 1.78303
4915.16, 0.983136, 0.00531482, 0.98721, 2.39298
4915.17, 0.974031, 0.00527852, 0.97687, 3.03412
4915.18, 0.961247, 0.00522305, 0.9613, 3.66123
4915.19, 0.943851, 0.00514148, 0.94087, 4.22125
4915.2, 0.921471, 0.00503998, 0.91787, 4.67988
4915.21, 0.897373, 0.00493963, 0.89644, 5.01215
4915.22, 0.882719, 0.00487055, 0.88145, 5.20871
4915.23, 0.879404, 0.00484984, 0.87679, 5.26642
4915.24, 0.884663, 0.00488101, 0.88371, 5.18063
4915.25, 0.901152, 0.0049581, 0.90034, 4.95755
4915.26, 0.924459, 0.0050634, 0.92246, 4.60032
4915.27, 0.948107, 0.00517393, 0.94521, 4.11829
4915.28, 0.969746, 0.00526915, 0.96477, 3.54267
4915.29, 0.986237, 0.00533904, 0.97927, 2.90776
4915.3, 0.996499, 0.00538444, 0.9887, 2.26974
4915.31, 1.00296, 0.00541416, 0.99413, 1.67228
4915.32, 1.00603, 0.00542946, 0.99694, 1.15749
4915.33, 1.0069, 0.00543466, 0.99828, 0.750341
4915.34, 1.0075, 0.00543783, 0.99888, 0.455508
4915.35, 1.00496, 0.00543284, 0.99914, 0.262073
4915.36, 1.00284, 0.00542788, 0.99923, 0.145076
4915.37, 1.00754, 0.00543918, 0.99922, 0.0811179
4915.38, 1.00999, 0.00545047, 0.99914, 0.0483587
4915.39, 1.00969, 0.00545548, 0.99901, 0.0343191
4915.4, 1.01177, 0.00545869, 0.99885, 0.0265193
4915.41, 1.01163, 0.00545809, 0.99871, 0.0233994
4915.42, 1.01016, 0.00545865, 0.99862, 0.0202795
4915.43, 1.0102, 0.00546404, 0.99861, 0.0202795
4915.44, 1.00962, 0.00546528, 0.99869, 0.0187195
4915.45, 1.00851, 0.00546158, 0.99883, 0.0171596
4915.46, 1.00789, 0.00545733, 0.999, 0.0140396
4915.47, 1.00764, 0.00545567, 0.99915, 0.0140396
4915.48, 1.00635, 0.00544913, 0.99927, 0.0124797
4915.49, 1.00323, 0.00543398, 0.99934, 0.00935976
4915.5, 0.999237, 0.00541757, 0.99938, 0.0077998
4915.51, 0.997081, 0.00540906, 0.99939, 0.00623984
4915.52, 0.996631, 0.00540756, 0.99939, 0.00311992
4915.53, 0.995523, 0.00540479, 1, 0
4915.54, 0.996298, 0.00540673, 1, 0
4915.55, 0.999252, 0.0054183, 1, 0
4915.56, 1.00233, 0.00543865, 1, 0
4915.57, 1.00539, 0.00546024, 1, 0
4915.58, 1.00846, 0.00548098, 1, 0
