wav, obs, sigma_obs, syn, weight
4921.38, 0.955219, 0.0059525, 1, 0
4921.39, 0.95523, 0.00594752, 1, 0
4921.4, 0.955959, 0.00595541, 1, 0
4921.41, 0.959468, 0.00597291, 1, 0
4921.42, 0.963289, 0.00598834, 1, 0
4921.43, 0.96335, 0.00599316, 0.98058, 0
4921.44, 0.962714, 0.00599691, 0.97974, 0.00542604
4921.45, 0.964173, 0.0060035, 0.97971, 0.00723472
4921.46, 0.967138, 0.0060116, 0.97997, 0.00994774
4921.47, 0.968136, 0.00602005, 0.98031, 0.0126608
4921.48, 0.967779, 0.00603287, 0.98064, 0.0144694
4921.49, 0.967054, 0.00603985, 0.98096, 0.0162781
4921.5, 0.966386, 0.006031, 0.98125, 0.0171825
4921.51, 0.966529, 0.00602716, 0.98153, 0.0198955
4921.52, 0.967721, 0.00603774, 0.98177, 0.0207998
4921.53, 0.969371, 0.00605396, 0.98198, 0.0235128
4921.54, 0.970312, 0.00605857, 0.98213, 0.0262259
4921.55, 0.970252, 0.00605759, 0.98221, 0.0298432
4921.56, 0.971357, 0.00606339, 0.98221, 0.0325562
4921.57, 0.974497, 0.00607741, 0.98211, 0.0370779
4921.58, 0.974685, 0.00608013, 0.98191, 0.0434083
4921.59, 0.97358, 0.0060753, 0.9816, 0.0524517
4921.6, 0.973658, 0.00607426, 0.98119, 0.0678255
4921.61, 0.974154, 0.00607958, 0.98067, 0.09586
4921.62, 0.974235, 0.00608139, 0.97998, 0.149216
4921.63, 0.973361, 0.00607523, 0.97895, 0.248693
4921.64, 0.971083, 0.00606478, 0.97722, 0.413283
4921.65, 0.966919, 0.00605504, 0.97405, 0.667403
4921.66, 0.961508, 0.00603219, 0.96819, 1.01648
4921.67, 0.954488, 0.00598954, 0.95768, 1.45689
4921.68, 0.942827, 0.00592878, 0.94001, 1.96694
4921.69, 0.920552, 0.00582106, 0.91266, 2.51949
4921.7, 0.885432, 0.00564561, 0.87402, 3.08742
4921.71, 0.837687, 0.00539843, 0.8243, 3.6463
4921.72, 0.777554, 0.00509017, 0.76616, 4.16901
4921.73, 0.710888, 0.00474502, 0.70469, 4.62841
4921.74, 0.646616, 0.00440585, 0.64691, 4.99376
4921.75, 0.594951, 0.00413155, 0.60073, 5.24246
4921.76, 0.566244, 0.00397986, 0.57345, 5.35098
4921.77, 0.563906, 0.00396673, 0.56994, 5.30938
4921.78, 0.58669, 0.00408703, 0.59118, 5.11675
4921.79, 0.631528, 0.00433273, 0.63382, 4.78577
4921.8, 0.689367, 0.0046434, 0.69122, 4.33812
4921.81, 0.75246, 0.00497041, 0.75514, 3.81089
4921.82, 0.814897, 0.00528838, 0.81757, 3.24387
4921.83, 0.867689, 0.00556008, 0.87213, 2.67504
4921.84, 0.906917, 0.00577081, 0.91496, 2.13424
4921.85, 0.934214, 0.00592469, 0.9451, 1.64047
4921.86, 0.954353, 0.00603286, 0.96404, 1.20729
4921.87, 0.969249, 0.00610256, 0.97469, 0.845558
4921.88, 0.977691, 0.00614255, 0.98012, 0.560691
4921.89, 0.980324, 0.00616592, 0.98273, 0.355405
4921.9, 0.985246, 0.00618739, 0.98403, 0.21885
4921.91, 0.987318, 0.00619919, 0.98479, 0.13746
4921.92, 0.985601, 0.0062018, 0.98533, 0.0913383
4921.93, 0.989433, 0.00621362, 0.98576, 0.0669211
4921.94, 0.989177, 0.00622048, 0.9861, 0.0524517
4921.95, 0.986269, 0.00621981, 0.98636, 0.0443126
4921.96, 0.987968, 0.00622127, 0.98655, 0.0388866
4921.97, 0.988378, 0.00622627, 0.98667, 0.0334606
4921.98, 0.988743, 0.00623012, 0.98671, 0.0307475
4921.99, 0.990136, 0.00622993, 0.98667, 0.0271302
4922, 0.989507, 0.00622644, 0.98655, 0.0253215
4922.01, 0.986484, 0.00621839, 0.98635, 0.0217042
4922.02, 0.986527, 0.00622278, 0.98608, 0.0198955
4922.03, 0.990293, 0.00623671, 0.98571, 0.0180868
4922.04, 0.9861, 0.00621187, 0.98525, 0.0162781
4922.05, 0.980124, 0.00618585, 0.98467, 0.0153738
4922.06, 0.975516, 0.00616913, 0.98393, 0.0117564
4922.07, 0.967024, 0.00612658, 0.98312, 0.0090434
4922.08, 0.95594, 0.00607448, 0.98242, 0.00542604
4922.09, 0.943168, 0.00601024, 0.98239, 0.00271302
4922.1, 0.926799, 0.0059184, 1, 0
4922.11, 0.903492, 0.0057951, 1, 0
4922.12, 0.878184, 0.00566352, 1, 0
4922.13, 0.853716, 0.00553542, 1, 0
4922.14, 0.829249, 0.00540732, 1, 0
