wav, obs, sigma_obs, syn, weight
4925.05, 0.998874, 0.00753536, 1, 0
4925.06, 0.999505, 0.00753749, 1, 0
4925.07, 1.0001, 0.00753901, 1, 0
4925.08, 1.00047, 0.00753792, 1, 0
4925.09, 0.999789, 0.00753012, 1, 0
4925.1, 0.998102, 0.00751667, 1, 0
4925.11, 0.998072, 0.00751329, 1, 0
4925.12, 0.999291, 0.00751742, 0.99602, 0.0049389
4925.13, 0.997415, 0.00750322, 0.99564, 0.0065852
4925.14, 0.993656, 0.00747737, 0.9953, 0.0082315
4925.15, 0.991882, 0.00746232, 0.99479, 0.0082315
4925.16, 0.990499, 0.00744917, 0.99383, 0.0115241
4925.17, 0.987152, 0.00742481, 0.99206, 0.0115241
4925.18, 0.981745, 0.00738942, 0.989, 0.0131704
4925.19, 0.974188, 0.00734137, 0.98413, 0.0131704
4925.2, 0.964101, 0.00727548, 0.97698, 0.0148167
4925.21, 0.951892, 0.00719443, 0.96736, 0.0148167
4925.22, 0.93844, 0.00710567, 0.95547, 0.0181093
4925.23, 0.924612, 0.00701668, 0.94198, 0.0230482
4925.24, 0.911544, 0.00693469, 0.92796, 0.032926
4925.25, 0.900922, 0.00686643, 0.91472, 0.0526816
4925.26, 0.893877, 0.0068185, 0.9035, 0.0938391
4925.27, 0.890784, 0.00679647, 0.8953, 0.169569
4925.28, 0.891166, 0.00679676, 0.89066, 0.301273
4925.29, 0.894366, 0.00681338, 0.88968, 0.505414
4925.3, 0.900754, 0.0068503, 0.89197, 0.803395
4925.31, 0.909626, 0.00690402, 0.89671, 1.2018
4925.32, 0.917776, 0.0069524, 0.9028, 1.69404
4925.33, 0.923155, 0.0069826, 0.909, 2.25872
4925.34, 0.92521, 0.0069931, 0.91422, 2.86127
4925.35, 0.92433, 0.00698513, 0.91772, 3.45558
4925.36, 0.921568, 0.00696363, 0.91933, 4.00051
4925.37, 0.918816, 0.00694271, 0.91939, 4.45818
4925.38, 0.916755, 0.00692805, 0.91866, 4.8039
4925.39, 0.913815, 0.00690818, 0.91806, 5.02122
4925.4, 0.911313, 0.00688925, 0.91841, 5.10353
4925.41, 0.912708, 0.00689165, 0.92023, 5.0492
4925.42, 0.917503, 0.0069179, 0.92352, 4.85988
4925.43, 0.923933, 0.00696142, 0.92766, 4.53885
4925.44, 0.931727, 0.00701173, 0.93132, 4.10423
4925.45, 0.938405, 0.00704908, 0.93252, 3.57412
4925.46, 0.938001, 0.00704256, 0.92891, 2.98639
4925.47, 0.930126, 0.00699126, 0.91827, 2.38384
4925.48, 0.91788, 0.00691228, 0.89912, 1.80599
4925.49, 0.897669, 0.00678537, 0.87118, 1.29564
4925.5, 0.86614, 0.0065914, 0.83561, 0.875832
4925.51, 0.827925, 0.00635518, 0.79492, 0.559742
4925.52, 0.788488, 0.00610888, 0.75259, 0.334199
4925.53, 0.752364, 0.00588296, 0.71262, 0.190971
4925.54, 0.722087, 0.00569324, 0.67895, 0.10701
4925.55, 0.699029, 0.00554703, 0.65496, 0.0625594
4925.56, 0.685482, 0.00546012, 0.64302, 0.0444501
4925.57, 0.68314, 0.00544396, 0.64412, 0.0411575
4925.58, 0.691409, 0.00549217, 0.65785, 0.0477427
4925.59, 0.708797, 0.00559564, 0.68248, 0.0609131
4925.6, 0.733134, 0.00574471, 0.71533, 0.0790224
4925.61, 0.762118, 0.00592348, 0.75316, 0.0971317
4925.62, 0.793491, 0.00611414, 0.79262, 0.118534
4925.63, 0.825476, 0.00630764, 0.8307, 0.134997
4925.64, 0.855904, 0.00649264, 0.865, 0.146521
4925.65, 0.881571, 0.00664793, 0.89408, 0.15146
4925.66, 0.901801, 0.00676822, 0.91756, 0.148167
4925.67, 0.918625, 0.006866, 0.93609, 0.131704
4925.68, 0.932748, 0.00694779, 0.95097, 0.103717
4925.69, 0.944334, 0.00701682, 1, 0
4925.7, 0.954542, 0.00707761, 1, 0
4925.71, 0.964294, 0.00713377, 1, 0
4925.72, 0.973592, 0.00718658, 1, 0
4925.73, 0.982536, 0.00723737, 1, 0
4925.74, 0.99151, 0.00728833, 1, 0
4925.75, 1.00052, 0.00733947, 1, 0
