wav, obs, sigma_obs, syn, weight
4925.8, 0.994513, 0.00726608, 1, 0
4925.81, 0.99506, 0.00726644, 1, 0
4925.82, 0.995748, 0.0072672, 1, 0
4925.83, 0.996836, 0.0072694, 1, 0
4925.84, 0.998361, 0.0072748, 1, 0
4925.85, 0.999613, 0.00728018, 1, 0
4925.86, 0.998528, 0.00727189, 1, 0
4925.87, 0.996221, 0.00725549, 0.99859, 0.00353859
4925.88, 0.996701, 0.00725456, 0.99851, 0.00530788
4925.89, 0.998564, 0.0072623, 0.9985, 0.00530788
4925.9, 0.998567, 0.00726089, 0.99852, 0.00707718
4925.91, 0.997518, 0.00725274, 0.99855, 0.00884647
4925.92, 0.996375, 0.00724218, 0.99858, 0.0106158
4925.93, 0.994634, 0.00722819, 0.99861, 0.00884647
4925.94, 0.992594, 0.0072122, 0.99863, 0.0106158
4925.95, 0.991393, 0.00719898, 0.99865, 0.0123851
4925.96, 0.992015, 0.00719772, 0.99866, 0.0141544
4925.97, 0.994552, 0.00721224, 0.99867, 0.0176929
4925.98, 0.996489, 0.007223, 0.99866, 0.0230008
4925.99, 0.996323, 0.00721895, 0.99862, 0.0336166
4926, 0.994958, 0.00720932, 0.99851, 0.0583867
4926.01, 0.993785, 0.00720101, 0.99824, 0.106158
4926.02, 0.994098, 0.00719704, 0.99764, 0.196392
4926.03, 0.995272, 0.00719614, 0.99643, 0.348551
4926.04, 0.99572, 0.00719332, 0.99419, 0.580328
4926.05, 0.993218, 0.0071778, 0.99041, 0.914725
4926.06, 0.986693, 0.00714158, 0.98458, 1.35174
4926.07, 0.976807, 0.00708262, 0.97635, 1.88076
4926.08, 0.965357, 0.00701114, 0.9657, 2.47878
4926.09, 0.953984, 0.00693974, 0.9531, 3.0998
4926.1, 0.940279, 0.00685411, 0.93945, 3.69959
4926.11, 0.923628, 0.00675022, 0.92599, 4.23569
4926.12, 0.91019, 0.00666543, 0.91408, 4.67271
4926.13, 0.902459, 0.00661524, 0.90493, 4.98764
4926.14, 0.898155, 0.00658654, 0.89944, 5.16811
4926.15, 0.898041, 0.00658446, 0.89813, 5.21057
4926.16, 0.903468, 0.00661707, 0.90115, 5.11326
4926.17, 0.910843, 0.00666013, 0.90819, 4.87971
4926.18, 0.918102, 0.00669995, 0.91857, 4.51347
4926.19, 0.928324, 0.00675741, 0.93125, 4.03399
4926.2, 0.942113, 0.00683697, 0.94495, 3.46782
4926.21, 0.957167, 0.00692403, 0.95832, 2.8521
4926.22, 0.970681, 0.00700217, 0.97023, 2.23816
4926.23, 0.980557, 0.00705892, 0.97993, 1.66314
4926.24, 0.987648, 0.00709671, 0.98718, 1.16596
4926.25, 0.992686, 0.00712007, 0.99212, 0.769643
4926.26, 0.99532, 0.00713209, 0.9952, 0.477709
4926.27, 0.99624, 0.00713679, 0.99694, 0.277779
4926.28, 0.996898, 0.00713893, 0.9978, 0.153929
4926.29, 0.998022, 0.0071429, 0.99815, 0.0813875
4926.3, 0.999707, 0.00715029, 0.99818, 0.0424631
4926.31, 1.00109, 0.00715557, 0.99801, 0.0247701
4926.32, 1.00105, 0.00715224, 0.99768, 0.0159236
4926.33, 0.998632, 0.00713581, 0.99721, 0.0106158
4926.34, 0.996387, 0.00712133, 0.9966, 0.00884647
4926.35, 0.997677, 0.00712778, 0.99588, 0.00884647
4926.36, 0.998835, 0.00713218, 0.9951, 0.00884647
4926.37, 0.997333, 0.00711918, 0.99432, 0.00707718
4926.38, 0.99775, 0.00711757, 0.9936, 0.00530788
4926.39, 1.00034, 0.0071297, 0.99302, 0.00707718
4926.4, 1.00032, 0.00712674, 0.99264, 0.00707718
4926.41, 0.998596, 0.00711403, 0.99253, 0.00530788
4926.42, 0.998265, 0.00710997, 0.99275, 0.00530788
4926.43, 0.998621, 0.00710993, 0.99337, 0.00353859
4926.44, 0.998648, 0.00710764, 1, 0
4926.45, 0.998484, 0.00710416, 1, 0
4926.46, 0.998498, 0.00710137, 1, 0
4926.47, 0.999086, 0.00710105, 1, 0
4926.48, 1.00012, 0.00710338, 1, 0
4926.49, 1.00129, 0.00710775, 1, 0
4926.5, 1.0025, 0.00711274, 1, 0
