wav, obs, sigma_obs, syn, weight
4927.96, 0.934385, 0.00637147, 1, 0
4927.97, 0.953654, 0.00647955, 1, 0
4927.98, 0.970021, 0.00657072, 1, 0
4927.99, 0.98145, 0.00663297, 1, 0
4928, 0.987141, 0.00666132, 1, 0
4928.01, 0.990339, 0.00667394, 1, 0
4928.02, 0.995474, 0.00669665, 1, 0
4928.03, 0.999435, 0.00671623, 0.99677, 0.00805041
4928.04, 0.999682, 0.00671973, 0.99643, 0.0109778
4928.05, 0.999921, 0.00672091, 0.99617, 0.0124415
4928.06, 1.00142, 0.00672573, 0.99597, 0.0146371
4928.07, 1.00228, 0.00672873, 0.99587, 0.0161008
4928.08, 1.00203, 0.00672532, 0.99588, 0.0175645
4928.09, 1.00102, 0.00671453, 0.99602, 0.0190282
4928.1, 0.999807, 0.00670505, 0.99628, 0.0212238
4928.11, 0.99837, 0.00669852, 0.99661, 0.0234194
4928.12, 0.9958, 0.00668355, 0.99699, 0.0256149
4928.13, 0.992197, 0.00665856, 0.99732, 0.0292742
4928.14, 0.988481, 0.00663083, 0.99755, 0.0336654
4928.15, 0.985745, 0.0066122, 0.99758, 0.0395202
4928.16, 0.984359, 0.00660668, 0.99728, 0.0497662
4928.17, 0.982934, 0.00659733, 0.99647, 0.065867
4928.18, 0.980658, 0.00657875, 0.99491, 0.0958731
4928.19, 0.97766, 0.00656006, 0.99225, 0.149299
4928.2, 0.97449, 0.00654181, 0.98809, 0.240049
4928.21, 0.971449, 0.00652035, 0.98201, 0.385688
4928.22, 0.967248, 0.00649385, 0.9735, 0.601585
4928.23, 0.960293, 0.00645613, 0.96197, 0.895791
4928.24, 0.949084, 0.00639383, 0.94672, 1.27123
4928.25, 0.932423, 0.0062989, 0.927, 1.7184
4928.26, 0.909319, 0.00616753, 0.90231, 2.22191
4928.27, 0.878734, 0.00599483, 0.87272, 2.76276
4928.28, 0.841489, 0.00578582, 0.83929, 3.31604
4928.29, 0.80282, 0.00556975, 0.80411, 3.85322
4928.3, 0.766871, 0.00536868, 0.77022, 4.3443
4928.31, 0.736082, 0.00519442, 0.74115, 4.7556
4928.32, 0.714875, 0.00507367, 0.72037, 5.06005
4928.33, 0.707249, 0.005031, 0.71064, 5.23423
4928.34, 0.711717, 0.00505388, 0.71352, 5.26717
4928.35, 0.727267, 0.00513522, 0.72902, 5.15519
4928.36, 0.755343, 0.00528829, 0.75554, 4.90782
4928.37, 0.792221, 0.00549278, 0.79013, 4.54263
4928.38, 0.830864, 0.00570629, 0.82897, 4.08595
4928.39, 0.869, 0.00591616, 0.86809, 3.56633
4928.4, 0.904938, 0.00611348, 0.904, 3.01671
4928.41, 0.93436, 0.00627333, 0.93422, 2.46709
4928.42, 0.955963, 0.00638922, 0.95756, 1.94234
4928.43, 0.972038, 0.00647633, 0.97413, 1.46518
4928.44, 0.9829, 0.0065346, 0.9849, 1.05387
4928.45, 0.988501, 0.00656106, 0.99135, 0.720878
4928.46, 0.991675, 0.00657367, 0.99491, 0.470583
4928.47, 0.994245, 0.00658493, 0.99676, 0.296402
4928.48, 0.995409, 0.00659084, 0.99769, 0.183696
4928.49, 0.996099, 0.00659449, 0.99816, 0.116365
4928.5, 0.998254, 0.00660354, 0.99842, 0.0783086
4928.51, 1.0009, 0.00661394, 0.9986, 0.0578166
4928.52, 1.00276, 0.00662095, 0.99873, 0.0453751
4928.53, 1.00425, 0.00662805, 0.99885, 0.0380565
4928.54, 1.00551, 0.00663477, 0.99895, 0.0329335
4928.55, 1.00619, 0.00663581, 0.99904, 0.0292742
4928.56, 1.00655, 0.00663361, 0.99912, 0.0256149
4928.57, 1.00692, 0.00663277, 0.99919, 0.0226875
4928.58, 1.00672, 0.00663051, 0.99925, 0.020492
4928.59, 1.00587, 0.00662504, 0.9993, 0.0197601
4928.6, 1.00532, 0.00661853, 0.99935, 0.0175645
4928.61, 1.00439, 0.00660882, 0.99938, 0.015369
4928.62, 1.00177, 0.00659272, 0.99942, 0.0146371
4928.63, 0.999631, 0.00658091, 0.99944, 0.0124415
4928.64, 0.999934, 0.00658156, 0.99947, 0.010246
4928.65, 1.00119, 0.00658597, 0.99951, 0.00805041
4928.66, 1.00235, 0.00658928, 1, 0
4928.67, 1.00339, 0.00659306, 1, 0
4928.68, 1.00407, 0.00659521, 1, 0
4928.69, 1.00418, 0.00659302, 1, 0
4928.7, 1.00407, 0.00658917, 1, 0
4928.71, 1.00407, 0.00658621, 1, 0
4928.72, 1.00408, 0.00658326, 1, 0
