wav, obs, sigma_obs, syn, weight
4964.37, 1.00698, 0.00762999, 1, 0
4964.38, 1.00642, 0.00762447, 1, 0
4964.39, 1.006, 0.00761988, 1, 0
4964.4, 1.00423, 0.00760632, 1, 0
4964.41, 1.0007, 0.00758233, 1, 0
4964.42, 0.995933, 0.00755313, 1, 0
4964.43, 0.990953, 0.00752137, 1, 0
4964.44, 0.986704, 0.00748804, 0.99678, 0.134216
4964.45, 0.982146, 0.00745494, 0.99619, 0.17564
4964.46, 0.977138, 0.00742701, 0.9957, 0.207123
4964.47, 0.975233, 0.00741599, 0.99535, 0.227006
4964.48, 0.976708, 0.00742079, 0.99515, 0.236948
4964.49, 0.97725, 0.00742395, 0.99511, 0.240262
4964.5, 0.977612, 0.00742838, 0.9952, 0.231977
4964.51, 0.981281, 0.00744786, 0.99537, 0.218722
4964.52, 0.986077, 0.00747303, 0.99558, 0.200495
4964.53, 0.989145, 0.00749145, 0.99578, 0.178954
4964.54, 0.991472, 0.00750547, 0.99594, 0.157413
4964.55, 0.994313, 0.00752038, 0.99608, 0.135872
4964.56, 0.99823, 0.00754138, 0.99617, 0.124274
4964.57, 1.00201, 0.00756279, 0.99624, 0.132559
4964.58, 1.00358, 0.00757278, 0.99625, 0.170669
4964.59, 1.00377, 0.00757326, 0.99609, 0.255175
4964.6, 1.00378, 0.00756915, 0.99555, 0.404303
4964.61, 1.00235, 0.00755737, 0.9943, 0.637938
4964.62, 0.998647, 0.00753499, 0.99184, 0.967677
4964.63, 0.993295, 0.00750158, 0.98761, 1.39186
4964.64, 0.985698, 0.00745223, 0.98111, 1.90221
4964.65, 0.974497, 0.00738029, 0.97208, 2.46725
4964.66, 0.961173, 0.00729553, 0.96071, 3.04885
4964.67, 0.947985, 0.0072117, 0.94769, 3.60559
4964.68, 0.935471, 0.00713101, 0.93422, 4.09772
4964.69, 0.923985, 0.00705589, 0.92184, 4.49539
4964.7, 0.914254, 0.00699373, 0.91211, 4.78039
4964.71, 0.908, 0.00695492, 0.90632, 4.9378
4964.72, 0.907417, 0.00695, 0.90527, 4.96432
4964.73, 0.911312, 0.00697221, 0.90909, 4.85827
4964.74, 0.917525, 0.00700959, 0.91723, 4.62464
4964.75, 0.926583, 0.00706287, 0.92857, 4.27004
4964.76, 0.938222, 0.00713072, 0.9416, 3.81106
4964.77, 0.949533, 0.00720225, 0.95471, 3.2742
4964.78, 0.960338, 0.00727512, 0.96643, 2.69922
4964.79, 0.972911, 0.00735407, 0.97558, 2.12094
4964.8, 0.983915, 0.00741977, 0.98126, 1.58573
4964.81, 0.988327, 0.00744622, 0.98267, 1.12178
4964.82, 0.986934, 0.00743442, 0.97881, 0.750613
4964.83, 0.980418, 0.00738666, 0.96844, 0.473897
4964.84, 0.966043, 0.00729283, 0.95019, 0.283344
4964.85, 0.942133, 0.00714395, 0.923, 0.162384
4964.86, 0.908827, 0.00693548, 0.88672, 0.091134
4964.87, 0.86805, 0.00667817, 0.8426, 0.0513664
4964.88, 0.822761, 0.0063916, 0.79346, 0.0298257
4964.89, 0.776159, 0.00609603, 0.74356, 0.0182268
4964.9, 0.732759, 0.00581978, 0.69814, 0.0132559
4964.91, 0.699793, 0.00560837, 0.66259, 0.00828491
4964.92, 0.680872, 0.00548567, 0.6415, 0.00662793
4964.93, 0.674908, 0.00544696, 0.63777, 0.00497094
4964.94, 0.680966, 0.0054849, 0.65187, 0.00331396
4964.95, 0.698435, 0.00559258, 0.68183, 0.00165698
4964.96, 0.727, 0.00576851, 0.72359, 0.00165698
4964.97, 0.765161, 0.00600472, 0.77198, 0.00165698
4964.98, 0.808305, 0.0062732, 0.82162, 0.00165698
4964.99, 0.851479, 0.0065416, 0.86788, 0.00165698
4965, 0.890129, 0.00677784, 0.90749, 0
4965.01, 0.922577, 0.00697326, 1, 0
4965.02, 0.94875, 0.00713201, 1, 0
4965.03, 0.966989, 0.00724298, 1, 0
4965.04, 0.976686, 0.00730047, 1, 0
4965.05, 0.981403, 0.00732671, 1, 0
4965.06, 0.984188, 0.0073409, 1, 0
4965.07, 0.986859, 0.00735437, 1, 0
