wav, obs, sigma_obs, syn, weight
4981.07, 1.00011, 0.00503509, 1, 0
4981.08, 0.998605, 0.00502837, 1, 0
4981.09, 0.997007, 0.00501894, 1, 0
4981.1, 0.994857, 0.00500785, 1, 0
4981.11, 0.992155, 0.00499781, 1, 0
4981.12, 0.990799, 0.00499142, 1, 0
4981.13, 0.990755, 0.00498827, 0.99253, 0.0459408
4981.14, 0.990094, 0.00498563, 0.99227, 0.0695868
4981.15, 0.989744, 0.00498518, 0.99225, 0.091206
4981.16, 0.990833, 0.00498925, 0.99225, 0.108096
4981.17, 0.992739, 0.00499777, 0.99215, 0.119581
4981.18, 0.994565, 0.00500608, 0.99191, 0.127688
4981.19, 0.995552, 0.00500852, 0.99147, 0.13512
4981.2, 0.995636, 0.00500721, 0.99079, 0.142552
4981.21, 0.994469, 0.00500206, 0.98984, 0.154712
4981.22, 0.991306, 0.00498865, 0.98858, 0.171602
4981.23, 0.986804, 0.00496946, 0.98699, 0.199978
4981.24, 0.981922, 0.00494898, 0.98506, 0.244567
4981.25, 0.976755, 0.0049284, 0.9827, 0.3101
4981.26, 0.971937, 0.00490794, 0.97972, 0.399955
4981.27, 0.968398, 0.00488846, 0.97584, 0.515483
4981.28, 0.965697, 0.00487549, 0.97077, 0.65263
4981.29, 0.963122, 0.0048689, 0.96436, 0.80464
4981.3, 0.960206, 0.00485817, 0.95674, 0.958001
4981.31, 0.956688, 0.00484188, 0.94837, 1.10393
4981.32, 0.952631, 0.00482415, 0.94002, 1.23162
4981.33, 0.948753, 0.00480817, 0.93262, 1.33499
4981.34, 0.945523, 0.004795, 0.92708, 1.40998
4981.35, 0.94324, 0.00478493, 0.92413, 1.45524
4981.36, 0.943623, 0.00478629, 0.92418, 1.47078
4981.37, 0.947654, 0.00480273, 0.92725, 1.45592
4981.38, 0.95377, 0.00482328, 0.93292, 1.412
4981.39, 0.959642, 0.00484178, 0.94044, 1.34039
4981.4, 0.963479, 0.00485775, 0.94878, 1.24513
4981.41, 0.96676, 0.0048747, 0.95688, 1.13298
4981.42, 0.969304, 0.00488787, 0.96384, 1.01543
4981.43, 0.968352, 0.00488357, 0.96911, 0.903277
4981.44, 0.965355, 0.00487049, 0.97252, 0.806667
4981.45, 0.962785, 0.00486083, 0.97422, 0.735729
4981.46, 0.960654, 0.00484993, 0.97455, 0.694517
4981.47, 0.958313, 0.00483711, 0.97386, 0.681681
4981.48, 0.955342, 0.00482678, 0.97247, 0.696544
4981.49, 0.953561, 0.00482113, 0.97055, 0.734377
4981.5, 0.953553, 0.00481905, 0.96818, 0.790452
4981.51, 0.953044, 0.00481535, 0.96536, 0.864093
4981.52, 0.950469, 0.00480477, 0.96202, 0.953947
4981.53, 0.945572, 0.00478533, 0.958, 1.06204
4981.54, 0.940258, 0.00476381, 0.95312, 1.19379
4981.55, 0.934636, 0.00473968, 0.94705, 1.3539
4981.56, 0.926691, 0.00470424, 0.93931, 1.54577
4981.57, 0.915037, 0.00465403, 0.92912, 1.77142
4981.58, 0.899781, 0.00459049, 0.91521, 2.01734
4981.59, 0.882936, 0.00451929, 0.89571, 2.26596
4981.6, 0.862178, 0.00443206, 0.86826, 2.49161
4981.61, 0.833822, 0.00431541, 0.83063, 2.67605
4981.62, 0.799973, 0.00417223, 0.78156, 2.80779
4981.63, 0.759436, 0.00399764, 0.72139, 2.88414
4981.64, 0.706581, 0.003776, 0.65212, 2.90981
4981.65, 0.643289, 0.00351165, 0.57693, 2.88887
4981.66, 0.572444, 0.00321054, 0.49959, 2.82536
4981.67, 0.49224, 0.00286458, 0.42411, 2.72267
4981.68, 0.40761, 0.00249445, 0.3545, 2.58755
4981.69, 0.3283, 0.00214077, 0.29442, 2.42676
4981.7, 0.259871, 0.00182647, 0.24667, 2.25583
4981.71, 0.205864, 0.0015681, 0.2126, 2.09909
4981.72, 0.168763, 0.00138178, 0.19217, 1.98424
4981.73, 0.152495, 0.0012973, 0.18469, 1.9383
4981.74, 0.159624, 0.0013353, 0.18971, 1.97275
4981.75, 0.187314, 0.00147521, 0.20759, 2.0795
4981.76, 0.234867, 0.00170488, 0.23911, 2.23556
4981.77, 0.30309, 0.00202131, 0.28458, 2.41054
4981.78, 0.386543, 0.00239792, 0.34297, 2.58079
4981.79, 0.477347, 0.0027985, 0.41173, 2.72605
4981.8, 0.56703, 0.00318459, 0.48721, 2.83887
4981.81, 0.648573, 0.00352967, 0.5653, 2.91251
4981.82, 0.71735, 0.00381924, 0.64184, 2.94359
4981.83, 0.773331, 0.00405394, 0.71288, 2.92873
4981.84, 0.81702, 0.00423667, 0.77501, 2.86184
4981.85, 0.849269, 0.00437191, 0.82591, 2.74023
4981.86, 0.875032, 0.00447682, 0.86492, 2.56255
4981.87, 0.897151, 0.00456314, 0.89307, 2.34028
4981.88, 0.912109, 0.00462476, 0.91261, 2.09031
4981.89, 0.921963, 0.00466966, 0.92607, 1.83628
4981.9, 0.931474, 0.00471143, 0.93558, 1.59982
4981.91, 0.939896, 0.00474512, 0.94262, 1.39444
4981.92, 0.945945, 0.00476726, 0.94808, 1.22351
4981.93, 0.949437, 0.0047814, 0.95247, 1.08299
4981.94, 0.951984, 0.00479275, 0.95608, 0.966784
4981.95, 0.954111, 0.00480136, 0.95907, 0.869497
4981.96, 0.952687, 0.00479597, 0.96156, 0.786399
4981.97, 0.94856, 0.00478042, 0.96364, 0.714785
4981.98, 0.945137, 0.00476734, 0.96536, 0.653305
4981.99, 0.942242, 0.00475336, 0.96675, 0.598582
4982, 0.939294, 0.00473731, 0.96783, 0.550614
4982.01, 0.936663, 0.00472657, 0.96854, 0.508051
4982.02, 0.936508, 0.00472724, 0.96876, 0.468867
4982.03, 0.939645, 0.00473898, 0.96825, 0.434411
4982.04, 0.941794, 0.00474859, 0.96667, 0.402658
4982.05, 0.94299, 0.00475569, 0.9636, 0.373607
4982.06, 0.946336, 0.00476836, 0.95871, 0.346583
4982.07, 0.948828, 0.00477469, 0.95191, 0.321586
4982.08, 0.947637, 0.00476685, 0.94354, 0.299291
4982.09, 0.943215, 0.0047518, 0.93438, 0.279023
4982.1, 0.938177, 0.00473258, 0.92549, 0.260106
4982.11, 0.934585, 0.00471086, 0.91805, 0.243216
4982.12, 0.930305, 0.00469222, 0.913, 0.229028
4982.13, 0.926526, 0.0046823, 0.91098, 0.215516
4982.14, 0.927459, 0.00468585, 0.91218, 0.203356
4982.15, 0.932717, 0.00470591, 0.91636, 0.193897
4982.16, 0.94034, 0.00473872, 0.92287, 0.184439
4982.17, 0.948374, 0.00477077, 0.93071, 0.177007
4982.18, 0.955096, 0.00479624, 0.93871, 0.170251
4982.19, 0.959535, 0.00481496, 0.94578, 0.164171
4982.2, 0.962606, 0.00482808, 0.95113, 0.15809
4982.21, 0.964958, 0.00483665, 0.95443, 0.152686
4982.22, 0.966447, 0.00484104, 0.95577, 0.147281
4982.23, 0.966139, 0.00483927, 0.95547, 0.141876
4982.24, 0.963858, 0.00483101, 0.95395, 0.135796
4982.25, 0.961226, 0.00482027, 0.95152, 0.130391
4982.26, 0.958328, 0.00480767, 0.94839, 0.12431
4982.27, 0.954384, 0.00479139, 0.94464, 0.118906
4982.28, 0.949576, 0.0047702, 0.94024, 0.11215
4982.29, 0.943367, 0.00474244, 0.9351, 0.104718
4982.3, 0.934593, 0.00470693, 0.92941, 0.0932328
4982.31, 0.925026, 0.00466963, 0.92365, 0.077694
4982.32, 0.916188, 0.00463407, 0.91928, 0.0587772
4982.33, 0.906765, 0.00459377, 0.91894, 0.0385092
4982.34, 0.896787, 0.00455079, 1, 0
4982.35, 0.886827, 0.00451015, 1, 0
4982.36, 0.874952, 0.00446148, 1, 0
4982.37, 0.860644, 0.00440121, 1, 0
4982.38, 0.846484, 0.00434164, 1, 0
4982.39, 0.8325, 0.00428292, 1, 0
