wav, obs, sigma_obs, syn, weight
4988.77, 0.997906, 0.00489174, 1, 0
4988.78, 0.994721, 0.00488449, 1, 0
4988.79, 0.992388, 0.00487356, 1, 0
4988.8, 0.98956, 0.00485779, 1, 0
4988.81, 0.984045, 0.00483754, 1, 0
4988.82, 0.977055, 0.00481169, 1, 0
4988.83, 0.967294, 0.00477205, 0.97553, 0.00455125
4988.84, 0.950761, 0.00470575, 0.96402, 0.00758541
4988.85, 0.927759, 0.00461222, 0.94519, 0.00910249
4988.86, 0.897634, 0.00448878, 0.91581, 0.0106196
4988.87, 0.856746, 0.00432415, 0.87341, 0.0106196
4988.88, 0.802784, 0.00410434, 0.8173, 0.00986104
4988.89, 0.735282, 0.00382441, 0.74933, 0.00834395
4988.9, 0.656292, 0.00349742, 0.67386, 0.00834395
4988.91, 0.571594, 0.00314473, 0.59722, 0.00758541
4988.92, 0.489749, 0.00279879, 0.52674, 0.00758541
4988.93, 0.421363, 0.00250822, 0.46979, 0.00682687
4988.94, 0.376126, 0.00231458, 0.43271, 0.00910249
4988.95, 0.361982, 0.00225156, 0.41981, 0.0121367
4988.96, 0.383689, 0.00234525, 0.43261, 0.0189635
4988.97, 0.438043, 0.00258108, 0.46956, 0.0318587
4988.98, 0.515087, 0.00291018, 0.52632, 0.0568906
4988.99, 0.602633, 0.00327791, 0.5965, 0.10392
4989, 0.689326, 0.00363681, 0.67258, 0.189635
4989.01, 0.765742, 0.00395075, 0.74692, 0.330724
4989.02, 0.825327, 0.00419684, 0.8126, 0.546908
4989.03, 0.866429, 0.0043677, 0.86409, 0.850325
4989.04, 0.892069, 0.00447029, 0.89779, 1.24249
4989.05, 0.901582, 0.00450704, 0.9121, 1.71279
4989.06, 0.893861, 0.00447743, 0.90723, 2.24528
4989.07, 0.869665, 0.00438042, 0.88482, 2.81495
4989.08, 0.830523, 0.0042204, 0.84793, 3.39068
4989.09, 0.779277, 0.00400929, 0.80106, 3.94214
4989.1, 0.72122, 0.00377004, 0.75021, 4.43291
4989.11, 0.665662, 0.00354063, 0.70254, 4.83039
4989.12, 0.624113, 0.00336802, 0.66544, 5.11029
4989.13, 0.607452, 0.003299, 0.64515, 5.25441
4989.14, 0.620488, 0.00335397, 0.64534, 5.25517
4989.15, 0.660868, 0.00352244, 0.66613, 5.11257
4989.16, 0.717715, 0.00375902, 0.70407, 4.8357
4989.17, 0.781307, 0.00402173, 0.75319, 4.43974
4989.18, 0.844034, 0.00427729, 0.8065, 3.95048
4989.19, 0.895704, 0.004487, 0.85754, 3.4013
4989.2, 0.932981, 0.00463937, 0.90149, 2.82632
4989.21, 0.960529, 0.0047529, 0.93577, 2.25969
4989.22, 0.977867, 0.00482448, 0.96004, 1.73023
4989.23, 0.986463, 0.00486003, 0.97562, 1.26145
4989.24, 0.992678, 0.00488656, 0.98469, 0.872322
4989.25, 0.99719, 0.00490339, 0.98947, 0.571182
4989.26, 0.998462, 0.00490421, 0.99178, 0.356514
4989.27, 0.996129, 0.00489612, 0.99282, 0.216184
4989.28, 0.99326, 0.00488842, 0.99334, 0.132745
4989.29, 0.992336, 0.00488556, 0.99372, 0.0864737
4989.3, 0.990711, 0.00488101, 0.99415, 0.0614418
4989.31, 0.989987, 0.00488102, 0.99466, 0.0493052
4989.32, 0.992945, 0.00489365, 0.99522, 0.0417198
4989.33, 0.996173, 0.0049049, 0.99575, 0.0371685
4989.34, 0.998301, 0.00491186, 0.99615, 0.0341344
4989.35, 1.00041, 0.00492126, 0.9963, 0.0318587
4989.36, 1.0028, 0.00492894, 0.99613, 0.0295831
4989.37, 1.00436, 0.00493271, 0.99563, 0.028066
4989.38, 1.00346, 0.0049339, 0.99484, 0.0265489
4989.39, 1.00187, 0.00492856, 0.99389, 0.0250319
4989.4, 1.00002, 0.00491718, 0.99297, 0.0242733
4989.41, 0.995992, 0.00490599, 0.99225, 0.0227562
4989.42, 0.991609, 0.00489028, 0.99189, 0.0212392
4989.43, 0.987544, 0.00486661, 0.99197, 0.018205
4989.44, 0.981184, 0.0048405, 0.99248, 0.0136537
4989.45, 0.975191, 0.00482101, 0.99335, 0.00910249
4989.46, 0.972465, 0.00481277, 1, 0
4989.47, 0.971497, 0.00480975, 1, 0
4989.48, 0.971346, 0.00480845, 1, 0
4989.49, 0.971672, 0.00480778, 1, 0
4989.5, 0.972052, 0.00480718, 1, 0
4989.51, 0.972385, 0.00480653, 1, 0
