wav, obs, sigma_obs, syn, weight
4990.45, 0.779884, 0.00403984, 1, 0
4990.46, 0.792245, 0.00409117, 1, 0
4990.47, 0.821397, 0.00420729, 1, 0
4990.48, 0.859531, 0.00436402, 1, 0
4990.49, 0.896477, 0.00452149, 1, 0
4990.5, 0.927392, 0.00465061, 1, 0
4990.51, 0.949736, 0.00474181, 0.99487, 0.0547833
4990.52, 0.964114, 0.00480131, 0.99487, 0.0839422
4990.53, 0.974503, 0.00484633, 0.9948, 0.11045
4990.54, 0.981775, 0.00487625, 0.99467, 0.130773
4990.55, 0.98568, 0.00488919, 0.99447, 0.144027
4990.56, 0.986903, 0.00489625, 0.99422, 0.152863
4990.57, 0.987148, 0.00490246, 0.99393, 0.159932
4990.58, 0.988393, 0.00490889, 0.99362, 0.167001
4990.59, 0.9918, 0.00491649, 0.99331, 0.17407
4990.6, 0.994711, 0.00492425, 0.993, 0.181138
4990.61, 0.994583, 0.00493037, 0.99271, 0.189974
4990.62, 0.994778, 0.0049344, 0.99244, 0.19881
4990.63, 0.995953, 0.00493742, 0.99219, 0.207646
4990.64, 0.997021, 0.00494151, 0.99195, 0.219133
4990.65, 0.99925, 0.00494827, 0.99171, 0.229736
4990.66, 1.00039, 0.00495202, 0.99145, 0.242107
4990.67, 0.99747, 0.0049465, 0.99114, 0.255361
4990.68, 0.996201, 0.00494395, 0.99079, 0.268615
4990.69, 0.99752, 0.00494608, 0.99038, 0.283636
4990.7, 0.997207, 0.00494362, 0.98991, 0.300425
4990.71, 0.9961, 0.00493905, 0.98938, 0.318097
4990.72, 0.995205, 0.00493532, 0.98879, 0.338419
4990.73, 0.994286, 0.00493241, 0.98815, 0.359626
4990.74, 0.993466, 0.00493039, 0.98743, 0.383483
4990.75, 0.992558, 0.00492766, 0.98664, 0.409108
4990.76, 0.991044, 0.00492149, 0.98574, 0.437383
4990.77, 0.989586, 0.00491518, 0.98472, 0.470076
4990.78, 0.988488, 0.00491087, 0.98356, 0.50542
4990.79, 0.987014, 0.00490615, 0.98224, 0.546066
4990.8, 0.985093, 0.00490023, 0.98076, 0.592013
4990.81, 0.982782, 0.00489238, 0.97911, 0.644146
4990.82, 0.979978, 0.0048813, 0.9773, 0.702463
4990.83, 0.97762, 0.00487104, 0.97531, 0.770501
4990.84, 0.975959, 0.00486307, 0.97313, 0.848258
4990.85, 0.973102, 0.00484988, 0.97069, 0.940152
4990.86, 0.968277, 0.00483128, 0.9679, 1.04972
4990.87, 0.962421, 0.00481092, 0.96465, 1.18226
4990.88, 0.958092, 0.00479028, 0.96077, 1.34661
4990.89, 0.952495, 0.00476352, 0.95611, 1.55337
4990.9, 0.9423, 0.00472489, 0.95037, 1.80962
4990.91, 0.931311, 0.00467945, 0.94309, 2.11534
4990.92, 0.919448, 0.00462793, 0.93336, 2.45111
4990.93, 0.903821, 0.00456582, 0.91941, 2.78953
4990.94, 0.883761, 0.00448606, 0.89828, 3.09349
4990.95, 0.85812, 0.0043805, 0.86571, 3.3409
4990.96, 0.824807, 0.00424053, 0.81712, 3.5185
4990.97, 0.781115, 0.00405777, 0.74969, 3.62718
4990.98, 0.725793, 0.00382848, 0.66452, 3.67136
4990.99, 0.658452, 0.00354943, 0.56752, 3.65811
4991, 0.576651, 0.0032045, 0.46823, 3.59184
4991.01, 0.484701, 0.00281057, 0.37686, 3.47521
4991.02, 0.393443, 0.00241586, 0.30121, 3.31792
4991.03, 0.308993, 0.00203985, 0.24468, 3.12795
4991.04, 0.237627, 0.00170813, 0.20651, 2.93002
4991.05, 0.186536, 0.00146012, 0.18358, 2.75507
4991.06, 0.157853, 0.00131682, 0.17261, 2.63578
4991.07, 0.151259, 0.00128455, 0.1716, 2.59779
4991.08, 0.165924, 0.00136006, 0.18025, 2.64285
4991.09, 0.204098, 0.0015491, 0.20001, 2.75507
4991.1, 0.265897, 0.00184292, 0.23364, 2.90263
4991.11, 0.34622, 0.00220639, 0.28403, 3.05108
4991.12, 0.438191, 0.00261104, 0.3523, 3.17125
4991.13, 0.532523, 0.00302051, 0.43577, 3.24724
4991.14, 0.617348, 0.00338192, 0.52725, 3.26756
4991.15, 0.685237, 0.00366813, 0.61616, 3.22868
4991.16, 0.733121, 0.00387009, 0.69086, 3.12795
4991.17, 0.761768, 0.003988, 0.74146, 2.9636
4991.18, 0.770545, 0.00402369, 0.76177, 2.73298
4991.19, 0.758814, 0.00397829, 0.75027, 2.44051
4991.2, 0.72812, 0.00385115, 0.71003, 2.0959
4991.21, 0.680157, 0.00364736, 0.64802, 1.72479
4991.22, 0.617365, 0.0033796, 0.57404, 1.3581
4991.23, 0.544583, 0.0030712, 0.49898, 1.02675
4991.24, 0.470979, 0.00275776, 0.43282, 0.751945
4991.25, 0.408296, 0.00248509, 0.38289, 0.538113
4991.26, 0.367563, 0.00230567, 0.35337, 0.3826
4991.27, 0.356638, 0.00225813, 0.34604, 0.278335
4991.28, 0.379102, 0.00235932, 0.36144, 0.214715
4991.29, 0.432179, 0.00259275, 0.39938, 0.184673
4991.3, 0.507118, 0.00291669, 0.45821, 0.178488
4991.31, 0.5916, 0.00327653, 0.53372, 0.189974
4991.32, 0.675205, 0.00362974, 0.61878, 0.209414
4991.33, 0.748742, 0.00393953, 0.70438, 0.234154
4991.34, 0.806218, 0.00418135, 0.78188, 0.258895
4991.35, 0.851475, 0.0043687, 0.84522, 0.282753
4991.36, 0.886554, 0.00451237, 0.8922, 0.302192
4991.37, 0.910463, 0.00461407, 0.92413, 0.318097
4991.38, 0.929224, 0.00469406, 0.94444, 0.327816
4991.39, 0.944749, 0.00475738, 0.95694, 0.331351
4991.4, 0.953275, 0.00479132, 0.96475, 0.329583
4991.41, 0.959614, 0.00481778, 0.96992, 0.322515
4991.42, 0.965844, 0.00484578, 0.97365, 0.312795
4991.43, 0.967962, 0.00485746, 0.97654, 0.299541
4991.44, 0.969845, 0.00486679, 0.97889, 0.286287
4991.45, 0.97387, 0.00488295, 0.98084, 0.272149
4991.46, 0.976519, 0.00489282, 0.98249, 0.258012
4991.47, 0.979223, 0.0049016, 0.98389, 0.244758
4991.48, 0.983166, 0.00491592, 0.98509, 0.233271
4991.49, 0.985921, 0.00493137, 0.98614, 0.2209
4991.5, 0.987967, 0.00494424, 0.98705, 0.211181
4991.51, 0.990188, 0.0049527, 0.98786, 0.201461
4991.52, 0.991753, 0.00495737, 0.98856, 0.192625
4991.53, 0.993581, 0.00496437, 0.98918, 0.184673
4991.54, 0.995843, 0.00497402, 0.9897, 0.17672
4991.55, 0.995664, 0.00497202, 0.9901, 0.168768
4991.56, 0.993689, 0.00496366, 0.99033, 0.160815
4991.57, 0.99211, 0.00496078, 0.99035, 0.151096
4991.58, 0.991568, 0.00496275, 0.99008, 0.136075
4991.59, 0.991182, 0.00496243, 0.98946, 0.114868
4991.6, 0.990048, 0.00495589, 0.98853, 0.086593
4991.61, 0.989197, 0.00495343, 0.98743, 0.0565505
4991.62, 0.989909, 0.00495659, 1, 0
4991.63, 0.992131, 0.00496061, 1, 0
4991.64, 0.992509, 0.00496384, 1, 0
4991.65, 0.990563, 0.0049626, 1, 0
4991.66, 0.987987, 0.00495391, 1, 0
4991.67, 0.985347, 0.00494377, 1, 0
