wav, obs, sigma_obs, syn, weight
5009.29, 0.998893, 0.00631549, 1, 0
5009.3, 0.999953, 0.00631957, 1, 0
5009.31, 1.00114, 0.00632432, 1, 0
5009.32, 1.00186, 0.00632664, 1, 0
5009.33, 1.00163, 0.00632387, 1, 0
5009.34, 0.999996, 0.00631276, 1, 0
5009.35, 0.996396, 0.00629105, 1, 0
5009.36, 0.990385, 0.0062579, 0.99609, 0.00568737
5009.37, 0.982694, 0.00621605, 0.99467, 0.00639829
5009.38, 0.974548, 0.00617065, 0.99283, 0.00853105
5009.39, 0.967199, 0.00612958, 0.9906, 0.00924197
5009.4, 0.961523, 0.00609827, 0.98814, 0.0106638
5009.41, 0.957763, 0.00607745, 0.98566, 0.0113747
5009.42, 0.955207, 0.00606281, 0.98346, 0.0127966
5009.43, 0.953015, 0.00604962, 0.9818, 0.0142184
5009.44, 0.953533, 0.00605075, 0.98089, 0.0156403
5009.45, 0.958018, 0.00607302, 0.98084, 0.017773
5009.46, 0.961877, 0.0060911, 0.98165, 0.0213276
5009.47, 0.963761, 0.00609759, 0.9832, 0.0284368
5009.48, 0.967402, 0.00611325, 0.98525, 0.0419443
5009.49, 0.972197, 0.00613568, 0.98747, 0.0689593
5009.5, 0.975082, 0.00614902, 0.98942, 0.122278
5009.51, 0.976, 0.0061521, 0.99054, 0.215409
5009.52, 0.975449, 0.00614697, 0.99002, 0.366835
5009.53, 0.972983, 0.00613201, 0.98675, 0.592197
5009.54, 0.967293, 0.00609964, 0.9792, 0.901447
5009.55, 0.956186, 0.00603641, 0.96553, 1.29388
5009.56, 0.936878, 0.00593233, 0.94402, 1.75953
5009.57, 0.90721, 0.0057814, 0.91351, 2.28134
5009.58, 0.869048, 0.00558561, 0.87407, 2.83728
5009.59, 0.824646, 0.00535113, 0.82731, 3.39962
5009.6, 0.774989, 0.00508872, 0.77644, 3.93637
5009.61, 0.724399, 0.00482324, 0.72605, 4.41553
5009.62, 0.680436, 0.00459193, 0.68148, 4.80511
5009.63, 0.648398, 0.00442212, 0.64805, 5.08024
5009.64, 0.632047, 0.00433418, 0.63009, 5.22242
5009.65, 0.633882, 0.00434209, 0.63007, 5.22242
5009.66, 0.653965, 0.00444653, 0.64795, 5.08095
5009.67, 0.688591, 0.00462739, 0.68129, 4.80582
5009.68, 0.733712, 0.00486165, 0.7257, 4.41624
5009.69, 0.785074, 0.0051252, 0.77579, 3.93637
5009.7, 0.836745, 0.00539072, 0.82612, 3.39962
5009.71, 0.883056, 0.00563209, 0.872, 2.838
5009.72, 0.921448, 0.00583133, 0.91006, 2.28134
5009.73, 0.9505, 0.00597849, 0.93859, 1.75953
5009.74, 0.969702, 0.0060739, 0.95754, 1.29316
5009.75, 0.980259, 0.00612587, 0.9682, 0.900737
5009.76, 0.984818, 0.00614849, 0.97264, 0.591486
5009.77, 0.987206, 0.00615837, 0.97315, 0.365413
5009.78, 0.989536, 0.00616515, 0.97174, 0.213276
5009.79, 0.988318, 0.00615774, 0.96997, 0.118724
5009.8, 0.984223, 0.00613827, 0.96882, 0.0661156
5009.81, 0.983846, 0.00612867, 0.96886, 0.0383897
5009.82, 0.985726, 0.0061291, 0.97023, 0.0248822
5009.83, 0.984561, 0.00612768, 0.97283, 0.0184839
5009.84, 0.98329, 0.00612756, 0.97632, 0.0156403
5009.85, 0.984854, 0.00613242, 0.98025, 0.0135075
5009.86, 0.986439, 0.00613657, 0.98411, 0.0120857
5009.87, 0.987006, 0.00613844, 0.98745, 0.0113747
5009.88, 0.988171, 0.00614194, 0.98988, 0.0106638
5009.89, 0.989577, 0.00614611, 0.99108, 0.00995289
5009.9, 0.989801, 0.0061463, 0.99065, 0.00995289
5009.91, 0.987867, 0.00613454, 0.98802, 0.00924197
5009.92, 0.98312, 0.00610636, 0.98234, 0.00853105
5009.93, 0.975283, 0.00606523, 0.9728, 0.00782013
5009.94, 0.963834, 0.00600755, 0.95885, 0.00710921
5009.95, 0.948009, 0.00592341, 0.9413, 0.00639829
5009.96, 0.927285, 0.00581248, 0.92326, 0.00426552
5009.97, 0.901683, 0.00567932, 1, 0
5009.98, 0.872723, 0.00552968, 1, 0
5009.99, 0.844151, 0.00538119, 1, 0
5010, 0.822376, 0.0052681, 1, 0
5010.01, 0.807201, 0.00518975, 1, 0
5010.02, 0.791005, 0.00510602, 1, 0
5010.03, 0.774371, 0.00501999, 1, 0
