wav, obs, sigma_obs, syn, weight
5012.87, 1.00352, 0.00572994, 1, 0
5012.88, 1.00254, 0.00572259, 1, 0
5012.89, 1.00153, 0.00571514, 1, 0
5012.9, 0.999932, 0.00570564, 1, 0
5012.91, 0.999231, 0.00570131, 1, 0
5012.92, 1.00109, 0.00570978, 1, 0
5012.93, 1.00079, 0.00570798, 1, 0
5012.94, 0.99575, 0.00568267, 0.99394, 0.0174523
5012.95, 0.992589, 0.00566381, 0.99382, 0.0215587
5012.96, 0.99214, 0.00565741, 0.99384, 0.0256651
5012.97, 0.988995, 0.0056424, 0.99391, 0.0277183
5012.98, 0.984935, 0.00562402, 0.994, 0.0307982
5012.99, 0.983517, 0.00561476, 0.99408, 0.0328514
5013, 0.982709, 0.00560847, 0.99415, 0.033878
5013.01, 0.980994, 0.00560003, 0.99422, 0.0359312
5013.02, 0.979167, 0.00559112, 0.99427, 0.0379844
5013.03, 0.977977, 0.00558499, 0.99431, 0.0410642
5013.04, 0.977882, 0.00558417, 0.99433, 0.0431174
5013.05, 0.9787, 0.00558483, 0.99433, 0.0461972
5013.06, 0.98014, 0.00558555, 0.99431, 0.049277
5013.07, 0.98205, 0.00559292, 0.99427, 0.0544101
5013.08, 0.984115, 0.00560441, 0.9942, 0.0595431
5013.09, 0.985976, 0.00561041, 0.99409, 0.0667293
5013.1, 0.988102, 0.00561605, 0.99394, 0.0769954
5013.11, 0.990842, 0.00562822, 0.99373, 0.0923945
5013.12, 0.993239, 0.00564098, 0.99342, 0.122166
5013.13, 0.994362, 0.00564738, 0.99293, 0.175549
5013.14, 0.993769, 0.00564318, 0.99211, 0.266917
5013.15, 0.992793, 0.00563619, 0.99064, 0.418855
5013.16, 0.992475, 0.00563401, 0.98792, 0.648814
5013.17, 0.988587, 0.00561547, 0.98298, 0.968089
5013.18, 0.978323, 0.00556606, 0.97439, 1.37462
5013.19, 0.963501, 0.00549463, 0.96035, 1.85097
5013.2, 0.943066, 0.0053956, 0.93902, 2.36632
5013.21, 0.913594, 0.00525225, 0.90896, 2.88681
5013.22, 0.873558, 0.00506214, 0.86964, 3.37958
5013.23, 0.822746, 0.00482664, 0.82177, 3.81692
5013.24, 0.762506, 0.00454408, 0.76745, 4.18342
5013.25, 0.696921, 0.00423137, 0.71, 4.46265
5013.26, 0.632635, 0.00392478, 0.65366, 4.64744
5013.27, 0.574658, 0.00364747, 0.60319, 4.72854
5013.28, 0.527617, 0.00341926, 0.5633, 4.69672
5013.29, 0.497856, 0.00327304, 0.53806, 4.54786
5013.3, 0.489324, 0.00323035, 0.53017, 4.28197
5013.31, 0.501672, 0.00329055, 0.54048, 3.91137
5013.32, 0.532721, 0.00344111, 0.56782, 3.46069
5013.33, 0.5789, 0.00366171, 0.60922, 2.96689
5013.34, 0.634885, 0.00392809, 0.66051, 2.47104
5013.35, 0.695164, 0.00421466, 0.71692, 2.00496
5013.36, 0.754947, 0.00449568, 0.7738, 1.59534
5013.37, 0.809797, 0.00475063, 0.82706, 1.24938
5013.38, 0.855974, 0.00496554, 0.87357, 0.970142
5013.39, 0.892889, 0.00513774, 0.91147, 0.746342
5013.4, 0.921359, 0.00526959, 0.94025, 0.571819
5013.41, 0.942413, 0.00536441, 0.96058, 0.436307
5013.42, 0.957668, 0.0054311, 0.97397, 0.331593
5013.43, 0.96934, 0.00548438, 0.98225, 0.253571
5013.44, 0.978528, 0.00552831, 0.9871, 0.198135
5013.45, 0.985629, 0.00556085, 0.98986, 0.16015
5013.46, 0.990969, 0.0055817, 0.99137, 0.133459
5013.47, 0.995297, 0.00559633, 0.99215, 0.11806
5013.48, 0.999956, 0.00561814, 0.99245, 0.10882
5013.49, 1.00385, 0.00563981, 0.99237, 0.10574
5013.5, 1.00469, 0.00564256, 0.99201, 0.106767
5013.51, 1.00477, 0.0056392, 0.99142, 0.112927
5013.52, 1.00616, 0.00564345, 0.99068, 0.130379
5013.53, 1.0067, 0.00564472, 0.98987, 0.168363
5013.54, 1.00572, 0.0056395, 0.98899, 0.241252
5013.55, 1.00461, 0.00563433, 0.9879, 0.369578
5013.56, 1.0031, 0.00562632, 0.98618, 0.572846
5013.57, 1.00004, 0.00560896, 0.98305, 0.858242
5013.58, 0.994184, 0.00557968, 0.97723, 1.20729
5013.59, 0.984637, 0.0055355, 0.96736, 1.55839
5013.6, 0.97091, 0.00547131, 0.95229, 1.80375
5013.61, 0.951098, 0.00537802, 0.93247, 1.83865
5013.62, 0.922908, 0.00524629, 0.91124, 1.61998
5013.63, 0.88662, 0.00507707, 1, 0
5013.64, 0.844115, 0.00487845, 1, 0
5013.65, 0.798979, 0.00466682, 1, 0
5013.66, 0.755806, 0.00446397, 1, 0
5013.67, 0.718877, 0.00429067, 1, 0
5013.68, 0.685654, 0.00413498, 1, 0
5013.69, 0.650967, 0.00397234, 1, 0
