wav, obs, sigma_obs, syn, weight
5024.43, 1.00262, 0.00477335, 1, 0
5024.44, 1.0017, 0.00477414, 1, 0
5024.45, 1.00171, 0.00477297, 1, 0
5024.46, 1.0018, 0.00476987, 1, 0
5024.47, 1.00062, 0.00476577, 1, 0
5024.48, 0.998894, 0.00476084, 1, 0
5024.49, 0.997858, 0.00475724, 0.98692, 0.0166073
5024.5, 0.998464, 0.00475858, 0.98823, 0.025348
5024.51, 0.999515, 0.00476159, 0.98956, 0.0332147
5024.52, 1.00001, 0.00476317, 0.99075, 0.0410813
5024.53, 1.00103, 0.00476622, 0.99187, 0.0463257
5024.54, 1.0017, 0.00476802, 0.99295, 0.049822
5024.55, 1.00042, 0.00476371, 0.99399, 0.0541924
5024.56, 0.999076, 0.00475801, 0.99494, 0.0585627
5024.57, 0.99876, 0.00475458, 0.99575, 0.0638072
5024.58, 0.998563, 0.00475272, 0.99637, 0.0690516
5024.59, 0.998294, 0.00475208, 0.99679, 0.0751701
5024.6, 0.997955, 0.00475177, 0.99703, 0.0821626
5024.61, 0.997175, 0.00474934, 0.99713, 0.0909033
5024.62, 0.99637, 0.00474618, 0.9971, 0.101392
5024.63, 0.99618, 0.00474523, 0.99699, 0.112755
5024.64, 0.995444, 0.00474273, 0.99679, 0.127614
5024.65, 0.994407, 0.00473923, 0.99651, 0.146844
5024.66, 0.995324, 0.0047417, 0.99612, 0.173066
5024.67, 0.996037, 0.00474258, 0.99552, 0.215021
5024.68, 0.994172, 0.0047343, 0.99455, 0.282325
5024.69, 0.991968, 0.00472611, 0.9929, 0.39071
5024.7, 0.989581, 0.00471774, 0.98999, 0.556783
5024.71, 0.985069, 0.00469993, 0.98485, 0.789286
5024.72, 0.977455, 0.00466835, 0.97598, 1.0821
5024.73, 0.964747, 0.0046168, 0.96124, 1.41687
5024.74, 0.943406, 0.00453482, 0.938, 1.763
5024.75, 0.912818, 0.0044163, 0.90348, 2.09602
5024.76, 0.872011, 0.00425336, 0.85565, 2.39845
5024.77, 0.815409, 0.00402826, 0.79417, 2.66766
5024.78, 0.742214, 0.00373914, 0.72107, 2.9124
5024.79, 0.656647, 0.00339988, 0.64081, 3.14753
5024.8, 0.563686, 0.00302607, 0.55965, 3.38702
5024.81, 0.470888, 0.00264613, 0.48467, 3.63613
5024.82, 0.389413, 0.00230727, 0.42274, 3.88
5024.83, 0.329959, 0.00205538, 0.37973, 4.08978
5024.84, 0.30127, 0.00193031, 0.35993, 4.22526
5024.85, 0.307741, 0.00195853, 0.36569, 4.26284
5024.86, 0.349248, 0.00213818, 0.39707, 4.19991
5024.87, 0.42103, 0.00243973, 0.45163, 4.05831
5024.88, 0.512659, 0.00281618, 0.52435, 3.86776
5024.89, 0.611827, 0.00321673, 0.60814, 3.65886
5024.9, 0.706441, 0.00359467, 0.6948, 3.44034
5024.91, 0.788951, 0.0039217, 0.77631, 3.20784
5024.92, 0.855014, 0.00418225, 0.84623, 2.94999
5024.93, 0.902428, 0.00436899, 0.90077, 2.65193
5024.94, 0.933889, 0.00449219, 0.9393, 2.30929
5024.95, 0.955503, 0.00457497, 0.9638, 1.92995
5024.96, 0.96876, 0.0046274, 0.97769, 1.53399
5024.97, 0.975432, 0.00465636, 0.9844, 1.15377
5024.98, 0.979687, 0.00466992, 0.9864, 0.825997
5024.99, 0.980178, 0.00466851, 0.98492, 0.569894
5025, 0.974391, 0.00465002, 0.98017, 0.389836
5025.01, 0.965693, 0.00461767, 0.97176, 0.274458
5025.02, 0.954426, 0.00457035, 0.95926, 0.204533
5025.03, 0.937692, 0.00450344, 0.94274, 0.161703
5025.04, 0.916499, 0.00442118, 0.92308, 0.134607
5025.05, 0.894239, 0.00433539, 0.90213, 0.115377
5025.06, 0.875876, 0.00426486, 0.88243, 0.0996441
5025.07, 0.864852, 0.00422175, 0.8668, 0.0874071
5025.08, 0.863284, 0.00421335, 0.85761, 0.0786664
5025.09, 0.872098, 0.00424467, 0.85629, 0.0707997
5025.1, 0.888657, 0.00430743, 0.86293, 0.0646812
5025.11, 0.907674, 0.00438265, 0.87632, 0.0594368
5025.12, 0.927406, 0.00446191, 0.89425, 0.0550665
5025.13, 0.94624, 0.00453683, 0.91416, 0.0533183
5025.14, 0.961085, 0.00459454, 0.93366, 0.0506961
5025.15, 0.972287, 0.00463789, 0.95096, 0.0480739
5025.16, 0.981255, 0.00467387, 0.96507, 0.0437035
5025.17, 0.98647, 0.00469429, 0.97574, 0.036711
5025.18, 0.988754, 0.00470256, 0.98323, 0.0279703
5025.19, 0.991009, 0.00471233, 0.98818, 0.0183555
5025.2, 0.991976, 0.00471586, 1, 0
5025.21, 0.990078, 0.00470548, 1, 0
5025.22, 0.985658, 0.00468582, 1, 0
5025.23, 0.979939, 0.00466221, 1, 0
5025.24, 0.974622, 0.00463981, 1, 0
5025.25, 0.969305, 0.00461741, 1, 0
