wav, obs, sigma_obs, syn, weight
5025.18, 0.997282, 0.00474372, 1, 0
5025.19, 0.99932, 0.00475255, 1, 0
5025.2, 1.00158, 0.00476246, 1, 0
5025.21, 1.00156, 0.00476115, 1, 0
5025.22, 0.99909, 0.00474835, 1, 0
5025.23, 0.994919, 0.00472945, 1, 0
5025.24, 0.986893, 0.00469859, 0.96859, 0.013785
5025.25, 0.974308, 0.00465224, 0.95564, 0.0195892
5025.26, 0.959508, 0.00459468, 0.94048, 0.0253935
5025.27, 0.942424, 0.00452738, 0.92458, 0.0290211
5025.28, 0.923597, 0.00445475, 0.91007, 0.0311977
5025.29, 0.908362, 0.00439273, 0.89926, 0.0319232
5025.3, 0.899769, 0.0043555, 0.89405, 0.0326487
5025.31, 0.898341, 0.00435169, 0.89539, 0.0333743
5025.32, 0.904929, 0.00437854, 0.90305, 0.0348253
5025.33, 0.918317, 0.00442873, 0.91564, 0.0355508
5025.34, 0.934457, 0.00449298, 0.93103, 0.0377274
5025.35, 0.951772, 0.00456182, 0.94689, 0.0406295
5025.36, 0.968826, 0.00462556, 0.96126, 0.0442572
5025.37, 0.981434, 0.00467463, 0.97289, 0.0478848
5025.38, 0.989262, 0.00470756, 0.98137, 0.0544146
5025.39, 0.994668, 0.00472817, 0.98691, 0.0631209
5025.4, 0.996067, 0.00473358, 0.9901, 0.078357
5025.41, 0.994654, 0.00472962, 0.99159, 0.106653
5025.42, 0.995855, 0.00473293, 0.99184, 0.156714
5025.43, 0.995035, 0.00472762, 0.99096, 0.243052
5025.44, 0.986894, 0.00469667, 0.98853, 0.383078
5025.45, 0.976286, 0.0046579, 0.98341, 0.591305
5025.46, 0.96282, 0.0046063, 0.97355, 0.874986
5025.47, 0.941679, 0.00452038, 0.95606, 1.2334
5025.48, 0.912719, 0.00440555, 0.9277, 1.65493
5025.49, 0.875913, 0.00426341, 0.88584, 2.12434
5025.5, 0.829938, 0.00408256, 0.82968, 2.62713
5025.51, 0.775725, 0.00386807, 0.76094, 3.14589
5025.52, 0.715228, 0.00362994, 0.68407, 3.66174
5025.53, 0.650396, 0.00337169, 0.60562, 4.14784
5025.54, 0.585917, 0.0031117, 0.53333, 4.57445
5025.55, 0.528872, 0.00288101, 0.47499, 4.90892
5025.56, 0.487271, 0.0027117, 0.43729, 5.1244
5025.57, 0.469006, 0.00263614, 0.42475, 5.20276
5025.58, 0.480619, 0.0026828, 0.43891, 5.13891
5025.59, 0.521996, 0.00285086, 0.47805, 4.93867
5025.6, 0.587414, 0.00311495, 0.53753, 4.61871
5025.61, 0.66535, 0.00342506, 0.61053, 4.20516
5025.62, 0.744436, 0.00373799, 0.68923, 3.72921
5025.63, 0.815229, 0.00402068, 0.76589, 3.21844
5025.64, 0.873075, 0.00425017, 0.83405, 2.69824
5025.65, 0.916222, 0.00441758, 0.8894, 2.18747
5025.66, 0.945533, 0.00452983, 0.93034, 1.70571
5025.67, 0.964853, 0.0046031, 0.95784, 1.2704
5025.68, 0.97723, 0.00464995, 0.97462, 0.898203
5025.69, 0.981786, 0.00466876, 0.98396, 0.602913
5025.7, 0.979855, 0.00466369, 0.98878, 0.385981
5025.71, 0.97453, 0.00464408, 0.99119, 0.241601
5025.72, 0.968306, 0.00461831, 0.99246, 0.152361
5025.73, 0.961202, 0.00458813, 0.99327, 0.100848
5025.74, 0.951449, 0.00455049, 0.99391, 0.0725527
5025.75, 0.943077, 0.00451931, 0.99452, 0.0573167
5025.76, 0.939295, 0.004505, 0.9951, 0.0478848
5025.77, 0.937573, 0.00449911, 0.99565, 0.0413551
5025.78, 0.938774, 0.00450314, 0.99613, 0.0370019
5025.79, 0.944681, 0.00452254, 0.99651, 0.0333743
5025.8, 0.951439, 0.00454969, 0.9968, 0.0297466
5025.81, 0.95762, 0.00457749, 0.99699, 0.0282956
5025.82, 0.965007, 0.00460276, 0.99711, 0.0253935
5025.83, 0.971499, 0.00462491, 0.99719, 0.0239424
5025.84, 0.974747, 0.0046398, 0.99726, 0.0224913
5025.85, 0.974556, 0.00463671, 0.99733, 0.0203148
5025.86, 0.970616, 0.00461901, 0.99743, 0.0181382
5025.87, 0.963492, 0.00459637, 0.99755, 0.0152361
5025.88, 0.956879, 0.00457054, 0.9977, 0.0108829
5025.89, 0.952534, 0.00454806, 0.99789, 0.0079808
5025.9, 0.949917, 0.00453921, 1, 0
5025.91, 0.949623, 0.00454079, 1, 0
5025.92, 0.952508, 0.00455116, 1, 0
5025.93, 0.958994, 0.0045772, 1, 0
5025.94, 0.9675, 0.00461318, 1, 0
5025.95, 0.975363, 0.00464599, 1, 0
