wav, obs, sigma_obs, syn, weight
5043.81, 0.958187, 0.00571099, 1, 0
5043.82, 0.954162, 0.0056879, 1, 0
5043.83, 0.95428, 0.00568662, 1, 0
5043.84, 0.957308, 0.00570499, 1, 0
5043.85, 0.959358, 0.00572395, 1, 0
5043.86, 0.966374, 0.0057566, 1, 0
5043.87, 0.975651, 0.00579846, 0.99847, 0.0279132
5043.88, 0.981956, 0.00583655, 0.99833, 0.0418699
5043.89, 0.987622, 0.00586992, 0.99823, 0.0558265
5043.9, 0.992357, 0.00589202, 0.99812, 0.0418699
5043.91, 0.996124, 0.00590882, 0.99795, 0.0558265
5043.92, 1.00011, 0.0059342, 0.99766, 0.0558265
5043.93, 1.00287, 0.00594529, 0.99715, 0.0558265
5043.94, 1.00366, 0.0059434, 0.99628, 0.0558265
5043.95, 1.00289, 0.00594458, 0.99493, 0.0558265
5043.96, 1.00115, 0.00594199, 0.99304, 0.0558265
5043.97, 0.999332, 0.00593423, 0.99063, 0.0558265
5043.98, 0.996535, 0.00592121, 0.98789, 0.0558265
5043.99, 0.990968, 0.00590129, 0.98512, 0.0558265
5044, 0.988422, 0.00588381, 0.98267, 0.0558265
5044.01, 0.988237, 0.00587714, 0.98082, 0.0558265
5044.02, 0.985633, 0.00588049, 0.97978, 0.0558265
5044.03, 0.984918, 0.00588012, 0.9796, 0.0558265
5044.04, 0.984806, 0.00587411, 0.98022, 0.0418699
5044.05, 0.982099, 0.00586374, 0.98138, 0.0418699
5044.06, 0.977065, 0.0058427, 0.98263, 0.0418699
5044.07, 0.969749, 0.00580631, 0.98319, 0.0558265
5044.08, 0.960069, 0.00576149, 0.98181, 0.0558265
5044.09, 0.948389, 0.00571645, 0.97659, 0.0558265
5044.1, 0.936003, 0.00565032, 0.96496, 0.0697831
5044.11, 0.921376, 0.00556958, 0.944, 0.0697831
5044.12, 0.901695, 0.00548187, 0.91117, 0.0697831
5044.13, 0.874894, 0.00535564, 0.86527, 0.0837397
5044.14, 0.835, 0.00516194, 0.80703, 0.111653
5044.15, 0.776572, 0.00487571, 0.73915, 0.167479
5044.16, 0.69926, 0.00448957, 0.66573, 0.307046
5044.17, 0.612028, 0.00405607, 0.59191, 0.544308
5044.18, 0.523166, 0.00360902, 0.52356, 0.94905
5044.19, 0.442401, 0.00318874, 0.46711, 1.53523
5044.2, 0.386395, 0.00289786, 0.42882, 2.27493
5044.21, 0.364299, 0.00278581, 0.41358, 3.09837
5044.22, 0.379289, 0.00286663, 0.42348, 3.93577
5044.23, 0.429888, 0.00313341, 0.45713, 4.66151
5044.24, 0.506133, 0.00352667, 0.51013, 5.26164
5044.25, 0.595235, 0.00397976, 0.57637, 5.70826
5044.26, 0.685046, 0.00443466, 0.64943, 6.00135
5044.27, 0.766508, 0.00484164, 0.7233, 6.14091
5044.28, 0.832945, 0.00516823, 0.79272, 6.14091
5044.29, 0.883306, 0.00541507, 0.85337, 5.98739
5044.3, 0.922342, 0.00561143, 0.9023, 5.68034
5044.31, 0.948361, 0.0057413, 0.93843, 5.20582
5044.32, 0.963764, 0.00581811, 0.96271, 4.57777
5044.33, 0.974837, 0.00587974, 0.97756, 3.81016
5044.34, 0.981397, 0.00591135, 0.98591, 2.97276
5044.35, 0.982533, 0.00591245, 0.99037, 2.14932
5044.36, 0.97916, 0.00589827, 0.99274, 1.43753
5044.37, 0.974184, 0.00588132, 0.99408, 0.90718
5044.38, 0.966904, 0.00584926, 0.99493, 0.530351
5044.39, 0.960471, 0.00581459, 0.99552, 0.307046
5044.4, 0.96016, 0.00580946, 0.99596, 0.181436
5044.41, 0.960284, 0.00581273, 0.99631, 0.12561
5044.42, 0.960648, 0.00581799, 0.9966, 0.0976963
5044.43, 0.962972, 0.00582927, 0.99685, 0.0837397
5044.44, 0.96308, 0.00583672, 0.99708, 0.0697831
5044.45, 0.960218, 0.00582979, 0.99729, 0.0697831
5044.46, 0.957103, 0.00581465, 0.99749, 0.0558265
5044.47, 0.957427, 0.00581313, 0.99768, 0.0697831
5044.48, 0.960742, 0.00583225, 0.99787, 0.0558265
5044.49, 0.967605, 0.00586583, 0.99804, 0.0558265
5044.5, 0.977679, 0.00590701, 0.99819, 0.0558265
5044.51, 0.986133, 0.0059586, 0.99833, 0.0418699
5044.52, 0.99195, 0.00599816, 0.99844, 0.0418699
5044.53, 0.996259, 0.00601779, 0.99854, 0.0418699
5044.54, 0.99999, 0.00603662, 0.99863, 0.0279132
5044.55, 1.00242, 0.00604505, 0.99871, 0.0279132
5044.56, 1.00356, 0.00604831, 0.9988, 0.0139566
5044.57, 1.00434, 0.00605896, 0.99892, 0
5044.58, 1.00537, 0.0060655, 1, 0
5044.59, 1.00592, 0.00606822, 1, 0
5044.6, 1.00582, 0.00607295, 1, 0
5044.61, 1.00634, 0.00608169, 1, 0
5044.62, 1.00707, 0.00609145, 1, 0
5044.63, 1.0077, 0.00610075, 1, 0
