wav, obs, sigma_obs, syn, weight
5061.74, 0.88668, 0.00430622, 1, 0
5061.75, 0.900718, 0.00436013, 1, 0
5061.76, 0.91694, 0.00441956, 1, 0
5061.77, 0.933211, 0.00448177, 1, 0
5061.78, 0.947554, 0.00453896, 1, 0
5061.79, 0.9586, 0.00458115, 1, 0
5061.8, 0.965865, 0.00460768, 0.99981, 0.00322424
5061.81, 0.96903, 0.00461957, 0.99976, 0.00537373
5061.82, 0.967579, 0.00461492, 0.99972, 0.00752322
5061.83, 0.962007, 0.00459362, 0.99967, 0.00752322
5061.84, 0.953627, 0.00455845, 0.99961, 0.00859797
5061.85, 0.943673, 0.00451798, 0.99955, 0.00967272
5061.86, 0.933964, 0.00448117, 0.99947, 0.0107475
5061.87, 0.927339, 0.00445426, 0.99939, 0.0118222
5061.88, 0.9251, 0.00444304, 0.99931, 0.0139717
5061.89, 0.92736, 0.00445204, 0.99923, 0.0150464
5061.9, 0.934406, 0.00448082, 0.99916, 0.0171959
5061.91, 0.945859, 0.00452504, 0.9991, 0.0204202
5061.92, 0.960006, 0.00457631, 0.99904, 0.0257939
5061.93, 0.973877, 0.00462716, 0.99897, 0.0322424
5061.94, 0.984701, 0.00467192, 0.99887, 0.0462141
5061.95, 0.993746, 0.0047087, 0.99868, 0.072008
5061.96, 1.00115, 0.00473473, 0.99827, 0.121446
5061.97, 1.00398, 0.00474497, 0.9974, 0.208501
5061.98, 1.00336, 0.00474286, 0.99565, 0.351442
5061.99, 1.00209, 0.00473542, 0.99239, 0.57284
5062, 0.999046, 0.00472217, 0.98681, 0.882367
5062.01, 0.992521, 0.00469794, 0.97803, 1.28755
5062.02, 0.981418, 0.00465441, 0.96533, 1.78085
5062.03, 0.965832, 0.00459306, 0.94846, 2.33972
5062.04, 0.946098, 0.004518, 0.92783, 2.93298
5062.05, 0.921134, 0.00442246, 0.90464, 3.51979
5062.06, 0.891941, 0.00430874, 0.88075, 4.05932
5062.07, 0.862628, 0.00419393, 0.85842, 4.51931
5062.08, 0.837161, 0.00409402, 0.83996, 4.87075
5062.09, 0.818996, 0.00402264, 0.82734, 5.0986
5062.1, 0.810569, 0.00398968, 0.82191, 5.19317
5062.11, 0.813882, 0.00400284, 0.82425, 5.15233
5062.12, 0.829947, 0.0040654, 0.83412, 4.97715
5062.13, 0.854114, 0.00415914, 0.85045, 4.673
5062.14, 0.879984, 0.00425913, 0.87149, 4.25385
5062.15, 0.903862, 0.00435044, 0.89502, 3.74119
5062.16, 0.923686, 0.00442501, 0.91874, 3.16943
5062.17, 0.93873, 0.00448082, 0.94056, 2.57509
5062.18, 0.948758, 0.00451853, 0.95902, 1.99795
5062.19, 0.954531, 0.00454163, 0.97338, 1.47563
5062.2, 0.958771, 0.00455778, 0.98367, 1.03391
5062.21, 0.962502, 0.00457067, 0.99045, 0.685688
5062.22, 0.965258, 0.00458088, 0.99456, 0.430973
5062.23, 0.969638, 0.00459799, 0.99687, 0.259014
5062.24, 0.977335, 0.00462708, 0.99809, 0.152614
5062.25, 0.985319, 0.00465557, 0.99872, 0.0902787
5062.26, 0.991474, 0.00467728, 0.99904, 0.0569616
5062.27, 0.995396, 0.00469398, 0.99923, 0.0397656
5062.28, 0.998424, 0.00470762, 0.99935, 0.0300929
5062.29, 1.00131, 0.00471816, 0.99943, 0.0247192
5062.3, 1.00255, 0.00472206, 0.9995, 0.0225697
5062.31, 1.00247, 0.00472086, 0.99956, 0.0204202
5062.32, 1.00259, 0.00471923, 0.9996, 0.0171959
5062.33, 1.00198, 0.00471507, 0.99963, 0.0150464
5062.34, 1.00003, 0.00470741, 0.99966, 0.012897
5062.35, 0.998113, 0.00470088, 0.99968, 0.0118222
5062.36, 0.997404, 0.00469851, 0.99971, 0.00967272
5062.37, 0.99833, 0.00470065, 0.99973, 0.00859797
5062.38, 0.99939, 0.00470305, 0.99975, 0.00752322
5062.39, 0.999771, 0.00470392, 0.99978, 0.00537373
5062.4, 1.00046, 0.00470687, 0.99981, 0.00322424
5062.41, 1.00094, 0.0047086, 1, 0
5062.42, 1.00006, 0.00470357, 1, 0
5062.43, 0.998356, 0.00469569, 1, 0
5062.44, 0.996445, 0.00468842, 1, 0
5062.45, 0.99453, 0.00468118, 1, 0
5062.46, 0.992633, 0.00467384, 1, 0
