wav, obs, sigma_obs, syn, weight
5071.1, 0.926291, 0.0042463, 1, 0
5071.11, 0.922953, 0.00423301, 1, 0
5071.12, 0.923919, 0.00423849, 1, 0
5071.13, 0.929905, 0.00426161, 1, 0
5071.14, 0.939372, 0.00429703, 1, 0
5071.15, 0.949867, 0.0043367, 1, 0
5071.16, 0.959434, 0.00437126, 0.99454, 0.061101
5071.17, 0.968053, 0.0044025, 0.9946, 0.0834077
5071.18, 0.976557, 0.00443618, 0.99528, 0.0940761
5071.19, 0.984083, 0.00446391, 0.99621, 0.0901967
5071.2, 0.990327, 0.00448422, 0.99706, 0.0756488
5071.21, 0.995713, 0.00450385, 0.99771, 0.0572216
5071.22, 0.999406, 0.00451746, 0.99814, 0.040734
5071.23, 1.00087, 0.00452238, 0.9984, 0.0300656
5071.24, 1.0008, 0.00452528, 0.99854, 0.0223067
5071.25, 1.0009, 0.00452728, 0.9986, 0.0184273
5071.26, 1.00207, 0.00452778, 0.99859, 0.0174574
5071.27, 1.00255, 0.00452901, 0.99855, 0.0184273
5071.28, 1.00235, 0.00453118, 0.99845, 0.020367
5071.29, 1.00263, 0.00453316, 0.99831, 0.0242464
5071.3, 1.00319, 0.00453487, 0.9981, 0.0329751
5071.31, 1.00366, 0.00453601, 0.99777, 0.0504326
5071.32, 1.00369, 0.00453589, 0.9972, 0.0863173
5071.33, 1.00292, 0.00453429, 0.99611, 0.153237
5071.34, 1.00127, 0.00452972, 0.99399, 0.27253
5071.35, 0.999012, 0.00451924, 0.98997, 0.463592
5071.36, 0.995607, 0.00450463, 0.98289, 0.74485
5071.37, 0.990032, 0.00448593, 0.9714, 1.12697
5071.38, 0.980973, 0.00445452, 0.95434, 1.60414
5071.39, 0.965856, 0.00439897, 0.9311, 2.1589
5071.4, 0.941903, 0.00430953, 0.90199, 2.76118
5071.41, 0.908336, 0.00418524, 0.86836, 3.37219
5071.42, 0.865649, 0.00402824, 0.83243, 3.9512
5071.43, 0.816161, 0.00384583, 0.79705, 4.46037
5071.44, 0.766787, 0.00366315, 0.76524, 4.86674
5071.45, 0.725756, 0.00351079, 0.73984, 5.15188
5071.46, 0.700715, 0.00341766, 0.72315, 5.30318
5071.47, 0.695453, 0.00339825, 0.71678, 5.31579
5071.48, 0.709913, 0.00345238, 0.72137, 5.18776
5071.49, 0.739413, 0.00356204, 0.7365, 4.92396
5071.5, 0.775185, 0.00369471, 0.76067, 4.53505
5071.51, 0.808572, 0.00381879, 0.79146, 4.03751
5071.52, 0.837686, 0.00392774, 0.82585, 3.4653
5071.53, 0.861565, 0.0040171, 0.86073, 2.85623
5071.54, 0.879543, 0.00408305, 0.89337, 2.25104
5071.55, 0.893428, 0.0041339, 0.92179, 1.68852
5071.56, 0.906552, 0.00418209, 0.94492, 1.20165
5071.57, 0.922369, 0.00423837, 0.96261, 0.807891
5071.58, 0.938037, 0.00429563, 0.97536, 0.512084
5071.59, 0.95133, 0.00434752, 0.98406, 0.306475
5071.6, 0.965218, 0.00440069, 0.9897, 0.175544
5071.61, 0.97807, 0.00444891, 0.99318, 0.0998953
5071.62, 0.986726, 0.00448213, 0.99523, 0.0572216
5071.63, 0.991851, 0.004502, 0.99639, 0.0368546
5071.64, 0.994593, 0.00451208, 0.99701, 0.027156
5071.65, 0.995256, 0.0045136, 0.99732, 0.0223067
5071.66, 0.991439, 0.00449901, 0.99745, 0.020367
5071.67, 0.983429, 0.00446897, 0.99746, 0.020367
5071.68, 0.974693, 0.00443477, 0.99741, 0.0213369
5071.69, 0.964898, 0.00439968, 0.9973, 0.0213369
5071.7, 0.95362, 0.00436206, 0.99716, 0.0232766
5071.71, 0.942659, 0.00431933, 0.997, 0.0242464
5071.72, 0.934182, 0.00428626, 0.99683, 0.0252163
5071.73, 0.929702, 0.00427501, 0.99666, 0.0252163
5071.74, 0.928874, 0.00427134, 0.99652, 0.0252163
5071.75, 0.929312, 0.0042684, 0.99641, 0.0242464
5071.76, 0.928685, 0.00426788, 0.99641, 0.020367
5071.77, 0.929067, 0.00427236, 0.99657, 0.0155177
5071.78, 0.929012, 0.00427318, 0.99698, 0.0106684
5071.79, 0.923891, 0.00425479, 1, 0
5071.8, 0.916105, 0.00422575, 1, 0
5071.81, 0.909344, 0.00419951, 1, 0
5071.82, 0.905497, 0.00418404, 1, 0
5071.83, 0.903255, 0.00417466, 1, 0
5071.84, 0.900446, 0.00416312, 1, 0
