wav, obs, sigma_obs, syn, weight
5120.04, 0.952551, 0.00447502, 1, 0
5120.05, 0.932167, 0.00439833, 1, 0
5120.06, 0.915047, 0.00433359, 1, 0
5120.07, 0.905126, 0.00429682, 1, 0
5120.08, 0.902884, 0.00428987, 1, 0
5120.09, 0.907266, 0.00430771, 1, 0
5120.1, 0.91726, 0.00434503, 0.99966, 0.0067584
5120.11, 0.929202, 0.00439018, 0.99947, 0.0105131
5120.12, 0.939669, 0.00443159, 0.99929, 0.0142677
5120.13, 0.948588, 0.00446527, 0.99915, 0.0180224
5120.14, 0.956361, 0.00449483, 0.99905, 0.0202752
5120.15, 0.963397, 0.00452416, 0.99896, 0.0217771
5120.16, 0.970103, 0.00454979, 0.99887, 0.0240299
5120.17, 0.977386, 0.00457504, 0.99876, 0.0255317
5120.18, 0.985498, 0.00460465, 0.99862, 0.0285355
5120.19, 0.992418, 0.00463451, 0.99842, 0.0315392
5120.2, 0.997525, 0.00465629, 0.99811, 0.034543
5120.21, 1.00081, 0.00466407, 0.9976, 0.0390486
5120.22, 1.00084, 0.00466338, 0.99673, 0.0443051
5120.23, 0.998042, 0.00465754, 0.99526, 0.0518144
5120.24, 0.993579, 0.0046445, 0.9929, 0.0623275
5120.25, 0.986149, 0.00461572, 0.98925, 0.078848
5120.26, 0.974037, 0.00456786, 0.98391, 0.107384
5120.27, 0.956872, 0.00450493, 0.97644, 0.159949
5120.28, 0.938377, 0.00443779, 0.96633, 0.250061
5120.29, 0.920417, 0.00437132, 0.95297, 0.395742
5120.3, 0.902633, 0.00430456, 0.93576, 0.613513
5120.31, 0.885192, 0.00423874, 0.91418, 0.913135
5120.32, 0.869749, 0.00418064, 0.88807, 1.29236
5120.33, 0.857598, 0.00413517, 0.85781, 1.74066
5120.34, 0.843648, 0.00408167, 0.8244, 2.24304
5120.35, 0.822017, 0.00399969, 0.78946, 2.77846
5120.36, 0.788711, 0.00387731, 0.7551, 3.32438
5120.37, 0.744535, 0.0037113, 0.72363, 3.85379
5120.38, 0.694835, 0.00351968, 0.69728, 4.33514
5120.39, 0.648883, 0.0033421, 0.67786, 4.73614
5120.4, 0.61733, 0.00322082, 0.66652, 5.029
5120.41, 0.607204, 0.00318264, 0.66368, 5.19346
5120.42, 0.619757, 0.00323179, 0.66922, 5.22124
5120.43, 0.650815, 0.00335351, 0.68265, 5.10935
5120.44, 0.694657, 0.00352437, 0.70321, 4.8668
5120.45, 0.745392, 0.00371734, 0.72994, 4.5071
5120.46, 0.7957, 0.00390759, 0.76156, 4.0573
5120.47, 0.841128, 0.0040806, 0.7964, 3.54591
5120.48, 0.881455, 0.00423385, 0.8325, 3.00374
5120.49, 0.914376, 0.00435892, 0.86776, 2.46006
5120.5, 0.939241, 0.00445424, 0.90023, 1.93891
5120.51, 0.958752, 0.00452999, 0.92834, 1.46282
5120.52, 0.973048, 0.00458278, 0.9511, 1.04981
5120.53, 0.981771, 0.00461243, 0.96825, 0.71564
5120.54, 0.985769, 0.00463123, 0.9802, 0.465579
5120.55, 0.987177, 0.00463857, 0.9879, 0.292864
5120.56, 0.98661, 0.00463233, 0.99249, 0.183979
5120.57, 0.981719, 0.00461727, 0.99506, 0.119398
5120.58, 0.973676, 0.00459197, 0.99645, 0.0841046
5120.59, 0.965005, 0.0045581, 0.99722, 0.0630784
5120.6, 0.957365, 0.00452782, 0.99766, 0.0518144
5120.61, 0.951697, 0.00450741, 0.99795, 0.0435542
5120.62, 0.948911, 0.00449919, 0.99816, 0.0375467
5120.63, 0.950321, 0.00450463, 0.99833, 0.033792
5120.64, 0.956039, 0.00452601, 0.99846, 0.0307883
5120.65, 0.964497, 0.00455936, 0.99856, 0.0277846
5120.66, 0.972186, 0.00458798, 0.99865, 0.0247808
5120.67, 0.977045, 0.00460623, 0.99872, 0.022528
5120.68, 0.979152, 0.00461694, 0.99878, 0.0210261
5120.69, 0.98092, 0.00462517, 0.99884, 0.0195243
5120.7, 0.982214, 0.0046288, 0.99889, 0.0180224
5120.71, 0.982666, 0.00462867, 0.99898, 0.0150187
5120.72, 0.985099, 0.00464109, 0.99913, 0.0127659
5120.73, 0.989352, 0.00466132, 0.99933, 0.00901121
5120.74, 0.993407, 0.00467584, 0.99956, 0.00600747
5120.75, 0.996059, 0.00468564, 1, 0
5120.76, 0.995674, 0.00468602, 1, 0
5120.77, 0.9915, 0.00467233, 1, 0
5120.78, 0.986778, 0.00465656, 1, 0
5120.79, 0.982476, 0.00464238, 1, 0
5120.8, 0.978174, 0.0046282, 1, 0
