wav, obs, sigma_obs, syn, weight
5151.8, 0.82029, 0.00364951, 1, 0
5151.81, 0.799872, 0.00357837, 1, 0
5151.82, 0.7703, 0.00347608, 1, 0
5151.83, 0.726621, 0.00332438, 1, 0
5151.84, 0.667197, 0.00311554, 1, 0
5151.85, 0.594678, 0.00285929, 1, 0
5151.86, 0.513652, 0.00257089, 0.43553, 0.000682872
5151.87, 0.429928, 0.00226621, 0.34511, 0
5151.88, 0.352521, 0.00197663, 0.27991, 0.000682872
5151.89, 0.291685, 0.00174218, 0.23866, 0.00136574
5151.9, 0.253473, 0.00159175, 0.21641, 0.00204862
5151.91, 0.241757, 0.00154527, 0.20874, 0.00341436
5151.92, 0.25869, 0.0016128, 0.21391, 0.00478011
5151.93, 0.305221, 0.00179489, 0.23326, 0.0075116
5151.94, 0.379493, 0.00207834, 0.27103, 0.00956021
5151.95, 0.472535, 0.00242199, 0.33277, 0.0122917
5151.96, 0.574037, 0.00278605, 0.42123, 0.0157061
5151.97, 0.673969, 0.00313934, 0.5318, 0.0191204
5151.98, 0.763637, 0.00345297, 0.65105, 0.0225348
5151.99, 0.836559, 0.0037052, 0.76136, 0.0273149
5152, 0.890507, 0.00389077, 0.84884, 0.0348265
5152.01, 0.927736, 0.00401882, 0.90872, 0.0471182
5152.02, 0.953735, 0.00410817, 0.94464, 0.0717016
5152.03, 0.971723, 0.004169, 0.9641, 0.119503
5152.04, 0.983654, 0.00420813, 0.97406, 0.205545
5152.05, 0.990632, 0.00423168, 0.97913, 0.347582
5152.06, 0.993147, 0.00424015, 0.98167, 0.559272
5152.07, 0.991259, 0.00423138, 0.98222, 0.846762
5152.08, 0.984796, 0.00420912, 0.97981, 1.2039
5152.09, 0.972142, 0.00416923, 0.97199, 1.61568
5152.1, 0.949533, 0.00409328, 0.95471, 2.06432
5152.11, 0.912887, 0.00396612, 0.92298, 2.5355
5152.12, 0.85901, 0.00377846, 0.87259, 3.01761
5152.13, 0.788007, 0.00353185, 0.80292, 3.49972
5152.14, 0.704068, 0.00324002, 0.719, 3.96544
5152.15, 0.616023, 0.00293095, 0.63139, 4.38814
5152.16, 0.53682, 0.0026498, 0.55336, 4.73777
5152.17, 0.480256, 0.00244669, 0.49698, 4.98155
5152.18, 0.45752, 0.00236409, 0.47043, 5.09491
5152.19, 0.473296, 0.00242055, 0.4773, 5.0676
5152.2, 0.525125, 0.00260741, 0.51675, 4.90097
5152.21, 0.602701, 0.00288396, 0.58341, 4.61349
5152.22, 0.692482, 0.00319943, 0.6674, 4.23244
5152.23, 0.780077, 0.00350548, 0.75569, 3.78926
5152.24, 0.854908, 0.00376503, 0.83559, 3.31535
5152.25, 0.91099, 0.00395634, 0.89845, 2.83187
5152.26, 0.94958, 0.00408813, 0.94165, 2.35181
5152.27, 0.974106, 0.00417353, 0.96765, 1.88746
5152.28, 0.988346, 0.00422095, 0.98146, 1.44974
5152.29, 0.995469, 0.00424339, 0.98808, 1.05572
5152.3, 0.998169, 0.00425363, 0.99117, 0.723845
5152.31, 0.998762, 0.00425478, 0.99285, 0.464353
5152.32, 0.997881, 0.00424956, 0.99406, 0.280661
5152.33, 0.994804, 0.00424235, 0.99508, 0.162524
5152.34, 0.992351, 0.00423619, 0.99592, 0.0928706
5152.35, 0.992278, 0.00423125, 0.99657, 0.0566784
5152.36, 0.990336, 0.00422276, 0.99702, 0.0382408
5152.37, 0.98728, 0.00421507, 0.99732, 0.0286806
5152.38, 0.98788, 0.00421836, 0.99752, 0.0239005
5152.39, 0.990356, 0.00422752, 0.99766, 0.021169
5152.4, 0.992787, 0.0042366, 0.99776, 0.0198033
5152.41, 0.996719, 0.00424704, 0.99784, 0.0177547
5152.42, 1.0005, 0.00425637, 0.9979, 0.0170718
5152.43, 1.00133, 0.00426076, 0.99795, 0.0163889
5152.44, 1.00141, 0.0042635, 0.99799, 0.0157061
5152.45, 1.00218, 0.00426615, 0.99802, 0.0143403
5152.46, 1.00236, 0.00426559, 0.99806, 0.0129746
5152.47, 1.001, 0.00426059, 0.99811, 0.0116088
5152.48, 0.997539, 0.00425008, 0.99817, 0.00956021
5152.49, 0.991732, 0.00423058, 0.99823, 0.0075116
5152.5, 0.985444, 0.00420762, 0.9983, 0.00478011
5152.51, 0.981713, 0.00419336, 1, 0
5152.52, 0.977332, 0.00417838, 1, 0
5152.53, 0.96918, 0.00415255, 1, 0
5152.54, 0.960415, 0.00412493, 1, 0
5152.55, 0.9522, 0.00409891, 1, 0
5152.56, 0.943985, 0.00407289, 1, 0
