wav, obs, sigma_obs, syn, weight
5200.73, 1.00273, 0.00423014, 1, 0
5200.74, 0.997137, 0.00420883, 1, 0
5200.75, 0.991549, 0.00418752, 1, 0
5200.76, 0.986202, 0.00416659, 1, 0
5200.77, 0.980659, 0.00414536, 1, 0
5200.78, 0.973109, 0.00412092, 1, 0
5200.79, 0.96464, 0.00409453, 0.99955, 0.00332841
5200.8, 0.957201, 0.00406971, 0.99931, 0.00665682
5200.81, 0.951592, 0.00405119, 0.99906, 0.00832103
5200.82, 0.948682, 0.00404229, 0.99883, 0.00998523
5200.83, 0.949407, 0.00404477, 0.99865, 0.00998523
5200.84, 0.953932, 0.00405956, 0.99848, 0.0116494
5200.85, 0.961425, 0.00408472, 0.99834, 0.0133136
5200.86, 0.969925, 0.00411425, 0.99822, 0.0116494
5200.87, 0.977772, 0.00414192, 0.99811, 0.0133136
5200.88, 0.984109, 0.00416383, 0.99801, 0.0149778
5200.89, 0.989628, 0.00418215, 0.99792, 0.0166421
5200.9, 0.994614, 0.00419869, 0.99781, 0.0199705
5200.91, 0.998496, 0.00421262, 0.99763, 0.0266273
5200.92, 0.999496, 0.00421642, 0.9973, 0.0382767
5200.93, 0.99754, 0.00420909, 0.99663, 0.0615756
5200.94, 0.995373, 0.0042013, 0.99529, 0.109838
5200.95, 0.992298, 0.00419081, 0.99284, 0.193048
5200.96, 0.986041, 0.00416977, 0.98868, 0.334505
5200.97, 0.975551, 0.00413584, 0.98219, 0.552516
5200.98, 0.961452, 0.00408978, 0.97292, 0.865387
5200.99, 0.945583, 0.00403507, 0.9607, 1.27645
5201, 0.929096, 0.0039783, 0.94582, 1.77737
5201.01, 0.913271, 0.00392553, 0.92904, 2.3432
5201.02, 0.899798, 0.00388039, 0.91147, 2.93732
5201.03, 0.888953, 0.00384401, 0.89437, 3.51647
5201.04, 0.880264, 0.00381554, 0.87896, 4.04069
5201.05, 0.873329, 0.00379203, 0.86617, 4.47505
5201.06, 0.866991, 0.00376957, 0.85662, 4.79957
5201.07, 0.859841, 0.00374499, 0.85062, 5.00094
5201.08, 0.85274, 0.00372141, 0.84829, 5.07749
5201.09, 0.848051, 0.00370609, 0.84965, 5.0259
5201.1, 0.849214, 0.00370939, 0.8547, 4.84783
5201.11, 0.858104, 0.00373858, 0.86336, 4.54827
5201.12, 0.874729, 0.00379483, 0.87537, 4.13389
5201.13, 0.896476, 0.00386793, 0.89017, 3.62464
5201.14, 0.919862, 0.00394696, 0.90686, 3.05215
5201.15, 0.941253, 0.00402202, 0.92424, 2.45803
5201.16, 0.958231, 0.0040826, 0.94102, 1.88222
5201.17, 0.970394, 0.00412482, 0.95599, 1.36631
5201.18, 0.979661, 0.00415476, 0.9683, 0.935284
5201.19, 0.986344, 0.00417631, 0.97756, 0.604107
5201.2, 0.990398, 0.00419151, 0.98385, 0.369454
5201.21, 0.99326, 0.00420179, 0.98765, 0.214683
5201.22, 0.995215, 0.00420759, 0.9896, 0.123151
5201.23, 0.995662, 0.00420927, 0.99037, 0.0698966
5201.24, 0.995642, 0.00421032, 0.99049, 0.0416051
5201.25, 0.995875, 0.0042118, 0.99035, 0.0282915
5201.26, 0.995941, 0.00421041, 0.99017, 0.0199705
5201.27, 0.995778, 0.00420871, 0.99007, 0.0149778
5201.28, 0.995335, 0.00420923, 0.99012, 0.0133136
5201.29, 0.994121, 0.00420686, 0.99035, 0.0116494
5201.3, 0.993686, 0.00420561, 0.99076, 0.00998523
5201.31, 0.99604, 0.00421357, 0.99136, 0.00832103
5201.32, 0.99722, 0.00421791, 0.99215, 0.00665682
5201.33, 0.996017, 0.00421416, 0.99312, 0.00665682
5201.34, 0.996902, 0.00421642, 0.99427, 0.00499262
5201.35, 0.999143, 0.00422419, 0.99555, 0.00499262
5201.36, 1.00031, 0.0042305, 0.99686, 0.00332841
5201.37, 1.00059, 0.0042323, 0.99805, 0.00332841
5201.38, 1.00116, 0.00423377, 1, 0
5201.39, 1.0029, 0.00424082, 1, 0
5201.4, 1.00365, 0.00424381, 1, 0
5201.41, 1.00322, 0.00424093, 1, 0
5201.42, 1.00462, 0.00424435, 1, 0
5201.43, 1.00628, 0.00424944, 1, 0
