wav, obs, sigma_obs, syn, weight
5211.88, 0.988247, 0.00485621, 1, 0
5211.89, 0.990502, 0.00485957, 1, 0
5211.9, 0.992757, 0.00486293, 1, 0
5211.91, 0.995013, 0.00486629, 1, 0
5211.92, 0.997338, 0.00486957, 1, 0
5211.93, 0.999644, 0.00487287, 1, 0
5211.94, 1.00099, 0.00487718, 0.9995, 0.0102334
5211.95, 1.00132, 0.00488212, 0.99926, 0.0153501
5211.96, 1.00106, 0.00488626, 0.99908, 0.0230252
5211.97, 1.0008, 0.00488763, 0.99899, 0.0230252
5211.98, 1.00009, 0.00488633, 0.99895, 0.0255835
5211.99, 0.998894, 0.00488355, 0.99894, 0.0255835
5212, 0.998673, 0.00488087, 0.9989, 0.0255835
5212.01, 0.999022, 0.00488171, 0.99884, 0.0255835
5212.02, 0.998989, 0.00488553, 0.99876, 0.0255835
5212.03, 0.998461, 0.00488483, 0.99866, 0.0255835
5212.04, 0.998065, 0.00488232, 0.99856, 0.0281419
5212.05, 0.99751, 0.00488053, 0.99845, 0.0255835
5212.06, 0.995239, 0.00487532, 0.99835, 0.0255835
5212.07, 0.994451, 0.00487306, 0.99824, 0.0307002
5212.08, 0.996393, 0.00487718, 0.9981, 0.0307002
5212.09, 0.996889, 0.00488037, 0.99791, 0.0307002
5212.1, 0.996235, 0.00488075, 0.9976, 0.0358169
5212.11, 0.995733, 0.00488067, 0.99712, 0.0409336
5212.12, 0.995376, 0.00488334, 0.99637, 0.0537254
5212.13, 0.995541, 0.00488272, 0.99524, 0.0767505
5212.14, 0.995275, 0.00487655, 0.99355, 0.125359
5212.15, 0.992544, 0.00487107, 0.9911, 0.209785
5212.16, 0.990511, 0.00486511, 0.9876, 0.358169
5212.17, 0.988359, 0.00485246, 0.98275, 0.588421
5212.18, 0.980068, 0.00482653, 0.9763, 0.921007
5212.19, 0.970729, 0.00479296, 0.96816, 1.36104
5212.2, 0.961685, 0.00475337, 0.95849, 1.8983
5212.21, 0.94755, 0.00470254, 0.94776, 2.50207
5212.22, 0.933187, 0.00464835, 0.93667, 3.12886
5212.23, 0.922302, 0.00460186, 0.92601, 3.73008
5212.24, 0.9138, 0.00457007, 0.91653, 4.2571
5212.25, 0.906998, 0.00454704, 0.90875, 4.6869
5212.26, 0.902014, 0.00452862, 0.90296, 4.9939
5212.27, 0.89936, 0.0045165, 0.89923, 5.17299
5212.28, 0.898529, 0.00451255, 0.89758, 5.22671
5212.29, 0.898082, 0.00451143, 0.89798, 5.14996
5212.3, 0.897142, 0.00450702, 0.90049, 4.94529
5212.31, 0.899226, 0.00451627, 0.90509, 4.61527
5212.32, 0.905664, 0.00454412, 0.91165, 4.165
5212.33, 0.915338, 0.00458336, 0.91982, 3.62007
5212.34, 0.928671, 0.00463898, 0.92898, 3.01118
5212.35, 0.942137, 0.00469515, 0.93837, 2.38438
5212.36, 0.95043, 0.00472648, 0.94724, 1.79085
5212.37, 0.9543, 0.00474108, 0.95502, 1.26894
5212.38, 0.955844, 0.00474829, 0.96145, 0.844256
5212.39, 0.95677, 0.00475325, 0.96656, 0.532137
5212.4, 0.95754, 0.0047616, 0.97062, 0.317236
5212.41, 0.960841, 0.0047774, 0.97398, 0.184201
5212.42, 0.967996, 0.00479999, 0.97687, 0.107451
5212.43, 0.972624, 0.00482089, 0.97939, 0.0665171
5212.44, 0.977596, 0.00484726, 0.98149, 0.0460503
5212.45, 0.987425, 0.00488422, 0.98303, 0.0332586
5212.46, 0.993712, 0.00490598, 0.98387, 0.0281419
5212.47, 0.995748, 0.00491457, 0.98393, 0.0255835
5212.48, 0.997263, 0.00492382, 0.98322, 0.0204668
5212.49, 0.998207, 0.00492874, 0.98191, 0.0179085
5212.5, 0.998278, 0.00493026, 0.98046, 0.0179085
5212.51, 0.997565, 0.0049312, 0.97977, 0.0153501
5212.52, 0.996603, 0.00492861, 0.9809, 0.0127918
5212.53, 0.995663, 0.00492536, 0.98431, 0.0102334
5212.54, 0.994637, 0.00492366, 0.98922, 0.0051167
5212.55, 0.993213, 0.00491895, 1, 0
5212.56, 0.992592, 0.00491554, 1, 0
5212.57, 0.992392, 0.0049141, 1, 0
5212.58, 0.989092, 0.00490373, 1, 0
5212.59, 0.985744, 0.00489381, 1, 0
5212.6, 0.984021, 0.00488857, 1, 0
