wav, obs, sigma_obs, syn, weight
5219.32, 0.995266, 0.00601215, 1, 0
5219.33, 0.996846, 0.00601647, 1, 0
5219.34, 0.998889, 0.00602271, 1, 0
5219.35, 1.00024, 0.0060261, 1, 0
5219.36, 0.999623, 0.00602137, 1, 0
5219.37, 0.998513, 0.00601496, 1, 0
5219.38, 0.99877, 0.0060147, 1, 0
5219.39, 0.999441, 0.00601584, 0.99909, 0.00362315
5219.4, 0.999415, 0.0060131, 0.99903, 0.00579705
5219.41, 0.999134, 0.00600859, 0.999, 0.00652168
5219.42, 0.998984, 0.00600465, 0.99898, 0.00797094
5219.43, 0.998824, 0.00600182, 0.99897, 0.00869557
5219.44, 0.998754, 0.00600072, 0.99895, 0.0101448
5219.45, 0.999154, 0.00600199, 0.99894, 0.0108695
5219.46, 0.999736, 0.00600318, 0.99891, 0.0123187
5219.47, 0.999775, 0.00600018, 0.99888, 0.013768
5219.48, 0.99925, 0.00599441, 0.99883, 0.0144926
5219.49, 0.998536, 0.00598959, 0.99877, 0.0166665
5219.5, 0.998228, 0.00598685, 0.99868, 0.0188404
5219.51, 0.998525, 0.00598552, 0.99854, 0.0231882
5219.52, 0.998146, 0.00598162, 0.99832, 0.0311591
5219.53, 0.996399, 0.00597254, 0.99794, 0.0442025
5219.54, 0.994351, 0.00595972, 0.99734, 0.0702892
5219.55, 0.992648, 0.00594622, 0.99634, 0.118115
5219.56, 0.991039, 0.00593606, 0.99472, 0.199273
5219.57, 0.988312, 0.00592346, 0.99202, 0.329707
5219.58, 0.982649, 0.00589519, 0.98757, 0.523908
5219.59, 0.974146, 0.00585119, 0.98028, 0.793471
5219.6, 0.96352, 0.00579664, 0.96875, 1.14129
5219.61, 0.948481, 0.00572182, 0.95139, 1.5623
5219.62, 0.926068, 0.00561312, 0.92682, 2.04273
5219.63, 0.895047, 0.00546326, 0.89431, 2.56664
5219.64, 0.855534, 0.00527145, 0.85429, 3.10867
5219.65, 0.809893, 0.00504876, 0.80862, 3.64344
5219.66, 0.762073, 0.00481435, 0.76061, 4.14054
5219.67, 0.717919, 0.00459704, 0.71472, 4.57097
5219.68, 0.682699, 0.00442291, 0.67599, 4.90792
5219.69, 0.660675, 0.00431316, 0.64918, 5.12821
5219.7, 0.653, 0.00427394, 0.63788, 5.21952
5219.71, 0.658922, 0.00430195, 0.64371, 5.17531
5219.72, 0.678662, 0.00439703, 0.666, 4.99778
5219.73, 0.711835, 0.00455599, 0.70185, 4.69996
5219.74, 0.753474, 0.00475616, 0.74682, 4.29996
5219.75, 0.79822, 0.00497247, 0.79578, 3.8217
5219.76, 0.843041, 0.00518776, 0.84383, 3.29707
5219.77, 0.884799, 0.0053858, 0.88702, 2.75287
5219.78, 0.919568, 0.00554989, 0.92283, 2.21737
5219.79, 0.945703, 0.00567339, 0.95024, 1.71593
5219.8, 0.964327, 0.00576138, 0.9696, 1.26955
5219.81, 0.977465, 0.00582275, 0.98219, 0.892745
5219.82, 0.98746, 0.00586776, 0.98973, 0.594197
5219.83, 0.994584, 0.00589858, 0.99386, 0.373185
5219.84, 0.998312, 0.00591413, 0.99593, 0.221737
5219.85, 0.999262, 0.00591705, 0.99687, 0.126086
5219.86, 0.998682, 0.0059126, 0.99724, 0.0710138
5219.87, 0.998662, 0.00591044, 0.99734, 0.0405793
5219.88, 1.00009, 0.00591478, 0.9973, 0.0253621
5219.89, 1.0012, 0.00591762, 0.99718, 0.0173911
5219.9, 1.00117, 0.00591512, 0.997, 0.013768
5219.91, 1.00079, 0.00591069, 0.9967, 0.0123187
5219.92, 1.00074, 0.00590812, 0.99621, 0.0101448
5219.93, 1.0014, 0.00591021, 0.99537, 0.0094202
5219.94, 1.00183, 0.00591155, 0.99387, 0.00797094
5219.95, 1.00083, 0.00590456, 0.9912, 0.00797094
5219.96, 0.99935, 0.0058949, 0.98663, 0.00724631
5219.97, 0.998131, 0.00588749, 0.97924, 0.00652168
5219.98, 0.994587, 0.00586863, 0.96846, 0.00579705
5219.99, 0.987626, 0.00583244, 0.9541, 0.00579705
5220, 0.980941, 0.00579858, 0.93741, 0.00434779
5220.01, 0.975258, 0.00577096, 0.92151, 0.00362315
5220.02, 0.966446, 0.00572769, 1, 0
5220.03, 0.954624, 0.00566887, 1, 0
5220.04, 0.943916, 0.00561549, 1, 0
5220.05, 0.935671, 0.0055744, 1, 0
5220.06, 0.929398, 0.0055431, 1, 0
5220.07, 0.924172, 0.00551701, 1, 0
5220.08, 0.918523, 0.00548881, 1, 0
