wav, obs, sigma_obs, syn, weight
5223.26, 0.958439, 0.00513923, 1, 0
5223.27, 0.970286, 0.00518767, 1, 0
5223.28, 0.981625, 0.00523399, 1, 0
5223.29, 0.989306, 0.00526505, 1, 0
5223.3, 0.994031, 0.00528416, 1, 0
5223.31, 0.998119, 0.00530133, 1, 0
5223.32, 1.0006, 0.00531106, 1, 0
5223.33, 1.00025, 0.00530697, 0.99874, 0.00860951
5223.34, 0.999939, 0.0053031, 0.99873, 0.00983944
5223.35, 1.00156, 0.00530898, 0.99877, 0.0135292
5223.36, 1.00297, 0.00531437, 0.99882, 0.0135292
5223.37, 1.00327, 0.00531436, 0.99887, 0.0147592
5223.38, 1.00376, 0.00531389, 0.9989, 0.0159891
5223.39, 1.00398, 0.00531214, 0.99891, 0.017219
5223.4, 1.00235, 0.00530449, 0.9989, 0.0184489
5223.41, 1.00045, 0.00529616, 0.99887, 0.0196789
5223.42, 1.00055, 0.00529459, 0.99883, 0.0221387
5223.43, 1.00142, 0.0052962, 0.99878, 0.0245986
5223.44, 1.00122, 0.00529458, 0.99871, 0.0295183
5223.45, 0.998932, 0.00528402, 0.99861, 0.0381278
5223.46, 0.995172, 0.00526622, 0.99845, 0.0541169
5223.47, 0.992598, 0.00525315, 0.99815, 0.0860951
5223.48, 0.990862, 0.00524432, 0.99757, 0.143902
5223.49, 0.987128, 0.00522837, 0.99648, 0.239836
5223.5, 0.982205, 0.00520592, 0.99446, 0.394807
5223.51, 0.978203, 0.00518291, 0.99098, 0.623574
5223.52, 0.973405, 0.00515814, 0.98538, 0.938436
5223.53, 0.965917, 0.00512857, 0.97704, 1.34185
5223.54, 0.956893, 0.00509247, 0.96552, 1.82522
5223.55, 0.946811, 0.00504791, 0.95079, 2.36638
5223.56, 0.934081, 0.00499226, 0.93337, 2.93584
5223.57, 0.917809, 0.00492273, 0.91431, 3.493
5223.58, 0.898241, 0.00483774, 0.89512, 4.00588
5223.59, 0.878068, 0.00474961, 0.87753, 4.44005
5223.6, 0.861142, 0.00467717, 0.86319, 4.76967
5223.61, 0.849347, 0.00462658, 0.85348, 4.9849
5223.62, 0.843764, 0.00460029, 0.84935, 5.07469
5223.63, 0.845244, 0.00460416, 0.85117, 5.03656
5223.64, 0.854132, 0.00464124, 0.85878, 4.87052
5223.65, 0.869857, 0.00470774, 0.87144, 4.58641
5223.66, 0.89055, 0.00479477, 0.88795, 4.19037
5223.67, 0.91301, 0.00488868, 0.90672, 3.70701
5223.68, 0.934604, 0.00497845, 0.92603, 3.16338
5223.69, 0.953334, 0.00505602, 0.94424, 2.59392
5223.7, 0.968445, 0.00511898, 0.9601, 2.03799
5223.71, 0.979872, 0.00516747, 0.97288, 1.5288
5223.72, 0.988233, 0.00520216, 0.98239, 1.09095
5223.73, 0.994116, 0.00522446, 0.98892, 0.741647
5223.74, 0.997693, 0.0052371, 0.99303, 0.479672
5223.75, 0.999429, 0.00524293, 0.99533, 0.298873
5223.76, 1.00021, 0.00524475, 0.99637, 0.17957
5223.77, 1.0006, 0.00524496, 0.99654, 0.109464
5223.78, 1.00076, 0.00524491, 0.99604, 0.070106
5223.79, 0.999993, 0.00524021, 0.995, 0.0491972
5223.8, 0.997664, 0.00522675, 0.99346, 0.0368979
5223.81, 0.995077, 0.00521318, 0.99149, 0.0319782
5223.82, 0.993446, 0.00520662, 0.98919, 0.0282884
5223.83, 0.992505, 0.00520229, 0.98675, 0.0270584
5223.84, 0.991541, 0.00519585, 0.98436, 0.0270584
5223.85, 0.989608, 0.00518639, 0.98225, 0.0258285
5223.86, 0.987623, 0.00517798, 0.98061, 0.0245986
5223.87, 0.987709, 0.00517735, 0.97961, 0.0245986
5223.88, 0.988405, 0.00517818, 0.97934, 0.0221387
5223.89, 0.987436, 0.00517185, 0.97989, 0.0209088
5223.9, 0.987555, 0.00517085, 0.9813, 0.017219
5223.91, 0.990826, 0.00518422, 0.98356, 0.0147592
5223.92, 0.993522, 0.00519513, 1, 0
5223.93, 0.993917, 0.00519532, 1, 0
5223.94, 0.994809, 0.0051962, 1, 0
5223.95, 0.996564, 0.00520028, 1, 0
5223.96, 0.997102, 0.00520077, 1, 0
5223.97, 0.996378, 0.00519737, 1, 0
5223.98, 0.995982, 0.00519498, 1, 0
