wav, obs, sigma_obs, syn, weight
5236.97, 0.99807, 0.00414911, 1, 0
5236.98, 0.997681, 0.00414783, 1, 0
5236.99, 0.996934, 0.00414527, 1, 0
5237, 0.996146, 0.00414205, 1, 0
5237.01, 0.995498, 0.00413874, 1, 0
5237.02, 0.994316, 0.00413429, 1, 0
5237.03, 0.992276, 0.00412757, 1, 0
5237.04, 0.989621, 0.004118, 0.98055, 0
5237.05, 0.986783, 0.00410794, 0.97694, 0.041757
5237.06, 0.984356, 0.00410051, 0.97427, 0.041757
5237.07, 0.983154, 0.00409659, 0.97272, 0.041757
5237.08, 0.983293, 0.00409564, 0.97238, 0.041757
5237.09, 0.983942, 0.00409609, 0.97322, 0.041757
5237.1, 0.984861, 0.00409868, 0.97514, 0.041757
5237.11, 0.986278, 0.00410468, 0.97792, 0.041757
5237.12, 0.988673, 0.00411177, 0.98124, 0.041757
5237.13, 0.991444, 0.00411729, 0.98471, 0.041757
5237.14, 0.992322, 0.00411971, 0.98792, 0.0835141
5237.15, 0.991938, 0.00412051, 0.9905, 0.0835141
5237.16, 0.992351, 0.00412191, 0.99212, 0.041757
5237.17, 0.9917, 0.00411925, 0.99251, 0.041757
5237.18, 0.988699, 0.00410979, 0.99138, 0.041757
5237.19, 0.985524, 0.00409846, 0.98836, 0.041757
5237.2, 0.982322, 0.00408582, 0.98291, 0.041757
5237.21, 0.977204, 0.00406778, 0.97434, 0.041757
5237.22, 0.968983, 0.00404034, 0.96185, 0.041757
5237.23, 0.957028, 0.00400064, 0.94474, 0.041757
5237.24, 0.941336, 0.00394835, 0.9226, 0.041757
5237.25, 0.921365, 0.00388158, 0.89565, 0.041757
5237.26, 0.896123, 0.00379712, 0.86483, 0
5237.27, 0.86623, 0.00369722, 0.83188, 0
5237.28, 0.833444, 0.00358775, 0.79917, 0
5237.29, 0.800697, 0.00347777, 0.7695, 0
5237.3, 0.772301, 0.00338152, 0.74569, 0
5237.31, 0.753793, 0.00331817, 0.73022, 0
5237.32, 0.748386, 0.00329923, 0.72482, 0
5237.33, 0.75703, 0.00332842, 0.73017, 0
5237.34, 0.777319, 0.00339741, 0.74578, 0
5237.35, 0.806106, 0.0034946, 0.77004, 0
5237.36, 0.840128, 0.00360732, 0.80055, 0
5237.37, 0.87436, 0.00372024, 0.83444, 0
5237.38, 0.903534, 0.00381833, 0.86879, 0.041757
5237.39, 0.926487, 0.00389555, 0.90102, 0.041757
5237.4, 0.943543, 0.00395132, 0.92912, 0.125271
5237.41, 0.955683, 0.00399044, 0.95193, 0.208785
5237.42, 0.964419, 0.00401852, 0.9691, 0.334056
5237.43, 0.971419, 0.00404081, 0.98105, 0.584599
5237.44, 0.977243, 0.00405958, 0.98866, 0.876898
5237.45, 0.98189, 0.00407508, 0.99303, 1.33623
5237.46, 0.984996, 0.00408546, 0.99519, 1.92082
5237.47, 0.987105, 0.00409178, 0.99597, 2.50542
5237.48, 0.989327, 0.00409734, 0.99594, 3.17354
5237.49, 0.990653, 0.00410097, 0.99548, 3.79989
5237.5, 0.990429, 0.00410178, 0.99483, 4.38449
5237.51, 0.991039, 0.00410433, 0.99417, 4.84382
5237.52, 0.992618, 0.00410825, 0.99361, 5.17787
5237.53, 0.992769, 0.00410804, 0.99325, 5.38666
5237.54, 0.992825, 0.00410785, 0.99313, 5.47017
5237.55, 0.994581, 0.0041128, 0.99328, 5.47017
5237.56, 0.99566, 0.00411648, 0.99368, 5.26139
5237.57, 0.995824, 0.00411818, 0.99431, 4.96909
5237.58, 0.998107, 0.00412587, 0.99509, 4.50976
5237.59, 1.00051, 0.0041326, 0.99595, 3.96692
5237.6, 0.999885, 0.00412883, 0.99679, 3.34056
5237.61, 0.99962, 0.00412733, 0.99756, 2.67245
5237.62, 1.00117, 0.00413327, 0.99818, 2.0461
5237.63, 1.00109, 0.00413379, 0.99866, 1.50325
5237.64, 0.999889, 0.00412966, 0.99899, 1.04393
5237.65, 1.00008, 0.00412914, 0.99921, 0.668113
5237.66, 1.00027, 0.00412939, 0.99937, 0.375813
5237.67, 0.999284, 0.00412703, 1, 0
5237.68, 0.998203, 0.0041233, 1, 0
5237.69, 0.997801, 0.00412068, 1, 0
5237.7, 0.998324, 0.00412147, 1, 0
5237.71, 0.999277, 0.004124, 1, 0
5237.72, 1.00004, 0.00412577, 1, 0
5237.73, 1.00081, 0.00412754, 1, 0
