wav, obs, sigma_obs, syn, weight
5238.16, 0.999285, 0.00410863, 1, 0
5238.17, 0.997976, 0.00410331, 1, 0
5238.18, 0.996845, 0.00409823, 1, 0
5238.19, 0.995264, 0.00409253, 1, 0
5238.2, 0.992929, 0.00408561, 1, 0
5238.21, 0.990467, 0.00407773, 1, 0
5238.22, 0.988194, 0.00406937, 0.96455, 0.00167302
5238.23, 0.985925, 0.00406106, 0.9609, 0.00334604
5238.24, 0.983494, 0.00405277, 0.9598, 0.00418255
5238.25, 0.98123, 0.00404552, 0.96106, 0.00501907
5238.26, 0.980826, 0.00404408, 0.96425, 0.00585558
5238.27, 0.982613, 0.00404959, 0.96885, 0.00669209
5238.28, 0.985056, 0.00405799, 0.97418, 0.00669209
5238.29, 0.987563, 0.004066, 0.97965, 0.0075286
5238.3, 0.989974, 0.00407177, 0.98473, 0.0075286
5238.31, 0.991732, 0.0040761, 0.98903, 0.00836511
5238.32, 0.993003, 0.00408072, 0.99239, 0.00836511
5238.33, 0.994894, 0.00408742, 0.99479, 0.00920162
5238.34, 0.996798, 0.00409352, 0.99634, 0.00920162
5238.35, 0.997471, 0.00409513, 0.99721, 0.0108746
5238.36, 0.997179, 0.00409383, 0.99752, 0.0117112
5238.37, 0.996664, 0.00409243, 0.99738, 0.0142207
5238.38, 0.996742, 0.00409335, 0.99681, 0.0184032
5238.39, 0.997091, 0.00409443, 0.9958, 0.0267684
5238.4, 0.996958, 0.00409241, 0.99434, 0.0434986
5238.41, 0.996944, 0.00409173, 0.99241, 0.0719399
5238.42, 0.997345, 0.00409404, 0.99004, 0.120458
5238.43, 0.99736, 0.00409334, 0.98725, 0.19658
5238.44, 0.996312, 0.00408785, 0.98403, 0.308673
5238.45, 0.993939, 0.00407944, 0.98029, 0.468446
5238.46, 0.991138, 0.00406998, 0.97581, 0.681756
5238.47, 0.987329, 0.00405676, 0.97022, 0.959478
5238.48, 0.978823, 0.00402923, 0.96303, 1.30328
5238.49, 0.965699, 0.00398716, 0.95363, 1.7115
5238.5, 0.950644, 0.00393753, 0.94145, 2.17911
5238.51, 0.932941, 0.00387873, 0.92603, 2.68687
5238.52, 0.911526, 0.0038081, 0.90732, 3.21471
5238.53, 0.887066, 0.00372707, 0.88583, 3.73084
5238.54, 0.862415, 0.00364514, 0.86288, 4.20347
5238.55, 0.841333, 0.00357549, 0.84043, 4.60165
5238.56, 0.822842, 0.00351438, 0.82093, 4.89861
5238.57, 0.80637, 0.00345918, 0.80682, 5.07511
5238.58, 0.796054, 0.00342344, 0.80012, 5.1253
5238.59, 0.794889, 0.00341837, 0.80195, 5.04834
5238.6, 0.80397, 0.00344961, 0.81239, 4.8526
5238.61, 0.823053, 0.00351415, 0.83037, 4.54978
5238.62, 0.850468, 0.00360425, 0.8539, 4.15746
5238.63, 0.882256, 0.00370867, 0.8804, 3.69403
5238.64, 0.913588, 0.00381199, 0.90716, 3.18125
5238.65, 0.93964, 0.00389714, 0.93182, 2.64672
5238.66, 0.959504, 0.00396182, 0.9527, 2.11721
5238.67, 0.97394, 0.00400948, 0.96901, 1.62199
5238.68, 0.983608, 0.00404165, 0.98078, 1.18283
5238.69, 0.989162, 0.00405949, 0.98864, 0.818944
5238.7, 0.991473, 0.0040651, 0.9935, 0.534531
5238.71, 0.992977, 0.00406815, 0.99628, 0.329585
5238.72, 0.995545, 0.00407672, 0.99777, 0.193234
5238.73, 0.997272, 0.00408378, 0.99852, 0.108746
5238.74, 0.997606, 0.0040855, 0.99886, 0.0610653
5238.75, 0.998218, 0.00408512, 0.999, 0.0368065
5238.76, 0.998842, 0.0040856, 0.99905, 0.0234223
5238.77, 0.998638, 0.00408791, 0.99904, 0.0175667
5238.78, 0.9983, 0.00408787, 0.999, 0.0142207
5238.79, 0.998109, 0.00408444, 0.99894, 0.0125477
5238.8, 0.997524, 0.00408175, 0.99885, 0.0117112
5238.81, 0.996987, 0.00408154, 0.9987, 0.0100381
5238.82, 0.997114, 0.00408317, 0.99842, 0.00836511
5238.83, 0.997167, 0.00408294, 0.99797, 0.0075286
5238.84, 0.996969, 0.00408072, 0.99728, 0.00585558
5238.85, 0.997305, 0.00408121, 0.99637, 0.00418255
5238.86, 0.99673, 0.00407934, 0.9955, 0.00250953
5238.87, 0.993579, 0.00406837, 1, 0
5238.88, 0.990369, 0.00405748, 1, 0
5238.89, 0.986787, 0.00404598, 1, 0
5238.9, 0.977435, 0.00401501, 1, 0
5238.91, 0.963104, 0.00396704, 1, 0
5238.92, 0.95029, 0.00392426, 1, 0
