wav, obs, sigma_obs, syn, weight
5248.05, 0.992762, 0.00416428, 1, 0
5248.06, 0.994109, 0.00416999, 1, 0
5248.07, 0.995568, 0.00417619, 1, 0
5248.08, 0.996481, 0.00417999, 1, 0
5248.09, 0.997178, 0.00418224, 1, 0
5248.1, 0.998527, 0.00418618, 1, 0
5248.11, 0.999235, 0.00418906, 0.999, 0
5248.12, 0.998878, 0.00418937, 0.99903, 0
5248.13, 0.999596, 0.00419105, 0.99906, 0.00680618
5248.14, 1.0004, 0.00419262, 0.9991, 0.00680618
5248.15, 0.999524, 0.00419129, 0.99913, 0.0136124
5248.16, 0.998616, 0.00419044, 0.99915, 0.0136124
5248.17, 0.998629, 0.00419151, 0.99917, 0.0204185
5248.18, 0.999215, 0.0041931, 0.99918, 0.0204185
5248.19, 0.999525, 0.00419352, 0.99919, 0.0272247
5248.2, 0.9992, 0.00419271, 0.9992, 0.0272247
5248.21, 0.998786, 0.00419281, 0.9992, 0.0340309
5248.22, 0.998868, 0.00419379, 0.99919, 0.0408371
5248.23, 0.999366, 0.00419415, 0.99919, 0.0612556
5248.24, 0.998846, 0.00419189, 0.99916, 0.0952865
5248.25, 0.998108, 0.00419063, 0.99911, 0.149736
5248.26, 0.998736, 0.00419461, 0.99899, 0.258635
5248.27, 0.99823, 0.0041941, 0.99872, 0.428789
5248.28, 0.996059, 0.00418671, 0.99818, 0.69423
5248.29, 0.994735, 0.0041815, 0.99711, 1.04815
5248.3, 0.993404, 0.00417736, 0.9952, 1.49736
5248.31, 0.990337, 0.00416859, 0.99202, 2.02824
5248.32, 0.98497, 0.00414977, 0.98724, 2.59996
5248.33, 0.978323, 0.00412568, 0.98072, 3.17168
5248.34, 0.971661, 0.00410353, 0.97276, 3.68895
5248.35, 0.964229, 0.00407857, 0.96419, 4.13135
5248.36, 0.956721, 0.00405354, 0.95626, 4.47166
5248.37, 0.951301, 0.00403841, 0.95041, 4.70307
5248.38, 0.94836, 0.00403092, 0.94782, 4.80516
5248.39, 0.948738, 0.00403137, 0.94906, 4.79835
5248.4, 0.954369, 0.00404854, 0.95385, 4.66904
5248.41, 0.962843, 0.00407672, 0.96118, 4.42401
5248.42, 0.970904, 0.0041058, 0.96966, 4.06329
5248.43, 0.978766, 0.00413396, 0.9779, 3.60727
5248.44, 0.98577, 0.00415764, 0.98489, 3.06959
5248.45, 0.990536, 0.0041727, 0.99012, 2.49787
5248.46, 0.993359, 0.00418218, 0.99357, 1.93295
5248.47, 0.995104, 0.00418947, 0.99552, 1.41568
5248.48, 0.996703, 0.00419599, 0.99636, 0.966477
5248.49, 0.998372, 0.00420202, 0.99651, 0.626168
5248.5, 0.999739, 0.00420622, 0.99629, 0.381146
5248.51, 1.00001, 0.0042055, 0.99596, 0.217798
5248.52, 0.99988, 0.00420476, 0.9957, 0.115705
5248.53, 1.00041, 0.0042096, 0.99562, 0.0680618
5248.54, 1.00063, 0.00421167, 0.99575, 0.0340309
5248.55, 1.0001, 0.00420881, 0.99608, 0.0204185
5248.56, 0.999325, 0.00420709, 0.99653, 0.0136124
5248.57, 0.999262, 0.00420829, 0.99702, 0.00680618
5248.58, 0.999713, 0.00420989, 0.99745, 0.0136124
5248.59, 0.998853, 0.00420626, 0.99775, 0.00680618
5248.6, 0.997809, 0.00420233, 0.99788, 0
5248.61, 0.99811, 0.00420416, 0.99782, 0
5248.62, 0.998454, 0.00420717, 0.99756, 0.00680618
5248.63, 0.998263, 0.00420756, 0.99712, 0
5248.64, 0.997962, 0.00420503, 0.99656, 0
5248.65, 0.998315, 0.00420561, 0.99597, 0
5248.66, 0.999151, 0.00421001, 1, 0
5248.67, 0.999363, 0.00421191, 1, 0
5248.68, 0.999737, 0.00421306, 1, 0
5248.69, 1.00062, 0.00421529, 1, 0
5248.7, 1.00026, 0.00421463, 1, 0
5248.71, 0.998762, 0.00421131, 1, 0
