wav, obs, sigma_obs, syn, weight
5259.62, 0.995722, 0.00506625, 1, 0
5259.63, 0.995553, 0.00507, 1, 0
5259.64, 0.995385, 0.0050727, 1, 0
5259.65, 0.995006, 0.00507228, 1, 0
5259.66, 0.993805, 0.00506756, 1, 0
5259.67, 0.991982, 0.00506074, 1, 0
5259.68, 0.989983, 0.00505344, 0.98611, 0.0039687
5259.69, 0.987653, 0.00504295, 0.98328, 0.00595305
5259.7, 0.983892, 0.00502886, 0.97999, 0.0079374
5259.71, 0.978628, 0.00501239, 0.97672, 0.0079374
5259.72, 0.974098, 0.00499639, 0.97414, 0.0079374
5259.73, 0.97236, 0.00499055, 0.97289, 0.00992174
5259.74, 0.973924, 0.00499786, 0.97334, 0.00992174
5259.75, 0.977371, 0.00500982, 0.97543, 0.0119061
5259.76, 0.981138, 0.00502476, 0.97869, 0.0138904
5259.77, 0.984967, 0.00504308, 0.9824, 0.0138904
5259.78, 0.989344, 0.00506256, 0.9859, 0.0178591
5259.79, 0.991639, 0.00507299, 0.98873, 0.0218278
5259.8, 0.991781, 0.0050755, 0.99072, 0.0277809
5259.81, 0.99218, 0.00508034, 0.99196, 0.039687
5259.82, 0.992349, 0.005084, 0.99265, 0.0595305
5259.83, 0.992687, 0.00508673, 0.99297, 0.101202
5259.84, 0.993747, 0.00509087, 0.99307, 0.172638
5259.85, 0.993109, 0.00508933, 0.99299, 0.297652
5259.86, 0.991423, 0.00508472, 0.99269, 0.494103
5259.87, 0.990777, 0.00508347, 0.99198, 0.785802
5259.88, 0.990569, 0.00508196, 0.99053, 1.17672
5259.89, 0.98845, 0.00507308, 0.98779, 1.66288
5259.9, 0.982623, 0.00505183, 0.98308, 2.22049
5259.91, 0.973956, 0.00501954, 0.97573, 2.81778
5259.92, 0.963719, 0.00497801, 0.9654, 3.40316
5259.93, 0.952191, 0.00492995, 0.95242, 3.94092
5259.94, 0.938611, 0.00487958, 0.93803, 4.38938
5259.95, 0.926164, 0.00483027, 0.92433, 4.73267
5259.96, 0.916981, 0.00478884, 0.9138, 4.95492
5259.97, 0.91053, 0.00476682, 0.90863, 5.05414
5259.98, 0.910987, 0.00477272, 0.90995, 5.03032
5259.99, 0.919378, 0.00480541, 0.91748, 4.88348
5260, 0.931589, 0.00485398, 0.92957, 4.61163
5260.01, 0.944548, 0.00490758, 0.94384, 4.22468
5260.02, 0.957438, 0.00496338, 0.95786, 3.73653
5260.03, 0.970378, 0.0050211, 0.96987, 3.17496
5260.04, 0.980651, 0.00506504, 0.97898, 2.57965
5260.05, 0.986464, 0.0050882, 0.98518, 1.99427
5260.06, 0.988821, 0.0050977, 0.98899, 1.4585
5260.07, 0.99246, 0.00511139, 0.9911, 1.01003
5260.08, 0.995495, 0.0051248, 0.99217, 0.658804
5260.09, 0.995015, 0.00512768, 0.99265, 0.408776
5260.1, 0.995708, 0.00513058, 0.99284, 0.244075
5260.11, 0.996854, 0.00513517, 0.99288, 0.140889
5260.12, 0.996449, 0.00513719, 0.99285, 0.085327
5260.13, 0.996226, 0.00513459, 0.99278, 0.0555618
5260.14, 0.996198, 0.00513532, 0.99268, 0.039687
5260.15, 0.995978, 0.00514148, 0.99255, 0.0297652
5260.16, 0.99587, 0.00514229, 0.9924, 0.0257965
5260.17, 0.995607, 0.00514018, 0.99223, 0.0218278
5260.18, 0.995382, 0.00513992, 0.99202, 0.0198435
5260.19, 0.995825, 0.00514229, 0.99177, 0.0178591
5260.2, 0.99577, 0.00514539, 0.99148, 0.0158748
5260.21, 0.994465, 0.00514481, 0.99113, 0.0158748
5260.22, 0.992563, 0.0051381, 0.99071, 0.0138904
5260.23, 0.992191, 0.00513585, 0.9902, 0.0138904
5260.24, 0.99252, 0.00513685, 0.98952, 0.00992174
5260.25, 0.991081, 0.00513223, 0.98862, 0.0079374
5260.26, 0.988665, 0.00512646, 0.98745, 0.00595305
5260.27, 0.987009, 0.005121, 1, 0
5260.28, 0.985853, 0.00511216, 1, 0
5260.29, 0.98009, 0.00509232, 1, 0
5260.3, 0.967592, 0.00504749, 1, 0
5260.31, 0.949816, 0.0049743, 1, 0
5260.32, 0.932029, 0.00490106, 1, 0
