wav, obs, sigma_obs, syn, weight
5288.92, 0.993857, 0.00393516, 1, 0
5288.93, 0.993759, 0.00393524, 1, 0
5288.94, 0.993645, 0.00393523, 1, 0
5288.95, 0.993424, 0.00393458, 1, 0
5288.96, 0.993079, 0.00393284, 1, 0
5288.97, 0.992806, 0.00393088, 1, 0
5288.98, 0.99326, 0.00393287, 0.99941, 0.00726046
5288.99, 0.994138, 0.00393765, 0.99933, 0.0145209
5289, 0.994357, 0.00393933, 0.99929, 0.0145209
5289.01, 0.99439, 0.00393914, 0.99928, 0.0145209
5289.02, 0.994828, 0.00393972, 0.99928, 0.0145209
5289.03, 0.995237, 0.00394078, 0.99929, 0.0217814
5289.04, 0.995428, 0.00394204, 0.99929, 0.0217814
5289.05, 0.995416, 0.00394306, 0.9993, 0.0217814
5289.06, 0.994676, 0.00394108, 0.9993, 0.0217814
5289.07, 0.993654, 0.00393725, 0.99929, 0.0217814
5289.08, 0.99453, 0.00393996, 0.99928, 0.0217814
5289.09, 0.99675, 0.00394717, 0.99927, 0.0217814
5289.1, 0.998254, 0.00395124, 0.99924, 0.0217814
5289.11, 0.998826, 0.00395225, 0.99919, 0.0363023
5289.12, 0.998926, 0.00395268, 0.9991, 0.0653441
5289.13, 0.999251, 0.00395521, 0.99894, 0.116167
5289.14, 0.999841, 0.00395827, 0.99864, 0.210553
5289.15, 1.00046, 0.00395945, 0.99809, 0.363023
5289.16, 1.00115, 0.00396092, 0.99711, 0.609878
5289.17, 1.00134, 0.00396156, 0.99549, 0.943859
5289.18, 0.999994, 0.00395661, 0.99297, 1.37949
5289.19, 0.998085, 0.00395033, 0.98936, 1.90224
5289.2, 0.996029, 0.00394531, 0.98455, 2.48308
5289.21, 0.990796, 0.0039307, 0.97866, 3.08569
5289.22, 0.983179, 0.00390778, 0.97201, 3.65927
5289.23, 0.976993, 0.003888, 0.96515, 4.16024
5289.24, 0.970001, 0.00386466, 0.95874, 4.56683
5289.25, 0.961099, 0.0038355, 0.95342, 4.86451
5289.26, 0.955424, 0.0038186, 0.94977, 5.0315
5289.27, 0.953951, 0.00381553, 0.94812, 5.07506
5289.28, 0.954599, 0.00381679, 0.94861, 5.00245
5289.29, 0.958246, 0.00382756, 0.9511, 4.79916
5289.3, 0.964783, 0.00384917, 0.9552, 4.46518
5289.31, 0.971411, 0.00387094, 0.96034, 4.02955
5289.32, 0.97741, 0.0038902, 0.96581, 3.5068
5289.33, 0.982867, 0.00390759, 0.97093, 2.92596
5289.34, 0.985803, 0.0039163, 0.97512, 2.32335
5289.35, 0.986545, 0.00391818, 0.9781, 1.75703
5289.36, 0.988433, 0.00392604, 0.97986, 1.25606
5289.37, 0.990879, 0.00393489, 0.98065, 0.842213
5289.38, 0.992107, 0.0039363, 0.98086, 0.522753
5289.39, 0.992597, 0.00393678, 0.98093, 0.3122
5289.4, 0.993426, 0.00394041, 0.98121, 0.174251
5289.41, 0.995389, 0.0039457, 0.98194, 0.0943859
5289.42, 0.996193, 0.00394813, 0.98322, 0.0508232
5289.43, 0.994658, 0.00394593, 0.98502, 0.0290418
5289.44, 0.994253, 0.00394513, 0.9872, 0.0217814
5289.45, 0.994813, 0.00394524, 0.98956, 0.0145209
5289.46, 0.993653, 0.00394159, 0.99191, 0.0145209
5289.47, 0.992464, 0.0039388, 0.99404, 0.00726046
5289.48, 0.992419, 0.00393928, 0.99583, 0.0145209
5289.49, 0.991769, 0.00393751, 0.99721, 0.00726046
5289.5, 0.990801, 0.00393409, 0.99819, 0.00726046
5289.51, 0.990801, 0.00393313, 0.99883, 0.00726046
5289.52, 0.991213, 0.00393544, 0.99923, 0.00726046
5289.53, 0.991737, 0.00393936, 0.99945, 0.00726046
5289.54, 0.992876, 0.00394164, 0.99958, 0.00726046
5289.55, 0.994194, 0.00394344, 0.99966, 0
5289.56, 0.995076, 0.003947, 0.99973, 0
5289.57, 0.995787, 0.00395089, 1, 0
5289.58, 0.996011, 0.00395233, 1, 0
5289.59, 0.994945, 0.00394884, 1, 0
5289.6, 0.993648, 0.00394446, 1, 0
5289.61, 0.993195, 0.00394318, 1, 0
5289.62, 0.992892, 0.00394244, 1, 0
