wav, obs, sigma_obs, syn, weight
5295.42, 0.995405, 0.00413838, 1, 0
5295.43, 0.996944, 0.00414237, 1, 0
5295.44, 0.999182, 0.00414929, 1, 0
5295.45, 1.00136, 0.00415684, 1, 0
5295.46, 1.00209, 0.00416031, 1, 0
5295.47, 1.00185, 0.00416088, 1, 0
5295.48, 1.00133, 0.00416008, 0.9953, 0.00231982
5295.49, 1.00078, 0.00415821, 0.99501, 0.00463963
5295.5, 1.0002, 0.0041565, 0.99494, 0.00579954
5295.51, 0.999972, 0.00415688, 0.99514, 0.00695945
5295.52, 1.00112, 0.00416126, 0.99558, 0.00811936
5295.53, 1.00228, 0.00416493, 0.99617, 0.00927927
5295.54, 1.00171, 0.004163, 0.99683, 0.00927927
5295.55, 1.00112, 0.00416153, 0.99743, 0.00927927
5295.56, 1.00137, 0.00416276, 0.99792, 0.0115991
5295.57, 1.00192, 0.00416402, 0.99826, 0.0115991
5295.58, 1.00218, 0.00416541, 0.99846, 0.012759
5295.59, 1.00205, 0.00416673, 0.99853, 0.0150788
5295.6, 1.00197, 0.00416638, 0.9985, 0.0185585
5295.61, 1.00129, 0.00416425, 0.99841, 0.0278378
5295.62, 0.999531, 0.00416061, 0.99829, 0.0452364
5295.63, 0.997706, 0.00415516, 0.99814, 0.0811936
5295.64, 0.996325, 0.00414955, 0.99796, 0.150788
5295.65, 0.995206, 0.00414569, 0.99765, 0.271419
5295.66, 0.993403, 0.00414181, 0.99698, 0.461644
5295.67, 0.990719, 0.00413562, 0.99546, 0.742341
5295.68, 0.987625, 0.00412533, 0.99225, 1.11931
5295.69, 0.983186, 0.00411037, 0.98604, 1.58907
5295.7, 0.975299, 0.00408582, 0.97522, 2.13539
5295.71, 0.961046, 0.00404024, 0.95819, 2.72578
5295.72, 0.93971, 0.00396965, 0.93409, 3.32082
5295.73, 0.91148, 0.00387458, 0.90353, 3.87989
5295.74, 0.876233, 0.00375734, 0.86911, 4.36706
5295.75, 0.838255, 0.00363233, 0.83535, 4.7533
5295.76, 0.805504, 0.00352426, 0.80779, 5.0224
5295.77, 0.786695, 0.00346187, 0.79162, 5.16391
5295.78, 0.786076, 0.00345964, 0.79007, 5.17667
5295.79, 0.802271, 0.0035136, 0.80348, 5.06068
5295.8, 0.831852, 0.00361285, 0.82911, 4.8171
5295.81, 0.868996, 0.00373791, 0.86206, 4.45405
5295.82, 0.905342, 0.00385993, 0.89675, 3.98545
5295.83, 0.936762, 0.00396389, 0.92836, 3.43913
5295.84, 0.961256, 0.00404352, 0.95387, 2.84642
5295.85, 0.976202, 0.00409446, 0.97231, 2.25254
5295.86, 0.984998, 0.00412576, 0.98432, 1.69463
5295.87, 0.993651, 0.00415214, 0.99137, 1.2063
5295.88, 0.998321, 0.00416713, 0.99514, 0.809616
5295.89, 0.998615, 0.00417119, 0.99698, 0.51036
5295.9, 1.00035, 0.00417752, 0.99781, 0.303896
5295.91, 1.00222, 0.00418421, 0.99816, 0.170507
5295.92, 1.00192, 0.0041856, 0.99829, 0.0927927
5295.93, 1.00077, 0.0041815, 0.99834, 0.051036
5295.94, 1.00086, 0.00418025, 0.99833, 0.0289977
5295.95, 1.0027, 0.00418716, 0.99829, 0.0185585
5295.96, 1.0023, 0.00418687, 0.9982, 0.0150788
5295.97, 0.99945, 0.00417803, 0.99805, 0.0115991
5295.98, 0.997309, 0.004172, 0.99777, 0.0104392
5295.99, 0.995969, 0.00416847, 0.99726, 0.0104392
5296, 0.994187, 0.00416326, 0.99631, 0.00811936
5296.01, 0.990597, 0.00415269, 0.99468, 0.00811936
5296.02, 0.987171, 0.0041413, 0.99203, 0.00695945
5296.03, 0.985234, 0.00413324, 0.9881, 0.00695945
5296.04, 0.982446, 0.00412539, 0.98278, 0.00695945
5296.05, 0.97899, 0.00411573, 0.97633, 0.00463963
5296.06, 0.976571, 0.00410564, 0.96937, 0.00463963
5296.07, 0.975928, 0.0041025, 0.96291, 0.00231982
5296.08, 0.976899, 0.0041076, 0.95811, 0.00231982
5296.09, 0.978729, 0.00411611, 1, 0
5296.1, 0.980993, 0.00412556, 1, 0
5296.11, 0.983751, 0.00413575, 1, 0
5296.12, 0.987454, 0.00414828, 1, 0
5296.13, 0.991649, 0.00416209, 1, 0
5296.14, 0.995665, 0.00417543, 1, 0
