wav, obs, sigma_obs, syn, weight
5299.68, 1.00268, 0.00442819, 1, 0
5299.69, 1.00223, 0.00442754, 1, 0
5299.7, 1.00179, 0.00442689, 1, 0
5299.71, 1.00138, 0.00442674, 1, 0
5299.72, 1.00089, 0.0044254, 1, 0
5299.73, 1.00048, 0.00442285, 1, 0
5299.74, 1.00152, 0.00442727, 0.99944, 0
5299.75, 1.00227, 0.00443265, 0.99927, 0
5299.76, 0.999953, 0.00442648, 0.99915, 0
5299.77, 0.998823, 0.00442425, 0.99908, 0
5299.78, 1.00018, 0.00443034, 0.99903, 0.00396731
5299.79, 1.00086, 0.0044325, 0.999, 0.00793463
5299.8, 1.00035, 0.00443069, 0.99897, 0.00793463
5299.81, 0.999665, 0.00442872, 0.99893, 0.00793463
5299.82, 1.00016, 0.00442913, 0.99889, 0.0119019
5299.83, 0.999712, 0.00442748, 0.99884, 0.0158693
5299.84, 0.99774, 0.00442306, 0.99876, 0.0198366
5299.85, 0.997486, 0.00442333, 0.99865, 0.0317385
5299.86, 0.997695, 0.00442456, 0.99843, 0.0515751
5299.87, 0.996483, 0.00442175, 0.99801, 0.0912482
5299.88, 0.994677, 0.00441692, 0.99718, 0.170595
5299.89, 0.99172, 0.0044069, 0.99564, 0.301516
5299.9, 0.986965, 0.00438962, 0.99298, 0.507816
5299.91, 0.981508, 0.00437212, 0.98874, 0.813299
5299.92, 0.975247, 0.0043524, 0.98253, 1.214
5299.93, 0.967495, 0.0043249, 0.97417, 1.70991
5299.94, 0.958548, 0.00429277, 0.9638, 2.27327
5299.95, 0.948779, 0.00425891, 0.95199, 2.85647
5299.96, 0.93858, 0.00422442, 0.9396, 3.41586
5299.97, 0.928571, 0.00418881, 0.92768, 3.91574
5299.98, 0.918106, 0.0041508, 0.91728, 4.31644
5299.99, 0.906707, 0.0041121, 0.90925, 4.61002
5300, 0.899393, 0.00408821, 0.90421, 4.78855
5300.01, 0.897873, 0.00408408, 0.9025, 4.84409
5300.02, 0.899475, 0.00409156, 0.90423, 4.78458
5300.03, 0.905718, 0.00411492, 0.90929, 4.61399
5300.04, 0.917104, 0.0041559, 0.91733, 4.32041
5300.05, 0.931011, 0.00420681, 0.92774, 3.91574
5300.06, 0.945015, 0.00425632, 0.93964, 3.41586
5300.07, 0.957971, 0.00430018, 0.95201, 2.85647
5300.08, 0.970151, 0.00434456, 0.96379, 2.2693
5300.09, 0.979358, 0.00437823, 0.97411, 1.70991
5300.1, 0.984404, 0.0043942, 0.98242, 1.21003
5300.11, 0.987914, 0.00440728, 0.98858, 0.805365
5300.12, 0.990103, 0.0044167, 0.99276, 0.499882
5300.13, 0.991223, 0.00442062, 0.99536, 0.285647
5300.14, 0.99452, 0.00443424, 0.99684, 0.154725
5300.15, 0.997417, 0.00444616, 0.99761, 0.0793463
5300.16, 0.996334, 0.0044408, 0.99797, 0.0357058
5300.17, 0.995509, 0.00443981, 0.99812, 0.0158693
5300.18, 0.996638, 0.00444724, 0.99816, 0.00793463
5300.19, 0.998358, 0.00445234, 0.99813, 0.00396731
5300.2, 0.998985, 0.00445502, 0.99806, 0.00396731
5300.21, 0.998691, 0.00445677, 0.99793, 0.00396731
5300.22, 0.998884, 0.00445793, 0.99773, 0
5300.23, 0.999188, 0.00445697, 0.99743, 0.00396731
5300.24, 0.999438, 0.00445662, 0.997, 0
5300.25, 0.999935, 0.00446184, 0.99651, 0.00396731
5300.26, 1.00003, 0.00446559, 0.99613, 0.00396731
5300.27, 0.99987, 0.00446566, 0.99612, 0.00396731
5300.28, 1.00063, 0.00446856, 0.99664, 0.00396731
5300.29, 1.00169, 0.00447152, 1, 0
5300.3, 1.00211, 0.00447186, 1, 0
5300.31, 1.00165, 0.00447189, 1, 0
5300.32, 1.0017, 0.00447356, 1, 0
5300.33, 1.00212, 0.00447459, 1, 0
5300.34, 0.999613, 0.00446745, 1, 0
