wav, obs, sigma_obs, syn, weight
5308.07, 1.00335, 0.00585937, 1, 0
5308.08, 1.00301, 0.00585755, 1, 0
5308.09, 1.00291, 0.00585521, 1, 0
5308.1, 1.00287, 0.00585349, 1, 0
5308.11, 1.00279, 0.005853, 1, 0
5308.12, 1.0029, 0.00585242, 1, 0
5308.13, 1.00312, 0.00585059, 1, 0
5308.14, 1.00279, 0.00584713, 0.99977, 0
5308.15, 1.00208, 0.00584383, 0.99967, 0
5308.16, 1.00231, 0.00584497, 0.99958, 0
5308.17, 1.0031, 0.00584753, 0.99952, 0
5308.18, 1.00247, 0.00584186, 0.99947, 0
5308.19, 1.00044, 0.00582974, 0.99945, 0
5308.2, 0.998497, 0.00582102, 0.99943, 0
5308.21, 0.997625, 0.00581851, 0.99942, 0
5308.22, 0.998266, 0.00582056, 0.99939, 0
5308.23, 0.999234, 0.00582262, 0.99935, 0
5308.24, 0.999102, 0.00582051, 0.99928, 0
5308.25, 0.998522, 0.00581753, 0.99914, 0.0474334
5308.26, 0.998248, 0.0058165, 0.99887, 0.0474334
5308.27, 0.997257, 0.00581111, 0.99835, 0.0474334
5308.28, 0.995095, 0.00579866, 0.99744, 0
5308.29, 0.993673, 0.00579048, 0.99591, 0.0948668
5308.3, 0.993699, 0.00579101, 0.99353, 0.1423
5308.31, 0.993029, 0.00578837, 0.99009, 0.237167
5308.32, 0.990388, 0.00577546, 0.98545, 0.379467
5308.33, 0.986069, 0.00575397, 0.9796, 0.616634
5308.34, 0.979922, 0.00572405, 0.97269, 0.901235
5308.35, 0.971347, 0.00568404, 0.96505, 1.23327
5308.36, 0.961537, 0.00563875, 0.95709, 1.66017
5308.37, 0.952792, 0.00559697, 0.94928, 2.08707
5308.38, 0.944693, 0.0055573, 0.94207, 2.5614
5308.39, 0.935719, 0.00551442, 0.93583, 3.03574
5308.4, 0.927463, 0.0054759, 0.93084, 3.51007
5308.41, 0.92237, 0.00545254, 0.92728, 3.98441
5308.42, 0.920714, 0.00544481, 0.92528, 4.36387
5308.43, 0.921926, 0.00544945, 0.92491, 4.60104
5308.44, 0.9248, 0.00546097, 0.92619, 4.74334
5308.45, 0.928549, 0.00547628, 0.92913, 4.79077
5308.46, 0.933763, 0.00549924, 0.93364, 4.74334
5308.47, 0.9407, 0.00553118, 0.93954, 4.60104
5308.48, 0.948618, 0.00556691, 0.94653, 4.26901
5308.49, 0.956623, 0.00560183, 0.95422, 3.88954
5308.5, 0.963786, 0.00563319, 0.9621, 3.46264
5308.51, 0.96957, 0.00565901, 0.96969, 3.03574
5308.52, 0.973914, 0.00567832, 0.97652, 2.5614
5308.53, 0.977716, 0.00569511, 0.98225, 2.08707
5308.54, 0.982311, 0.00571576, 0.98668, 1.61274
5308.55, 0.986406, 0.0057337, 0.98971, 1.23327
5308.56, 0.987766, 0.00573786, 0.99138, 0.853801
5308.57, 0.987668, 0.00573548, 0.99177, 0.616634
5308.58, 0.988209, 0.00573774, 0.99105, 0.426901
5308.59, 0.988581, 0.00573935, 0.9894, 0.237167
5308.6, 0.987473, 0.00573268, 0.98708, 0.1423
5308.61, 0.984735, 0.00571856, 0.98434, 0.0948668
5308.62, 0.980904, 0.00570073, 0.98148, 0.0474334
5308.63, 0.977589, 0.00568572, 0.97874, 0
5308.64, 0.975511, 0.00567595, 0.97632, 0
5308.65, 0.973585, 0.00566597, 0.97439, 0
5308.66, 0.97181, 0.00565584, 0.97309, 0
5308.67, 0.971763, 0.00565343, 0.97261, 0
5308.68, 0.973544, 0.00565985, 0.97321, 0
5308.69, 0.975796, 0.00566942, 0.97519, 0
5308.7, 0.978172, 0.00568023, 0.97868, 0
5308.71, 0.981066, 0.00569319, 0.98337, 0
5308.72, 0.984696, 0.00570888, 0.98848, 0
5308.73, 0.989014, 0.00572708, 1, 0
5308.74, 0.992991, 0.00574402, 1, 0
5308.75, 0.995571, 0.00575567, 1, 0
5308.76, 0.997222, 0.00576301, 1, 0
5308.77, 0.998653, 0.00576813, 1, 0
5308.78, 1.00004, 0.00577247, 1, 0
5308.79, 1.00145, 0.00577725, 1, 0
