wav, obs, sigma_obs, syn, weight
5328.76, 0.888442, 0.00354515, 1, 0
5328.77, 0.896131, 0.00356846, 1, 0
5328.78, 0.90286, 0.00358882, 1, 0
5328.79, 0.908175, 0.00360484, 1, 0
5328.8, 0.912504, 0.00361782, 1, 0
5328.81, 0.916217, 0.00362926, 1, 0
5328.82, 0.919654, 0.00364059, 1, 0
5328.83, 0.92375, 0.00365288, 0.91963, 5.38732
5328.84, 0.928636, 0.00366554, 0.9233, 5.61755
5328.85, 0.931864, 0.00367408, 0.9269, 4.92687
5328.86, 0.933191, 0.00367873, 0.93017, 3.72969
5328.87, 0.935171, 0.00368529, 0.93302, 2.57855
5328.88, 0.937436, 0.00369236, 0.93548, 1.56555
5328.89, 0.938636, 0.00369634, 0.9376, 0.966956
5328.9, 0.940275, 0.00370121, 0.93945, 0.644637
5328.91, 0.942883, 0.0037083, 0.94106, 0.460455
5328.92, 0.944279, 0.00371177, 0.94249, 0.368364
5328.93, 0.944458, 0.00371228, 0.94377, 0.276273
5328.94, 0.94514, 0.0037153, 0.94491, 0.230228
5328.95, 0.946672, 0.00372036, 0.94591, 0.184182
5328.96, 0.948443, 0.00372466, 0.94676, 0.184182
5328.97, 0.948804, 0.00372518, 0.94742, 0.138137
5328.98, 0.947689, 0.00372232, 0.94778, 0.138137
5328.99, 0.946719, 0.00371957, 0.94767, 0.092091
5329, 0.944769, 0.0037132, 0.94674, 0.138137
5329.01, 0.939931, 0.00369775, 0.94432, 0.138137
5329.02, 0.932987, 0.00367592, 0.93918, 0.092091
5329.03, 0.923605, 0.00364668, 0.92936, 0.092091
5329.04, 0.908685, 0.00360012, 0.91213, 0.138137
5329.05, 0.886082, 0.00353002, 0.88447, 0.092091
5329.06, 0.854486, 0.00343305, 0.84394, 0.138137
5329.07, 0.812121, 0.00330309, 0.7899, 0.138137
5329.08, 0.758282, 0.00313684, 0.72444, 0.230228
5329.09, 0.695263, 0.00294044, 0.65257, 0.322319
5329.1, 0.628029, 0.00272876, 0.58133, 0.506501
5329.11, 0.564147, 0.00252538, 0.51834, 0.828819
5329.12, 0.512758, 0.00235994, 0.47016, 1.24323
5329.13, 0.482572, 0.00226151, 0.44147, 1.65764
5329.14, 0.478253, 0.00224716, 0.43478, 2.16414
5329.15, 0.500812, 0.0023207, 0.45072, 2.62459
5329.16, 0.546721, 0.00246865, 0.48805, 3.039
5329.17, 0.608225, 0.00266452, 0.54349, 3.40737
5329.18, 0.675329, 0.00287558, 0.61164, 3.68364
5329.19, 0.740582, 0.00307934, 0.68534, 3.86782
5329.2, 0.798423, 0.00325914, 0.75697, 3.95991
5329.21, 0.845697, 0.00340422, 0.82007, 3.95991
5329.22, 0.881878, 0.00351383, 0.87064, 3.91387
5329.23, 0.908757, 0.00359605, 0.90767, 3.68364
5329.24, 0.92816, 0.00365615, 0.93261, 3.45341
5329.25, 0.941905, 0.00369844, 0.94827, 3.08505
5329.26, 0.951858, 0.0037288, 0.95764, 2.57855
5329.27, 0.959205, 0.00375106, 0.96318, 2.11809
5329.28, 0.964242, 0.00376596, 0.96659, 1.65764
5329.29, 0.96807, 0.00377745, 0.96885, 1.19718
5329.3, 0.971945, 0.00378995, 0.9705, 0.828819
5329.31, 0.975233, 0.00380016, 0.97181, 0.552546
5329.32, 0.977298, 0.00380551, 0.9729, 0.368364
5329.33, 0.978579, 0.00380922, 0.97385, 0.230228
5329.34, 0.979874, 0.00381346, 0.97469, 0.184182
5329.35, 0.981929, 0.0038185, 0.97545, 0.138137
5329.36, 0.983684, 0.00382273, 0.97614, 0.092091
5329.37, 0.984151, 0.00382473, 0.97678, 0.092091
5329.38, 0.984595, 0.00382579, 0.97738, 0.092091
5329.39, 0.985469, 0.00382697, 0.97794, 0.092091
5329.4, 0.985788, 0.00382833, 0.97845, 0.0460455
5329.41, 0.985341, 0.00382839, 0.97893, 0.092091
5329.42, 0.984505, 0.00382595, 0.97937, 0.0460455
5329.43, 0.984014, 0.00382412, 0.97978, 0.092091
5329.44, 0.984217, 0.00382481, 0.98016, 0.092091
5329.45, 0.984655, 0.00382597, 0.98051, 0.092091
5329.46, 0.984983, 0.00382638, 0.98085, 0.0460455
5329.47, 0.985126, 0.0038262, 0.98117, 0.0460455
5329.48, 0.985658, 0.00382794, 0.98147, 0.0460455
5329.49, 0.986891, 0.00383252, 0.98175, 0.0460455
5329.5, 0.987942, 0.00383498, 0.98202, 0
5329.51, 0.988006, 0.00383324, 0.98228, 0
5329.52, 0.986793, 0.00382966, 0.98253, 0
5329.53, 0.986002, 0.00382846, 0.98282, 0.0460455
5329.54, 0.987217, 0.00383218, 1, 0
5329.55, 0.988158, 0.00383468, 1, 0
5329.56, 0.987171, 0.00383164, 1, 0
5329.57, 0.984818, 0.00382442, 1, 0
5329.58, 0.981784, 0.00381497, 1, 0
5329.59, 0.978906, 0.00380604, 1, 0
5329.6, 0.97605, 0.00379718, 1, 0
