wav, obs, sigma_obs, syn, weight
5350.72, 0.999697, 0.00477788, 1, 0
5350.73, 0.997573, 0.00477054, 1, 0
5350.74, 0.994726, 0.00476167, 1, 0
5350.75, 0.993378, 0.0047577, 1, 0
5350.76, 0.993205, 0.00475693, 1, 0
5350.77, 0.992397, 0.00475379, 1, 0
5350.78, 0.991941, 0.0047536, 0.99877, 0.00296649
5350.79, 0.991923, 0.00475507, 0.99885, 0.00593298
5350.8, 0.991881, 0.00475461, 0.99892, 0.00889947
5350.81, 0.993007, 0.00476147, 0.99894, 0.011866
5350.82, 0.994255, 0.00476953, 0.99893, 0.0133492
5350.83, 0.993933, 0.00476727, 0.9989, 0.0148325
5350.84, 0.994085, 0.0047669, 0.99888, 0.0163157
5350.85, 0.994556, 0.00477057, 0.99886, 0.0192822
5350.86, 0.993777, 0.00477124, 0.99886, 0.0222487
5350.87, 0.992443, 0.00476734, 0.99887, 0.0252152
5350.88, 0.991897, 0.00476414, 0.99889, 0.0311482
5350.89, 0.992673, 0.00476692, 0.99891, 0.0385644
5350.9, 0.992762, 0.00476934, 0.99891, 0.0504304
5350.91, 0.992526, 0.00477045, 0.99889, 0.0771288
5350.92, 0.993038, 0.00477225, 0.99884, 0.121626
5350.93, 0.992081, 0.00477084, 0.99871, 0.197272
5350.94, 0.990708, 0.00476932, 0.99845, 0.324831
5350.95, 0.991132, 0.00477225, 0.99793, 0.517653
5350.96, 0.991584, 0.00477376, 0.99692, 0.789087
5350.97, 0.990903, 0.0047718, 0.99505, 1.14358
5350.98, 0.988829, 0.00476602, 0.99175, 1.57669
5350.99, 0.985126, 0.0047511, 0.98638, 2.06913
5351, 0.97908, 0.00472763, 0.97836, 2.5942
5351.01, 0.969785, 0.00469669, 0.96742, 3.11482
5351.02, 0.956805, 0.00465049, 0.95389, 3.60132
5351.03, 0.941564, 0.00459327, 0.93886, 4.02256
5351.04, 0.926304, 0.00453544, 0.92411, 4.35926
5351.05, 0.91258, 0.00448234, 0.9118, 4.59954
5351.06, 0.903081, 0.00444637, 0.90401, 4.73452
5351.07, 0.900805, 0.0044404, 0.90213, 4.76715
5351.08, 0.907246, 0.00446598, 0.90652, 4.69299
5351.09, 0.919198, 0.00451154, 0.91637, 4.515
5351.1, 0.93297, 0.0045656, 0.92996, 4.23615
5351.11, 0.949348, 0.00463053, 0.94511, 3.86237
5351.12, 0.965275, 0.00469385, 0.95975, 3.41146
5351.13, 0.977178, 0.00474086, 0.97235, 2.90568
5351.14, 0.985858, 0.00477321, 0.98213, 2.37764
5351.15, 0.992384, 0.00479794, 0.98903, 1.86147
5351.16, 0.997046, 0.00481819, 0.99347, 1.39128
5351.17, 0.999186, 0.00482722, 0.9961, 0.986358
5351.18, 1.00074, 0.00483267, 0.99755, 0.664494
5351.19, 1.00311, 0.00484205, 0.9983, 0.425691
5351.2, 1.00405, 0.00484726, 0.99869, 0.262534
5351.21, 1.00367, 0.00484803, 0.99889, 0.157224
5351.22, 1.00358, 0.00484917, 0.999, 0.0949277
5351.23, 1.00521, 0.00485489, 0.99907, 0.0593298
5351.24, 1.0066, 0.00486177, 0.99912, 0.0415309
5351.25, 1.00636, 0.00486503, 0.99915, 0.0296649
5351.26, 1.00672, 0.00486479, 0.99917, 0.0252152
5351.27, 1.00772, 0.00486803, 0.99919, 0.0207654
5351.28, 1.00816, 0.00487488, 0.99919, 0.0192822
5351.29, 1.00711, 0.00487232, 0.99918, 0.0177989
5351.3, 1.00719, 0.00487127, 0.99914, 0.0163157
5351.31, 1.00863, 0.00487643, 0.99908, 0.0148325
5351.32, 1.00671, 0.00487001, 0.99895, 0.0133492
5351.33, 1.00638, 0.00487162, 0.99875, 0.0103827
5351.34, 1.00903, 0.00488511, 0.99844, 0.00741623
5351.35, 1.00632, 0.00487429, 0.99805, 0.00444974
5351.36, 1.0041, 0.00486501, 0.99764, 0.00296649
5351.37, 1.0058, 0.00487287, 1, 0
5351.38, 1.00431, 0.00486747, 1, 0
5351.39, 1.00231, 0.00486169, 1, 0
5351.4, 1.00265, 0.00486663, 1, 0
5351.41, 1.00306, 0.00486875, 1, 0
5351.42, 1.00325, 0.00486847, 1, 0
