wav, obs, sigma_obs, syn, weight
5435.44, 0.998873, 0.00393881, 1, 0
5435.45, 0.997125, 0.00393464, 1, 0
5435.46, 0.9954, 0.00393055, 1, 0
5435.47, 0.994912, 0.00393078, 1, 0
5435.48, 0.995146, 0.00393312, 1, 0
5435.49, 0.99497, 0.00393307, 1, 0
5435.5, 0.994556, 0.00393124, 0.99321, 0
5435.51, 0.99427, 0.00392933, 0.99299, 0
5435.52, 0.994273, 0.00392865, 0.99286, 0
5435.53, 0.994217, 0.00392918, 0.99282, 0
5435.54, 0.993927, 0.00393038, 0.99287, 0
5435.55, 0.994216, 0.00393193, 0.99303, 0.027027
5435.56, 0.995212, 0.00393471, 0.99328, 0
5435.57, 0.996352, 0.00393981, 0.99358, 0
5435.58, 0.997547, 0.00394401, 0.9939, 0.027027
5435.59, 0.998552, 0.00394513, 0.9942, 0
5435.6, 0.998622, 0.00394521, 0.99445, 0.027027
5435.61, 0.997797, 0.0039441, 0.99464, 0.027027
5435.62, 0.996577, 0.00394065, 0.99478, 0.027027
5435.63, 0.995142, 0.00393642, 0.99486, 0.0540541
5435.64, 0.993946, 0.00393339, 0.99491, 0.0810811
5435.65, 0.993681, 0.00393294, 0.99492, 0.0810811
5435.66, 0.993552, 0.00393297, 0.99491, 0.162162
5435.67, 0.992911, 0.00393193, 0.99489, 0.243243
5435.68, 0.993065, 0.00393329, 0.99483, 0.378378
5435.69, 0.993891, 0.003936, 0.99474, 0.621622
5435.7, 0.994102, 0.00393597, 0.99456, 0.918919
5435.71, 0.994219, 0.00393676, 0.99424, 1.35135
5435.72, 0.994283, 0.00393924, 0.99361, 1.86486
5435.73, 0.992662, 0.00393606, 0.99238, 2.43243
5435.74, 0.989132, 0.00392523, 0.98994, 3.02703
5435.75, 0.984006, 0.00390787, 0.98522, 3.59459
5435.76, 0.976065, 0.00388259, 0.97649, 4.10811
5435.77, 0.963026, 0.00384306, 0.9614, 4.48649
5435.78, 0.941756, 0.00377797, 0.9373, 4.81081
5435.79, 0.90936, 0.00367755, 0.90206, 5
5435.8, 0.864154, 0.00353638, 0.85517, 5.08108
5435.81, 0.807097, 0.00335754, 0.7987, 5.08108
5435.82, 0.742064, 0.00315268, 0.73762, 4.94595
5435.83, 0.675706, 0.00294185, 0.6792, 4.72973
5435.84, 0.617688, 0.0027556, 0.63162, 4.40541
5435.85, 0.578268, 0.00262768, 0.60221, 3.97297
5435.86, 0.566662, 0.00258996, 0.59576, 3.48649
5435.87, 0.585699, 0.00265188, 0.61343, 2.91892
5435.88, 0.632226, 0.0028023, 0.65251, 2.35135
5435.89, 0.695907, 0.00300656, 0.70693, 1.78378
5435.9, 0.764893, 0.00322638, 0.76864, 1.2973
5435.91, 0.828187, 0.00342742, 0.82944, 0.891892
5435.92, 0.881215, 0.00359409, 0.8827, 0.621622
5435.93, 0.922087, 0.00372077, 0.92462, 0.405405
5435.94, 0.949553, 0.00380773, 0.95436, 0.297297
5435.95, 0.966853, 0.00386387, 0.97344, 0.189189
5435.96, 0.979328, 0.00390179, 0.98454, 0.135135
5435.97, 0.98718, 0.00392472, 0.99045, 0.108108
5435.98, 0.991496, 0.00393856, 0.99336, 0.108108
5435.99, 0.996024, 0.00395477, 0.99473, 0.108108
5436, 1.00014, 0.00396988, 0.99539, 0.0810811
5436.01, 1.00204, 0.00397679, 0.99574, 0.0810811
5436.02, 1.00323, 0.00398007, 0.99595, 0.0540541
5436.03, 1.00435, 0.00398318, 0.99609, 0.0540541
5436.04, 1.00484, 0.00398627, 0.9962, 0.0540541
5436.05, 1.00502, 0.00398765, 0.99627, 0.0540541
5436.06, 1.00505, 0.00398637, 0.99631, 0.0540541
5436.07, 1.00429, 0.00398382, 0.99634, 0.0540541
5436.08, 1.00311, 0.00398145, 0.99634, 0.0540541
5436.09, 1.00196, 0.00397907, 0.99632, 0.0540541
5436.1, 0.999249, 0.00397109, 0.99627, 0.0540541
5436.11, 0.994612, 0.00395648, 0.9962, 0.027027
5436.12, 0.989652, 0.00394081, 0.9961, 0.027027
5436.13, 0.984544, 0.00392519, 0.99597, 0.027027
5436.14, 0.979517, 0.00391056, 0.99585, 0
5436.15, 0.976529, 0.00390226, 1, 0
5436.16, 0.976528, 0.00390256, 1, 0
5436.17, 0.979023, 0.00390975, 1, 0
5436.18, 0.981794, 0.00391868, 1, 0
5436.19, 0.983478, 0.00392605, 1, 0
5436.2, 0.985121, 0.00393335, 1, 0
