wav, obs, sigma_obs, syn, weight
5436.35, 0.907981, 0.00369733, 1, 0
5436.36, 0.931506, 0.00376893, 1, 0
5436.37, 0.949596, 0.00382544, 1, 0
5436.38, 0.95983, 0.00385924, 1, 0
5436.39, 0.967442, 0.0038827, 1, 0
5436.4, 0.974299, 0.00390289, 1, 0
5436.41, 0.979762, 0.00392121, 0.99343, 0
5436.42, 0.983901, 0.0039361, 0.99442, 0
5436.43, 0.987346, 0.00394816, 0.99499, 0.0038675
5436.44, 0.990993, 0.00396056, 0.99526, 0.0038675
5436.45, 0.994228, 0.00397137, 0.99528, 0.0038675
5436.46, 0.995845, 0.0039767, 0.99497, 0.0038675
5436.47, 0.994828, 0.00397357, 0.99401, 0.0038675
5436.48, 0.991125, 0.00396185, 0.99164, 0.0038675
5436.49, 0.984861, 0.00394196, 0.98641, 0.0038675
5436.5, 0.973691, 0.00390758, 0.97596, 0.0038675
5436.51, 0.954914, 0.00384994, 0.95712, 0.0038675
5436.52, 0.926286, 0.00375989, 0.92667, 0.0038675
5436.53, 0.885668, 0.00363188, 0.88271, 0.00773499
5436.54, 0.832421, 0.00346513, 0.8263, 0.0116025
5436.55, 0.770062, 0.0032673, 0.76241, 0.01547
5436.56, 0.706384, 0.00306278, 0.69938, 0.0425425
5436.57, 0.652565, 0.00289002, 0.647, 0.0812174
5436.58, 0.619588, 0.00278454, 0.61401, 0.158567
5436.59, 0.614947, 0.00277023, 0.60602, 0.290062
5436.6, 0.639653, 0.00285076, 0.62436, 0.49504
5436.61, 0.687753, 0.00300627, 0.6658, 0.777367
5436.62, 0.748935, 0.00320252, 0.72312, 1.14865
5436.63, 0.811739, 0.00340277, 0.78657, 1.60501
5436.64, 0.86696, 0.00357791, 0.84623, 2.11165
5436.65, 0.908789, 0.00370999, 0.89446, 2.64537
5436.66, 0.935195, 0.00379356, 0.92749, 3.16748
5436.67, 0.947408, 0.00383298, 0.94559, 3.63545
5436.68, 0.950345, 0.00384282, 0.9519, 4.04153
5436.69, 0.948182, 0.00383645, 0.95096, 4.35093
5436.7, 0.944421, 0.00382564, 0.9473, 4.56365
5436.71, 0.943392, 0.00382307, 0.94454, 4.68354
5436.72, 0.946957, 0.00383441, 0.94491, 4.69127
5436.73, 0.953522, 0.00385582, 0.94909, 4.60232
5436.74, 0.962576, 0.00388508, 0.95641, 4.41281
5436.75, 0.973373, 0.00391887, 0.96542, 4.12662
5436.76, 0.983098, 0.00394886, 0.97448, 3.7476
5436.77, 0.990419, 0.00397229, 0.98231, 3.28737
5436.78, 0.995715, 0.00399143, 0.98826, 2.77686
5436.79, 1.00003, 0.00400598, 0.99228, 2.24702
5436.8, 1.00354, 0.00401524, 0.99469, 1.72877
5436.81, 1.00501, 0.00401939, 0.99596, 1.2608
5436.82, 1.00507, 0.0040211, 0.9965, 0.870187
5436.83, 1.00514, 0.00402309, 0.99663, 0.568522
5436.84, 1.00553, 0.00402437, 0.99654, 0.348075
5436.85, 1.00531, 0.00402248, 0.99636, 0.20111
5436.86, 1.00313, 0.00401578, 0.99617, 0.112157
5436.87, 1.00127, 0.00401143, 0.99601, 0.0580124
5436.88, 1.00098, 0.00401224, 0.9959, 0.03094
5436.89, 0.999617, 0.00400827, 0.99579, 0.0193375
5436.9, 0.996916, 0.00399924, 0.99562, 0.0116025
5436.91, 0.994449, 0.00399156, 0.99527, 0.00773499
5436.92, 0.993782, 0.00398985, 0.99457, 0.00773499
5436.93, 0.994735, 0.00399314, 0.99332, 0.0038675
5436.94, 0.995211, 0.00399492, 0.99133, 0.0038675
5436.95, 0.993763, 0.00399127, 0.98847, 0.0038675
5436.96, 0.990539, 0.0039827, 0.98462, 0
5436.97, 0.988174, 0.00397604, 0.9799, 0
5436.98, 0.987041, 0.00397251, 1, 0
5436.99, 0.98575, 0.00396883, 1, 0
5437, 0.98352, 0.00396256, 1, 0
5437.01, 0.980334, 0.00395346, 1, 0
5437.02, 0.977185, 0.00394446, 1, 0
5437.03, 0.974112, 0.00393569, 1, 0
