wav, obs, sigma_obs, syn, weight
5437.98, 1.00345, 0.00407368, 1, 0
5437.99, 1.00109, 0.00406508, 1, 0
5438, 0.99876, 0.0040573, 1, 0
5438.01, 0.996503, 0.00405169, 1, 0
5438.02, 0.993962, 0.00404546, 1, 0
5438.03, 0.99144, 0.00403831, 1, 0
5438.04, 0.990044, 0.00403403, 0.98491, 0.00713658
5438.05, 0.989195, 0.00403157, 0.98547, 0.00713658
5438.06, 0.988614, 0.00403054, 0.98697, 0.00713658
5438.07, 0.990355, 0.00403689, 0.98903, 0.0142732
5438.08, 0.992877, 0.00404509, 0.99129, 0.0142732
5438.09, 0.993039, 0.00404517, 0.99341, 0.0142732
5438.1, 0.993864, 0.00404913, 0.99516, 0.0142732
5438.11, 0.996312, 0.00405974, 0.99644, 0.0142732
5438.12, 0.996944, 0.00406218, 0.99723, 0.0142732
5438.13, 0.995908, 0.00405849, 0.99762, 0.0214097
5438.14, 0.994875, 0.00405629, 0.9977, 0.0356829
5438.15, 0.994813, 0.00405679, 0.99759, 0.0642292
5438.16, 0.995044, 0.0040572, 0.99736, 0.107049
5438.17, 0.994158, 0.00405387, 0.99707, 0.185551
5438.18, 0.99262, 0.00404958, 0.99673, 0.321146
5438.19, 0.991305, 0.00404726, 0.99629, 0.520971
5438.2, 0.990867, 0.00404758, 0.99568, 0.806434
5438.21, 0.990978, 0.00404808, 0.99471, 1.17754
5438.22, 0.990623, 0.00404589, 0.99316, 1.61287
5438.23, 0.988367, 0.00404021, 0.99078, 2.09816
5438.24, 0.984752, 0.00403088, 0.98739, 2.59772
5438.25, 0.981212, 0.00401826, 0.98295, 3.07587
5438.26, 0.976818, 0.00400371, 0.97769, 3.5112
5438.27, 0.971469, 0.0039885, 0.97212, 3.86803
5438.28, 0.966625, 0.00397349, 0.967, 4.13922
5438.29, 0.962501, 0.00395971, 0.96311, 4.31763
5438.3, 0.959509, 0.00394993, 0.96117, 4.40327
5438.31, 0.959534, 0.00394999, 0.96154, 4.39614
5438.32, 0.962834, 0.00396113, 0.9642, 4.28909
5438.33, 0.96827, 0.0039801, 0.96872, 4.0964
5438.34, 0.97435, 0.00400044, 0.97438, 3.8038
5438.35, 0.980148, 0.00401907, 0.98035, 3.42556
5438.36, 0.985487, 0.00403735, 0.9859, 2.98309
5438.37, 0.990223, 0.00405393, 0.99054, 2.4978
5438.38, 0.994299, 0.00406729, 0.99405, 1.99824
5438.39, 0.997805, 0.00407792, 0.99647, 1.52723
5438.4, 1.00049, 0.00408683, 0.998, 1.09903
5438.41, 1.00188, 0.00409392, 0.99889, 0.749341
5438.42, 1.00169, 0.0040948, 0.99937, 0.485288
5438.43, 1.00051, 0.00409083, 0.99961, 0.2926
5438.44, 0.9997, 0.00408935, 0.99973, 0.164141
5438.45, 0.99956, 0.00408928, 0.99979, 0.0927756
5438.46, 0.999918, 0.004089, 0.99982, 0.0499561
5438.47, 1.00051, 0.00409144, 0.99984, 0.0285463
5438.48, 1.00121, 0.00409576, 0.99986, 0.0142732
5438.49, 1.00197, 0.00409919, 0.99987, 0.0142732
5438.5, 1.00284, 0.00410136, 0.99988, 0.00713658
5438.51, 1.00331, 0.00410241, 0.99989, 0.00713658
5438.52, 1.00278, 0.00410293, 0.99989, 0.00713658
5438.53, 1.00297, 0.00410574, 0.9999, 0
5438.54, 1.00421, 0.00410957, 0.9999, 0
5438.55, 1.00338, 0.00410617, 0.9999, 0
5438.56, 1.00185, 0.00410129, 0.9999, 0
5438.57, 1.00238, 0.00410404, 1, 0
5438.58, 1.00368, 0.00410866, 1, 0
5438.59, 1.0046, 0.00411138, 1, 0
5438.6, 1.00498, 0.00411286, 1, 0
5438.61, 1.00514, 0.00411395, 1, 0
5438.62, 1.00539, 0.00411522, 1, 0
