wav, obs, sigma_obs, syn, weight
5460.14, 1.00469, 0.00432186, 1, 0
5460.15, 1.00601, 0.00432456, 1, 0
5460.16, 1.00797, 0.00432901, 1, 0
5460.17, 1.00905, 0.00433106, 1, 0
5460.18, 1.00741, 0.00432554, 1, 0
5460.19, 1.00497, 0.00431784, 1, 0
5460.2, 1.0045, 0.00431554, 1, 0
5460.21, 1.00505, 0.00431539, 0.99873, 0
5460.22, 1.00501, 0.00431283, 0.9987, 0
5460.23, 1.00442, 0.00430995, 0.99869, 0.00162736
5460.24, 1.00363, 0.00430847, 0.99868, 0.00162736
5460.25, 1.00299, 0.00430655, 0.99868, 0
5460.26, 1.00228, 0.00430249, 0.99868, 0.00162736
5460.27, 1.0005, 0.00429534, 0.99867, 0.00162736
5460.28, 0.997267, 0.00428426, 0.99867, 0.00325471
5460.29, 0.992957, 0.00426881, 0.99867, 0.00488207
5460.3, 0.988688, 0.00425288, 0.99867, 0.00650943
5460.31, 0.98577, 0.00424206, 0.99867, 0.00976414
5460.32, 0.983196, 0.00423277, 0.99869, 0.0179009
5460.33, 0.97961, 0.0042198, 0.9987, 0.0325471
5460.34, 0.977083, 0.00421061, 0.99872, 0.0618396
5460.35, 0.977349, 0.00421142, 0.9987, 0.115542
5460.36, 0.97787, 0.00421265, 0.99854, 0.205047
5460.37, 0.97732, 0.0042094, 0.99809, 0.343372
5460.38, 0.978554, 0.00421255, 0.99701, 0.550047
5460.39, 0.981521, 0.00422222, 0.9948, 0.834834
5460.4, 0.981522, 0.00422124, 0.99072, 1.19611
5460.41, 0.977378, 0.00420571, 0.98387, 1.63061
5460.42, 0.97129, 0.00418445, 0.97331, 2.12045
5460.43, 0.961496, 0.00415166, 0.95838, 2.6412
5460.44, 0.944193, 0.00409372, 0.93899, 3.1587
5460.45, 0.920283, 0.0040124, 0.91594, 3.64365
5460.46, 0.892915, 0.00391757, 0.89108, 4.06677
5460.47, 0.865953, 0.00382469, 0.8671, 4.41014
5460.48, 0.84329, 0.00374865, 0.84714, 4.65912
5460.49, 0.82829, 0.00369787, 0.83412, 4.80721
5460.5, 0.823416, 0.00367921, 0.83003, 4.84953
5460.51, 0.829517, 0.00369876, 0.83547, 4.78606
5460.52, 0.846038, 0.00375551, 0.84942, 4.61844
5460.53, 0.870698, 0.00383891, 0.8695, 4.34993
5460.54, 0.899128, 0.00393333, 0.8926, 3.99028
5460.55, 0.925505, 0.0040203, 0.9155, 3.55089
5460.56, 0.947909, 0.00409456, 0.93559, 3.0578
5460.57, 0.966656, 0.00415802, 0.95127, 2.53705
5460.58, 0.980515, 0.00420494, 0.96201, 2.01955
5460.59, 0.98837, 0.00422966, 0.96819, 1.53785
5460.6, 0.992479, 0.0042412, 0.97082, 1.11637
5460.61, 0.99511, 0.00424878, 0.97111, 0.771367
5460.62, 0.99597, 0.00425109, 0.97019, 0.504481
5460.63, 0.995286, 0.0042484, 0.969, 0.312453
5460.64, 0.99503, 0.00424722, 0.96819, 0.183891
5460.65, 0.995532, 0.00424852, 0.96814, 0.104151
5460.66, 0.994937, 0.00424587, 0.96902, 0.0569575
5460.67, 0.993464, 0.00424021, 0.97084, 0.0325471
5460.68, 0.993052, 0.00423855, 0.9735, 0.0195283
5460.69, 0.99387, 0.00424073, 0.97679, 0.0130189
5460.7, 0.99503, 0.00424271, 0.98044, 0.0113915
5460.71, 0.995689, 0.00424311, 0.98416, 0.00813679
5460.72, 0.995447, 0.00424213, 0.98768, 0.00813679
5460.73, 0.995588, 0.00424233, 0.99076, 0.00650943
5460.74, 0.99701, 0.00424539, 0.99324, 0.00650943
5460.75, 0.99853, 0.00424918, 0.99501, 0.00650943
5460.76, 0.99926, 0.00425167, 0.99596, 0.00650943
5460.77, 0.999369, 0.00425197, 0.99608, 0.00325471
5460.78, 0.998829, 0.00424929, 0.99534, 0.00325471
5460.79, 0.997261, 0.00424274, 0.99386, 0.00162736
5460.8, 0.99431, 0.00423169, 1, 0
5460.81, 0.989688, 0.0042157, 1, 0
5460.82, 0.983391, 0.00419453, 1, 0
5460.83, 0.975644, 0.0041684, 1, 0
5460.84, 0.967129, 0.00413956, 1, 0
5460.85, 0.958942, 0.00411187, 1, 0
5460.86, 0.950754, 0.00408419, 1, 0
