wav, obs, sigma_obs, syn, weight
5470.83, 0.984903, 0.0036858, 1, 0
5470.84, 0.98743, 0.00369171, 1, 0
5470.85, 0.990416, 0.00369973, 1, 0
5470.86, 0.993845, 0.00371028, 1, 0
5470.87, 0.995972, 0.00371716, 1, 0
5470.88, 0.996395, 0.00371837, 1, 0
5470.89, 0.997023, 0.0037195, 1, 0
5470.9, 0.99845, 0.00372281, 0.998, 0.00165286
5470.91, 1.00003, 0.00372721, 0.9978, 0.00330571
5470.92, 1.00075, 0.00372954, 0.99741, 0.00330571
5470.93, 1.00016, 0.00372804, 0.99689, 0.00495857
5470.94, 1.00005, 0.00372808, 0.99631, 0.00661142
5470.95, 1.00127, 0.00373192, 0.99579, 0.00661142
5470.96, 1.00231, 0.00373436, 0.99542, 0.00826428
5470.97, 1.00221, 0.00373317, 0.9953, 0.00991713
5470.98, 1.00091, 0.00372976, 0.99545, 0.00991713
5470.99, 1.00018, 0.00372856, 0.99584, 0.0132228
5471, 1.00162, 0.00373275, 0.9964, 0.0165286
5471.01, 1.00284, 0.00373567, 0.99703, 0.02314
5471.02, 1.0022, 0.00373321, 0.99764, 0.03471
5471.03, 1.00124, 0.00373046, 0.99817, 0.0578499
5471.04, 1.00084, 0.00372963, 0.99856, 0.0991713
5471.05, 1.00087, 0.00372907, 0.99878, 0.175203
5471.06, 1.00063, 0.00372759, 0.99879, 0.295861
5471.07, 0.99946, 0.00372462, 0.99848, 0.477675
5471.08, 0.998088, 0.00372067, 0.99764, 0.735521
5471.09, 0.996904, 0.00371592, 0.99586, 1.0727
5471.1, 0.99475, 0.00370916, 0.99253, 1.48757
5471.11, 0.990366, 0.00369721, 0.98684, 1.96524
5471.12, 0.982623, 0.00367494, 0.97796, 2.47928
5471.13, 0.970505, 0.00363889, 0.96529, 3.00158
5471.14, 0.953541, 0.00358822, 0.94884, 3.50075
5471.15, 0.933608, 0.00353001, 0.92957, 3.94702
5471.16, 0.913114, 0.00347169, 0.90947, 4.31395
5471.17, 0.894025, 0.00341581, 0.89131, 4.58998
5471.18, 0.879305, 0.0033706, 0.87809, 4.76683
5471.19, 0.87304, 0.00335158, 0.87219, 4.84121
5471.2, 0.876433, 0.00336238, 0.87475, 4.80816
5471.21, 0.888294, 0.00339746, 0.88529, 4.67427
5471.22, 0.905325, 0.0034468, 0.90182, 4.43626
5471.23, 0.924135, 0.00350094, 0.92152, 4.10404
5471.24, 0.943057, 0.00355616, 0.94142, 3.68752
5471.25, 0.960234, 0.003607, 0.95919, 3.20819
5471.26, 0.973269, 0.00364484, 0.97343, 2.69085
5471.27, 0.981727, 0.00366888, 0.98381, 2.16855
5471.28, 0.98678, 0.00368421, 0.9907, 1.67269
5471.29, 0.990193, 0.00369438, 0.99491, 1.23138
5471.3, 0.993393, 0.00370202, 0.99727, 0.861138
5471.31, 0.996096, 0.0037088, 0.9985, 0.571888
5471.32, 0.99776, 0.00371435, 0.99911, 0.35867
5471.33, 0.998002, 0.00371568, 0.9994, 0.216524
5471.34, 0.997577, 0.00371456, 0.99955, 0.123964
5471.35, 0.997927, 0.00371603, 0.99962, 0.0710728
5471.36, 0.998798, 0.00371865, 0.99967, 0.0413214
5471.37, 0.999474, 0.00371961, 0.9997, 0.0247928
5471.38, 1.00017, 0.00372131, 0.99973, 0.0165286
5471.39, 1.0008, 0.00372415, 0.99975, 0.01157
5471.4, 1.00041, 0.00372354, 0.99977, 0.00991713
5471.41, 0.999205, 0.00371946, 0.99978, 0.00991713
5471.42, 0.99842, 0.00371637, 0.99979, 0.00991713
5471.43, 0.998936, 0.00371765, 0.9998, 0.00991713
5471.44, 1.00079, 0.00372372, 0.9998, 0.00826428
5471.45, 1.00156, 0.00372635, 0.9998, 0.00661142
5471.46, 1.00024, 0.00372184, 0.9998, 0.00826428
5471.47, 0.99938, 0.00371857, 0.9998, 0.00495857
5471.48, 1.00011, 0.00372047, 0.9998, 0.00330571
5471.49, 1.00166, 0.00372525, 1, 0
5471.5, 1.00211, 0.00372656, 1, 0
5471.51, 1.00007, 0.00371961, 1, 0
5471.52, 0.998399, 0.00371406, 1, 0
5471.53, 0.999262, 0.00371714, 1, 0
5471.54, 1.0007, 0.00372217, 1, 0
5471.55, 1.00166, 0.00372558, 1, 0
