wav, obs, sigma_obs, syn, weight
5472.31, 0.998891, 0.00371295, 1, 0
5472.32, 1.00146, 0.00371992, 1, 0
5472.33, 1.00262, 0.00372295, 1, 0
5472.34, 1.00243, 0.00372238, 1, 0
5472.35, 1.00207, 0.00372177, 1, 0
5472.36, 1.00135, 0.00372018, 1, 0
5472.37, 0.999787, 0.00371554, 1, 0
5472.38, 0.998555, 0.00371144, 0.99922, 0.00396969
5472.39, 0.998242, 0.00371001, 0.99919, 0.00793937
5472.4, 0.997364, 0.00370755, 0.99914, 0.00793937
5472.41, 0.995952, 0.00370379, 0.99908, 0.0119091
5472.42, 0.995653, 0.00370232, 0.999, 0.0158787
5472.43, 0.996158, 0.00370306, 0.99893, 0.0158787
5472.44, 0.996396, 0.00370419, 0.99886, 0.0158787
5472.45, 0.996627, 0.00370537, 0.99879, 0.0198484
5472.46, 0.996994, 0.00370622, 0.99872, 0.0238181
5472.47, 0.99675, 0.00370543, 0.99864, 0.0238181
5472.48, 0.996079, 0.00370348, 0.99853, 0.0238181
5472.49, 0.99605, 0.00370247, 0.99836, 0.0277878
5472.5, 0.99613, 0.00370208, 0.9981, 0.0317575
5472.51, 0.995369, 0.00370106, 0.99768, 0.0396969
5472.52, 0.994623, 0.00369975, 0.99705, 0.0595453
5472.53, 0.994332, 0.00369787, 0.99615, 0.0952725
5472.54, 0.993284, 0.00369343, 0.99492, 0.158787
5472.55, 0.991513, 0.00368794, 0.99331, 0.269939
5472.56, 0.990243, 0.00368568, 0.99129, 0.444605
5472.57, 0.988535, 0.00368198, 0.98871, 0.694695
5472.58, 0.98475, 0.00366991, 0.9853, 1.03212
5472.59, 0.978977, 0.00365206, 0.98045, 1.45291
5472.6, 0.971319, 0.00363022, 0.97321, 1.93721
5472.61, 0.961078, 0.00360025, 0.9623, 2.46914
5472.62, 0.947043, 0.00355851, 0.94634, 3.00108
5472.63, 0.927629, 0.00350232, 0.92427, 3.52111
5472.64, 0.901571, 0.00342688, 0.89579, 3.98953
5472.65, 0.8683, 0.00332873, 0.86183, 4.3865
5472.66, 0.82927, 0.00321347, 0.82473, 4.69614
5472.67, 0.787802, 0.00309179, 0.78804, 4.9105
5472.68, 0.749752, 0.00297971, 0.75609, 5.02165
5472.69, 0.720806, 0.00289366, 0.73316, 5.02562
5472.7, 0.706035, 0.00284928, 0.72258, 4.92241
5472.71, 0.708931, 0.00285765, 0.72602, 4.71202
5472.72, 0.730465, 0.002922, 0.74307, 4.39047
5472.73, 0.765138, 0.00302481, 0.77132, 3.97763
5472.74, 0.806766, 0.00314716, 0.80696, 3.49332
5472.75, 0.850533, 0.00327583, 0.84557, 2.96139
5472.76, 0.891234, 0.00339528, 0.88302, 2.42548
5472.77, 0.923758, 0.00348938, 0.9161, 1.90942
5472.78, 0.947346, 0.00355734, 0.94294, 1.44497
5472.79, 0.963591, 0.0036055, 0.96305, 1.05197
5472.8, 0.975312, 0.00364034, 0.97699, 0.738362
5472.81, 0.984222, 0.00366579, 0.98596, 0.496211
5472.82, 0.989796, 0.00368162, 0.99135, 0.321545
5472.83, 0.992809, 0.00369064, 0.99442, 0.206424
5472.84, 0.995149, 0.00369799, 0.9961, 0.12703
5472.85, 0.997265, 0.00370446, 0.99702, 0.0793937
5472.86, 0.998869, 0.00370886, 0.99754, 0.0516059
5472.87, 0.999363, 0.0037101, 0.99786, 0.0396969
5472.88, 0.998885, 0.00370871, 0.99807, 0.0317575
5472.89, 0.998763, 0.00370768, 0.99822, 0.0277878
5472.9, 0.998975, 0.00370725, 0.99834, 0.0238181
5472.91, 0.99852, 0.00370568, 0.99844, 0.0238181
5472.92, 0.997812, 0.00370398, 0.99851, 0.0198484
5472.93, 0.997838, 0.00370443, 0.99857, 0.0158787
5472.94, 0.999503, 0.00370946, 0.99861, 0.0158787
5472.95, 1.00227, 0.00371761, 0.99864, 0.0119091
5472.96, 1.00362, 0.00372197, 0.99864, 0.0119091
5472.97, 1.00334, 0.0037214, 0.99862, 0.0119091
5472.98, 1.00297, 0.00371947, 0.99855, 0.00793937
5472.99, 1.00312, 0.00371928, 0.99844, 0.00793937
5473, 1.00376, 0.00372188, 0.99827, 0.00396969
5473.01, 1.00422, 0.00372317, 1, 0
5473.02, 1.00401, 0.00372122, 1, 0
5473.03, 1.00313, 0.00371821, 1, 0
5473.04, 1.00143, 0.00371381, 1, 0
5473.05, 0.998779, 0.00370623, 1, 0
5473.06, 0.995629, 0.00369685, 1, 0
5473.07, 0.992685, 0.00368821, 1, 0
