wav, obs, sigma_obs, syn, weight
5477.32, 0.971512, 0.003637, 1, 0
5477.33, 0.972445, 0.00364055, 1, 0
5477.34, 0.97498, 0.00364798, 1, 0
5477.35, 0.978573, 0.00365797, 1, 0
5477.36, 0.981163, 0.00366547, 1, 0
5477.37, 0.982253, 0.00366891, 1, 0
5477.38, 0.982249, 0.00366906, 1, 0
5477.39, 0.982137, 0.00366869, 0.98904, 0.00304387
5477.4, 0.982195, 0.00366883, 0.98858, 0.00507312
5477.41, 0.981739, 0.00366782, 0.98821, 0.00710237
5477.42, 0.980577, 0.00366465, 0.98776, 0.00811699
5477.43, 0.97891, 0.00365935, 0.98719, 0.0101462
5477.44, 0.97722, 0.00365422, 0.98652, 0.0111609
5477.45, 0.976028, 0.00365114, 0.98584, 0.0131901
5477.46, 0.975714, 0.00365023, 0.98527, 0.0142047
5477.47, 0.975258, 0.00364887, 0.98491, 0.016234
5477.48, 0.973189, 0.00364379, 0.98484, 0.0182632
5477.49, 0.971304, 0.00363874, 0.98512, 0.0223217
5477.5, 0.971139, 0.00363733, 0.98573, 0.0273949
5477.51, 0.971246, 0.00363769, 0.98659, 0.0365265
5477.52, 0.970763, 0.00363766, 0.98762, 0.0517458
5477.53, 0.969821, 0.00363571, 0.98867, 0.0781261
5477.54, 0.968563, 0.00363198, 0.98958, 0.125813
5477.55, 0.967374, 0.00362813, 0.9902, 0.206983
5477.56, 0.967379, 0.00362796, 0.99029, 0.333811
5477.57, 0.968473, 0.00363145, 0.98955, 0.521517
5477.58, 0.968905, 0.00363339, 0.98753, 0.779231
5477.59, 0.968382, 0.00363241, 0.98359, 1.11203
5477.6, 0.967124, 0.00362867, 0.97698, 1.51686
5477.61, 0.963594, 0.00361826, 0.96693, 1.97852
5477.62, 0.956176, 0.00359671, 0.95289, 2.47771
5477.63, 0.943871, 0.00356037, 0.93482, 2.98908
5477.64, 0.925513, 0.00350608, 0.91338, 3.48219
5477.65, 0.900455, 0.00343284, 0.88998, 3.92862
5477.66, 0.871882, 0.00334958, 0.86667, 4.30505
5477.67, 0.844123, 0.00326838, 0.84581, 4.59625
5477.68, 0.821099, 0.00320068, 0.82963, 4.78801
5477.69, 0.806117, 0.00315647, 0.81981, 4.87527
5477.7, 0.801606, 0.00314332, 0.81709, 4.85599
5477.71, 0.807665, 0.00316114, 0.82121, 4.73221
5477.72, 0.822607, 0.00320462, 0.831, 4.50696
5477.73, 0.842544, 0.00326328, 0.84471, 4.18634
5477.74, 0.863705, 0.00332638, 0.8604, 3.78353
5477.75, 0.883093, 0.00338446, 0.87636, 3.31884
5477.76, 0.89858, 0.00343057, 0.89136, 2.81761
5477.77, 0.909589, 0.00346252, 0.90481, 2.30726
5477.78, 0.919769, 0.00349108, 0.91667, 1.81618
5477.79, 0.931224, 0.00352348, 0.92728, 1.37076
5477.8, 0.941824, 0.0035557, 0.93707, 0.987229
5477.81, 0.951882, 0.00358697, 0.94635, 0.678784
5477.82, 0.963161, 0.00361887, 0.9552, 0.444405
5477.83, 0.973495, 0.003648, 0.96348, 0.279022
5477.84, 0.980735, 0.00367051, 0.97094, 0.170457
5477.85, 0.985704, 0.0036855, 0.97737, 0.103492
5477.86, 0.989759, 0.00369666, 0.98263, 0.0659506
5477.87, 0.99411, 0.00371031, 0.98674, 0.0436288
5477.88, 0.997917, 0.00372215, 0.9898, 0.032468
5477.89, 0.999927, 0.00372657, 0.99198, 0.0263802
5477.9, 1.00028, 0.00372762, 0.99346, 0.0213071
5477.91, 1.00006, 0.0037288, 0.99443, 0.0192779
5477.92, 1.00091, 0.00373066, 0.99505, 0.0172486
5477.93, 1.00201, 0.00373231, 0.99543, 0.0152194
5477.94, 1.00174, 0.00373242, 0.99568, 0.0142047
5477.95, 1.00077, 0.00373037, 0.99585, 0.0131901
5477.96, 0.999877, 0.00372713, 0.996, 0.0111609
5477.97, 0.999088, 0.00372567, 0.99616, 0.00913162
5477.98, 0.999058, 0.00372705, 0.99634, 0.00710237
5477.99, 1.00045, 0.00373038, 0.99659, 0.00507312
5478, 1.00152, 0.00373248, 1, 0
5478.01, 1.00135, 0.00373252, 1, 0
5478.02, 1.00203, 0.00373555, 1, 0
5478.03, 1.00362, 0.00374078, 1, 0
5478.04, 1.00427, 0.00374241, 1, 0
5478.05, 1.00417, 0.00374137, 1, 0
5478.06, 1.00436, 0.00374137, 1, 0
