wav, obs, sigma_obs, syn, weight
5490.34, 0.995199, 0.00421589, 1, 0
5490.35, 0.99741, 0.00422389, 1, 0
5490.36, 0.998288, 0.00422694, 1, 0
5490.37, 0.998802, 0.00422887, 1, 0
5490.38, 1.0001, 0.00423432, 1, 0
5490.39, 1.00056, 0.0042376, 1, 0
5490.4, 1.0001, 0.00423747, 0.99541, 0.0036187
5490.41, 1, 0.0042372, 0.99567, 0.00633272
5490.42, 0.999418, 0.00423544, 0.99614, 0.00904675
5490.43, 0.998312, 0.00423269, 0.99671, 0.0117608
5490.44, 0.998185, 0.00423272, 0.99729, 0.0135701
5490.45, 0.998469, 0.00423347, 0.99781, 0.0153795
5490.46, 0.99847, 0.00423319, 0.99823, 0.0153795
5490.47, 0.998903, 0.00423499, 0.99853, 0.0153795
5490.48, 0.999049, 0.0042364, 0.99873, 0.0162841
5490.49, 0.998285, 0.00423489, 0.99886, 0.0162841
5490.5, 0.998975, 0.0042383, 0.99893, 0.0189982
5490.51, 1.00009, 0.00424344, 0.99897, 0.0226169
5490.52, 0.998565, 0.00424012, 0.99898, 0.0316636
5490.53, 0.998317, 0.00423955, 0.99897, 0.0506618
5490.54, 1.00048, 0.00424638, 0.99894, 0.0868488
5490.55, 1.00068, 0.00424984, 0.99886, 0.150176
5490.56, 1.00004, 0.00424912, 0.99865, 0.253309
5490.57, 1.00035, 0.00424718, 0.99817, 0.408008
5490.58, 0.999832, 0.00424481, 0.99706, 0.623321
5490.59, 0.99754, 0.00423967, 0.99475, 0.901961
5490.6, 0.993048, 0.00422724, 0.99032, 1.23669
5490.61, 0.985146, 0.00420224, 0.98254, 1.61575
5490.62, 0.973405, 0.00416393, 0.97016, 2.02014
5490.63, 0.958073, 0.0041144, 0.9523, 2.42543
5490.64, 0.938624, 0.00404951, 0.92906, 2.80721
5490.65, 0.914999, 0.00396921, 0.90198, 3.14465
5490.66, 0.888715, 0.00388261, 0.87414, 3.41877
5490.67, 0.865857, 0.00380824, 0.84967, 3.62141
5490.68, 0.851623, 0.00376083, 0.83282, 3.74716
5490.69, 0.846073, 0.00374144, 0.82679, 3.7924
5490.7, 0.851425, 0.00375994, 0.83277, 3.76164
5490.71, 0.868782, 0.00382101, 0.84956, 3.6576
5490.72, 0.891338, 0.00389694, 0.87395, 3.48662
5490.73, 0.914992, 0.00397469, 0.90164, 3.25864
5490.74, 0.938612, 0.00405539, 0.92841, 2.98814
5490.75, 0.957954, 0.00412205, 0.95104, 2.69231
5490.76, 0.970748, 0.00416573, 0.96773, 2.39196
5490.77, 0.978261, 0.00419307, 0.97807, 2.10518
5490.78, 0.980822, 0.00420136, 0.98258, 1.84915
5490.79, 0.978146, 0.00418899, 0.98233, 1.63475
5490.8, 0.97005, 0.00416424, 0.97858, 1.46467
5490.81, 0.960081, 0.00413443, 0.97274, 1.34163
5490.82, 0.95219, 0.00410577, 0.96631, 1.25659
5490.83, 0.945463, 0.00408468, 0.96078, 1.20141
5490.84, 0.941141, 0.00407419, 0.95746, 1.16341
5490.85, 0.942164, 0.00407557, 0.95713, 1.12994
5490.86, 0.94787, 0.00409471, 0.95992, 1.09013
5490.87, 0.956752, 0.00412884, 0.96523, 1.03766
5490.88, 0.967329, 0.00416454, 0.972, 0.966192
5490.89, 0.977518, 0.00419735, 0.97905, 0.87663
5490.9, 0.985529, 0.00422512, 0.98538, 0.769878
5490.91, 0.990677, 0.00424392, 0.99043, 0.650461
5490.92, 0.993892, 0.00425612, 0.99403, 0.526521
5490.93, 0.99643, 0.00426565, 0.99636, 0.405294
5490.94, 0.998189, 0.00427108, 0.99772, 0.296733
5490.95, 0.998901, 0.00427253, 0.99844, 0.205361
5490.96, 0.998715, 0.00427255, 0.99874, 0.132987
5490.97, 0.999172, 0.00427536, 0.99878, 0.080516
5490.98, 1.00031, 0.00428016, 0.99858, 0.0452337
5490.99, 1.00052, 0.0042816, 0.99817, 0.0226169
5491, 1.00086, 0.00428366, 0.99755, 0.00995142
5491.01, 1.0015, 0.00428684, 1, 0
5491.02, 0.999946, 0.00428199, 1, 0
5491.03, 0.997764, 0.00427462, 1, 0
5491.04, 0.997294, 0.0042732, 1, 0
5491.05, 0.997102, 0.00427275, 1, 0
5491.06, 0.996673, 0.00427147, 1, 0
