wav, obs, sigma_obs, syn, weight
5511.43, 0.98865, 0.00403663, 1, 0
5511.44, 0.991621, 0.0040455, 1, 0
5511.45, 0.994315, 0.00405341, 1, 0
5511.46, 0.996301, 0.00405903, 1, 0
5511.47, 0.996994, 0.00406061, 1, 0
5511.48, 0.997386, 0.00406129, 1, 0
5511.49, 0.99941, 0.00406704, 1, 0
5511.5, 1.00192, 0.00407388, 0.99718, 0.00232277
5511.51, 1.00268, 0.00407456, 0.99739, 0.00464553
5511.52, 1.00306, 0.0040744, 0.99766, 0.0069683
5511.53, 1.00483, 0.00408006, 0.99796, 0.0069683
5511.54, 1.00661, 0.00408616, 0.99823, 0.00929107
5511.55, 1.00703, 0.00408744, 0.99845, 0.00929107
5511.56, 1.00672, 0.00408581, 0.99861, 0.0116138
5511.57, 1.00634, 0.00408354, 0.99872, 0.0139366
5511.58, 1.00611, 0.00408165, 0.99879, 0.0139366
5511.59, 1.0061, 0.0040806, 0.99881, 0.0209049
5511.6, 1.00617, 0.00408019, 0.99882, 0.0278732
5511.61, 1.00568, 0.00407841, 0.9988, 0.0441326
5511.62, 1.00376, 0.00407245, 0.99878, 0.0743285
5511.63, 1.0012, 0.00406405, 0.99873, 0.127752
5511.64, 0.999363, 0.00405673, 0.99863, 0.216017
5511.65, 0.997956, 0.00405086, 0.99841, 0.35306
5511.66, 0.996527, 0.00404617, 0.99792, 0.550496
5511.67, 0.995907, 0.00404384, 0.99694, 0.826905
5511.68, 0.996157, 0.00404319, 0.99514, 1.17532
5511.69, 0.994963, 0.00403868, 0.99211, 1.59806
5511.7, 0.991151, 0.00402708, 0.98743, 2.06726
5511.71, 0.985721, 0.0040096, 0.98074, 2.56433
5511.72, 0.978363, 0.00398496, 0.97198, 3.05908
5511.73, 0.96745, 0.00394949, 0.96146, 3.51899
5511.74, 0.954353, 0.00390758, 0.94996, 3.92083
5511.75, 0.942274, 0.00386852, 0.93869, 4.24369
5511.76, 0.93196, 0.00383508, 0.9291, 4.47597
5511.77, 0.923491, 0.00380824, 0.92255, 4.61301
5511.78, 0.919456, 0.00379528, 0.92004, 4.65018
5511.79, 0.922035, 0.00380225, 0.92193, 4.59211
5511.8, 0.929665, 0.00382503, 0.92785, 4.43184
5511.81, 0.940193, 0.00385761, 0.93685, 4.17866
5511.82, 0.951791, 0.00389426, 0.94761, 3.83721
5511.83, 0.962971, 0.00392979, 0.95873, 3.41911
5511.84, 0.972696, 0.00395993, 0.96907, 2.95224
5511.85, 0.98057, 0.00398372, 0.97785, 2.45516
5511.86, 0.986802, 0.00400319, 0.98476, 1.96041
5511.87, 0.991912, 0.00401927, 0.98981, 1.50051
5511.88, 0.996427, 0.00403201, 0.99327, 1.09635
5511.89, 0.999703, 0.00404081, 0.9955, 0.76419
5511.9, 1.00103, 0.0040453, 0.99685, 0.508686
5511.91, 1.00165, 0.00404724, 0.99761, 0.325187
5511.92, 1.00251, 0.00404847, 0.99799, 0.202081
5511.93, 1.00222, 0.00404925, 0.99812, 0.123107
5511.94, 1.00028, 0.00404849, 0.99807, 0.0789741
5511.95, 0.998481, 0.00404305, 0.99782, 0.0557464
5511.96, 0.997198, 0.00403282, 0.99732, 0.0418098
5511.97, 0.994817, 0.00402157, 0.99645, 0.0348415
5511.98, 0.991024, 0.0040096, 0.99509, 0.0348415
5511.99, 0.986614, 0.00399433, 0.99308, 0.030196
5512, 0.981509, 0.00397596, 0.99036, 0.030196
5512.01, 0.975506, 0.00395686, 0.98699, 0.030196
5512.02, 0.970775, 0.0039429, 0.98318, 0.0278732
5512.03, 0.969402, 0.00393868, 0.97934, 0.0255504
5512.04, 0.969771, 0.00393908, 0.976, 0.0232277
5512.05, 0.970584, 0.0039405, 0.97369, 0.0185821
5512.06, 0.973481, 0.00394884, 0.97287, 0.0139366
5512.07, 0.978926, 0.00396562, 1, 0
5512.08, 0.984776, 0.00398306, 1, 0
5512.09, 0.989384, 0.00399606, 1, 0
5512.1, 0.991989, 0.00400357, 1, 0
5512.11, 0.993021, 0.00400709, 1, 0
5512.12, 0.99422, 0.00401103, 1, 0
5512.13, 0.995588, 0.0040154, 1, 0
