wav, obs, sigma_obs, syn, weight
5513.95, 1.00039, 0.00391652, 1, 0
5513.96, 1.00127, 0.00391923, 1, 0
5513.97, 1.00206, 0.00392145, 1, 0
5513.98, 1.00239, 0.00392092, 1, 0
5513.99, 1.00225, 0.00391887, 1, 0
5514, 1.00185, 0.00391797, 1, 0
5514.01, 1.00152, 0.0039176, 1, 0
5514.02, 1.00152, 0.00391644, 0.99868, 0.00322932
5514.03, 1.00174, 0.00391553, 0.99867, 0.00466458
5514.04, 1.00203, 0.00391588, 0.99866, 0.00609983
5514.05, 1.00244, 0.00391705, 0.99864, 0.00717627
5514.06, 1.00281, 0.00391789, 0.9986, 0.00861153
5514.07, 1.00259, 0.00391657, 0.99855, 0.00932915
5514.08, 1.00172, 0.00391297, 0.99847, 0.0100468
5514.09, 1.00065, 0.00390874, 0.99833, 0.0107644
5514.1, 0.999843, 0.00390578, 0.99808, 0.011482
5514.11, 0.999559, 0.00390531, 0.99764, 0.0129173
5514.12, 0.998934, 0.0039035, 0.9969, 0.0143525
5514.13, 0.997036, 0.00389633, 0.99568, 0.0157878
5514.14, 0.994426, 0.00388681, 0.99383, 0.0182995
5514.15, 0.991716, 0.00387804, 0.99121, 0.0226053
5514.16, 0.988784, 0.0038693, 0.9878, 0.0297815
5514.17, 0.985238, 0.0038588, 0.98372, 0.0437753
5514.18, 0.980497, 0.00384417, 0.9793, 0.0670982
5514.19, 0.975183, 0.00382716, 0.97501, 0.10585
5514.2, 0.970928, 0.00381301, 0.97126, 0.165772
5514.21, 0.967745, 0.00380249, 0.96823, 0.252246
5514.22, 0.964655, 0.00379328, 0.96553, 0.36886
5514.23, 0.960881, 0.00378172, 0.96194, 0.515974
5514.24, 0.955301, 0.00376319, 0.95532, 0.691075
5514.25, 0.945211, 0.00373136, 0.94278, 0.889499
5514.26, 0.927552, 0.00367797, 0.92122, 1.10479
5514.27, 0.899314, 0.00359146, 0.88822, 1.3312
5514.28, 0.858824, 0.00346582, 0.84311, 1.56012
5514.29, 0.806438, 0.00330407, 0.78766, 1.78294
5514.3, 0.745252, 0.00311532, 0.72634, 1.98962
5514.31, 0.680962, 0.00291465, 0.66566, 2.16903
5514.32, 0.621654, 0.00272708, 0.61301, 2.31148
5514.33, 0.576299, 0.00258197, 0.57525, 2.40907
5514.34, 0.55119, 0.00250105, 0.55741, 2.45716
5514.35, 0.55061, 0.00249926, 0.56192, 2.45572
5514.36, 0.575209, 0.00257747, 0.5882, 2.40728
5514.37, 0.621948, 0.00272482, 0.63276, 2.32117
5514.38, 0.681591, 0.00291187, 0.68974, 2.20886
5514.39, 0.745188, 0.00311014, 0.75188, 2.0865
5514.4, 0.805324, 0.00329595, 0.81169, 1.96809
5514.41, 0.855701, 0.00345015, 0.86262, 1.86655
5514.42, 0.891305, 0.00355846, 0.89979, 1.79012
5514.43, 0.911001, 0.00361793, 0.92012, 1.74276
5514.44, 0.91546, 0.00363086, 0.922, 1.72661
5514.45, 0.903645, 0.00359419, 0.90493, 1.74276
5514.46, 0.874789, 0.00350551, 0.86959, 1.7912
5514.47, 0.830906, 0.00337047, 0.81818, 1.87085
5514.48, 0.774656, 0.00319664, 0.75488, 1.97742
5514.49, 0.708933, 0.0029924, 0.68585, 2.10085
5514.5, 0.639746, 0.00277577, 0.6186, 2.22608
5514.51, 0.576942, 0.00257671, 0.56084, 2.33731
5514.52, 0.529293, 0.00242394, 0.51921, 2.4184
5514.53, 0.504081, 0.00234296, 0.49845, 2.45716
5514.54, 0.504931, 0.00234568, 0.50086, 2.44639
5514.55, 0.532505, 0.00243354, 0.52621, 2.38432
5514.56, 0.581871, 0.00258997, 0.57173, 2.2738
5514.57, 0.645894, 0.00279139, 0.63233, 2.12274
5514.58, 0.716042, 0.00300985, 0.70121, 1.94082
5514.59, 0.784258, 0.00321994, 0.77091, 1.73881
5514.6, 0.843939, 0.0034027, 0.8347, 1.52532
5514.61, 0.891541, 0.00354827, 0.88784, 1.30644
5514.62, 0.927023, 0.00365683, 0.92823, 1.08649
5514.63, 0.952129, 0.00373315, 0.95628, 0.867611
5514.64, 0.969634, 0.00378482, 0.97407, 0.655553
5514.65, 0.981206, 0.0038182, 0.98441, 0.460358
5514.66, 0.988042, 0.00383861, 0.98994, 0.294945
5514.67, 0.9916, 0.00384929, 1, 0
5514.68, 0.993194, 0.00385307, 1, 0
5514.69, 0.993551, 0.0038532, 1, 0
5514.7, 0.993236, 0.0038521, 1, 0
5514.71, 0.992802, 0.00385082, 1, 0
5514.72, 0.992485, 0.00384972, 1, 0
5514.73, 0.992167, 0.00384862, 1, 0
