wav, obs, sigma_obs, syn, weight
5530.13, 0.998262, 0.00373055, 1, 0
5530.14, 0.998516, 0.00373269, 1, 0
5530.15, 0.999091, 0.00373591, 1, 0
5530.16, 0.999374, 0.00373713, 1, 0
5530.17, 0.999207, 0.00373659, 1, 0
5530.18, 0.999124, 0.00373629, 1, 0
5530.19, 1.00036, 0.00373917, 0.99755, 0.00813008
5530.2, 1.00149, 0.00374191, 0.99738, 0.00813008
5530.21, 1.00028, 0.00373942, 0.99731, 0.00813008
5530.22, 0.999286, 0.00373821, 0.9973, 0.0162602
5530.23, 1.00021, 0.00374179, 0.9973, 0.0243902
5530.24, 1.00091, 0.00374294, 0.99732, 0.0325203
5530.25, 1.00078, 0.00374104, 0.99732, 0.0325203
5530.26, 1.00056, 0.00374043, 0.99732, 0.0406504
5530.27, 0.999926, 0.00373947, 0.99732, 0.0569106
5530.28, 0.998846, 0.00373678, 0.99729, 0.0731707
5530.29, 0.998526, 0.00373564, 0.99724, 0.121951
5530.3, 0.99894, 0.00373669, 0.99713, 0.195122
5530.31, 0.998942, 0.00373775, 0.99691, 0.300813
5530.32, 0.998068, 0.00373634, 0.9965, 0.463415
5530.33, 0.996244, 0.00373123, 0.99577, 0.699187
5530.34, 0.993685, 0.00372429, 0.99454, 1
5530.35, 0.990865, 0.00371708, 0.99261, 1.36585
5530.36, 0.988278, 0.00370999, 0.98979, 1.78862
5530.37, 0.985084, 0.00370009, 0.98598, 2.23577
5530.38, 0.980422, 0.00368535, 0.98123, 2.6748
5530.39, 0.974885, 0.00366963, 0.97578, 3.08943
5530.4, 0.968491, 0.00365236, 0.9701, 3.45528
5530.41, 0.960781, 0.00362885, 0.96475, 3.74797
5530.42, 0.954848, 0.00361042, 0.96037, 3.95935
5530.43, 0.953653, 0.00360874, 0.95749, 4.08943
5530.44, 0.954484, 0.00361293, 0.9565, 4.13008
5530.45, 0.955432, 0.00361563, 0.95753, 4.08943
5530.46, 0.957067, 0.00361961, 0.96044, 3.95935
5530.47, 0.960958, 0.00363022, 0.96486, 3.74797
5530.48, 0.967756, 0.00364976, 0.97024, 3.44715
5530.49, 0.973399, 0.00366668, 0.97596, 3.08943
5530.5, 0.97632, 0.00367599, 0.98144, 2.6748
5530.51, 0.979663, 0.00368575, 0.98623, 2.22764
5530.52, 0.984024, 0.00369884, 0.99007, 1.78049
5530.53, 0.988189, 0.00371312, 0.99292, 1.36585
5530.54, 0.990868, 0.00372142, 0.99489, 0.99187
5530.55, 0.992071, 0.00372291, 0.99614, 0.691057
5530.56, 0.993691, 0.00372773, 0.9969, 0.463415
5530.57, 0.995326, 0.00373472, 0.99733, 0.292683
5530.58, 0.995484, 0.00373657, 0.99756, 0.186992
5530.59, 0.99523, 0.00373559, 0.99767, 0.113821
5530.6, 0.995136, 0.00373411, 0.99768, 0.0650407
5530.61, 0.993789, 0.00372987, 0.99758, 0.0487805
5530.62, 0.991574, 0.00372418, 0.9973, 0.0406504
5530.63, 0.989918, 0.00372019, 0.99669, 0.0243902
5530.64, 0.987965, 0.00371524, 0.99557, 0.0243902
5530.65, 0.984619, 0.00370612, 0.99367, 0.0243902
5530.66, 0.97969, 0.00369207, 0.99089, 0.0162602
5530.67, 0.972727, 0.00367136, 0.98727, 0.00813008
5530.68, 0.963125, 0.003642, 0.9834, 0.00813008
5530.69, 0.95107, 0.0036065, 0.98044, 0
5530.7, 0.9374, 0.00356826, 1, 0
5530.71, 0.923704, 0.0035293, 1, 0
5530.72, 0.910543, 0.00349044, 1, 0
5530.73, 0.897305, 0.00345156, 1, 0
5530.74, 0.884033, 0.00341268, 1, 0
5530.75, 0.870762, 0.00337379, 1, 0
