wav, obs, sigma_obs, syn, weight
5539.45, 1.00285, 0.00416458, 1, 0
5539.46, 1.00246, 0.00416395, 1, 0
5539.47, 1.002, 0.00416317, 1, 0
5539.48, 1.00184, 0.00416292, 1, 0
5539.49, 1.00175, 0.00416231, 1, 0
5539.5, 1.001, 0.00415946, 1, 0
5539.51, 1.00032, 0.004158, 0.99968, 0
5539.52, 1.00029, 0.00416025, 0.99967, 0
5539.53, 0.999796, 0.00416092, 0.99967, 0.0729387
5539.54, 0.999353, 0.0041599, 0.99968, 0
5539.55, 1.00014, 0.00416061, 0.99969, 0.0729387
5539.56, 1.001, 0.00416341, 0.99969, 0
5539.57, 1.00132, 0.00416665, 0.9997, 0.0729387
5539.58, 1.00164, 0.00416782, 0.9997, 0
5539.59, 1.00218, 0.00416812, 0.9997, 0
5539.6, 1.00278, 0.00416985, 0.9997, 0
5539.61, 1.00304, 0.0041744, 0.99969, 0.0729387
5539.62, 1.00347, 0.0041794, 0.99968, 0
5539.63, 1.00447, 0.00418134, 0.99967, 0.0729387
5539.64, 1.0043, 0.00418018, 0.99965, 0.0729387
5539.65, 1.00364, 0.00417982, 0.99963, 0.218816
5539.66, 1.00496, 0.00418481, 0.99958, 0.291755
5539.67, 1.0053, 0.00418664, 0.99951, 0.437632
5539.68, 1.00327, 0.00418139, 0.99938, 0.729387
5539.69, 1.00238, 0.00417826, 0.99916, 1.09408
5539.7, 1.00227, 0.00417802, 0.99876, 1.53171
5539.71, 1.00114, 0.00417669, 0.99806, 2.04228
5539.72, 0.999325, 0.00417162, 0.99691, 2.47992
5539.73, 0.996979, 0.00416321, 0.99512, 2.99049
5539.74, 0.994069, 0.00415432, 0.99253, 3.42812
5539.75, 0.991578, 0.00414771, 0.98907, 3.86575
5539.76, 0.988992, 0.004141, 0.98482, 4.15751
5539.77, 0.983848, 0.00412614, 0.98003, 4.37632
5539.78, 0.977097, 0.00410497, 0.97514, 4.44926
5539.79, 0.970952, 0.00408439, 0.9707, 4.59514
5539.8, 0.966725, 0.00407159, 0.96727, 4.5222
5539.81, 0.964305, 0.00406506, 0.96533, 4.37632
5539.82, 0.963187, 0.00406035, 0.96514, 4.15751
5539.83, 0.964818, 0.00406504, 0.96673, 3.79281
5539.84, 0.969401, 0.00408076, 0.96988, 3.42812
5539.85, 0.975269, 0.00409994, 0.97415, 2.84461
5539.86, 0.981225, 0.0041202, 0.979, 2.40698
5539.87, 0.98624, 0.00413862, 0.98387, 1.89641
5539.88, 0.989302, 0.00414828, 0.98826, 1.45877
5539.89, 0.990623, 0.00415227, 0.99189, 1.02114
5539.9, 0.99093, 0.00415638, 0.99464, 0.729387
5539.91, 0.990269, 0.0041555, 0.99656, 0.510571
5539.92, 0.989103, 0.00415106, 0.99779, 0.291755
5539.93, 0.988416, 0.00415093, 0.99852, 0.218816
5539.94, 0.989107, 0.00415407, 0.99889, 0.145877
5539.95, 0.990813, 0.00415732, 0.99902, 0.0729387
5539.96, 0.99154, 0.00415902, 0.99897, 0
5539.97, 0.991293, 0.00416017, 0.99877, 0
5539.98, 0.990865, 0.00416171, 0.99842, 0
5539.99, 0.990379, 0.00416167, 0.99797, 0
5540, 0.990862, 0.00416394, 0.99743, 0
5540.01, 0.993278, 0.00417342, 0.99689, 0
5540.02, 0.995138, 0.00417911, 0.9964, 0
5540.03, 0.995542, 0.00417875, 0.99604, 0
5540.04, 0.996408, 0.00418388, 0.99587, 0
5540.05, 0.997972, 0.00419188, 0.99591, 0
5540.06, 0.999787, 0.0041975, 0.9962, 0
5540.07, 1.00155, 0.00420253, 0.9967, 0
5540.08, 1.00244, 0.00420644, 1, 0
5540.09, 1.00186, 0.00420718, 1, 0
5540.1, 1.00091, 0.00420456, 1, 0
5540.11, 1.00021, 0.00419969, 1, 0
5540.12, 0.999461, 0.00419515, 1, 0
5540.13, 0.998706, 0.0041907, 1, 0
