wav, obs, sigma_obs, syn, weight
5546.62, 0.986241, 0.00477541, 1, 0
5546.63, 0.9897, 0.00479011, 1, 0
5546.64, 0.993208, 0.00480481, 1, 0
5546.65, 0.996774, 0.00481862, 1, 0
5546.66, 0.998215, 0.00482508, 1, 0
5546.67, 0.99688, 0.0048221, 1, 0
5546.68, 0.995282, 0.0048165, 0.99744, 0
5546.69, 0.992979, 0.00480786, 0.99754, 0
5546.7, 0.98984, 0.00479739, 0.99768, 0
5546.71, 0.988147, 0.0047933, 0.99782, 0
5546.72, 0.987689, 0.00479431, 0.99796, 0
5546.73, 0.987466, 0.00479575, 0.99809, 0
5546.74, 0.98741, 0.00479599, 0.99822, 0
5546.75, 0.988465, 0.00480122, 0.99833, 0
5546.76, 0.991049, 0.00481397, 0.99843, 0
5546.77, 0.993853, 0.00482417, 0.99851, 0
5546.78, 0.996689, 0.00483397, 0.99856, 0
5546.79, 0.999726, 0.00484717, 0.99858, 0
5546.8, 1.0024, 0.00485686, 0.99858, 0
5546.81, 1.00384, 0.00486273, 0.99855, 0
5546.82, 1.00365, 0.00486652, 0.99848, 0
5546.83, 1.00276, 0.00486514, 0.99837, 0
5546.84, 1.00226, 0.00486245, 0.99818, 0
5546.85, 1.00232, 0.00486276, 0.99786, 0
5546.86, 1.00116, 0.00486105, 0.99728, 0
5546.87, 0.998814, 0.00485553, 0.99619, 0.340517
5546.88, 0.996117, 0.00484664, 0.99419, 0.340517
5546.89, 0.992392, 0.00483287, 0.99065, 0.681034
5546.9, 0.98624, 0.00481045, 0.98474, 0.681034
5546.91, 0.976993, 0.00477747, 0.97555, 1.02155
5546.92, 0.966605, 0.00473953, 0.96233, 1.36207
5546.93, 0.953582, 0.00469026, 0.94483, 2.0431
5546.94, 0.934947, 0.00461909, 0.92361, 2.72414
5546.95, 0.911815, 0.00453168, 0.9002, 3.06466
5546.96, 0.887891, 0.00444235, 0.87698, 3.74569
5546.97, 0.867478, 0.00436637, 0.85681, 4.42672
5546.98, 0.852394, 0.00430884, 0.84237, 4.76724
5546.99, 0.845335, 0.0042824, 0.83559, 4.76724
5547, 0.848637, 0.00429893, 0.83713, 5.10776
5547.01, 0.859807, 0.00434287, 0.8463, 5.10776
5547.02, 0.875911, 0.00440326, 0.86128, 5.10776
5547.03, 0.894333, 0.00447548, 0.8797, 5.10776
5547.04, 0.911994, 0.0045466, 0.89921, 4.76724
5547.05, 0.927487, 0.00460805, 0.91794, 4.42672
5547.06, 0.941023, 0.00465861, 0.93471, 3.74569
5547.07, 0.952773, 0.00470273, 0.94906, 3.74569
5547.08, 0.962223, 0.00474041, 0.96103, 3.06466
5547.09, 0.969071, 0.0047691, 0.97087, 2.38362
5547.1, 0.976196, 0.00479716, 0.97884, 2.0431
5547.11, 0.984143, 0.00482689, 0.98515, 1.36207
5547.12, 0.990664, 0.00485259, 0.98995, 1.02155
5547.13, 0.995037, 0.00487238, 0.9934, 0.681034
5547.14, 0.998151, 0.00488754, 0.99572, 0.681034
5547.15, 1.00136, 0.00490002, 0.99717, 0.340517
5547.16, 1.00266, 0.00490558, 0.998, 0.340517
5547.17, 1.00239, 0.00490701, 0.99845, 0
5547.18, 1.00338, 0.00491301, 0.99866, 0
5547.19, 1.00387, 0.00491481, 0.99874, 0
5547.2, 1.00304, 0.00491044, 0.99875, 0
5547.21, 1.00247, 0.00490953, 0.99872, 0
5547.22, 1.00181, 0.00491063, 0.99867, 0
5547.23, 1.00084, 0.00491035, 0.99862, 0
5547.24, 0.999987, 0.00490765, 0.99857, 0
5547.25, 0.99876, 0.00490324, 0.99854, 0
5547.26, 0.997676, 0.00490014, 0.99854, 0
5547.27, 0.99824, 0.00490165, 0.99856, 0
5547.28, 0.998262, 0.00490111, 0.99861, 0
5547.29, 0.996666, 0.00489647, 0.99868, 0
5547.3, 0.995399, 0.00489489, 0.99878, 0
5547.31, 0.995931, 0.00489746, 0.99889, 0
5547.32, 0.998003, 0.00490401, 0.99901, 0
5547.33, 0.999663, 0.00491478, 0.99913, 0
5547.34, 1.00091, 0.00492426, 0.99925, 0
5547.35, 1.00216, 0.00492978, 1, 0
5547.36, 1.00338, 0.00493508, 1, 0
5547.37, 1.00444, 0.00494035, 1, 0
5547.38, 1.00532, 0.00494497, 1, 0
5547.39, 1.00621, 0.00494964, 1, 0
5547.4, 1.00711, 0.00495434, 1, 0
