wav, obs, sigma_obs, syn, weight
5565.1, 1.00295, 0.00380146, 1, 0
5565.11, 1.00179, 0.00379802, 1, 0
5565.12, 1.00037, 0.00379385, 1, 0
5565.13, 0.999981, 0.00379269, 1, 0
5565.14, 1.00066, 0.0037947, 1, 0
5565.15, 1.00098, 0.00379554, 1, 0
5565.16, 1.00062, 0.00379409, 1, 0
5565.17, 1.00068, 0.00379331, 0.99878, 0.00478609
5565.18, 1.0009, 0.00379293, 0.99863, 0.00574331
5565.19, 1.00018, 0.00379049, 0.99853, 0.00861497
5565.2, 0.999247, 0.00378768, 0.99844, 0.0105294
5565.21, 0.999369, 0.00378737, 0.99837, 0.0114866
5565.22, 0.999672, 0.0037875, 0.99829, 0.0134011
5565.23, 0.99911, 0.00378563, 0.9982, 0.0143583
5565.24, 0.998213, 0.00378291, 0.9981, 0.0162727
5565.25, 0.997564, 0.00378061, 0.99799, 0.0172299
5565.26, 0.997226, 0.00377894, 0.99786, 0.0201016
5565.27, 0.996963, 0.00377743, 0.9977, 0.0239305
5565.28, 0.996247, 0.00377496, 0.99751, 0.0287166
5565.29, 0.994934, 0.00377092, 0.99726, 0.039246
5565.3, 0.993242, 0.00376534, 0.99693, 0.0583903
5565.31, 0.991627, 0.00375997, 0.99647, 0.0909358
5565.32, 0.990518, 0.0037567, 0.99576, 0.148369
5565.33, 0.989489, 0.00375325, 0.9946, 0.241219
5565.34, 0.987982, 0.00374711, 0.99266, 0.382887
5565.35, 0.986005, 0.00373999, 0.98944, 0.582946
5565.36, 0.983465, 0.0037326, 0.98429, 0.851925
5565.37, 0.979795, 0.00372169, 0.97647, 1.18982
5565.38, 0.974178, 0.0037042, 0.96531, 1.58994
5565.39, 0.965549, 0.00367819, 0.95037, 2.04175
5565.4, 0.953077, 0.00364158, 0.93169, 2.52323
5565.41, 0.93614, 0.00359198, 0.90989, 3.01045
5565.42, 0.913838, 0.0035256, 0.88616, 3.47853
5565.43, 0.885678, 0.00344001, 0.86221, 3.90258
5565.44, 0.854598, 0.00334619, 0.84001, 4.25962
5565.45, 0.824827, 0.00325878, 0.82155, 4.53435
5565.46, 0.800607, 0.00318746, 0.80856, 4.71334
5565.47, 0.785615, 0.00314119, 0.80226, 4.79471
5565.48, 0.782209, 0.00312976, 0.80322, 4.77269
5565.49, 0.791235, 0.00315693, 0.81128, 4.64921
5565.5, 0.811454, 0.00321704, 0.82552, 4.42809
5565.51, 0.838479, 0.00329649, 0.84442, 4.11604
5565.52, 0.865431, 0.00337584, 0.866, 3.72837
5565.53, 0.889405, 0.00344671, 0.88806, 3.2823
5565.54, 0.909832, 0.00350719, 0.90841, 2.80274
5565.55, 0.924812, 0.00355137, 0.92503, 2.3136
5565.56, 0.932323, 0.00357306, 0.93621, 1.84265
5565.57, 0.931963, 0.00357112, 0.94057, 1.40998
5565.58, 0.924306, 0.00354753, 0.93702, 1.03475
5565.59, 0.911296, 0.00350861, 0.92484, 0.724615
5565.6, 0.89359, 0.00345646, 0.90373, 0.484353
5565.61, 0.869557, 0.0033856, 0.87391, 0.310139
5565.62, 0.837437, 0.00328999, 0.83621, 0.189529
5565.63, 0.795735, 0.0031644, 0.79212, 0.112952
5565.64, 0.745259, 0.00301188, 0.74369, 0.0660481
5565.65, 0.68841, 0.00284078, 0.69345, 0.039246
5565.66, 0.628303, 0.00265914, 0.64434, 0.0239305
5565.67, 0.568773, 0.00247672, 0.59959, 0.0153155
5565.68, 0.515424, 0.00231097, 0.56253, 0.0105294
5565.69, 0.474226, 0.00218136, 0.53627, 0.00765775
5565.7, 0.450911, 0.00210739, 0.52324, 0.00670053
5565.71, 0.449275, 0.00210193, 0.52473, 0.00478609
5565.72, 0.469983, 0.0021669, 0.54057, 0.00382887
5565.73, 0.510664, 0.00229397, 0.56942, 0.00287166
5565.74, 0.566017, 0.0024651, 0.60884, 0.00287166
5565.75, 0.629419, 0.00265925, 0.65615, 0.00191444
5565.76, 0.693721, 0.00285447, 0.70883, 0.00191444
5565.77, 0.753585, 0.00303414, 0.76446, 0.000957219
5565.78, 0.805083, 0.00318643, 1, 0
5565.79, 0.846955, 0.0033098, 1, 0
5565.8, 0.879207, 0.00340584, 1, 0
5565.81, 0.903325, 0.0034774, 1, 0
5565.82, 0.921787, 0.00353088, 1, 0
5565.83, 0.939263, 0.00358119, 1, 0
5565.84, 0.957747, 0.00363474, 1, 0
