wav, obs, sigma_obs, syn, weight
5594.75, 0.890378, 0.00410873, 1, 0
5594.76, 0.902618, 0.00415245, 1, 0
5594.77, 0.914858, 0.00419617, 1, 0
5594.78, 0.927098, 0.00423989, 1, 0
5594.79, 0.939802, 0.00428547, 1, 0
5594.8, 0.950806, 0.00432427, 1, 0
5594.81, 0.958641, 0.00435216, 0.96596, 0.00227535
5594.82, 0.962934, 0.00437064, 0.96758, 0
5594.83, 0.96543, 0.00438141, 0.96972, 0.00227535
5594.84, 0.968302, 0.00438963, 0.97179, 0.00227535
5594.85, 0.972569, 0.0044053, 0.97364, 0.0045507
5594.86, 0.976373, 0.00442088, 0.97523, 0.0045507
5594.87, 0.977878, 0.00442651, 0.97662, 0.0045507
5594.88, 0.979154, 0.00443198, 0.97785, 0.00682604
5594.89, 0.980752, 0.00443948, 0.97895, 0.00910139
5594.9, 0.981862, 0.00444451, 0.97994, 0.00910139
5594.91, 0.982517, 0.00444731, 0.98083, 0.0113767
5594.92, 0.983352, 0.00444992, 0.98163, 0.0136521
5594.93, 0.984934, 0.00445432, 0.98235, 0.0227535
5594.94, 0.985684, 0.00445859, 0.98298, 0.0386809
5594.95, 0.985311, 0.0044609, 0.98349, 0.0659851
5594.96, 0.985588, 0.00446144, 0.98385, 0.120593
5594.97, 0.985937, 0.00446269, 0.98397, 0.211607
5594.98, 0.985636, 0.00446548, 0.98373, 0.359505
5594.99, 0.985246, 0.00446669, 0.98295, 0.575663
5595, 0.984389, 0.00446418, 0.98143, 0.876009
5595.01, 0.982475, 0.00445729, 0.97899, 1.26054
5595.02, 0.979619, 0.00444701, 0.97552, 1.72244
5595.03, 0.975508, 0.00443234, 0.9711, 2.23894
5595.04, 0.970125, 0.00441366, 0.96604, 2.77365
5595.05, 0.965285, 0.00439902, 0.96085, 3.29926
5595.06, 0.961491, 0.00438917, 0.95621, 3.77708
5595.07, 0.958122, 0.00437881, 0.95283, 4.17981
5595.08, 0.955796, 0.00436919, 0.95128, 4.49609
5595.09, 0.95571, 0.00436755, 0.95186, 4.71225
5595.1, 0.95887, 0.00438241, 0.95451, 4.82829
5595.11, 0.963691, 0.00440336, 0.95885, 4.84649
5595.12, 0.968503, 0.00442036, 0.96427, 4.7623
5595.13, 0.972826, 0.00443362, 0.97006, 4.58028
5595.14, 0.976564, 0.00444673, 0.9756, 4.30041
5595.15, 0.979992, 0.00446176, 0.98043, 3.92725
5595.16, 0.983707, 0.00447585, 0.98433, 3.47673
5595.17, 0.986974, 0.00448782, 0.98726, 2.96933
5595.18, 0.988884, 0.00449731, 0.98934, 2.43235
5595.19, 0.99001, 0.00450296, 0.99075, 1.90674
5595.2, 0.990698, 0.00450618, 0.99169, 1.41982
5595.21, 0.991015, 0.00450917, 0.99232, 1.00115
5595.22, 0.991222, 0.00451001, 0.99277, 0.668952
5595.23, 0.991645, 0.00450993, 0.99311, 0.423215
5595.24, 0.992382, 0.00451245, 0.99341, 0.252564
5595.25, 0.992484, 0.0045145, 0.99366, 0.145622
5595.26, 0.99236, 0.00451564, 0.9939, 0.0796372
5595.27, 0.99377, 0.00451969, 0.99411, 0.045507
5595.28, 0.994831, 0.00452418, 0.9943, 0.0295795
5595.29, 0.994111, 0.00452595, 0.99448, 0.0204781
5595.3, 0.992993, 0.00452507, 0.99464, 0.0159274
5595.31, 0.992886, 0.00452539, 0.99478, 0.0113767
5595.32, 0.993787, 0.00452842, 0.99492, 0.00910139
5595.33, 0.993356, 0.00452826, 0.99504, 0.00910139
5595.34, 0.992371, 0.00452559, 0.99516, 0.00682604
5595.35, 0.992687, 0.00452497, 0.99526, 0.00682604
5595.36, 0.993593, 0.00452883, 0.99534, 0.00682604
5595.37, 0.994481, 0.00453522, 0.99538, 0.0045507
5595.38, 0.994947, 0.00453922, 0.99538, 0.0045507
5595.39, 0.994025, 0.00453672, 0.99532, 0.0045507
5595.4, 0.993146, 0.00453381, 0.99523, 0.00227535
5595.41, 0.994961, 0.00454154, 0.99518, 0
5595.42, 0.996486, 0.00454886, 1, 0
5595.43, 0.995792, 0.00454754, 1, 0
5595.44, 0.994332, 0.00454167, 1, 0
5595.45, 0.993806, 0.00454075, 1, 0
5595.46, 0.994224, 0.00454558, 1, 0
5595.47, 0.993344, 0.00454289, 1, 0
