wav, obs, sigma_obs, syn, weight
5648.21, 0.990608, 0.00463436, 1, 0
5648.22, 0.987309, 0.00462317, 1, 0
5648.23, 0.984042, 0.00461213, 1, 0
5648.24, 0.981141, 0.00460273, 1, 0
5648.25, 0.97938, 0.00459721, 1, 0
5648.26, 0.979073, 0.00459668, 1, 0
5648.27, 0.979433, 0.00459955, 0.97591, 0.00287702
5648.28, 0.980713, 0.00460558, 0.97734, 0.00431553
5648.29, 0.983223, 0.00461508, 0.98015, 0.00719254
5648.3, 0.986023, 0.00462759, 0.98367, 0.0100696
5648.31, 0.989223, 0.00464175, 0.98733, 0.0115081
5648.32, 0.99299, 0.00465534, 0.99068, 0.0143851
5648.33, 0.995319, 0.00466532, 0.99345, 0.0158236
5648.34, 0.996286, 0.00467143, 0.99554, 0.0172621
5648.35, 0.997553, 0.0046759, 0.99699, 0.0187006
5648.36, 0.998804, 0.00468088, 0.99792, 0.0215776
5648.37, 0.999737, 0.00468521, 0.99845, 0.0258932
5648.38, 1.0004, 0.0046857, 0.99871, 0.0330857
5648.39, 1.00009, 0.00468547, 0.9988, 0.0431553
5648.4, 0.999194, 0.00468703, 0.99876, 0.0632944
5648.41, 0.999372, 0.00468939, 0.99863, 0.100696
5648.42, 0.999834, 0.00469039, 0.99842, 0.166867
5648.43, 0.999355, 0.00468891, 0.99808, 0.274755
5648.44, 0.997784, 0.00468619, 0.99753, 0.441622
5648.45, 0.996434, 0.00468394, 0.99653, 0.678976
5648.46, 0.99545, 0.0046802, 0.99469, 0.995448
5648.47, 0.991694, 0.00466643, 0.99143, 1.38816
5648.48, 0.98576, 0.00464608, 0.98597, 1.84705
5648.49, 0.978828, 0.00462282, 0.97754, 2.34477
5648.5, 0.967608, 0.00458294, 0.9656, 2.85544
5648.51, 0.952053, 0.00452626, 0.95016, 3.34741
5648.52, 0.934168, 0.00446117, 0.93203, 3.79191
5648.53, 0.913479, 0.00438615, 0.91291, 4.16448
5648.54, 0.893331, 0.00431359, 0.89515, 4.45218
5648.55, 0.879424, 0.00426423, 0.88139, 4.64638
5648.56, 0.871384, 0.00423526, 0.87386, 4.74276
5648.57, 0.870633, 0.00423288, 0.87387, 4.7442
5648.58, 0.880611, 0.00427239, 0.88142, 4.64638
5648.59, 0.896348, 0.00433177, 0.89521, 4.45218
5648.6, 0.91385, 0.00439515, 0.913, 4.16448
5648.61, 0.933607, 0.00446871, 0.9322, 3.79047
5648.62, 0.952989, 0.00454297, 0.95042, 3.34597
5648.63, 0.968472, 0.00460283, 0.96598, 2.85256
5648.64, 0.977957, 0.00463815, 0.97805, 2.34189
5648.65, 0.984592, 0.00466204, 0.98661, 1.84417
5648.66, 0.990968, 0.00468607, 0.99219, 1.38672
5648.67, 0.993906, 0.0046977, 0.99553, 0.992571
5648.68, 0.995009, 0.00470238, 0.9974, 0.676099
5648.69, 0.997061, 0.00471035, 0.99838, 0.440184
5648.7, 0.997688, 0.00471292, 0.99888, 0.271878
5648.71, 0.996912, 0.00471138, 0.99914, 0.16399
5648.72, 0.996334, 0.00471249, 0.99928, 0.0978186
5648.73, 0.995289, 0.00471096, 0.99936, 0.0604174
5648.74, 0.995264, 0.00471146, 0.99941, 0.0402782
5648.75, 0.998373, 0.00472334, 0.99941, 0.0287702
5648.76, 1.00029, 0.00473196, 0.99937, 0.0230161
5648.77, 0.999461, 0.00473067, 0.99923, 0.0187006
5648.78, 0.998745, 0.00472774, 0.99892, 0.0158236
5648.79, 0.999425, 0.00473061, 0.99831, 0.0143851
5648.8, 1.00009, 0.00473557, 0.99725, 0.0129466
5648.81, 0.997805, 0.00472984, 0.99553, 0.0115081
5648.82, 0.997234, 0.00472937, 0.99302, 0.0100696
5648.83, 1.00033, 0.00474149, 0.98967, 0.00863105
5648.84, 1.00103, 0.00474529, 0.98564, 0.00719254
5648.85, 0.999816, 0.00474137, 0.98135, 0.00431553
5648.86, 0.999277, 0.00473857, 0.97744, 0.00287702
5648.87, 0.999654, 0.00473982, 0.9748, 0.00143851
5648.88, 1.00058, 0.00474448, 1, 0
5648.89, 1.00153, 0.00474996, 1, 0
5648.9, 1.00217, 0.0047533, 1, 0
5648.91, 1.00254, 0.00475471, 1, 0
5648.92, 1.00299, 0.00475667, 1, 0
5648.93, 1.00344, 0.00475863, 1, 0
