wav, obs, sigma_obs, syn, weight
5679.57, 0.999038, 0.00355764, 1, 0
5679.58, 0.999499, 0.00355763, 1, 0
5679.59, 0.999971, 0.00355761, 1, 0
5679.6, 0.999978, 0.0035577, 1, 0
5679.61, 0.999595, 0.00355771, 1, 0
5679.62, 0.999272, 0.00355724, 1, 0
5679.63, 0.999108, 0.00355665, 1, 0
5679.64, 0.998917, 0.00355613, 0.99953, 0.00237387
5679.65, 0.998097, 0.0035539, 0.99956, 0.00474773
5679.66, 0.996784, 0.00355021, 0.99958, 0.0071216
5679.67, 0.99685, 0.00355064, 0.99959, 0.00949547
5679.68, 0.998176, 0.0035548, 0.9996, 0.0118693
5679.69, 0.998374, 0.00355554, 0.9996, 0.0118693
5679.7, 0.998107, 0.00355456, 0.9996, 0.0142432
5679.71, 0.999351, 0.00355753, 0.9996, 0.0166171
5679.72, 1.00066, 0.00356092, 0.99959, 0.0189909
5679.73, 1.0006, 0.00356093, 0.99958, 0.0284864
5679.74, 1.00058, 0.00356086, 0.99956, 0.0379819
5679.75, 1.00105, 0.00356178, 0.99953, 0.0593467
5679.76, 1.00062, 0.00356048, 0.99947, 0.0997024
5679.77, 0.999801, 0.00355863, 0.99936, 0.161423
5679.78, 1.00014, 0.00356039, 0.99916, 0.268247
5679.79, 1.00035, 0.00356154, 0.99879, 0.427296
5679.8, 0.99903, 0.00355763, 0.99811, 0.655187
5679.81, 0.99778, 0.00355383, 0.99692, 0.954295
5679.82, 0.997173, 0.0035522, 0.99491, 1.32699
5679.83, 0.995195, 0.00354693, 0.99174, 1.76378
5679.84, 0.991062, 0.00353565, 0.98709, 2.23856
5679.85, 0.985221, 0.00351953, 0.98073, 2.72995
5679.86, 0.977744, 0.00349901, 0.97275, 3.20235
5679.87, 0.968658, 0.00347421, 0.96355, 3.63202
5679.88, 0.95856, 0.00344579, 0.95396, 3.99997
5679.89, 0.948527, 0.00341681, 0.94509, 4.28246
5679.9, 0.940278, 0.00339454, 0.93815, 4.47711
5679.91, 0.935277, 0.00338263, 0.93419, 4.58156
5679.92, 0.93458, 0.00338077, 0.93384, 4.59106
5679.93, 0.938537, 0.00339049, 0.93715, 4.50797
5679.94, 0.946692, 0.00341275, 0.94361, 4.32993
5679.95, 0.956675, 0.00344083, 0.95223, 4.06406
5679.96, 0.966423, 0.00346836, 0.96181, 3.7151
5679.97, 0.975755, 0.00349455, 0.97119, 3.29493
5679.98, 0.983897, 0.00351743, 0.97948, 2.82965
5679.99, 0.989229, 0.00353295, 0.98617, 2.34063
5680, 0.99207, 0.0035411, 0.99115, 1.86111
5680.01, 0.993938, 0.00354491, 0.99457, 1.41482
5680.02, 0.995906, 0.00354952, 0.99675, 1.02788
5680.03, 0.998177, 0.00355725, 0.99804, 0.709786
5680.04, 0.999108, 0.00356125, 0.99876, 0.467652
5680.05, 0.99863, 0.00355995, 0.99914, 0.296733
5680.06, 0.999093, 0.00356059, 0.99932, 0.180414
5680.07, 1.00029, 0.00356339, 0.99941, 0.109198
5680.08, 1.00038, 0.00356372, 0.99944, 0.0664683
5680.09, 0.999859, 0.00356258, 0.99942, 0.0403557
5680.1, 0.999734, 0.00356214, 0.99936, 0.0284864
5680.11, 0.999569, 0.00356118, 0.99921, 0.0213648
5680.12, 0.9989, 0.00355887, 0.99894, 0.0166171
5680.13, 0.997662, 0.00355601, 0.99843, 0.0142432
5680.14, 0.995987, 0.0035525, 0.99753, 0.00949547
5680.15, 0.994076, 0.0035474, 0.99605, 0.00949547
5680.16, 0.991641, 0.0035403, 0.99377, 0.0071216
5680.17, 0.987989, 0.00353016, 0.99051, 0.0071216
5680.18, 0.981799, 0.00351279, 0.98626, 0.0071216
5680.19, 0.972703, 0.00348715, 0.98124, 0.00474773
5680.2, 0.962307, 0.00345909, 0.9761, 0.00237387
5680.21, 0.951737, 0.00343129, 1, 0
5680.22, 0.94167, 0.00340352, 1, 0
5680.23, 0.93463, 0.00338327, 1, 0
5680.24, 0.932946, 0.00337847, 1, 0
5680.25, 0.933715, 0.00338086, 1, 0
5680.26, 0.933281, 0.00337972, 1, 0
5680.27, 0.932847, 0.00337858, 1, 0
