wav, obs, sigma_obs, syn, weight
5689.1, 0.997721, 0.00378577, 1, 0
5689.11, 0.996053, 0.00378156, 1, 0
5689.12, 0.994433, 0.00377811, 1, 0
5689.13, 0.992785, 0.00377426, 1, 0
5689.14, 0.990887, 0.00376834, 1, 0
5689.15, 0.988237, 0.00376005, 1, 0
5689.16, 0.985508, 0.0037519, 0.99589, 0.0014506
5689.17, 0.984876, 0.0037494, 0.99625, 0.0029012
5689.18, 0.986673, 0.00375466, 0.99674, 0.0058024
5689.19, 0.989893, 0.00376611, 0.99724, 0.007253
5689.2, 0.992834, 0.00377669, 0.99769, 0.007253
5689.21, 0.994961, 0.00378346, 0.99803, 0.0087036
5689.22, 0.997491, 0.00379069, 0.99829, 0.0101542
5689.23, 0.999706, 0.00379667, 0.99847, 0.0116048
5689.24, 1.00026, 0.00379768, 0.99861, 0.0130554
5689.25, 1.00036, 0.00379808, 0.99871, 0.014506
5689.26, 1.00087, 0.0038007, 0.9988, 0.0174072
5689.27, 1.00114, 0.0038031, 0.99886, 0.021759
5689.28, 1.00103, 0.00380369, 0.99889, 0.0319132
5689.29, 1.0007, 0.00380219, 0.99889, 0.0464192
5689.3, 1.00003, 0.00380003, 0.99885, 0.0754312
5689.31, 0.999048, 0.00379824, 0.99876, 0.129103
5689.32, 0.998171, 0.00379664, 0.9986, 0.214689
5689.33, 0.997739, 0.00379565, 0.99827, 0.352496
5689.34, 0.997719, 0.00379555, 0.99762, 0.551228
5689.35, 0.99675, 0.00379372, 0.99632, 0.823941
5689.36, 0.994067, 0.00378788, 0.99383, 1.17208
5689.37, 0.990399, 0.00377759, 0.98938, 1.58986
5689.38, 0.984301, 0.00375876, 0.98201, 2.0584
5689.39, 0.973314, 0.00372615, 0.97076, 2.55741
5689.4, 0.958176, 0.00368194, 0.95507, 3.05351
5689.41, 0.939587, 0.00362763, 0.93515, 3.51916
5689.42, 0.916691, 0.00356022, 0.91229, 3.92968
5689.43, 0.891784, 0.00348668, 0.88895, 4.26331
5689.44, 0.869545, 0.0034214, 0.86837, 4.51137
5689.45, 0.853903, 0.00337586, 0.85389, 4.66513
5689.46, 0.847655, 0.00335784, 0.84806, 4.7217
5689.47, 0.851828, 0.00336966, 0.85197, 4.68399
5689.48, 0.865751, 0.00341067, 0.86489, 4.54763
5689.49, 0.88707, 0.00347592, 0.88451, 4.31989
5689.5, 0.91097, 0.00354832, 0.90757, 4.00076
5689.51, 0.933376, 0.00361389, 0.93076, 3.60474
5689.52, 0.95319, 0.00367237, 0.95143, 3.1478
5689.53, 0.969145, 0.00372036, 0.96803, 2.6546
5689.54, 0.979974, 0.00375234, 0.98015, 2.15704
5689.55, 0.986759, 0.00377245, 0.98824, 1.67979
5689.56, 0.991115, 0.00378616, 0.99321, 1.25042
5689.57, 0.994094, 0.0037951, 0.99604, 0.886317
5689.58, 0.995955, 0.00380029, 0.99754, 0.600548
5689.59, 0.99647, 0.00380256, 0.99831, 0.38586
5689.6, 0.996155, 0.0038025, 0.9987, 0.239349
5689.61, 0.995881, 0.00380191, 0.9989, 0.143609
5689.62, 0.996626, 0.00380504, 0.99903, 0.0855854
5689.63, 0.997869, 0.00381029, 0.99911, 0.0536722
5689.64, 0.998188, 0.00381208, 0.99917, 0.0348144
5689.65, 0.998624, 0.0038132, 0.99922, 0.0261108
5689.66, 1.00003, 0.00381685, 0.99925, 0.0188578
5689.67, 1.00097, 0.00382075, 0.99928, 0.0159566
5689.68, 1.00122, 0.00382352, 0.99931, 0.014506
5689.69, 1.00172, 0.00382556, 0.99933, 0.0116048
5689.7, 1.00274, 0.00382863, 0.99935, 0.0101542
5689.71, 1.00394, 0.00383281, 0.99937, 0.0101542
5689.72, 1.00446, 0.00383375, 0.99938, 0.0087036
5689.73, 1.00447, 0.00383276, 0.99939, 0.007253
5689.74, 1.00493, 0.00383539, 0.9994, 0.0058024
5689.75, 1.00523, 0.0038381, 0.9994, 0.0043518
5689.76, 1.00499, 0.00383769, 0.99941, 0.0014506
5689.77, 1.00563, 0.00383924, 1, 0
5689.78, 1.00668, 0.00384264, 1, 0
5689.79, 1.00612, 0.00384275, 1, 0
5689.8, 1.00487, 0.00384044, 1, 0
5689.81, 1.00426, 0.00383802, 1, 0
5689.82, 1.00381, 0.00383563, 1, 0
