wav, obs, sigma_obs, syn, weight
5714.74, 0.997328, 0.00398669, 1, 0
5714.75, 0.998188, 0.00398871, 1, 0
5714.76, 0.999111, 0.00399048, 1, 0
5714.77, 0.999944, 0.00399189, 1, 0
5714.78, 1.00046, 0.00399271, 1, 0
5714.79, 1.00035, 0.00399204, 1, 0
5714.8, 0.999496, 0.00398922, 1, 0
5714.81, 0.998582, 0.00398589, 0.99735, 0.00812636
5714.82, 0.998324, 0.00398393, 0.9969, 0.0108352
5714.83, 0.998753, 0.0039841, 0.99646, 0.0108352
5714.84, 0.999459, 0.00398568, 0.99601, 0.0135439
5714.85, 0.999176, 0.00398442, 0.99557, 0.0162527
5714.86, 0.997325, 0.00397816, 0.99514, 0.0189615
5714.87, 0.995498, 0.00397197, 0.99471, 0.0216703
5714.88, 0.994779, 0.00396926, 0.99427, 0.0243791
5714.89, 0.994399, 0.00396733, 0.99376, 0.0243791
5714.9, 0.993289, 0.00396287, 0.99307, 0.0270879
5714.91, 0.990288, 0.00395292, 0.99199, 0.0297967
5714.92, 0.985281, 0.00393737, 0.99017, 0.0352142
5714.93, 0.979762, 0.0039204, 0.98705, 0.0406318
5714.94, 0.973527, 0.00390089, 0.98182, 0.0487582
5714.95, 0.963939, 0.00387022, 0.9734, 0.0623021
5714.96, 0.949324, 0.00382358, 0.96055, 0.0785548
5714.97, 0.9293, 0.00376099, 0.94207, 0.11106
5714.98, 0.903314, 0.00368071, 0.91707, 0.162527
5714.99, 0.870639, 0.00357918, 0.88531, 0.2465
5715, 0.831599, 0.00345712, 0.84734, 0.376521
5715.01, 0.787438, 0.00331887, 0.80465, 0.568845
5715.02, 0.739797, 0.0031692, 0.75956, 0.842433
5715.03, 0.690811, 0.00301395, 0.715, 1.19999
5715.04, 0.644993, 0.0028677, 0.67425, 1.63611
5715.05, 0.607942, 0.00274915, 0.64053, 2.13452
5715.06, 0.582152, 0.00266618, 0.61664, 2.66545
5715.07, 0.568639, 0.00262168, 0.60453, 3.19637
5715.08, 0.569369, 0.00262272, 0.60507, 3.69479
5715.09, 0.586053, 0.00267577, 0.61795, 4.12819
5715.1, 0.616391, 0.00277294, 0.64178, 4.47763
5715.11, 0.656647, 0.00290122, 0.67433, 4.73225
5715.12, 0.703226, 0.00304807, 0.71289, 4.89207
5715.13, 0.752539, 0.00320155, 0.75457, 4.95437
5715.14, 0.800836, 0.00335131, 0.79663, 4.91916
5715.15, 0.844819, 0.00348828, 0.8367, 4.78372
5715.16, 0.882871, 0.00360617, 0.87294, 4.55618
5715.17, 0.913997, 0.00370091, 0.90414, 4.23113
5715.18, 0.937955, 0.00377303, 0.92972, 3.81939
5715.19, 0.955206, 0.00382515, 0.94969, 3.34264
5715.2, 0.967567, 0.00386294, 0.96453, 2.81714
5715.21, 0.97658, 0.00389079, 0.97501, 2.27809
5715.22, 0.982852, 0.00390974, 0.98207, 1.76342
5715.23, 0.987054, 0.00392152, 0.98663, 1.30022
5715.24, 0.990137, 0.00392971, 0.9895, 0.91557
5715.25, 0.992555, 0.00393622, 0.99132, 0.612186
5715.26, 0.994018, 0.00394037, 0.99256, 0.392774
5715.27, 0.994682, 0.00394232, 0.99348, 0.2465
5715.28, 0.995287, 0.00394353, 0.99427, 0.151692
5715.29, 0.99632, 0.00394547, 0.99498, 0.0948076
5715.3, 0.997926, 0.0039494, 0.99564, 0.0623021
5715.31, 0.999563, 0.00395388, 0.99625, 0.0433406
5715.32, 1.00018, 0.00395535, 0.99676, 0.0325055
5715.33, 0.999837, 0.00395372, 0.99716, 0.0270879
5715.34, 0.99941, 0.00395151, 0.99743, 0.0243791
5715.35, 0.999624, 0.00395134, 0.99752, 0.0189615
5715.36, 1.00087, 0.00395498, 0.99741, 0.0162527
5715.37, 1.00148, 0.00395668, 0.99703, 0.0135439
5715.38, 0.999268, 0.00394857, 0.99634, 0.0108352
5715.39, 0.995763, 0.00393626, 0.99528, 0.0108352
5715.4, 0.993636, 0.00392929, 0.99391, 0.00812636
5715.41, 0.992332, 0.00392526, 0.99231, 0.00541758
5715.42, 0.990479, 0.00391883, 0.9907, 0.00541758
5715.43, 0.98854, 0.00391193, 0.98945, 0.00541758
5715.44, 0.987372, 0.00390793, 1, 0
5715.45, 0.987147, 0.00390691, 1, 0
5715.46, 0.987764, 0.00390804, 1, 0
5715.47, 0.988768, 0.0039101, 1, 0
5715.48, 0.989561, 0.00391165, 1, 0
5715.49, 0.990354, 0.0039132, 1, 0
5715.5, 0.991147, 0.00391475, 1, 0
