wav, obs, sigma_obs, syn, weight
5716.09, 0.999152, 0.00390182, 1, 0
5716.1, 0.999117, 0.0039008, 1, 0
5716.11, 0.999188, 0.00389986, 1, 0
5716.12, 0.998897, 0.00389864, 1, 0
5716.13, 0.998183, 0.00389708, 1, 0
5716.14, 0.997605, 0.00389552, 1, 0
5716.15, 0.997454, 0.00389407, 1, 0
5716.16, 0.997342, 0.00389223, 0.99519, 0.00440529
5716.17, 0.997035, 0.00389002, 0.99502, 0.00440529
5716.18, 0.996682, 0.00388836, 0.99512, 0.00881057
5716.19, 0.996478, 0.00388778, 0.99546, 0.00881057
5716.2, 0.996623, 0.00388815, 0.99599, 0.0110132
5716.21, 0.996887, 0.00388839, 0.99662, 0.0110132
5716.22, 0.99662, 0.00388662, 0.99729, 0.0132159
5716.23, 0.996117, 0.00388413, 0.99791, 0.0154185
5716.24, 0.996472, 0.00388483, 0.99844, 0.0176211
5716.25, 0.99741, 0.00388748, 0.99885, 0.0242291
5716.26, 0.997719, 0.00388734, 0.99914, 0.030837
5716.27, 0.997697, 0.00388583, 0.99932, 0.0440529
5716.28, 0.99845, 0.00388767, 0.99942, 0.0726872
5716.29, 0.999646, 0.00389138, 0.99943, 0.118943
5716.3, 1.00027, 0.00389264, 0.99935, 0.200441
5716.31, 0.999848, 0.00389036, 0.99914, 0.321586
5716.32, 0.998339, 0.00388518, 0.9987, 0.497797
5716.33, 0.996779, 0.00388004, 0.99786, 0.746696
5716.34, 0.996108, 0.00387735, 0.9964, 1.06167
5716.35, 0.995104, 0.00387371, 0.99399, 1.44493
5716.36, 0.992243, 0.00386477, 0.99029, 1.88546
5716.37, 0.987144, 0.00384891, 0.98503, 2.36344
5716.38, 0.979834, 0.00382587, 0.97806, 2.84802
5716.39, 0.970782, 0.00379769, 0.96955, 3.31278
5716.4, 0.960701, 0.00376695, 0.95999, 3.73568
5716.41, 0.950704, 0.00373648, 0.95027, 4.09251
5716.42, 0.941953, 0.00370938, 0.94148, 4.37004
5716.43, 0.935583, 0.00368933, 0.93479, 4.55947
5716.44, 0.93235, 0.00367893, 0.93117, 4.65419
5716.45, 0.9324, 0.00367896, 0.93118, 4.65419
5716.46, 0.935931, 0.00368964, 0.9348, 4.55947
5716.47, 0.943227, 0.00371052, 0.94149, 4.37004
5716.48, 0.953096, 0.00373827, 0.95028, 4.09471
5716.49, 0.962791, 0.00376657, 0.96002, 3.73789
5716.5, 0.971257, 0.00379234, 0.96958, 3.31718
5716.51, 0.978997, 0.00381551, 0.9781, 2.84802
5716.52, 0.98547, 0.00383427, 0.98507, 2.36344
5716.53, 0.989468, 0.00384584, 0.99033, 1.88546
5716.54, 0.99156, 0.00385176, 0.99403, 1.44493
5716.55, 0.993311, 0.00385602, 0.99643, 1.06167
5716.56, 0.995169, 0.00386014, 0.9979, 0.744493
5716.57, 0.996949, 0.00386415, 0.99874, 0.497797
5716.58, 0.998099, 0.00386675, 0.99919, 0.319383
5716.59, 0.998224, 0.00386688, 0.99943, 0.198238
5716.6, 0.998581, 0.00386778, 0.99955, 0.118943
5716.61, 1.00029, 0.00387228, 0.99961, 0.0704846
5716.62, 1.00141, 0.00387483, 0.99965, 0.0440529
5716.63, 1.00028, 0.00387082, 0.99967, 0.0286344
5716.64, 0.999052, 0.00386664, 0.99968, 0.0220264
5716.65, 0.999491, 0.00386755, 0.99969, 0.0198238
5716.66, 1.00006, 0.00386886, 0.9997, 0.0176211
5716.67, 0.999647, 0.00386713, 0.9997, 0.0176211
5716.68, 0.999466, 0.00386576, 0.9997, 0.0154185
5716.69, 1.00003, 0.00386625, 0.99971, 0.0154185
5716.7, 1.00002, 0.00386503, 0.99971, 0.0132159
5716.71, 0.999226, 0.00386171, 0.99972, 0.0132159
5716.72, 0.999377, 0.0038614, 0.99973, 0.0110132
5716.73, 1.00077, 0.00386504, 0.99975, 0.00881057
5716.74, 1.00177, 0.00386789, 0.99976, 0.00660793
5716.75, 1.00184, 0.00386816, 1, 0
5716.76, 1.00164, 0.00386738, 1, 0
5716.77, 1.0015, 0.00386632, 1, 0
5716.78, 1.0014, 0.00386494, 1, 0
5716.79, 1.00131, 0.00386333, 1, 0
5716.8, 1.00123, 0.00386174, 1, 0
5716.81, 1.00114, 0.00386018, 1, 0
