wav, obs, sigma_obs, syn, weight
5720.09, 1.00079, 0.00368747, 1, 0
5720.1, 0.994448, 0.0036689, 1, 0
5720.11, 0.988451, 0.00365113, 1, 0
5720.12, 0.981981, 0.00363227, 1, 0
5720.13, 0.974127, 0.00361022, 1, 0
5720.14, 0.966193, 0.00358783, 1, 0
5720.15, 0.96026, 0.00356992, 1, 0
5720.16, 0.957296, 0.0035603, 0.9865, 0.0031585
5720.17, 0.957807, 0.00356168, 0.9863, 0.0031585
5720.18, 0.962007, 0.00357379, 0.98706, 0.00631701
5720.19, 0.969418, 0.00359426, 0.98861, 0.00631701
5720.2, 0.977672, 0.00361671, 0.99066, 0.00947551
5720.21, 0.984746, 0.00363586, 0.99285, 0.00947551
5720.22, 0.99022, 0.00365069, 0.99489, 0.012634
5720.23, 0.993975, 0.00366092, 0.99656, 0.012634
5720.24, 0.996037, 0.00366661, 0.99781, 0.018951
5720.25, 0.996741, 0.00366864, 0.99865, 0.0284265
5720.26, 0.996785, 0.00366888, 0.99916, 0.0410605
5720.27, 0.996415, 0.00366783, 0.99944, 0.0663286
5720.28, 0.995463, 0.00366471, 0.99958, 0.107389
5720.29, 0.994568, 0.00366133, 0.99962, 0.180035
5720.3, 0.994816, 0.00366097, 0.99958, 0.287424
5720.31, 0.995677, 0.00366261, 0.99945, 0.454825
5720.32, 0.995944, 0.00366331, 0.99916, 0.682237
5720.33, 0.996051, 0.00366377, 0.9986, 0.985453
5720.34, 0.996646, 0.00366509, 0.99755, 1.355
5720.35, 0.995981, 0.00366264, 0.99575, 1.78455
5720.36, 0.992463, 0.00365237, 0.99286, 2.25201
5720.37, 0.98775, 0.0036389, 0.9886, 2.72895
5720.38, 0.983199, 0.0036258, 0.98286, 3.19325
5720.39, 0.977403, 0.00360874, 0.97581, 3.61333
5720.4, 0.969879, 0.00358637, 0.96805, 3.96708
5720.41, 0.962843, 0.00356577, 0.96054, 4.24819
5720.42, 0.957802, 0.00355148, 0.95446, 4.44086
5720.43, 0.954759, 0.00354288, 0.95092, 4.53877
5720.44, 0.953848, 0.00354012, 0.9506, 4.54825
5720.45, 0.955476, 0.0035446, 0.95357, 4.46612
5720.46, 0.959844, 0.00355667, 0.95924, 4.29241
5720.47, 0.966853, 0.00357554, 0.96657, 4.03025
5720.48, 0.975017, 0.00359763, 0.97436, 3.69229
5720.49, 0.982194, 0.00361802, 0.98157, 3.28169
5720.5, 0.988009, 0.00363494, 0.98754, 2.82686
5720.51, 0.992851, 0.00364819, 0.992, 2.34677
5720.52, 0.996593, 0.00365774, 0.99502, 1.87299
5720.53, 0.999122, 0.00366404, 0.99688, 1.43712
5720.54, 1.00114, 0.00366944, 0.9979, 1.05178
5720.55, 1.00311, 0.00367523, 0.99841, 0.735931
5720.56, 1.00416, 0.00367809, 0.99863, 0.492727
5720.57, 1.00387, 0.00367646, 0.99871, 0.31585
5720.58, 1.0034, 0.0036746, 0.99876, 0.195827
5720.59, 1.00355, 0.00367509, 0.99882, 0.116865
5720.6, 1.00415, 0.00367653, 0.99889, 0.0726456
5720.61, 1.00472, 0.00367727, 0.99898, 0.044219
5720.62, 1.00457, 0.00367591, 0.99908, 0.031585
5720.63, 1.00408, 0.00367396, 0.99918, 0.0221095
5720.64, 1.0045, 0.00367516, 0.99926, 0.0157925
5720.65, 1.00532, 0.00367775, 0.99932, 0.0157925
5720.66, 1.00497, 0.00367674, 0.99935, 0.0157925
5720.67, 1.00415, 0.0036741, 0.99933, 0.00947551
5720.68, 1.00437, 0.00367445, 0.99927, 0.00947551
5720.69, 1.00496, 0.0036759, 0.99916, 0.00947551
5720.7, 1.00475, 0.00367503, 0.99899, 0.00631701
5720.71, 1.00418, 0.00367275, 0.99875, 0.0031585
5720.72, 1.00392, 0.00367083, 0.99843, 0.0031585
5720.73, 1.00386, 0.00366977, 1, 0
5720.74, 1.00378, 0.0036694, 1, 0
5720.75, 1.00342, 0.00366849, 1, 0
5720.76, 1.00268, 0.00366641, 1, 0
5720.77, 1.00184, 0.00366402, 1, 0
5720.78, 1.00109, 0.00366189, 1, 0
5720.79, 1.00033, 0.00365976, 1, 0
