wav, obs, sigma_obs, syn, weight
5739.11, 0.998046, 0.00361932, 1, 0
5739.12, 0.997304, 0.00361789, 1, 0
5739.13, 0.996456, 0.00361607, 1, 0
5739.14, 0.996562, 0.00361767, 1, 0
5739.15, 0.997295, 0.00362102, 1, 0
5739.16, 0.99731, 0.00362056, 1, 0
5739.17, 0.997123, 0.0036194, 1, 0
5739.18, 0.997786, 0.00362273, 0.99975, 0.0033859
5739.19, 0.99863, 0.00362596, 0.99974, 0.0067718
5739.2, 0.999036, 0.00362623, 0.99972, 0.0067718
5739.21, 0.999126, 0.00362714, 0.99971, 0.00846475
5739.22, 0.998763, 0.00362763, 0.99969, 0.0101577
5739.23, 0.997792, 0.00362404, 0.99966, 0.0118506
5739.24, 0.997593, 0.00362269, 0.99964, 0.0135436
5739.25, 0.998966, 0.00362837, 0.9996, 0.0135436
5739.26, 0.999712, 0.00363199, 0.99956, 0.0169295
5739.27, 0.998958, 0.00362955, 0.99951, 0.0203154
5739.28, 0.998014, 0.00362595, 0.99945, 0.0253942
5739.29, 0.99778, 0.00362533, 0.99939, 0.0355519
5739.3, 0.998512, 0.00362919, 0.99933, 0.0541744
5739.31, 0.999106, 0.00363132, 0.99925, 0.0897263
5739.32, 0.998915, 0.00362856, 0.99915, 0.150673
5739.33, 0.998781, 0.00362706, 0.99899, 0.247171
5739.34, 0.998798, 0.00362819, 0.99869, 0.397843
5739.35, 0.99834, 0.00362846, 0.99811, 0.612848
5739.36, 0.997425, 0.00362718, 0.99697, 0.900649
5739.37, 0.995941, 0.00362385, 0.99486, 1.26294
5739.38, 0.992592, 0.0036152, 0.99118, 1.68956
5739.39, 0.986844, 0.00359978, 0.98524, 2.1619
5739.4, 0.979314, 0.00357881, 0.97644, 2.65624
5739.41, 0.968578, 0.00354844, 0.96447, 3.14212
5739.42, 0.952834, 0.00350415, 0.94963, 3.59244
5739.43, 0.934944, 0.00345419, 0.93303, 3.98182
5739.44, 0.918023, 0.00340709, 0.91654, 4.29501
5739.45, 0.90297, 0.00336463, 0.90252, 4.52018
5739.46, 0.892087, 0.00333355, 0.89329, 4.65223
5739.47, 0.888913, 0.00332489, 0.89049, 4.69116
5739.48, 0.894017, 0.00333947, 0.89465, 4.6353
5739.49, 0.906127, 0.00337285, 0.90499, 4.48462
5739.5, 0.922521, 0.0034193, 0.91969, 4.24084
5739.51, 0.94036, 0.00347129, 0.93638, 3.9141
5739.52, 0.957112, 0.00351942, 0.95276, 3.51118
5739.53, 0.970993, 0.00355879, 0.96709, 3.05239
5739.54, 0.981065, 0.00358806, 0.97844, 2.56143
5739.55, 0.988137, 0.00360768, 0.98665, 2.06878
5739.56, 0.99318, 0.0036197, 0.9921, 1.60322
5739.57, 0.996333, 0.0036285, 0.99544, 1.18845
5739.58, 0.997764, 0.00363468, 0.99733, 0.841396
5739.59, 0.997878, 0.00363546, 0.99833, 0.568831
5739.6, 0.997766, 0.00363437, 0.99883, 0.36737
5739.61, 0.998264, 0.00363576, 0.99907, 0.228548
5739.62, 0.998212, 0.00363603, 0.99918, 0.137129
5739.63, 0.99708, 0.0036334, 0.99922, 0.0846475
5739.64, 0.995913, 0.00363125, 0.99921, 0.0524814
5739.65, 0.995185, 0.00363043, 0.99913, 0.0355519
5739.66, 0.994848, 0.00362977, 0.99896, 0.0253942
5739.67, 0.994817, 0.00362932, 0.99862, 0.0203154
5739.68, 0.994861, 0.00362897, 0.99798, 0.0169295
5739.69, 0.994459, 0.00362743, 0.99689, 0.0152365
5739.7, 0.993766, 0.00362552, 0.99512, 0.0135436
5739.71, 0.993592, 0.00362601, 0.99248, 0.0135436
5739.72, 0.993721, 0.0036274, 0.98885, 0.0135436
5739.73, 0.993492, 0.00362683, 0.9843, 0.0101577
5739.74, 0.992554, 0.00362445, 0.97913, 0.0101577
5739.75, 0.991181, 0.00362139, 0.97396, 0.00846475
5739.76, 0.99044, 0.00361924, 0.96958, 0.00507885
5739.77, 0.990356, 0.00361841, 1, 0
5739.78, 0.990321, 0.00361865, 1, 0
5739.79, 0.990828, 0.00362103, 1, 0
5739.8, 0.992313, 0.00362611, 1, 0
5739.81, 0.994035, 0.00363181, 1, 0
5739.82, 0.995584, 0.00363706, 1, 0
5739.83, 0.997133, 0.0036423, 1, 0
