wav, obs, sigma_obs, syn, weight
5766, 1.00105, 0.00413032, 1, 0
5766.01, 1.00082, 0.00412931, 1, 0
5766.02, 1.00059, 0.0041283, 1, 0
5766.03, 1.00036, 0.00412729, 1, 0
5766.04, 1.00027, 0.00412686, 1, 0
5766.05, 0.999956, 0.00412549, 1, 0
5766.06, 0.999196, 0.00412216, 1, 0
5766.07, 0.998337, 0.00411848, 1, 0
5766.08, 0.99782, 0.00411644, 0.99983, 0.00945865
5766.09, 0.997339, 0.00411446, 0.9998, 0.0132421
5766.1, 0.99648, 0.00411039, 0.99978, 0.0151338
5766.11, 0.995738, 0.00410635, 0.99975, 0.0170256
5766.12, 0.995754, 0.0041052, 0.99972, 0.0189173
5766.13, 0.996227, 0.00410602, 0.99966, 0.0227008
5766.14, 0.996656, 0.00410699, 0.99959, 0.0264842
5766.15, 0.997097, 0.00410803, 0.99948, 0.0302677
5766.16, 0.997687, 0.00410935, 0.99932, 0.0340512
5766.17, 0.998126, 0.0041101, 0.9991, 0.0454015
5766.18, 0.998116, 0.00410947, 0.99881, 0.0605354
5766.19, 0.997948, 0.00410814, 0.99842, 0.0870196
5766.2, 0.997902, 0.00410677, 0.99794, 0.130529
5766.21, 0.997467, 0.00410412, 0.99733, 0.202415
5766.22, 0.996176, 0.00409904, 0.99654, 0.312136
5766.23, 0.9946, 0.00409302, 0.9955, 0.469149
5766.24, 0.993256, 0.00408744, 0.99404, 0.684807
5766.25, 0.991457, 0.00408084, 0.99193, 0.966674
5766.26, 0.988462, 0.00407137, 0.98891, 1.30908
5766.27, 0.984405, 0.00405832, 0.98466, 1.70823
5766.28, 0.979332, 0.00404088, 0.97894, 2.14522
5766.29, 0.972297, 0.00401715, 0.97167, 2.59924
5766.3, 0.962858, 0.00398678, 0.96302, 3.04379
5766.31, 0.952912, 0.00395533, 0.95346, 3.45619
5766.32, 0.944099, 0.00392725, 0.94371, 3.81562
5766.33, 0.935802, 0.00389991, 0.93475, 4.10506
5766.34, 0.927783, 0.00387247, 0.92757, 4.31693
5766.35, 0.922169, 0.00385322, 0.92304, 4.44178
5766.36, 0.92084, 0.00384914, 0.92178, 4.47773
5766.37, 0.923827, 0.00385907, 0.92395, 4.42287
5766.38, 0.930665, 0.00388039, 0.92931, 4.28288
5766.39, 0.940429, 0.00391031, 0.93722, 4.05587
5766.4, 0.951704, 0.0039447, 0.94675, 3.75319
5766.41, 0.962053, 0.00397623, 0.9569, 3.38241
5766.42, 0.970088, 0.00400073, 0.96671, 2.96434
5766.43, 0.977219, 0.00402251, 0.97546, 2.51789
5766.44, 0.984195, 0.00404385, 0.9827, 2.07145
5766.45, 0.989433, 0.00405992, 0.98829, 1.64581
5766.46, 0.992176, 0.00406826, 0.99231, 1.26368
5766.47, 0.994026, 0.00407326, 0.99501, 0.94019
5766.48, 0.996117, 0.00407835, 0.9967, 0.681023
5766.49, 0.998081, 0.00408337, 0.99766, 0.484283
5766.5, 0.999508, 0.00408748, 0.99815, 0.346187
5766.51, 1.00025, 0.00408929, 0.99836, 0.253492
5766.52, 1.00024, 0.00408816, 0.99841, 0.192957
5766.53, 0.999559, 0.00408494, 0.99838, 0.158905
5766.54, 0.998748, 0.0040816, 0.99835, 0.138096
5766.55, 0.999059, 0.00408167, 0.99834, 0.126746
5766.56, 1.00049, 0.00408501, 0.99837, 0.117287
5766.57, 1.00101, 0.00408563, 0.99846, 0.111612
5766.58, 1.00015, 0.00408228, 0.99858, 0.104045
5766.59, 1.00006, 0.00408147, 0.99875, 0.0945865
5766.6, 1.00128, 0.00408473, 0.99893, 0.0889113
5766.61, 1.00187, 0.00408593, 0.99912, 0.077561
5766.62, 1.00131, 0.00408337, 0.9993, 0.0662106
5766.63, 1.00116, 0.00408189, 0.99946, 0.0529685
5766.64, 1.00181, 0.00408284, 0.99959, 0.0397263
5766.65, 1.00198, 0.00408264, 1, 0
5766.66, 1.00139, 0.00408034, 1, 0
5766.67, 1.00104, 0.00407835, 1, 0
5766.68, 1.00128, 0.00407786, 1, 0
5766.69, 1.00172, 0.00407845, 1, 0
5766.7, 1.00203, 0.00407915, 1, 0
5766.71, 1.00204, 0.00407852, 1, 0
5766.72, 1.00175, 0.00407635, 1, 0
