wav, obs, sigma_obs, syn, weight
5803.89, 0.998785, 0.00411595, 1, 0
5803.9, 0.996142, 0.00410913, 1, 0
5803.91, 0.992809, 0.00409906, 1, 0
5803.92, 0.988836, 0.0040869, 1, 0
5803.93, 0.984874, 0.00407675, 1, 0
5803.94, 0.981224, 0.00406658, 1, 0
5803.95, 0.976613, 0.00405057, 0.97724, 0.00367425
5803.96, 0.96719, 0.00402061, 0.9644, 0.004899
5803.97, 0.952554, 0.00397605, 0.94723, 0.00857325
5803.98, 0.934805, 0.00392151, 0.92622, 0.0110227
5803.99, 0.914922, 0.00385959, 0.90281, 0.0134722
5804, 0.894512, 0.00379515, 0.87946, 0.0159217
5804.01, 0.876514, 0.00373728, 0.8592, 0.0171465
5804.02, 0.863798, 0.00369686, 0.84511, 0.019596
5804.03, 0.858839, 0.00368299, 0.83952, 0.0220455
5804.04, 0.863156, 0.00369713, 0.84346, 0.0257197
5804.05, 0.875576, 0.00373528, 0.85632, 0.0306187
5804.06, 0.892621, 0.0037897, 0.87601, 0.0367425
5804.07, 0.912988, 0.00385632, 0.89947, 0.0465405
5804.08, 0.934812, 0.00392797, 0.92341, 0.063687
5804.09, 0.953491, 0.00398877, 0.94511, 0.0894067
5804.1, 0.967925, 0.00403498, 0.96283, 0.132273
5804.11, 0.979573, 0.00407195, 0.97594, 0.203308
5804.12, 0.988208, 0.00410045, 0.98471, 0.313536
5804.13, 0.993394, 0.00411887, 0.9899, 0.476428
5804.14, 0.995201, 0.00412475, 0.9923, 0.703006
5804.15, 0.994803, 0.00412241, 0.99244, 0.996946
5804.16, 0.993234, 0.00411731, 0.99042, 1.35947
5804.17, 0.989345, 0.00410669, 0.98592, 1.77956
5804.18, 0.981867, 0.00408508, 0.97832, 2.24007
5804.19, 0.970114, 0.00404745, 0.96699, 2.71772
5804.2, 0.955108, 0.00399981, 0.95168, 3.18557
5804.21, 0.93735, 0.00394577, 0.93284, 3.62158
5804.22, 0.915157, 0.00387613, 0.91192, 4.00003
5804.23, 0.891129, 0.00379884, 0.89127, 4.30377
5804.24, 0.871129, 0.00373507, 0.87381, 4.52423
5804.25, 0.859754, 0.00369972, 0.86234, 4.65527
5804.26, 0.858355, 0.00369655, 0.85886, 4.69324
5804.27, 0.864228, 0.00371613, 0.86399, 4.6369
5804.28, 0.87676, 0.00375653, 0.8768, 4.48748
5804.29, 0.89571, 0.00381742, 0.89507, 4.25111
5804.3, 0.917945, 0.00388914, 0.9159, 3.93022
5804.31, 0.939358, 0.00395833, 0.93642, 3.5383
5804.32, 0.956065, 0.004012, 0.95443, 3.09372
5804.33, 0.96849, 0.00405264, 0.96866, 2.62096
5804.34, 0.977755, 0.0040844, 0.97875, 2.14454
5804.35, 0.983053, 0.00410294, 0.98495, 1.69015
5804.36, 0.984706, 0.00410863, 0.98774, 1.27986
5804.37, 0.983594, 0.00410486, 0.9875, 0.93081
5804.38, 0.978616, 0.00408949, 0.9843, 0.649117
5804.39, 0.969847, 0.00406255, 0.97798, 0.437236
5804.4, 0.95956, 0.00402904, 0.96832, 0.285367
5804.41, 0.947706, 0.00399114, 0.9554, 0.184937
5804.42, 0.933585, 0.00394911, 0.93995, 0.120025
5804.43, 0.918508, 0.00390292, 0.92348, 0.0808335
5804.44, 0.904955, 0.00385924, 0.90816, 0.058788
5804.45, 0.89596, 0.00383028, 0.89647, 0.044091
5804.46, 0.892917, 0.00382057, 0.8905, 0.0355177
5804.47, 0.896584, 0.00383244, 0.89142, 0.0306187
5804.48, 0.907457, 0.00386884, 0.89911, 0.0257197
5804.49, 0.922957, 0.00392007, 0.91216, 0.0232702
5804.5, 0.939104, 0.00397114, 0.92834, 0.0208207
5804.51, 0.955121, 0.00402246, 0.94519, 0.019596
5804.52, 0.969913, 0.00407194, 0.96064, 0.0171465
5804.53, 0.981153, 0.00411, 0.97336, 0.014697
5804.54, 0.989106, 0.00413718, 0.98288, 0.0122475
5804.55, 0.995049, 0.00415769, 0.98942, 0.009798
5804.56, 0.999356, 0.00417127, 0.99356, 0.0073485
5804.57, 1.00218, 0.00417956, 0.99602, 0.00367425
5804.58, 1.00365, 0.00418581, 1, 0
5804.59, 1.00405, 0.00418864, 1, 0
5804.6, 1.00386, 0.00418773, 1, 0
5804.61, 1.00384, 0.00418733, 1, 0
5804.62, 1.00411, 0.00418838, 1, 0
5804.63, 1.00429, 0.004189, 1, 0
