wav, obs, sigma_obs, syn, weight
5823.34, 0.997794, 0.00386863, 1, 0
5823.35, 0.998283, 0.00386963, 1, 0
5823.36, 0.998708, 0.00387054, 1, 0
5823.37, 0.9993, 0.0038717, 1, 0
5823.38, 1.00006, 0.00387306, 1, 0
5823.39, 1.00053, 0.00387356, 1, 0
5823.4, 1.00048, 0.0038728, 1, 0
5823.41, 1.00066, 0.00387268, 1, 0
5823.42, 1.00149, 0.00387415, 0.9992, 0.00375086
5823.43, 1.00195, 0.00387442, 0.99924, 0.00750172
5823.44, 1.00141, 0.00387186, 0.99929, 0.00375086
5823.45, 1.00072, 0.00386927, 0.99933, 0.00750172
5823.46, 1.00058, 0.00386867, 0.99935, 0.00750172
5823.47, 1.0006, 0.00386847, 0.99934, 0.0112526
5823.48, 1.0005, 0.00386744, 0.9993, 0.0150034
5823.49, 1.00045, 0.00386639, 0.99922, 0.0187543
5823.5, 1.00056, 0.00386591, 0.99912, 0.026256
5823.51, 1.00057, 0.0038654, 0.99897, 0.0450103
5823.52, 1.00024, 0.00386421, 0.99879, 0.0712663
5823.53, 0.99957, 0.00386178, 0.99856, 0.120027
5823.54, 0.998672, 0.00385818, 0.99826, 0.202546
5823.55, 0.997858, 0.00385462, 0.99784, 0.322574
5823.56, 0.997203, 0.00385166, 0.99722, 0.498864
5823.57, 0.996321, 0.00384849, 0.99629, 0.74267
5823.58, 0.995125, 0.00384482, 0.99493, 1.05024
5823.59, 0.994107, 0.0038415, 0.99299, 1.42533
5823.6, 0.992942, 0.0038372, 0.99037, 1.85667
5823.61, 0.989932, 0.00382702, 0.98702, 2.31428
5823.62, 0.984836, 0.00381069, 0.98301, 2.78314
5823.63, 0.979768, 0.00379527, 0.97852, 3.22949
5823.64, 0.975471, 0.00378286, 0.97385, 3.63083
5823.65, 0.970494, 0.00376779, 0.96938, 3.96841
5823.66, 0.964782, 0.00374955, 0.96553, 4.23097
5823.67, 0.960356, 0.00373524, 0.96267, 4.41101
5823.68, 0.958327, 0.00372872, 0.96109, 4.49728
5823.69, 0.958472, 0.00372907, 0.96096, 4.49728
5823.7, 0.960656, 0.00373539, 0.96231, 4.40726
5823.71, 0.964922, 0.0037472, 0.96501, 4.23097
5823.72, 0.97057, 0.00376237, 0.9688, 3.96841
5823.73, 0.976076, 0.00377696, 0.9733, 3.62708
5823.74, 0.980454, 0.00378869, 0.97812, 3.22574
5823.75, 0.983359, 0.00379721, 0.98284, 2.77564
5823.76, 0.985182, 0.0038031, 0.98715, 2.31053
5823.77, 0.986973, 0.00380774, 0.9908, 1.85292
5823.78, 0.988927, 0.0038118, 0.9937, 1.42158
5823.79, 0.990445, 0.00381518, 0.99587, 1.04649
5823.8, 0.991548, 0.00381815, 0.99737, 0.735168
5823.81, 0.992795, 0.00382122, 0.99834, 0.498864
5823.82, 0.99419, 0.00382431, 0.99891, 0.322574
5823.83, 0.995279, 0.00382689, 0.99921, 0.202546
5823.84, 0.995977, 0.00382883, 0.99932, 0.123778
5823.85, 0.996484, 0.00383035, 0.99932, 0.0750172
5823.86, 0.996919, 0.00383132, 0.99926, 0.0450103
5823.87, 0.997339, 0.00383143, 0.99916, 0.0337577
5823.88, 0.997864, 0.00383132, 0.99907, 0.0225052
5823.89, 0.998608, 0.00383212, 0.99899, 0.0150034
5823.9, 0.999091, 0.00383272, 0.99895, 0.0150034
5823.91, 0.998593, 0.00383092, 0.99893, 0.0112526
5823.92, 0.99787, 0.00382861, 0.99896, 0.0112526
5823.93, 0.998373, 0.00382958, 0.99903, 0.00750172
5823.94, 0.999673, 0.00383276, 0.99913, 0.00750172
5823.95, 1.00044, 0.00383468, 0.99925, 0.00375086
5823.96, 1.00078, 0.00383532, 0.99938, 0.00375086
5823.97, 1.00143, 0.00383618, 1, 0
5823.98, 1.00203, 0.0038366, 1, 0
5823.99, 1.00183, 0.00383518, 1, 0
5824, 1.0012, 0.00383284, 1, 0
5824.01, 1.00093, 0.00383128, 1, 0
5824.02, 1.00103, 0.00383054, 1, 0
5824.03, 1.00104, 0.0038296, 1, 0
5824.04, 1.00101, 0.00382858, 1, 0
