wav, obs, sigma_obs, syn, weight
5831.2, 1.00125, 0.00353242, 1, 0
5831.21, 1.00106, 0.00353089, 1, 0
5831.22, 1.00037, 0.0035287, 1, 0
5831.23, 0.999498, 0.00352651, 1, 0
5831.24, 0.999264, 0.00352571, 1, 0
5831.25, 0.999561, 0.00352598, 1, 0
5831.26, 0.999751, 0.00352601, 1, 0
5831.27, 0.999784, 0.00352599, 0.99811, 0
5831.28, 0.999877, 0.0035266, 0.9982, 0
5831.29, 0.999985, 0.00352705, 0.99832, 0
5831.3, 0.999977, 0.0035263, 0.99843, 0
5831.31, 0.999838, 0.00352502, 0.99852, 0
5831.32, 0.999619, 0.00352418, 0.9986, 0
5831.33, 0.999466, 0.00352406, 0.99866, 0
5831.34, 0.99959, 0.00352476, 0.99871, 0
5831.35, 1.0003, 0.00352645, 0.99874, 0
5831.36, 1.00144, 0.00352855, 0.99876, 0
5831.37, 1.00171, 0.00352879, 0.99878, 0
5831.38, 1.00083, 0.00352683, 0.99878, 0
5831.39, 1.00046, 0.00352614, 0.99877, 0.0391032
5831.4, 1.00097, 0.0035272, 0.99874, 0.0782065
5831.41, 1.00073, 0.00352594, 0.9987, 0.11731
5831.42, 0.999587, 0.00352226, 0.99862, 0.195516
5831.43, 0.999113, 0.00352051, 0.99847, 0.351929
5831.44, 0.99918, 0.00352047, 0.99822, 0.586548
5831.45, 0.99822, 0.00351803, 0.99776, 0.821168
5831.46, 0.996444, 0.00351328, 0.99695, 1.2122
5831.47, 0.99508, 0.0035088, 0.99555, 1.64234
5831.48, 0.993116, 0.00350261, 0.9932, 2.11157
5831.49, 0.988679, 0.0034909, 0.98948, 2.61992
5831.5, 0.982332, 0.00347449, 0.98388, 3.12826
5831.51, 0.975212, 0.00345521, 0.97597, 3.5975
5831.52, 0.966044, 0.00342975, 0.9655, 3.98853
5831.53, 0.953337, 0.00339468, 0.95256, 4.34046
5831.54, 0.937819, 0.00335255, 0.93773, 4.61418
5831.55, 0.920912, 0.00330725, 0.92213, 4.77059
5831.56, 0.904454, 0.00326245, 0.90727, 4.8097
5831.57, 0.8904, 0.00322282, 0.89492, 4.77059
5831.58, 0.880785, 0.0031955, 0.8867, 4.65328
5831.59, 0.877112, 0.00318551, 0.88378, 4.45777
5831.6, 0.879888, 0.00319324, 0.88659, 4.10584
5831.61, 0.888619, 0.00321675, 0.89472, 3.75391
5831.62, 0.901549, 0.00325146, 0.90698, 3.28467
5831.63, 0.917059, 0.00329332, 0.9217, 2.77633
5831.64, 0.933763, 0.00333892, 0.93699, 2.26799
5831.65, 0.949679, 0.00338233, 0.9512, 1.79875
5831.66, 0.962451, 0.00341591, 0.96307, 1.32951
5831.67, 0.971705, 0.00343958, 0.97196, 0.977581
5831.68, 0.978358, 0.00345797, 0.97779, 0.664755
5831.69, 0.982562, 0.00347057, 0.98093, 0.430136
5831.7, 0.984229, 0.00347498, 0.98207, 0.273723
5831.71, 0.98454, 0.00347494, 0.98199, 0.195516
5831.72, 0.984891, 0.00347557, 0.98144, 0.11731
5831.73, 0.985035, 0.00347593, 0.98106, 0.0391032
5831.74, 0.984697, 0.00347469, 0.98124, 0.0391032
5831.75, 0.985518, 0.00347643, 0.98217, 0
5831.76, 0.988534, 0.0034842, 0.98382, 0.0391032
5831.77, 0.991618, 0.00349222, 0.98599, 0
5831.78, 0.993171, 0.0034962, 0.9884, 0
5831.79, 0.994071, 0.00349878, 0.99078, 0
5831.8, 0.994888, 0.0035014, 0.99288, 0
5831.81, 0.995063, 0.00350168, 0.99455, 0
5831.82, 0.994774, 0.00350005, 0.99573, 0
5831.83, 0.995284, 0.00350097, 0.99646, 0
5831.84, 0.996171, 0.00350334, 0.99683, 0
5831.85, 0.995267, 0.00350031, 0.99695, 0
5831.86, 0.992906, 0.003493, 0.99695, 0
5831.87, 0.991398, 0.00348885, 0.99694, 0
5831.88, 0.990881, 0.00348814, 1, 0
5831.89, 0.990146, 0.00348665, 1, 0
5831.9, 0.988952, 0.00348351, 1, 0
5831.91, 0.987541, 0.00347953, 1, 0
5831.92, 0.986043, 0.00347519, 1, 0
5831.93, 0.984575, 0.00347097, 1, 0
5831.94, 0.98311, 0.00346676, 1, 0
