wav, obs, sigma_obs, syn, weight
5851.86, 0.995391, 0.00365626, 1, 0
5851.87, 0.996679, 0.00366035, 1, 0
5851.88, 0.998235, 0.00366508, 1, 0
5851.89, 0.999357, 0.00366876, 1, 0
5851.9, 0.99917, 0.00366927, 1, 0
5851.91, 0.998809, 0.00366905, 1, 0
5851.92, 0.999197, 0.00367032, 1, 0
5851.93, 0.999245, 0.00367117, 0.99936, 0
5851.94, 0.998612, 0.0036704, 0.99931, 0
5851.95, 0.998063, 0.00366848, 0.99926, 0
5851.96, 0.997782, 0.00366695, 0.99919, 0
5851.97, 0.997577, 0.00366702, 0.99911, 0
5851.98, 0.997153, 0.00366665, 0.99899, 0
5851.99, 0.996438, 0.00366476, 0.99883, 0
5852, 0.995779, 0.00366314, 0.99859, 0
5852.01, 0.99551, 0.00366287, 0.99826, 0
5852.02, 0.995782, 0.00366403, 0.99779, 0.00599894
5852.03, 0.995939, 0.00366502, 0.9972, 0.00599894
5852.04, 0.995376, 0.00366424, 0.99648, 0.00599894
5852.05, 0.994357, 0.0036616, 0.99567, 0.0119979
5852.06, 0.993598, 0.00365907, 0.99484, 0.0119979
5852.07, 0.993926, 0.00365998, 0.99399, 0.00599894
5852.08, 0.99373, 0.00365992, 0.99311, 0.00599894
5852.09, 0.99101, 0.00365286, 0.99202, 0.00599894
5852.1, 0.987476, 0.00364318, 0.99033, 0.00599894
5852.11, 0.984041, 0.00363332, 0.98736, 0.0119979
5852.12, 0.978675, 0.00361802, 0.98208, 0.0119979
5852.13, 0.969369, 0.00359231, 0.9732, 0.0179968
5852.14, 0.954552, 0.00355223, 0.95935, 0.0239957
5852.15, 0.933756, 0.00349482, 0.93949, 0.0299947
5852.16, 0.907009, 0.00341876, 0.91339, 0.0539904
5852.17, 0.874623, 0.00332624, 0.88212, 0.0839851
5852.18, 0.838825, 0.00322431, 0.84819, 0.149973
5852.19, 0.804072, 0.00312524, 0.81536, 0.257954
5852.2, 0.774858, 0.00304183, 0.788, 0.425925
5852.21, 0.755549, 0.00298667, 0.77016, 0.671881
5852.22, 0.750165, 0.00297103, 0.7646, 1.01382
5852.23, 0.760442, 0.00300019, 0.77209, 1.43974
5852.24, 0.784124, 0.00306904, 0.7912, 1.93166
5852.25, 0.816289, 0.00316279, 0.81866, 2.47156
5852.26, 0.850574, 0.00326122, 0.85012, 3.03546
5852.27, 0.883171, 0.00335413, 0.88119, 3.56937
5852.28, 0.911475, 0.00343519, 0.90844, 4.04928
5852.29, 0.933513, 0.00349823, 0.92991, 4.45721
5852.3, 0.949199, 0.00354271, 0.94532, 4.76915
5852.31, 0.960467, 0.00357446, 0.95564, 4.99112
5852.32, 0.968347, 0.0035969, 0.96251, 5.1051
5852.33, 0.973508, 0.00361229, 0.96754, 5.12909
5852.34, 0.977459, 0.00362422, 0.97195, 5.04511
5852.35, 0.981559, 0.0036362, 0.97636, 4.86514
5852.36, 0.986455, 0.00365067, 0.98083, 4.57719
5852.37, 0.991126, 0.00366458, 0.98516, 4.20525
5852.38, 0.993793, 0.00367221, 0.98904, 3.74934
5852.39, 0.995847, 0.00367815, 0.99223, 3.22143
5852.4, 0.998439, 0.00368625, 0.99464, 2.66953
5852.41, 0.999227, 0.0036893, 0.99633, 2.11163
5852.42, 0.998309, 0.00368719, 0.99744, 1.59572
5852.43, 0.998835, 0.00368891, 0.99812, 1.1458
5852.44, 1.00028, 0.00369311, 0.99853, 0.785861
5852.45, 1.00069, 0.00369432, 0.99877, 0.50991
5852.46, 1.00049, 0.00369392, 0.99892, 0.311945
5852.47, 1.00005, 0.003693, 0.99902, 0.185967
5852.48, 0.998754, 0.00368982, 0.9991, 0.101982
5852.49, 0.997347, 0.00368624, 0.99916, 0.0539904
5852.5, 0.997339, 0.00368634, 0.99921, 0.0299947
5852.51, 0.99837, 0.00368978, 0.99925, 0.0239957
5852.52, 0.999199, 0.00369332, 0.99929, 0.0119979
5852.53, 0.998171, 0.00369087, 0.99931, 0.0119979
5852.54, 0.996321, 0.00368535, 0.99933, 0.00599894
5852.55, 0.997101, 0.00368802, 0.99932, 0.00599894
5852.56, 0.998674, 0.00369311, 0.99928, 0.00599894
5852.57, 0.997965, 0.00369089, 0.99922, 0
5852.58, 0.997346, 0.00368919, 1, 0
5852.59, 0.998112, 0.00369221, 1, 0
5852.6, 0.998126, 0.00369275, 1, 0
5852.61, 0.996971, 0.00368941, 1, 0
5852.62, 0.996066, 0.0036869, 1, 0
5852.63, 0.995211, 0.00368455, 1, 0
5852.64, 0.994355, 0.00368221, 1, 0
