wav, obs, sigma_obs, syn, weight
5860.79, 0.998634, 0.00418501, 1, 0
5860.8, 0.997065, 0.00418223, 1, 0
5860.81, 0.99751, 0.00418363, 1, 0
5860.82, 0.997987, 0.00418526, 1, 0
5860.83, 0.997116, 0.00418476, 1, 0
5860.84, 0.997012, 0.00418734, 1, 0
5860.85, 0.997672, 0.00419116, 0.99633, 1.07812
5860.86, 0.997642, 0.00419049, 0.99583, 1.96023
5860.87, 0.997427, 0.00418881, 0.99556, 2.74432
5860.88, 0.997568, 0.00418901, 0.99551, 3.4304
5860.89, 0.997873, 0.00418963, 0.99567, 4.01847
5860.9, 0.997934, 0.00419027, 0.996, 4.11648
5860.91, 0.997618, 0.0041913, 0.99644, 4.01847
5860.92, 0.997774, 0.0041933, 0.99695, 3.72443
5860.93, 0.998271, 0.00419512, 0.99745, 3.33239
5860.94, 0.998063, 0.00419457, 0.99789, 2.84233
5860.95, 0.997753, 0.00419443, 0.99823, 2.45028
5860.96, 0.997719, 0.00419611, 0.99846, 1.96023
5860.97, 0.996765, 0.004195, 0.99854, 1.47017
5860.98, 0.995903, 0.00419319, 0.99844, 1.07812
5860.99, 0.996899, 0.00419568, 0.99808, 0.784091
5861, 0.997366, 0.00419714, 0.99737, 0.588068
5861.01, 0.995902, 0.00419365, 0.99612, 0.490057
5861.02, 0.99384, 0.00418709, 0.99414, 0.490057
5861.03, 0.991147, 0.00417917, 0.99126, 0.588068
5861.04, 0.987346, 0.00417009, 0.98736, 0.68608
5861.05, 0.982973, 0.0041568, 0.98248, 0.882102
5861.06, 0.977786, 0.00413859, 0.97687, 0.980114
5861.07, 0.971034, 0.00411787, 0.97099, 1.17614
5861.08, 0.964541, 0.00409851, 0.96543, 1.37216
5861.09, 0.959965, 0.00408344, 0.96087, 1.56818
5861.1, 0.956906, 0.00407311, 0.95788, 1.66619
5861.11, 0.955453, 0.00406906, 0.95688, 1.86222
5861.12, 0.956236, 0.00407333, 0.958, 1.86222
5861.13, 0.959982, 0.00408595, 0.96108, 1.86222
5861.14, 0.966281, 0.00410573, 0.96571, 1.96023
5861.15, 0.973232, 0.0041301, 0.97128, 1.86222
5861.16, 0.979369, 0.00415316, 0.97714, 1.7642
5861.17, 0.984105, 0.00417032, 0.9827, 1.66619
5861.18, 0.98835, 0.00418429, 0.9875, 1.47017
5861.19, 0.991327, 0.00419375, 0.99133, 1.27415
5861.2, 0.991438, 0.00419502, 0.99415, 1.07812
5861.21, 0.992267, 0.00419798, 0.99609, 0.882102
5861.22, 0.99551, 0.00420753, 0.99732, 0.68608
5861.23, 0.996881, 0.00421282, 0.99806, 0.490057
5861.24, 0.996984, 0.00421541, 0.99847, 0.392045
5861.25, 0.998536, 0.00422181, 0.9987, 0.196023
5861.26, 0.999103, 0.0042241, 0.99882, 0.0980114
5861.27, 0.998563, 0.0042227, 0.99889, 0
5861.28, 1.0002, 0.00422919, 0.99893, 0.0980114
5861.29, 1.00121, 0.00423419, 0.99895, 0
5861.3, 0.999087, 0.00422855, 0.99897, 0
5861.31, 0.998435, 0.00422598, 0.99897, 0
5861.32, 1.00004, 0.00423085, 0.99897, 0
5861.33, 1.00104, 0.00423679, 0.99896, 0
5861.34, 1.00089, 0.0042376, 0.99895, 0
5861.35, 0.999524, 0.00423158, 0.99894, 0
5861.36, 0.996845, 0.00422419, 0.99892, 0
5861.37, 0.99605, 0.00422367, 0.9989, 0
5861.38, 0.999623, 0.0042339, 0.99888, 0
5861.39, 1.00199, 0.0042416, 0.99888, 0
5861.4, 1.00134, 0.00424223, 0.9989, 0
5861.41, 1.00108, 0.00424306, 0.99897, 0
5861.42, 1.00088, 0.00424287, 1, 0
5861.43, 1.00006, 0.00424046, 1, 0
5861.44, 1.00027, 0.00424172, 1, 0
5861.45, 1.0017, 0.00424719, 1, 0
5861.46, 1.00281, 0.00425153, 1, 0
5861.47, 1.00391, 0.00425586, 1, 0
