wav, obs, sigma_obs, syn, weight
5866.05, 0.995264, 0.00468902, 1, 0
5866.06, 0.995429, 0.0046907, 1, 0
5866.07, 0.996278, 0.00469574, 1, 0
5866.08, 0.997036, 0.00470019, 1, 0
5866.09, 0.995884, 0.004695, 1, 0
5866.1, 0.99532, 0.00469289, 1, 0
5866.11, 0.996686, 0.00470112, 0.97703, 0.00330329
5866.12, 0.996842, 0.00470469, 0.97949, 0.00660658
5866.13, 0.995907, 0.00470271, 0.98125, 0.00990987
5866.14, 0.995119, 0.00470045, 0.98118, 0.0125525
5866.15, 0.993498, 0.00469619, 0.97852, 0.0151951
5866.16, 0.991719, 0.00469092, 0.97275, 0.0171771
5866.17, 0.991012, 0.00468694, 0.96375, 0.0191591
5866.18, 0.988921, 0.00468031, 0.95184, 0.0211411
5866.19, 0.984343, 0.00466692, 0.93794, 0.0237837
5866.2, 0.978727, 0.00464607, 0.92358, 0.0277476
5866.21, 0.97399, 0.00462815, 0.91065, 0.0336936
5866.22, 0.971197, 0.00461988, 0.90111, 0.0422821
5866.23, 0.969932, 0.00461695, 0.8965, 0.0561559
5866.24, 0.970117, 0.00462005, 0.89759, 0.0766364
5866.25, 0.971671, 0.00462936, 0.90417, 0.106366
5866.26, 0.974056, 0.00463787, 0.91503, 0.149309
5866.27, 0.977708, 0.00465003, 0.92835, 0.209429
5866.28, 0.982702, 0.00467151, 0.94204, 0.295314
5866.29, 0.985539, 0.00468355, 0.95421, 0.412911
5866.3, 0.984793, 0.00468045, 0.96344, 0.57213
5866.31, 0.981884, 0.00467297, 0.96883, 0.779577
5866.32, 0.97822, 0.00466274, 0.96988, 1.03327
5866.33, 0.97254, 0.00464242, 0.96608, 1.32462
5866.34, 0.960639, 0.00459894, 0.95659, 1.64174
5866.35, 0.943828, 0.00453843, 0.94005, 1.96876
5866.36, 0.922634, 0.00446299, 0.91476, 2.29777
5866.37, 0.891172, 0.00435011, 0.87932, 2.62149
5866.38, 0.846739, 0.00418857, 0.83337, 2.94059
5866.39, 0.789783, 0.00397886, 0.77829, 3.25506
5866.4, 0.722714, 0.00372957, 0.71734, 3.56095
5866.41, 0.650586, 0.00345858, 0.6554, 3.84767
5866.42, 0.580752, 0.00319229, 0.59828, 4.09608
5866.43, 0.521594, 0.0029634, 0.55181, 4.28701
5866.44, 0.480698, 0.00280334, 0.52101, 4.39932
5866.45, 0.464012, 0.00273836, 0.50936, 4.42179
5866.46, 0.475397, 0.00278486, 0.51836, 4.35043
5866.47, 0.514349, 0.00293973, 0.5473, 4.19188
5866.48, 0.573935, 0.00317178, 0.59332, 3.95999
5866.49, 0.645183, 0.00344377, 0.65172, 3.67392
5866.5, 0.719089, 0.00372171, 0.7166, 3.35548
5866.51, 0.788525, 0.00398391, 0.78171, 3.02383
5866.52, 0.847517, 0.00420699, 0.84146, 2.6902
5866.53, 0.892575, 0.00437378, 0.89176, 2.35789
5866.54, 0.926619, 0.00449859, 0.93058, 2.0269
5866.55, 0.951385, 0.00459045, 0.95803, 1.69789
5866.56, 0.96661, 0.00464799, 0.97578, 1.37285
5866.57, 0.976051, 0.00468444, 0.98631, 1.06366
5866.58, 0.98324, 0.00471205, 0.99209, 0.784201
5866.59, 0.989223, 0.00473414, 0.99507, 0.547686
5866.6, 0.993738, 0.00475185, 0.99658, 0.364683
5866.61, 0.996253, 0.00476409, 0.99736, 0.234534
5866.62, 0.996838, 0.00476738, 0.99781, 0.149969
5866.63, 0.996811, 0.00476622, 0.99811, 0.0990987
5866.64, 0.997534, 0.00476815, 0.99832, 0.0700298
5866.65, 0.998293, 0.00477357, 0.99849, 0.054174
5866.66, 0.999161, 0.00478018, 0.99863, 0.0449248
5866.67, 1.00067, 0.00478491, 0.99875, 0.0383182
5866.68, 1.00095, 0.00478667, 0.99885, 0.0343542
5866.69, 0.999576, 0.00478563, 0.99893, 0.0317116
5866.7, 0.998479, 0.00478311, 0.999, 0.0284083
5866.71, 0.998119, 0.00478258, 0.99906, 0.027087
5866.72, 0.998005, 0.00478428, 0.9991, 0.0257657
5866.73, 0.997217, 0.00478241, 0.99913, 0.0244444
5866.74, 0.996086, 0.00477733, 0.99915, 0.0224624
5866.75, 0.995213, 0.00477296, 0.99914, 0.0211411
5866.76, 0.994258, 0.00477276, 0.99913, 0.0178378
5866.77, 0.993612, 0.00477543, 0.99912, 0.0138738
5866.78, 0.994094, 0.00477805, 0.9991, 0.00858856
5866.79, 0.995759, 0.00478367, 0.99911, 0.00528527
5866.8, 0.997542, 0.00479098, 1, 0
5866.81, 0.998021, 0.00479493, 1, 0
5866.82, 0.998616, 0.0047996, 1, 0
5866.83, 1.00028, 0.00480775, 1, 0
5866.84, 1.00189, 0.00481571, 1, 0
5866.85, 1.00342, 0.00482343, 1, 0
