wav, obs, sigma_obs, syn, weight
5902.97, 1.00083, 0.00351824, 1, 0
5902.98, 1.00217, 0.00352097, 1, 0
5902.99, 1.00312, 0.00352294, 1, 0
5903, 1.00291, 0.00352262, 1, 0
5903.01, 1.00216, 0.00352086, 1, 0
5903.02, 1.00151, 0.00351881, 1, 0
5903.03, 1.00029, 0.00351609, 1, 0
5903.04, 0.99837, 0.00351263, 0.99988, 0.00294655
5903.05, 0.996886, 0.00350941, 0.99987, 0
5903.06, 0.996271, 0.00350728, 0.99986, 0.00294655
5903.07, 0.996186, 0.00350679, 0.99984, 0.00294655
5903.08, 0.996564, 0.00350789, 0.99983, 0.00294655
5903.09, 0.997443, 0.00351022, 0.99982, 0.00294655
5903.1, 0.998583, 0.00351364, 0.99981, 0.00294655
5903.11, 0.999441, 0.00351688, 0.9998, 0.00589309
5903.12, 0.998962, 0.0035159, 0.9998, 0.00883964
5903.13, 0.997415, 0.00351125, 0.99979, 0.0147327
5903.14, 0.996819, 0.00350978, 0.99977, 0.0265189
5903.15, 0.997215, 0.00351169, 0.99975, 0.0500913
5903.16, 0.99728, 0.00351252, 0.99969, 0.091343
5903.17, 0.997369, 0.00351305, 0.99958, 0.165007
5903.18, 0.998123, 0.00351507, 0.99935, 0.279922
5903.19, 0.998623, 0.00351592, 0.99889, 0.453768
5903.2, 0.998059, 0.00351377, 0.998, 0.698332
5903.21, 0.996481, 0.00351022, 0.99639, 1.01361
5903.22, 0.993788, 0.00350461, 0.99366, 1.39961
5903.23, 0.98965, 0.00349381, 0.98937, 1.84454
5903.24, 0.984131, 0.00347834, 0.98313, 2.32483
5903.25, 0.977286, 0.00345994, 0.97474, 2.81101
5903.26, 0.967857, 0.00343483, 0.96436, 3.27067
5903.27, 0.955295, 0.0034009, 0.95261, 3.68318
5903.28, 0.942103, 0.00336536, 0.94055, 4.02793
5903.29, 0.930377, 0.00333406, 0.92961, 4.29312
5903.3, 0.920908, 0.00330855, 0.92125, 4.46697
5903.31, 0.915348, 0.00329333, 0.91672, 4.55831
5903.32, 0.915785, 0.00329458, 0.91672, 4.55831
5903.33, 0.921431, 0.00331035, 0.92125, 4.46697
5903.34, 0.930495, 0.00333565, 0.9296, 4.29017
5903.35, 0.942503, 0.00336842, 0.94054, 4.02498
5903.36, 0.956156, 0.00340494, 0.95259, 3.68024
5903.37, 0.967864, 0.00343676, 0.96433, 3.27067
5903.38, 0.975901, 0.00345929, 0.9747, 2.80511
5903.39, 0.981056, 0.00347331, 0.98308, 2.32188
5903.4, 0.984735, 0.00348283, 0.98931, 1.84159
5903.41, 0.988291, 0.00349255, 0.99359, 1.39666
5903.42, 0.991066, 0.00350061, 0.99631, 1.01067
5903.43, 0.992555, 0.00350525, 0.99791, 0.695385
5903.44, 0.994716, 0.0035116, 0.99878, 0.453768
5903.45, 0.997947, 0.0035208, 0.99922, 0.279922
5903.46, 0.999642, 0.00352618, 0.99942, 0.16206
5903.47, 0.999916, 0.00352762, 0.9995, 0.091343
5903.48, 1.00111, 0.00353054, 0.99953, 0.0471448
5903.49, 1.00231, 0.00353307, 0.99953, 0.0265189
5903.5, 1.00188, 0.00353193, 0.99954, 0.0147327
5903.51, 1.00177, 0.0035328, 0.99954, 0.00883964
5903.52, 1.00325, 0.00353767, 0.99956, 0.00589309
5903.53, 1.00407, 0.00353598, 0.99958, 0.00589309
5903.54, 1.00367, 0.00353337, 0.99961, 0.00589309
5903.55, 1.00389, 0.00355316, 0.99965, 0.00589309
5903.56, 1.00463, 0.00357568, 0.99969, 0.00589309
5903.57, 1.00467, 0.00356276, 0.99972, 0.00589309
5903.58, 1.00446, 0.00353975, 0.99975, 0.00589309
5903.59, 1.0046, 0.00353885, 0.99977, 0.00294655
5903.6, 1.00452, 0.00354398, 0.99979, 0.00294655
5903.61, 1.00398, 0.00354233, 1, 0
5903.62, 1.0037, 0.00354054, 1, 0
5903.63, 1.00372, 0.00354099, 1, 0
5903.64, 1.00344, 0.00354098, 1, 0
5903.65, 1.00286, 0.00354012, 1, 0
5903.66, 1.00238, 0.00353955, 1, 0
5903.67, 1.0019, 0.00353898, 1, 0
