wav, obs, sigma_obs, syn, weight
5918.17, 1.00649, 0.00429915, 1, 0
5918.18, 1.00663, 0.00430097, 1, 0
5918.19, 1.00678, 0.0043028, 1, 0
5918.2, 1.00691, 0.00430479, 1, 0
5918.21, 1.00682, 0.00430536, 1, 0
5918.22, 1.00633, 0.00430338, 1, 0
5918.23, 1.00557, 0.00430227, 0.99987, 0.00121345
5918.24, 1.00518, 0.00430321, 0.99986, 0.00121345
5918.25, 1.00595, 0.00430384, 0.99984, 0.00364036
5918.26, 1.00622, 0.00430318, 0.99983, 0.00485382
5918.27, 1.00507, 0.00430209, 0.99982, 0.00606727
5918.28, 1.0055, 0.00430394, 0.99981, 0.00728073
5918.29, 1.00696, 0.00430729, 0.99979, 0.00728073
5918.3, 1.0062, 0.0043071, 0.99978, 0.00849418
5918.31, 1.00433, 0.00430271, 0.99977, 0.00970764
5918.32, 1.00304, 0.00429773, 0.99975, 0.0109211
5918.33, 1.00271, 0.00429963, 0.99973, 0.013348
5918.34, 1.0028, 0.00430455, 0.9997, 0.0157749
5918.35, 1.00245, 0.00430422, 0.99967, 0.0230556
5918.36, 1.00136, 0.00430094, 0.99962, 0.0351902
5918.37, 0.999783, 0.00429721, 0.99956, 0.0594593
5918.38, 0.998412, 0.00429312, 0.99944, 0.103144
5918.39, 0.997422, 0.00428996, 0.99922, 0.178378
5918.4, 0.996663, 0.00428831, 0.99878, 0.300937
5918.41, 0.995769, 0.00428555, 0.99786, 0.482955
5918.42, 0.994301, 0.00428077, 0.99604, 0.735354
5918.43, 0.991839, 0.00427436, 0.99263, 1.06177
5918.44, 0.988242, 0.00426333, 0.9867, 1.45736
5918.45, 0.982055, 0.00424203, 0.97717, 1.91119
5918.46, 0.969671, 0.00420273, 0.96303, 2.40143
5918.47, 0.950927, 0.00414423, 0.94373, 2.89894
5918.48, 0.927296, 0.00406803, 0.91955, 3.37947
5918.49, 0.897588, 0.0039697, 0.89185, 3.81389
5918.5, 0.863768, 0.00385687, 0.8631, 4.18278
5918.51, 0.832277, 0.00375269, 0.83661, 4.46794
5918.52, 0.80752, 0.00366979, 0.81593, 4.66452
5918.53, 0.793008, 0.00361871, 0.80411, 4.76888
5918.54, 0.792569, 0.00361728, 0.803, 4.77858
5918.55, 0.806379, 0.00366682, 0.81277, 4.69364
5918.56, 0.830987, 0.00375206, 0.8319, 4.51648
5918.57, 0.861649, 0.00385525, 0.8575, 4.24588
5918.58, 0.893275, 0.00396015, 0.88607, 3.89398
5918.59, 0.921089, 0.00405451, 0.91421, 3.47169
5918.6, 0.94317, 0.00412989, 0.93924, 2.99845
5918.61, 0.959549, 0.00418282, 0.95956, 2.50093
5918.62, 0.970616, 0.0042198, 0.9747, 2.00827
5918.63, 0.978416, 0.00424919, 0.98508, 1.54594
5918.64, 0.986304, 0.00427721, 0.99164, 1.13579
5918.65, 0.992509, 0.00429775, 0.99546, 0.794813
5918.66, 0.994981, 0.00430581, 0.99753, 0.527853
5918.67, 0.99681, 0.00431269, 0.99858, 0.332487
5918.68, 0.998842, 0.00432098, 0.99908, 0.20022
5918.69, 0.999542, 0.00432457, 0.99933, 0.116492
5918.7, 0.999124, 0.00432416, 0.99945, 0.06674
5918.71, 0.998413, 0.00432272, 0.99951, 0.0376171
5918.72, 0.998123, 0.00432258, 0.99955, 0.0242691
5918.73, 0.997209, 0.00432022, 0.99956, 0.0169884
5918.74, 0.994591, 0.00431218, 0.99955, 0.013348
5918.75, 0.99285, 0.0043075, 0.99952, 0.0109211
5918.76, 0.99274, 0.0043084, 0.99944, 0.00970764
5918.77, 0.992214, 0.00430703, 0.99929, 0.00849418
5918.78, 0.99205, 0.00430687, 0.99902, 0.00849418
5918.79, 0.993389, 0.00431249, 0.99858, 0.00606727
5918.8, 0.995111, 0.0043186, 0.99792, 0.00606727
5918.81, 0.996247, 0.00432234, 0.99699, 0.00485382
5918.82, 0.996485, 0.00432455, 0.99578, 0.00364036
5918.83, 0.996659, 0.00432784, 0.99437, 0.00242691
5918.84, 0.997193, 0.00433198, 0.99292, 0.00242691
5918.85, 0.99733, 0.0043319, 0.99172, 0
5918.86, 0.996813, 0.00432941, 1, 0
5918.87, 0.995695, 0.00432818, 1, 0
5918.88, 0.993856, 0.00432389, 1, 0
5918.89, 0.991443, 0.00431514, 1, 0
5918.9, 0.989079, 0.00430678, 1, 0
5918.91, 0.986752, 0.00429872, 1, 0
