wav, obs, sigma_obs, syn, weight
5937.45, 1.00072, 0.00376788, 1, 0
5937.46, 1.00122, 0.00376887, 1, 0
5937.47, 1.00135, 0.00376897, 1, 0
5937.48, 1.00145, 0.00376883, 1, 0
5937.49, 1.00212, 0.00376976, 1, 0
5937.5, 1.00298, 0.00377097, 1, 0
5937.51, 1.00298, 0.00377036, 1, 0
5937.52, 1.00242, 0.00376851, 1, 0
5937.53, 1.00246, 0.00376786, 0.99971, 0.00595287
5937.54, 1.00328, 0.00376913, 0.9997, 0.00595287
5937.55, 1.00434, 0.00377165, 0.99971, 0.00793716
5937.56, 1.00508, 0.00377381, 0.99971, 0.00793716
5937.57, 1.005, 0.00377344, 0.99972, 0.0119057
5937.58, 1.00447, 0.0037715, 0.99974, 0.0119057
5937.59, 1.00447, 0.0037711, 0.99975, 0.01389
5937.6, 1.00491, 0.00377198, 0.99976, 0.0158743
5937.61, 1.0049, 0.00377138, 0.99976, 0.0178586
5937.62, 1.00452, 0.00376953, 0.99975, 0.02778
5937.63, 1.00461, 0.00376884, 0.99973, 0.0396858
5937.64, 1.00466, 0.00376822, 0.99967, 0.0654815
5937.65, 1.00326, 0.00376399, 0.99954, 0.109136
5937.66, 1.00101, 0.00375777, 0.99929, 0.18057
5937.67, 1.00007, 0.00375503, 0.9988, 0.293675
5937.68, 0.999678, 0.00375347, 0.99791, 0.456386
5937.69, 0.99685, 0.00374477, 0.99636, 0.682595
5937.7, 0.991753, 0.00372951, 0.9938, 0.974286
5937.71, 0.987103, 0.00371541, 0.98984, 1.33543
5937.72, 0.982634, 0.00370175, 0.98412, 1.75014
5937.73, 0.975614, 0.00368081, 0.97637, 2.20256
5937.74, 0.96588, 0.00365221, 0.96656, 2.67284
5937.75, 0.955448, 0.00362176, 0.95501, 3.13121
5937.76, 0.944423, 0.00358965, 0.94237, 3.55386
5937.77, 0.931335, 0.00355146, 0.92964, 3.91897
5937.78, 0.917638, 0.00351149, 0.91803, 4.21265
5937.79, 0.907299, 0.00348156, 0.90877, 4.42695
5937.8, 0.90177, 0.00346549, 0.90293, 4.55196
5937.81, 0.900221, 0.00345998, 0.9012, 4.58768
5937.82, 0.902674, 0.00346542, 0.90379, 4.5341
5937.83, 0.909915, 0.00348555, 0.9104, 4.39123
5937.84, 0.921186, 0.00351835, 0.92023, 4.16105
5937.85, 0.934313, 0.00355657, 0.93217, 3.85349
5937.86, 0.947703, 0.00359499, 0.94499, 3.47251
5937.87, 0.960338, 0.00363052, 0.95748, 3.04191
5937.88, 0.97107, 0.00366026, 0.96873, 2.57958
5937.89, 0.978671, 0.0036816, 0.97814, 2.11128
5937.9, 0.983322, 0.00369505, 0.98546, 1.66283
5937.91, 0.9865, 0.00370402, 0.9908, 1.25804
5937.92, 0.988958, 0.00371045, 0.99442, 0.908804
5937.93, 0.990709, 0.00371476, 0.99672, 0.62902
5937.94, 0.991681, 0.00371682, 0.99806, 0.416701
5937.95, 0.99178, 0.00371609, 0.99878, 0.26391
5937.96, 0.991589, 0.00371453, 0.99911, 0.160727
5937.97, 0.992283, 0.00371632, 0.99919, 0.0952459
5937.98, 0.99358, 0.00372059, 0.99912, 0.0555601
5937.99, 0.993819, 0.0037217, 0.99895, 0.0337329
5938, 0.992879, 0.00371868, 0.99873, 0.0218272
5938.01, 0.992166, 0.00371525, 0.99847, 0.0158743
5938.02, 0.992144, 0.00371327, 0.9982, 0.0119057
5938.03, 0.992291, 0.00371261, 0.99795, 0.00992144
5938.04, 0.992444, 0.00371311, 0.99775, 0.00992144
5938.05, 0.992833, 0.00371475, 0.99763, 0.00595287
5938.06, 0.993629, 0.00371731, 0.99758, 0.00793716
5938.07, 0.994904, 0.00372035, 0.99763, 0.00595287
5938.08, 0.996275, 0.00372302, 0.99776, 0.00396858
5938.09, 0.996947, 0.00372416, 0.99797, 0.00396858
5938.1, 0.997086, 0.00372435, 1, 0
5938.11, 0.997811, 0.00372588, 1, 0
5938.12, 0.999115, 0.00372871, 1, 0
5938.13, 0.999844, 0.00373044, 1, 0
5938.14, 0.999851, 0.0037307, 1, 0
5938.15, 1.00005, 0.0037313, 1, 0
5938.16, 1.00076, 0.00373288, 1, 0
5938.17, 1.00155, 0.00373461, 1, 0
