wav, obs, sigma_obs, syn, weight
5940.34, 1.00041, 0.00365657, 1, 0
5940.35, 1.00062, 0.00365657, 1, 0
5940.36, 1.00083, 0.00365657, 1, 0
5940.37, 1.00104, 0.00365657, 1, 0
5940.38, 1.00125, 0.00365657, 1, 0
5940.39, 1.00146, 0.00365657, 1, 0
5940.4, 1.00167, 0.00365657, 1, 0
5940.41, 1.0019, 0.00365659, 1, 0
5940.42, 1.00232, 0.00365709, 0.99843, 0
5940.43, 1.00227, 0.00365649, 0.99833, 0
5940.44, 1.00152, 0.00365423, 0.99825, 0
5940.45, 1.00053, 0.00365134, 0.99818, 0.00934996
5940.46, 0.999671, 0.00364864, 0.99812, 0.00934996
5940.47, 0.998612, 0.00364513, 0.99807, 0.0280499
5940.48, 0.997196, 0.00364045, 0.99802, 0.0467498
5940.49, 0.996279, 0.00363732, 0.99799, 0.0747996
5940.5, 0.996355, 0.00363737, 0.99793, 0.130899
5940.51, 0.996333, 0.00363734, 0.99782, 0.224399
5940.52, 0.995442, 0.00363484, 0.99758, 0.355298
5940.53, 0.99456, 0.00363219, 0.9971, 0.542297
5940.54, 0.994408, 0.00363137, 0.99627, 0.804096
5940.55, 0.99459, 0.00363149, 0.99495, 1.11264
5940.56, 0.994342, 0.00363053, 0.99301, 1.48664
5940.57, 0.992447, 0.00362488, 0.9904, 1.89804
5940.58, 0.988284, 0.00361272, 0.98712, 2.30944
5940.59, 0.982777, 0.00359702, 0.98331, 2.72084
5940.6, 0.976895, 0.00358063, 0.9792, 3.10419
5940.61, 0.97123, 0.00356477, 0.97511, 3.42208
5940.62, 0.96654, 0.00355136, 0.97141, 3.68388
5940.63, 0.964031, 0.00354414, 0.96845, 3.87088
5940.64, 0.964076, 0.00354418, 0.96652, 3.97373
5940.65, 0.965283, 0.00354676, 0.96582, 4.01113
5940.66, 0.966696, 0.0035492, 0.96639, 3.95503
5940.67, 0.96857, 0.00355385, 0.96819, 3.83348
5940.68, 0.971029, 0.00356154, 0.97101, 3.62778
5940.69, 0.973741, 0.00356943, 0.97458, 3.35663
5940.7, 0.976355, 0.00357568, 0.97856, 3.02939
5940.71, 0.978581, 0.00358087, 0.98258, 2.64604
5940.72, 0.980749, 0.00358668, 0.98636, 2.22529
5940.73, 0.984143, 0.00359612, 0.98968, 1.80454
5940.74, 0.988572, 0.00360833, 0.9924, 1.41184
5940.75, 0.991524, 0.00361649, 0.99453, 1.0472
5940.76, 0.992443, 0.00361896, 0.99609, 0.747996
5940.77, 0.993813, 0.00362212, 0.99719, 0.504898
5940.78, 0.996354, 0.00362819, 0.99793, 0.336598
5940.79, 0.998114, 0.00363298, 0.99838, 0.215049
5940.8, 0.998344, 0.00363452, 0.99864, 0.130899
5940.81, 0.998071, 0.00363425, 0.99873, 0.0841496
5940.82, 0.998004, 0.0036336, 0.9987, 0.0560997
5940.83, 0.998313, 0.00363363, 0.99855, 0.0373998
5940.84, 0.998922, 0.00363467, 0.99825, 0.0280499
5940.85, 0.999525, 0.00363629, 0.99777, 0.0373998
5940.86, 1.00015, 0.00363829, 0.99708, 0.0280499
5940.87, 1.00119, 0.00364076, 0.99621, 0.0280499
5940.88, 1.00234, 0.00364298, 0.99529, 0.00934996
5940.89, 1.00267, 0.00364346, 1, 0
5940.9, 1.00186, 0.00364138, 1, 0
5940.91, 1.00032, 0.0036367, 1, 0
5940.92, 0.99853, 0.00363078, 1, 0
5940.93, 0.99702, 0.00362609, 1, 0
5940.94, 0.995155, 0.00362098, 1, 0
5940.95, 0.99137, 0.00361038, 1, 0
5940.96, 0.985055, 0.0035924, 1, 0
