wav, obs, sigma_obs, syn, weight
5965.44, 0.996465, 0.00374842, 1, 0
5965.45, 0.996033, 0.00374785, 1, 0
5965.46, 0.995451, 0.00374684, 1, 0
5965.47, 0.995119, 0.00374656, 1, 0
5965.48, 0.995378, 0.00374793, 1, 0
5965.49, 0.994997, 0.00374719, 1, 0
5965.5, 0.992792, 0.00374079, 1, 0
5965.51, 0.988994, 0.00372965, 0.98927, 0.00483432
5965.52, 0.984511, 0.00371713, 0.99174, 0.00644576
5965.53, 0.980789, 0.00370841, 0.99394, 0.00886292
5965.54, 0.978762, 0.0037046, 0.99569, 0.0104744
5965.55, 0.978774, 0.00370424, 0.99695, 0.0120858
5965.56, 0.980026, 0.00370712, 0.99777, 0.0128915
5965.57, 0.982222, 0.00371449, 0.99827, 0.0153087
5965.58, 0.98718, 0.00373006, 0.99854, 0.0161144
5965.59, 0.993674, 0.00374917, 0.99867, 0.0185316
5965.6, 0.99669, 0.0037575, 0.99871, 0.020143
5965.61, 0.996865, 0.00375762, 0.99871, 0.0225601
5965.62, 0.997848, 0.0037609, 0.99867, 0.0265887
5965.63, 0.998921, 0.00376526, 0.99861, 0.0330345
5965.64, 0.998581, 0.00376573, 0.99852, 0.0443146
5965.65, 0.99692, 0.00376124, 0.9984, 0.0652633
5965.66, 0.995015, 0.00375489, 0.99823, 0.101521
5965.67, 0.994628, 0.00375343, 0.99797, 0.164367
5965.68, 0.99485, 0.0037547, 0.99755, 0.262665
5965.69, 0.993578, 0.00375216, 0.99679, 0.409306
5965.7, 0.991325, 0.00374654, 0.99534, 0.613153
5965.71, 0.988724, 0.00373925, 0.99259, 0.878234
5965.72, 0.984741, 0.00372803, 0.98753, 1.20375
5965.73, 0.97768, 0.00370834, 0.97876, 1.58324
5965.74, 0.965377, 0.00367368, 0.96459, 2.00382
5965.75, 0.945955, 0.00361804, 0.94338, 2.4518
5965.76, 0.918012, 0.00353682, 0.91416, 2.91026
5965.77, 0.881509, 0.0034306, 0.8772, 3.35824
5965.78, 0.837637, 0.00330328, 0.83448, 3.77802
5965.79, 0.789511, 0.00316315, 0.78972, 4.14623
5965.8, 0.742434, 0.00302514, 0.74786, 4.44677
5965.81, 0.703781, 0.00291083, 0.71423, 4.66512
5965.82, 0.679639, 0.00283894, 0.69342, 4.79161
5965.83, 0.674453, 0.00282367, 0.68839, 4.82062
5965.84, 0.688951, 0.00286739, 0.69987, 4.75294
5965.85, 0.720866, 0.00296299, 0.72617, 4.58857
5965.86, 0.763775, 0.00309017, 0.76354, 4.33558
5965.87, 0.811256, 0.00322966, 0.80689, 4.00523
5965.88, 0.857549, 0.00336529, 0.85082, 3.61365
5965.89, 0.897548, 0.00348214, 0.89062, 3.17937
5965.9, 0.927607, 0.00356946, 0.923, 2.72494
5965.91, 0.948846, 0.0036318, 0.94645, 2.2681
5965.92, 0.963134, 0.00367485, 0.96104, 1.82898
5965.93, 0.971331, 0.00369864, 0.96801, 1.42371
5965.94, 0.975214, 0.00370868, 0.96921, 1.06436
5965.95, 0.97748, 0.00371596, 0.96666, 0.762211
5965.96, 0.979473, 0.00372354, 0.96232, 0.521301
5965.97, 0.981476, 0.00372994, 0.95789, 0.340819
5965.98, 0.982455, 0.00373288, 0.95473, 0.214321
5965.99, 0.98259, 0.00373359, 0.95368, 0.132138
5966, 0.984816, 0.00374001, 0.95506, 0.0813777
5966.01, 0.988764, 0.00375139, 0.95867, 0.0523718
5966.02, 0.99107, 0.00375906, 0.96389, 0.0362574
5966.03, 0.992402, 0.00376387, 0.96991, 0.0273945
5966.04, 0.994671, 0.00377004, 0.97595, 0.0217544
5966.05, 0.99693, 0.00377654, 0.98142, 0.0185316
5966.06, 0.998437, 0.00378224, 0.98599, 0.0161144
5966.07, 0.999917, 0.00378795, 0.98959, 0.014503
5966.08, 1.00114, 0.00379241, 0.99231, 0.0128915
5966.09, 1.00115, 0.00379312, 0.99432, 0.0120858
5966.1, 1.0011, 0.00379293, 0.99579, 0.0112801
5966.11, 1.00238, 0.00379571, 0.99687, 0.00966864
5966.12, 1.00412, 0.00380048, 0.99766, 0.0080572
5966.13, 1.00513, 0.00380446, 0.99823, 0.00644576
5966.14, 1.00468, 0.00380396, 0.99863, 0.00564004
5966.15, 1.00365, 0.00380112, 0.99889, 0.00322288
5966.16, 1.00388, 0.00380184, 1, 0
5966.17, 1.00461, 0.00380404, 1, 0
5966.18, 1.00468, 0.00380438, 1, 0
5966.19, 1.00492, 0.00380577, 1, 0
5966.2, 1.00587, 0.00380995, 1, 0
5966.21, 1.0069, 0.00381441, 1, 0
5966.22, 1.00782, 0.00381844, 1, 0
