wav, obs, sigma_obs, syn, weight
5978.17, 1.00246, 0.00467793, 1, 0
5978.18, 1.00376, 0.00468161, 1, 0
5978.19, 1.00476, 0.0046854, 1, 0
5978.2, 1.00495, 0.00468959, 1, 0
5978.21, 1.00563, 0.00469427, 1, 0
5978.22, 1.00693, 0.00469816, 1, 0
5978.23, 1.00673, 0.00469853, 0.9993, 0.00165207
5978.24, 1.00565, 0.00469765, 0.99904, 0.00330415
5978.25, 1.00509, 0.00469783, 0.99879, 0.00578226
5978.26, 1.00415, 0.00469388, 0.99854, 0.00743433
5978.27, 1.00309, 0.00468871, 0.9983, 0.0090864
5978.28, 1.00318, 0.00469135, 0.99806, 0.0107385
5978.29, 1.00246, 0.0046915, 0.99783, 0.0132166
5978.3, 1, 0.00468298, 0.99763, 0.0140426
5978.31, 0.998725, 0.00467917, 0.99746, 0.0156947
5978.32, 0.998838, 0.00468166, 0.99733, 0.0181728
5978.33, 0.998496, 0.00468265, 0.99724, 0.021477
5978.34, 0.996095, 0.00467466, 0.99719, 0.0256071
5978.35, 0.991943, 0.00465916, 0.99716, 0.0338675
5978.36, 0.98778, 0.00464503, 0.9971, 0.0470841
5978.37, 0.979599, 0.00461751, 0.99693, 0.0718652
5978.38, 0.965167, 0.00456722, 0.99648, 0.114819
5978.39, 0.951683, 0.00451959, 0.99545, 0.18751
5978.4, 0.94249, 0.00448694, 0.99337, 0.303155
5978.41, 0.936873, 0.00446757, 0.98956, 0.471667
5978.42, 0.934479, 0.00446126, 0.98321, 0.701305
5978.43, 0.935094, 0.00446642, 0.97344, 0.995374
5978.44, 0.938045, 0.0044776, 0.95949, 1.34727
5978.45, 0.938605, 0.00447903, 0.94099, 1.74872
5978.46, 0.931372, 0.00445359, 0.91805, 2.18569
5978.47, 0.914872, 0.004395, 0.89136, 2.63836
5978.48, 0.88892, 0.00430135, 0.8622, 3.08855
5978.49, 0.854256, 0.00417476, 0.83229, 3.51313
5978.5, 0.81339, 0.00402608, 0.80362, 3.89228
5978.51, 0.77121, 0.00387413, 0.7783, 4.20618
5978.52, 0.735392, 0.00374543, 0.75828, 4.4416
5978.53, 0.710423, 0.00365439, 0.74517, 4.58946
5978.54, 0.698814, 0.00360989, 0.74005, 4.6448
5978.55, 0.703546, 0.00362834, 0.74334, 4.60763
5978.56, 0.725248, 0.00371226, 0.75475, 4.47712
5978.57, 0.76113, 0.00384547, 0.77336, 4.25822
5978.58, 0.804101, 0.0040021, 0.79763, 3.95837
5978.59, 0.847669, 0.00416108, 0.82569, 3.59078
5978.6, 0.889652, 0.00431677, 0.85543, 3.17363
5978.61, 0.925643, 0.00444944, 0.88483, 2.72675
5978.62, 0.951225, 0.00453856, 0.9121, 2.27243
5978.63, 0.969504, 0.00460413, 0.93586, 1.83215
5978.64, 0.982975, 0.00465717, 0.95532, 1.42244
5978.65, 0.991164, 0.00468679, 0.97023, 1.05898
5978.66, 0.994716, 0.00469932, 0.9809, 0.754171
5978.67, 0.995101, 0.00470519, 0.98802, 0.511317
5978.68, 0.994286, 0.0047046, 0.99243, 0.331241
5978.69, 0.993878, 0.00470265, 0.99498, 0.205683
5978.7, 0.994529, 0.00470625, 0.99636, 0.126384
5978.71, 0.994247, 0.00470689, 0.99704, 0.0776474
5978.72, 0.992562, 0.00470162, 0.99736, 0.0503882
5978.73, 0.992033, 0.00470081, 0.99747, 0.0355196
5978.74, 0.992649, 0.00470414, 0.99745, 0.0272592
5978.75, 0.993168, 0.00470644, 0.99733, 0.022303
5978.76, 0.993108, 0.00470646, 0.9971, 0.0189988
5978.77, 0.992988, 0.00470738, 0.99672, 0.0165207
5978.78, 0.993884, 0.00471407, 0.99613, 0.0148687
5978.79, 0.995548, 0.00472186, 0.99528, 0.0132166
5978.8, 0.997237, 0.00472668, 0.99417, 0.0132166
5978.81, 0.998185, 0.00473053, 0.99287, 0.0107385
5978.82, 0.998281, 0.00473422, 0.99163, 0.0090864
5978.83, 0.997764, 0.00473689, 0.99089, 0.00660829
5978.84, 0.996764, 0.00473579, 0.99112, 0.00495622
5978.85, 0.995939, 0.00473223, 0.99249, 0.00247811
5978.86, 0.996097, 0.00473093, 1, 0
5978.87, 0.995566, 0.00472902, 1, 0
5978.88, 0.993474, 0.00472432, 1, 0
5978.89, 0.992025, 0.00472101, 1, 0
5978.9, 0.991578, 0.00471972, 1, 0
5978.91, 0.990838, 0.00471784, 1, 0
