wav, obs, sigma_obs, syn, weight
6064.27, 1.00284, 0.00640537, 1, 0
6064.28, 1.003, 0.00640435, 1, 0
6064.29, 1.00323, 0.00640349, 1, 0
6064.3, 1.00335, 0.0064024, 1, 0
6064.31, 1.00318, 0.00640051, 1, 0
6064.32, 1.00266, 0.00639618, 1, 0
6064.33, 1.00191, 0.00638844, 1, 0
6064.34, 1.00164, 0.00638393, 1, 0
6064.35, 1.00251, 0.00638966, 0.99917, 0.00188884
6064.36, 1.00339, 0.00639687, 0.99916, 0.00377769
6064.37, 1.00292, 0.00639425, 0.99914, 0.00377769
6064.38, 1.00224, 0.00639004, 0.99912, 0.00566653
6064.39, 1.00289, 0.00639537, 0.9991, 0.00755537
6064.4, 1.0036, 0.00639942, 0.99908, 0.00944421
6064.41, 1.00271, 0.00638889, 0.99905, 0.0113331
6064.42, 1.00135, 0.00637553, 0.99902, 0.0132219
6064.43, 1.00104, 0.00637454, 0.99899, 0.0207773
6064.44, 1.001, 0.00637991, 0.99895, 0.0339992
6064.45, 1.00019, 0.0063816, 0.9989, 0.0585541
6064.46, 0.999453, 0.00638012, 0.99884, 0.0982198
6064.47, 0.999701, 0.00637815, 0.99876, 0.164329
6064.48, 0.999977, 0.00637506, 0.99861, 0.264438
6064.49, 0.999249, 0.00637003, 0.99833, 0.411768
6064.5, 0.998181, 0.00636494, 0.99778, 0.613874
6064.51, 0.997399, 0.00636078, 0.99672, 0.874534
6064.52, 0.995828, 0.00635247, 0.99473, 1.19564
6064.53, 0.992331, 0.0063352, 0.99125, 1.56774
6064.54, 0.986958, 0.00631008, 0.98555, 1.97762
6064.55, 0.979571, 0.00627667, 0.97688, 2.40639
6064.56, 0.968539, 0.00622525, 0.96471, 2.82949
6064.57, 0.952656, 0.00614797, 0.94899, 3.23181
6064.58, 0.932975, 0.00604865, 0.93047, 3.59069
6064.59, 0.911502, 0.00593738, 0.91077, 3.89102
6064.6, 0.891743, 0.00583582, 0.89224, 4.12334
6064.61, 0.876889, 0.00576279, 0.87757, 4.2839
6064.62, 0.868507, 0.0057235, 0.8691, 4.36889
6064.63, 0.8678, 0.00572177, 0.86828, 4.37834
6064.64, 0.875733, 0.00576383, 0.87525, 4.30845
6064.65, 0.891765, 0.00584633, 0.88881, 4.16301
6064.66, 0.911823, 0.00594186, 0.90672, 3.94579
6064.67, 0.931913, 0.00602961, 0.92634, 3.6568
6064.68, 0.949414, 0.0061118, 0.94519, 3.30925
6064.69, 0.962925, 0.0061879, 0.96148, 2.91448
6064.7, 0.973245, 0.00624473, 0.97431, 2.49327
6064.71, 0.981278, 0.00627744, 0.98358, 2.06262
6064.72, 0.987567, 0.00630105, 0.98975, 1.64707
6064.73, 0.992191, 0.00632412, 0.99354, 1.26741
6064.74, 0.994443, 0.00633871, 0.99571, 0.934977
6064.75, 0.994371, 0.00634104, 0.99685, 0.662984
6064.76, 0.993509, 0.00633784, 0.9974, 0.447656
6064.77, 0.99307, 0.00633423, 0.99764, 0.290882
6064.78, 0.99347, 0.00633087, 0.99772, 0.17944
6064.79, 0.994368, 0.00632782, 0.99773, 0.107664
6064.8, 0.994383, 0.00632489, 0.9977, 0.0623318
6064.81, 0.993409, 0.00632281, 0.99765, 0.035888
6064.82, 0.993317, 0.00632372, 0.9976, 0.0207773
6064.83, 0.994408, 0.00632689, 0.99755, 0.0132219
6064.84, 0.994664, 0.00632772, 0.9975, 0.00944421
6064.85, 0.99393, 0.00632661, 0.99745, 0.00566653
6064.86, 0.994621, 0.00633069, 0.9974, 0.00566653
6064.87, 0.996894, 0.00633959, 0.99735, 0.00377769
6064.88, 0.998037, 0.00634363, 0.99729, 0.00377769
6064.89, 0.997543, 0.00634116, 0.99723, 0.00377769
6064.9, 0.997564, 0.00634015, 0.99716, 0.00188884
6064.91, 0.998691, 0.00634435, 0.99708, 0
6064.92, 0.999707, 0.00635217, 1, 0
6064.93, 0.999904, 0.00635786, 1, 0
6064.94, 0.999212, 0.00635237, 1, 0
6064.95, 0.998255, 0.00633968, 1, 0
6064.96, 0.998228, 0.0063355, 1, 0
6064.97, 0.999302, 0.00634312, 1, 0
6064.98, 1.00044, 0.00635147, 1, 0
6064.99, 1.00138, 0.00635757, 1, 0
