wav, obs, sigma_obs, syn, weight
6090.8, 0.99987, 0.00643735, 1, 0
6090.81, 1.00017, 0.00644211, 1, 0
6090.82, 1.00019, 0.0064457, 1, 0
6090.83, 0.999498, 0.00644558, 1, 0
6090.84, 0.998945, 0.006442, 1, 0
6090.85, 0.999116, 0.00643784, 1, 0
6090.86, 0.999031, 0.00644006, 1, 0
6090.87, 0.998977, 0.00644979, 0.99946, 0.00327082
6090.88, 1.00045, 0.00646039, 0.99943, 0.0043611
6090.89, 1.00085, 0.00645977, 0.99938, 0.00654165
6090.9, 0.997376, 0.00644113, 0.99932, 0.00981247
6090.91, 0.995149, 0.00642859, 0.99921, 0.0109027
6090.92, 0.997108, 0.00643624, 0.99903, 0.011993
6090.93, 0.999138, 0.00644802, 0.9987, 0.0141736
6090.94, 0.99951, 0.00645372, 0.99816, 0.0174444
6090.95, 0.999099, 0.00645199, 0.99729, 0.0185347
6090.96, 0.998691, 0.00644995, 0.99601, 0.0228958
6090.97, 0.998661, 0.006453, 0.99426, 0.0294374
6090.98, 0.99844, 0.00645286, 0.99206, 0.0392499
6090.99, 0.998064, 0.00644838, 0.98956, 0.0588748
6091, 0.998439, 0.0064498, 0.98706, 0.0915831
6091.01, 0.998946, 0.00645383, 0.9849, 0.148277
6091.02, 0.998424, 0.00645144, 0.98343, 0.235499
6091.03, 0.997862, 0.00644876, 0.98286, 0.365242
6091.04, 0.99776, 0.00644944, 0.98313, 0.547318
6091.05, 0.996375, 0.00644327, 0.98386, 0.786088
6091.06, 0.99305, 0.00642774, 0.98431, 1.08264
6091.07, 0.988385, 0.00640848, 0.98342, 1.43371
6091.08, 0.982398, 0.00638278, 0.97988, 1.82621
6091.09, 0.974368, 0.00634357, 0.97231, 2.24706
6091.1, 0.962142, 0.00628291, 0.95952, 2.67553
6091.11, 0.94425, 0.00619508, 0.94092, 3.08984
6091.12, 0.920803, 0.00607869, 0.91699, 3.47253
6091.13, 0.893192, 0.005942, 0.88954, 3.80506
6091.14, 0.864245, 0.00580166, 0.86168, 4.07436
6091.15, 0.839965, 0.0056829, 0.8373, 4.27497
6091.16, 0.825185, 0.00560679, 0.82026, 4.39926
6091.17, 0.819506, 0.0055779, 0.81346, 4.44614
6091.18, 0.823225, 0.00559901, 0.81809, 4.41561
6091.19, 0.837852, 0.00567213, 0.83336, 4.30659
6091.2, 0.8612, 0.00578688, 0.85669, 4.12233
6091.21, 0.888698, 0.00592323, 0.88439, 3.86611
6091.22, 0.914374, 0.00604979, 0.91257, 3.54557
6091.23, 0.935182, 0.00615124, 0.938, 3.17161
6091.24, 0.953429, 0.00624283, 0.95871, 2.76167
6091.25, 0.968666, 0.0063209, 0.97405, 2.33537
6091.26, 0.978416, 0.00636843, 0.98446, 1.91234
6091.27, 0.984198, 0.00639623, 0.99096, 1.51112
6091.28, 0.988395, 0.00641963, 0.99474, 1.15242
6091.29, 0.991558, 0.00643725, 0.99679, 0.842782
6091.3, 0.993273, 0.00644448, 0.99785, 0.593109
6091.31, 0.992614, 0.00643804, 0.99839, 0.400131
6091.32, 0.991814, 0.00643373, 0.99867, 0.260576
6091.33, 0.993619, 0.006449, 0.99882, 0.165722
6091.34, 0.99499, 0.00646091, 0.99892, 0.103576
6091.35, 0.994216, 0.00645571, 0.99899, 0.067597
6091.36, 0.994757, 0.00645593, 0.99903, 0.0447013
6091.37, 0.996401, 0.00646407, 0.99906, 0.0337985
6091.38, 0.995905, 0.00646427, 0.99908, 0.0261666
6091.39, 0.995162, 0.00646197, 0.99909, 0.0218055
6091.4, 0.996478, 0.00646587, 0.9991, 0.0185347
6091.41, 0.99702, 0.00646777, 0.9991, 0.0163541
6091.42, 0.995719, 0.00646416, 0.9991, 0.0152638
6091.43, 0.994893, 0.00646132, 0.99909, 0.0130833
6091.44, 0.994524, 0.00645906, 0.99908, 0.0109027
6091.45, 0.99352, 0.00645485, 0.99907, 0.00763192
6091.46, 0.993418, 0.00645623, 0.99905, 0.00545137
6091.47, 0.994799, 0.00646485, 0.99903, 0.00327082
6091.48, 0.994905, 0.00646529, 1, 0
6091.49, 0.993733, 0.0064585, 1, 0
6091.5, 0.993821, 0.00646007, 1, 0
6091.51, 0.994281, 0.00646392, 1, 0
6091.52, 0.993396, 0.00645889, 1, 0
6091.53, 0.992003, 0.00645052, 1, 0
6091.54, 0.990906, 0.0064441, 1, 0
