wav, obs, sigma_obs, syn, weight
6098.31, 0.973937, 0.00700475, 1, 0
6098.32, 0.981135, 0.00703378, 1, 0
6098.33, 0.987444, 0.00706033, 1, 0
6098.34, 0.989179, 0.00707409, 1, 0
6098.35, 0.989816, 0.0070843, 1, 0
6098.36, 0.993153, 0.0071024, 1, 0
6098.37, 0.997125, 0.00712669, 0.99777, 0.0025099
6098.38, 0.999518, 0.00714734, 0.99824, 0.0025099
6098.39, 0.999447, 0.00715253, 0.99862, 0.0050198
6098.4, 0.999717, 0.00715209, 0.99889, 0.0100396
6098.41, 1.00168, 0.00715561, 0.99907, 0.0150594
6098.42, 1.00162, 0.00715743, 0.9992, 0.0175693
6098.43, 1.0004, 0.00715687, 0.9993, 0.0200792
6098.44, 1.00154, 0.0071574, 0.99937, 0.0225891
6098.45, 1.00247, 0.00715784, 0.99942, 0.0276089
6098.46, 1.00144, 0.00715558, 0.99945, 0.0301188
6098.47, 1.00066, 0.00714871, 0.99947, 0.0426683
6098.48, 1.00012, 0.00714372, 0.99948, 0.0602376
6098.49, 0.998867, 0.00714697, 0.99948, 0.0903563
6098.5, 0.998369, 0.00714605, 0.99946, 0.143064
6098.51, 0.999342, 0.00714408, 0.99941, 0.225891
6098.52, 1.00074, 0.00716442, 0.99931, 0.353896
6098.53, 1.00103, 0.00717993, 0.9991, 0.532098
6098.54, 0.999541, 0.00716164, 0.9987, 0.768029
6098.55, 0.998653, 0.00714986, 0.99796, 1.07173
6098.56, 0.998171, 0.00715412, 0.99666, 1.42813
6098.57, 0.995293, 0.00714328, 0.99447, 1.82721
6098.58, 0.991952, 0.00712439, 0.99108, 2.25138
6098.59, 0.989367, 0.00710863, 0.98618, 2.67304
6098.6, 0.982908, 0.0070799, 0.97967, 3.07463
6098.61, 0.973653, 0.00703749, 0.97176, 3.43605
6098.62, 0.966782, 0.00699419, 0.96308, 3.73724
6098.63, 0.959206, 0.00694566, 0.95461, 3.97568
6098.64, 0.949447, 0.00689453, 0.94757, 4.14384
6098.65, 0.943645, 0.00686543, 0.94311, 4.23671
6098.66, 0.943997, 0.0068689, 0.94202, 4.2593
6098.67, 0.948889, 0.00689938, 0.94449, 4.2091
6098.68, 0.95493, 0.00693349, 0.95009, 4.0836
6098.69, 0.960892, 0.0069623, 0.95785, 3.89034
6098.7, 0.968967, 0.0070025, 0.96654, 3.6268
6098.71, 0.977737, 0.00705159, 0.97503, 3.30052
6098.72, 0.984644, 0.00709703, 0.98243, 2.92152
6098.73, 0.990433, 0.00713262, 0.98831, 2.50739
6098.74, 0.995, 0.00715643, 0.99258, 2.08322
6098.75, 0.996931, 0.00717031, 0.99544, 1.66657
6098.76, 0.998154, 0.00717811, 0.99721, 1.28005
6098.77, 1.00038, 0.00718332, 0.99824, 0.943722
6098.78, 1.00115, 0.00718683, 0.99881, 0.670143
6098.79, 1.00053, 0.00719141, 0.99911, 0.454292
6098.8, 1.00108, 0.00720032, 0.99927, 0.298678
6098.81, 1.00248, 0.00720748, 0.99937, 0.188242
6098.82, 1.00338, 0.00720719, 0.99944, 0.117965
6098.83, 1.00256, 0.00720109, 0.99949, 0.0778068
6098.84, 1.00075, 0.00719434, 0.99953, 0.050198
6098.85, 0.999777, 0.0071929, 0.99955, 0.0351386
6098.86, 0.9998, 0.00719731, 0.99954, 0.025099
6098.87, 1.00027, 0.00720348, 0.99951, 0.0200792
6098.88, 1.00031, 0.00720329, 0.99945, 0.0175693
6098.89, 0.999501, 0.00719789, 0.99933, 0.0150594
6098.9, 0.998053, 0.00719353, 0.99917, 0.0125495
6098.91, 0.99736, 0.00719447, 0.99895, 0.0100396
6098.92, 0.997862, 0.0072001, 0.99868, 0.0050198
6098.93, 0.998739, 0.00720517, 0.9984, 0.0025099
6098.94, 1.00036, 0.00721033, 0.99814, 0.0025099
6098.95, 1.00242, 0.00721587, 0.99796, 0
6098.96, 1.00159, 0.00721457, 1, 0
6098.97, 0.998819, 0.00721036, 1, 0
6098.98, 0.998502, 0.00721528, 1, 0
6098.99, 0.999596, 0.0072213, 1, 0
6099, 1.0002, 0.00721998, 1, 0
6099.01, 1.00072, 0.00721771, 1, 0
