wav, obs, sigma_obs, syn, weight
6120.65, 1.00122, 0.00447627, 1, 0
6120.66, 1.0008, 0.00447478, 1, 0
6120.67, 1.00034, 0.00447307, 1, 0
6120.68, 0.999912, 0.00447152, 1, 0
6120.69, 0.999709, 0.00447096, 1, 0
6120.7, 0.999834, 0.0044715, 1, 0
6120.71, 1.00033, 0.00447269, 1, 0
6120.72, 1.00092, 0.00447383, 1, 0
6120.73, 1.00093, 0.00447399, 0.9979, 0.00373625
6120.74, 1.00012, 0.00447231, 0.99784, 0
6120.75, 0.998733, 0.00446814, 0.99776, 0.0074725
6120.76, 0.997219, 0.00446233, 0.99767, 0.0074725
6120.77, 0.996295, 0.00445769, 0.99758, 0.0074725
6120.78, 0.996388, 0.00445641, 0.99747, 0.0074725
6120.79, 0.997481, 0.00445941, 0.99735, 0.014945
6120.8, 0.999019, 0.00446493, 0.99722, 0.014945
6120.81, 0.999641, 0.00446689, 0.99709, 0.0261538
6120.82, 0.998892, 0.00446316, 0.99697, 0.0410988
6120.83, 0.998106, 0.00445948, 0.99688, 0.0709888
6120.84, 0.998038, 0.00445913, 0.99681, 0.123296
6120.85, 0.997889, 0.00445872, 0.99677, 0.205494
6120.86, 0.997226, 0.00445629, 0.99673, 0.321318
6120.87, 0.996851, 0.00445499, 0.99666, 0.485713
6120.88, 0.997254, 0.00445661, 0.99647, 0.702415
6120.89, 0.997723, 0.00445802, 0.99603, 0.982634
6120.9, 0.997459, 0.00445614, 0.99516, 1.31142
6120.91, 0.995941, 0.00445026, 0.9936, 1.68879
6120.92, 0.992765, 0.0044397, 0.99109, 2.0923
6120.93, 0.987752, 0.0044227, 0.98737, 2.50329
6120.94, 0.981102, 0.00439897, 0.98231, 2.90307
6120.95, 0.974183, 0.00437407, 0.97601, 3.27296
6120.96, 0.968178, 0.00435309, 0.9689, 3.59427
6120.97, 0.962624, 0.00433453, 0.9617, 3.85581
6120.98, 0.957046, 0.00431652, 0.9554, 4.0501
6120.99, 0.952618, 0.00430249, 0.95098, 4.17713
6121, 0.950713, 0.00429653, 0.94921, 4.2257
6121.01, 0.951563, 0.00429921, 0.95041, 4.20328
6121.02, 0.955041, 0.00431012, 0.95435, 4.10988
6121.03, 0.960901, 0.00432908, 0.96034, 3.94548
6121.04, 0.968669, 0.00435525, 0.96739, 3.71383
6121.05, 0.976771, 0.00438321, 0.97451, 3.41867
6121.06, 0.983471, 0.00440662, 0.9809, 3.06746
6121.07, 0.988593, 0.00442398, 0.9861, 2.67516
6121.08, 0.992526, 0.00443583, 0.98997, 2.26791
6121.09, 0.995131, 0.00444286, 0.99261, 1.85692
6121.1, 0.996146, 0.00444593, 0.99428, 1.46461
6121.11, 0.996291, 0.00444678, 0.99524, 1.1134
6121.12, 0.996649, 0.00444738, 0.99576, 0.814503
6121.13, 0.997183, 0.0044479, 0.99601, 0.571647
6121.14, 0.997317, 0.00444768, 0.99612, 0.381098
6121.15, 0.997221, 0.0044476, 0.99616, 0.246593
6121.16, 0.997439, 0.00444915, 0.99615, 0.153186
6121.17, 0.997608, 0.0044504, 0.99613, 0.0934063
6121.18, 0.996856, 0.00444751, 0.9961, 0.0560438
6121.19, 0.995501, 0.00444182, 0.99605, 0.0373625
6121.2, 0.994675, 0.0044382, 0.996, 0.0261538
6121.21, 0.994721, 0.0044381, 0.99594, 0.0186813
6121.22, 0.995338, 0.00444019, 0.99586, 0.014945
6121.23, 0.995903, 0.00444203, 0.99579, 0.014945
6121.24, 0.995594, 0.00444056, 0.9957, 0.014945
6121.25, 0.994735, 0.00443691, 0.99561, 0.0112088
6121.26, 0.994681, 0.00443596, 0.99552, 0.0074725
6121.27, 0.995375, 0.00443767, 0.99542, 0.00373625
6121.28, 0.995319, 0.0044369, 1, 0
6121.29, 0.994212, 0.00443254, 1, 0
6121.3, 0.993151, 0.00442816, 1, 0
6121.31, 0.992641, 0.00442562, 1, 0
6121.32, 0.992375, 0.00442439, 1, 0
6121.33, 0.992139, 0.00442389, 1, 0
6121.34, 0.991907, 0.00442357, 1, 0
6121.35, 0.991672, 0.00442308, 1, 0
