wav, obs, sigma_obs, syn, weight
6138.11, 0.988295, 0.00425242, 1, 0
6138.12, 0.990034, 0.00425832, 1, 0
6138.13, 0.992028, 0.0042651, 1, 0
6138.14, 0.993965, 0.00427168, 1, 0
6138.15, 0.994306, 0.00427284, 1, 0
6138.16, 0.993411, 0.00426992, 1, 0
6138.17, 0.993044, 0.00426904, 1, 0
6138.18, 0.993508, 0.00427071, 0.99657, 0
6138.19, 0.994023, 0.00427148, 0.9952, 0
6138.2, 0.99418, 0.00427114, 0.99394, 0.010338
6138.21, 0.99382, 0.00427095, 0.99297, 0.010338
6138.22, 0.993032, 0.00427012, 0.99234, 0.0206761
6138.23, 0.992038, 0.00426763, 0.99197, 0.0310141
6138.24, 0.991245, 0.00426479, 0.99175, 0.0516902
6138.25, 0.990849, 0.00426273, 0.99158, 0.0930423
6138.26, 0.990294, 0.00426038, 0.99138, 0.134394
6138.27, 0.989515, 0.00425793, 0.99112, 0.217099
6138.28, 0.989724, 0.00425892, 0.99077, 0.351493
6138.29, 0.990758, 0.0042626, 0.99031, 0.52724
6138.3, 0.990266, 0.00426149, 0.98973, 0.754677
6138.31, 0.988197, 0.0042552, 0.98899, 1.04414
6138.32, 0.987048, 0.00425117, 0.98809, 1.37496
6138.33, 0.987145, 0.00425084, 0.987, 1.73679
6138.34, 0.987134, 0.00425081, 0.98568, 2.1193
6138.35, 0.986782, 0.00425007, 0.98412, 2.50181
6138.36, 0.986317, 0.00424853, 0.98227, 2.84296
6138.37, 0.984691, 0.00424318, 0.98009, 3.1531
6138.38, 0.98093, 0.00423153, 0.97754, 3.40121
6138.39, 0.976721, 0.00421867, 0.97462, 3.59764
6138.4, 0.973631, 0.00420912, 0.9713, 3.72169
6138.41, 0.970534, 0.00419908, 0.96762, 3.79406
6138.42, 0.966367, 0.00418517, 0.96363, 3.78372
6138.43, 0.961352, 0.0041685, 0.95944, 3.73203
6138.44, 0.956384, 0.0041524, 0.95517, 3.59764
6138.45, 0.953084, 0.00414254, 0.95099, 3.40121
6138.46, 0.951088, 0.0041372, 0.94707, 3.1531
6138.47, 0.947924, 0.00412684, 0.94356, 2.84296
6138.48, 0.943982, 0.0041129, 0.94063, 2.49147
6138.49, 0.941739, 0.00410493, 0.93839, 2.1193
6138.5, 0.940314, 0.00410062, 0.93696, 1.74713
6138.51, 0.937402, 0.00409227, 0.93639, 1.3853
6138.52, 0.934504, 0.00408369, 0.93671, 1.04414
6138.53, 0.933983, 0.00408151, 0.93791, 0.754677
6138.54, 0.934913, 0.00408364, 0.93995, 0.52724
6138.55, 0.936313, 0.00408793, 0.94276, 0.341155
6138.56, 0.940032, 0.00409994, 0.94623, 0.227437
6138.57, 0.946996, 0.0041224, 0.95022, 0.134394
6138.58, 0.954887, 0.00414836, 0.95457, 0.0827043
6138.59, 0.962078, 0.00417274, 0.95915, 0.0516902
6138.6, 0.9687, 0.00419543, 0.96379, 0.0310141
6138.61, 0.974719, 0.00421599, 0.96845, 0.0206761
6138.62, 0.979761, 0.00423313, 0.97311, 0.010338
6138.63, 0.983834, 0.00424658, 0.97782, 0.010338
6138.64, 0.987254, 0.00425692, 0.98259, 0.010338
6138.65, 0.990231, 0.00426562, 0.98724, 0
6138.66, 0.992868, 0.00427424, 0.99145, 0.010338
6138.67, 0.995053, 0.00428192, 1, 0
6138.68, 0.99663, 0.00428719, 1, 0
6138.69, 0.997673, 0.00429049, 1, 0
6138.7, 0.998336, 0.00429275, 1, 0
6138.71, 0.99881, 0.00429473, 1, 0
6138.72, 0.99929, 0.00429687, 1, 0
6138.73, 0.999963, 0.00429908, 1, 0
