wav, obs, sigma_obs, syn, weight
6149.81, 0.99849, 0.00476806, 1, 0
6149.82, 0.999632, 0.00477252, 1, 0
6149.83, 0.99984, 0.00477452, 1, 0
6149.84, 0.998769, 0.00477293, 1, 0
6149.85, 0.998806, 0.00477321, 1, 0
6149.86, 1.00063, 0.00477756, 1, 0
6149.87, 1.0017, 0.00478154, 1, 0
6149.88, 1.0012, 0.00478197, 0.99805, 0
6149.89, 1.00001, 0.00477811, 0.99853, 0.13271
6149.9, 0.999437, 0.00477557, 0.9989, 0
6149.91, 1.00025, 0.00477934, 0.99917, 0
6149.92, 1.00084, 0.00478326, 0.99934, 0
6149.93, 1.00046, 0.00478353, 0.99946, 0
6149.94, 1.00065, 0.00478417, 0.99952, 0.13271
6149.95, 1.00143, 0.00478617, 0.99955, 0
6149.96, 1.00143, 0.00478716, 0.99954, 0
6149.97, 1.00062, 0.0047855, 0.99948, 0
6149.98, 0.999577, 0.00478109, 0.99933, 0
6149.99, 0.998794, 0.00477823, 0.99901, 0
6150, 0.998435, 0.00477901, 0.9984, 0
6150.01, 0.998124, 0.00477943, 0.99733, 0.13271
6150.02, 0.997257, 0.00477621, 0.9956, 0.13271
6150.03, 0.99516, 0.00476792, 0.99298, 0.265421
6150.04, 0.992033, 0.00475674, 0.98934, 0.398131
6150.05, 0.988118, 0.00474454, 0.98469, 0.398131
6150.06, 0.981849, 0.00472362, 0.97922, 0.663551
6150.07, 0.972384, 0.00468955, 0.97337, 0.928972
6150.08, 0.961394, 0.00464994, 0.96766, 1.19439
6150.09, 0.949759, 0.00460837, 0.96265, 1.59252
6150.1, 0.937269, 0.00456295, 0.95871, 2.12336
6150.11, 0.925244, 0.00451927, 0.95599, 2.5215
6150.12, 0.915434, 0.00448497, 0.95432, 2.91963
6150.13, 0.907178, 0.0044555, 0.95338, 3.31776
6150.14, 0.900339, 0.00442924, 0.9528, 3.58318
6150.15, 0.897623, 0.0044196, 0.95236, 3.8486
6150.16, 0.89947, 0.00442889, 0.952, 4.11402
6150.17, 0.903304, 0.00444444, 0.95194, 4.24673
6150.18, 0.9091, 0.00446548, 0.95248, 4.37944
6150.19, 0.918172, 0.00449798, 0.95396, 4.24673
6150.2, 0.929623, 0.00453979, 0.95659, 4.11402
6150.21, 0.941868, 0.0045855, 0.96042, 3.98131
6150.22, 0.953475, 0.00462831, 0.96525, 3.71589
6150.23, 0.963502, 0.0046646, 0.97076, 3.45047
6150.24, 0.971718, 0.00469539, 0.97648, 3.18505
6150.25, 0.979015, 0.00472314, 0.98197, 2.78692
6150.26, 0.986359, 0.00474924, 0.98684, 2.25607
6150.27, 0.990806, 0.00476433, 0.99086, 1.85794
6150.28, 0.990475, 0.00476344, 0.99395, 1.45981
6150.29, 0.990286, 0.00476422, 0.99615, 1.06168
6150.3, 0.99261, 0.00477445, 0.99763, 0.796262
6150.31, 0.994647, 0.00478288, 0.99855, 0.530841
6150.32, 0.995286, 0.0047855, 0.9991, 0.265421
6150.33, 0.995115, 0.00478522, 0.99941, 0.265421
6150.34, 0.995523, 0.00478697, 0.99959, 0
6150.35, 0.997254, 0.0047935, 0.99969, 0
6150.36, 0.998251, 0.00479881, 0.99975, 0
6150.37, 0.997882, 0.00480014, 0.99978, 0
6150.38, 0.998358, 0.00480192, 0.99979, 0
6150.39, 0.999856, 0.0048058, 0.9998, 0
6150.4, 1.00087, 0.00481029, 0.9998, 0
6150.41, 1.00081, 0.00481147, 0.9998, 0
6150.42, 0.999901, 0.00480747, 0.9998, 0
6150.43, 0.99962, 0.00480589, 0.9998, 0
6150.44, 1.00062, 0.0048103, 0.9998, 0
6150.45, 1.00181, 0.00481481, 1, 0
6150.46, 1.00241, 0.00481656, 1, 0
6150.47, 1.00216, 0.0048163, 1, 0
6150.48, 1.00184, 0.00481671, 1, 0
6150.49, 1.00235, 0.00482014, 1, 0
6150.5, 1.0032, 0.00482482, 1, 0
6150.51, 1.00387, 0.00482882, 1, 0
