wav, obs, sigma_obs, syn, weight
6220.95, 0.998021, 0.00482949, 1, 0
6220.96, 0.996706, 0.00482562, 1, 0
6220.97, 0.995179, 0.00482012, 1, 0
6220.98, 0.995778, 0.00482191, 1, 0
6220.99, 0.997411, 0.00482865, 1, 0
6221, 0.997712, 0.00483286, 1, 0
6221.01, 0.997984, 0.00483549, 0.99953, 0
6221.02, 0.998786, 0.00483705, 0.9994, 0.00549536
6221.03, 0.998239, 0.00483448, 0.99931, 0.00824303
6221.04, 0.997293, 0.00483255, 0.99926, 0.0109907
6221.05, 0.998253, 0.00483867, 0.99923, 0.0164861
6221.06, 0.999942, 0.00484636, 0.99919, 0.0164861
6221.07, 1.00058, 0.00484858, 0.99912, 0.0219814
6221.08, 0.999299, 0.00484484, 0.99898, 0.0219814
6221.09, 0.99773, 0.00484156, 0.99875, 0.0247291
6221.1, 0.998569, 0.00484696, 0.99839, 0.0329721
6221.11, 1.00008, 0.00485376, 0.99787, 0.0439628
6221.12, 1.00004, 0.00485379, 0.99716, 0.0604489
6221.13, 0.998229, 0.0048477, 0.99622, 0.0961687
6221.14, 0.995658, 0.00483954, 0.99502, 0.15387
6221.15, 0.993917, 0.00483441, 0.9935, 0.241796
6221.16, 0.992854, 0.00483094, 0.99156, 0.373684
6221.17, 0.99149, 0.00482568, 0.98906, 0.563274
6221.18, 0.988517, 0.00481603, 0.9858, 0.810565
6221.19, 0.98408, 0.00480215, 0.98156, 1.1183
6221.2, 0.979505, 0.00478627, 0.97615, 1.47825
6221.21, 0.974247, 0.00476738, 0.96949, 1.87666
6221.22, 0.967472, 0.00474379, 0.96166, 2.29156
6221.23, 0.959595, 0.00471548, 0.95293, 2.70097
6221.24, 0.950033, 0.00468005, 0.94373, 3.08839
6221.25, 0.937465, 0.00463416, 0.93462, 3.42635
6221.26, 0.924769, 0.00458857, 0.92618, 3.70937
6221.27, 0.915446, 0.00455562, 0.91896, 3.92643
6221.28, 0.909223, 0.00453365, 0.91339, 4.0803
6221.29, 0.906021, 0.00452256, 0.90979, 4.16273
6221.3, 0.906546, 0.00452594, 0.90837, 4.17647
6221.31, 0.909564, 0.00453805, 0.90921, 4.12152
6221.32, 0.913455, 0.0045517, 0.9123, 3.99787
6221.33, 0.918585, 0.0045706, 0.91746, 3.80828
6221.34, 0.925, 0.00459632, 0.92436, 3.55275
6221.35, 0.931892, 0.00462489, 0.93253, 3.23676
6221.36, 0.939174, 0.00465347, 0.94138, 2.87407
6221.37, 0.946861, 0.00468062, 0.95031, 2.47566
6221.38, 0.953808, 0.00470694, 0.95878, 2.06076
6221.39, 0.960013, 0.00473371, 0.96642, 1.6596
6221.4, 0.967263, 0.00476228, 0.97304, 1.28866
6221.41, 0.975042, 0.00478979, 0.97861, 0.961687
6221.42, 0.981581, 0.00481196, 0.9832, 0.695163
6221.43, 0.986063, 0.0048286, 0.98695, 0.486339
6221.44, 0.988721, 0.00484101, 0.98999, 0.335217
6221.45, 0.990961, 0.00485109, 0.99242, 0.230805
6221.46, 0.993037, 0.00485953, 0.99434, 0.162113
6221.47, 0.994565, 0.0048666, 0.9958, 0.11815
6221.48, 0.996008, 0.0048742, 0.99687, 0.0906734
6221.49, 0.997739, 0.00488282, 0.99761, 0.0714396
6221.5, 0.999533, 0.00488965, 0.99807, 0.0577012
6221.51, 1.00022, 0.00489183, 0.99823, 0.0467105
6221.52, 0.998753, 0.0048883, 0.99805, 0.0357198
6221.53, 0.99767, 0.00488555, 0.99737, 0.0302245
6221.54, 0.998646, 0.004888, 0.99608, 0.0219814
6221.55, 0.999917, 0.00489231, 0.99409, 0.0164861
6221.56, 1.00008, 0.0048939, 0.99163, 0.0109907
6221.57, 0.998701, 0.00488979, 0.9894, 0.00549536
6221.58, 0.997292, 0.00488652, 0.98836, 0.00549536
6221.59, 0.996724, 0.00488735, 0.98915, 0.00274768
6221.6, 0.995436, 0.0048836, 1, 0
6221.61, 0.993045, 0.00487468, 1, 0
6221.62, 0.990304, 0.0048668, 1, 0
6221.63, 0.987496, 0.00486013, 1, 0
6221.64, 0.984717, 0.00485295, 1, 0
6221.65, 0.981937, 0.00484577, 1, 0
