wav, obs, sigma_obs, syn, weight
6258.3, 0.997067, 0.00340931, 1, 0
6258.31, 0.996424, 0.00340862, 1, 0
6258.32, 0.996584, 0.00340945, 1, 0
6258.33, 0.997851, 0.00341231, 1, 0
6258.34, 0.998916, 0.00341444, 1, 0
6258.35, 0.998742, 0.00341373, 1, 0
6258.36, 0.998177, 0.00341221, 1, 0
6258.37, 0.997971, 0.00341168, 1, 0
6258.38, 0.997631, 0.00341122, 0.99814, 0.0227279
6258.39, 0.996782, 0.0034099, 0.9981, 0.0307926
6258.4, 0.995875, 0.00340791, 0.99804, 0.0395905
6258.41, 0.995353, 0.00340594, 0.99794, 0.0461889
6258.42, 0.995344, 0.00340537, 0.99779, 0.051321
6258.43, 0.995527, 0.00340605, 0.99755, 0.0549868
6258.44, 0.994751, 0.00340445, 0.99713, 0.0579194
6258.45, 0.992422, 0.00339871, 0.99641, 0.0608521
6258.46, 0.989153, 0.00339072, 0.99516, 0.0637847
6258.47, 0.985236, 0.00338121, 0.99308, 0.0674505
6258.48, 0.980191, 0.00336822, 0.98973, 0.074782
6258.49, 0.973554, 0.00335045, 0.98462, 0.0850462
6258.5, 0.965, 0.00332799, 0.97731, 0.104108
6258.51, 0.954684, 0.00330154, 0.96752, 0.134901
6258.52, 0.943399, 0.00327246, 0.95533, 0.186222
6258.53, 0.931671, 0.00324176, 0.94132, 0.26467
6258.54, 0.919632, 0.00321, 0.92652, 0.378309
6258.55, 0.907918, 0.00317921, 0.91231, 0.531539
6258.56, 0.897737, 0.00315303, 0.90003, 0.722893
6258.57, 0.889507, 0.00313231, 0.89051, 0.949439
6258.58, 0.88276, 0.0031148, 0.88355, 1.20238
6258.59, 0.876391, 0.00309772, 0.87767, 1.47145
6258.6, 0.868655, 0.00307758, 0.87012, 1.74858
6258.61, 0.856454, 0.00304604, 0.85742, 2.02791
6258.62, 0.835656, 0.00299102, 0.83625, 2.30651
6258.63, 0.803997, 0.00290682, 0.80454, 2.58438
6258.64, 0.760868, 0.0027931, 0.76233, 2.86151
6258.65, 0.707837, 0.00265304, 0.71204, 3.13645
6258.66, 0.648176, 0.0024929, 0.65806, 3.40258
6258.67, 0.587284, 0.00232691, 0.60582, 3.64746
6258.68, 0.531866, 0.00217433, 0.56068, 3.85641
6258.69, 0.488246, 0.00205314, 0.52703, 4.0155
6258.7, 0.462292, 0.00198009, 0.5079, 4.10935
6258.71, 0.457958, 0.00196746, 0.50495, 4.13061
6258.72, 0.477585, 0.00202314, 0.51865, 4.07782
6258.73, 0.51869, 0.00213874, 0.54828, 3.95538
6258.74, 0.57626, 0.00229779, 0.59191, 3.77503
6258.75, 0.643508, 0.00248094, 0.64623, 3.55141
6258.76, 0.713114, 0.00266828, 0.70675, 3.29921
6258.77, 0.779128, 0.00284391, 0.76829, 3.03234
6258.78, 0.836613, 0.00299491, 0.82586, 2.75887
6258.79, 0.883339, 0.00311665, 0.87557, 2.48247
6258.8, 0.918518, 0.00320829, 0.91527, 2.2046
6258.81, 0.943911, 0.00327404, 0.94458, 1.92527
6258.82, 0.961855, 0.00331957, 0.96459, 1.64447
6258.83, 0.973842, 0.00335027, 0.97718, 1.36807
6258.84, 0.981273, 0.00337101, 0.98439, 1.1034
6258.85, 0.986095, 0.00338475, 0.98794, 0.85926
6258.86, 0.989826, 0.00339366, 0.98914, 0.645178
6258.87, 0.992061, 0.00339856, 0.98881, 0.469221
6258.88, 0.992432, 0.00340024, 0.9875, 0.332853
6258.89, 0.991944, 0.00340024, 0.98558, 0.233144
6258.9, 0.99134, 0.00339924, 0.98334, 0.165694
6258.91, 0.989936, 0.00339527, 0.9811, 0.120971
6258.92, 0.987345, 0.00338761, 0.97917, 0.0923778
6258.93, 0.984488, 0.00337968, 0.97783, 0.074782
6258.94, 0.982352, 0.00337453, 0.97728, 0.0630515
6258.95, 0.981648, 0.00337316, 0.97765, 0.0549868
6258.96, 0.98242, 0.00337513, 0.9789, 0.0483884
6258.97, 0.983491, 0.00337786, 0.98091, 0.0439894
6258.98, 0.984401, 0.00338041, 0.98344, 0.0403236
6258.99, 0.986159, 0.00338511, 0.98623, 0.0359247
6259, 0.988892, 0.00339217, 0.989, 0.0322589
6259.01, 0.991141, 0.00339812, 0.99155, 0.02786
6259.02, 0.992646, 0.00340226, 0.99371, 0.0227279
6259.03, 0.994969, 0.00340815, 0.99544, 0.0175958
6259.04, 0.998028, 0.00341559, 0.99673, 0.0124637
6259.05, 0.999561, 0.00341935, 1, 0
6259.06, 0.999392, 0.00341919, 1, 0
6259.07, 0.999774, 0.00342056, 1, 0
6259.08, 1.00111, 0.0034242, 1, 0
6259.09, 1.00182, 0.00342583, 1, 0
6259.1, 1.00152, 0.00342442, 1, 0
6259.11, 1.00114, 0.00342282, 1, 0
6259.12, 1.00096, 0.0034218, 1, 0
