wav, obs, sigma_obs, syn, weight
6260.69, 0.998172, 0.00342573, 1, 0
6260.7, 0.998023, 0.00342488, 1, 0
6260.71, 0.99849, 0.00342605, 1, 0
6260.72, 0.999344, 0.00342855, 1, 0
6260.73, 0.999545, 0.0034291, 1, 0
6260.74, 0.999055, 0.00342763, 1, 0
6260.75, 0.998933, 0.00342759, 1, 0
6260.76, 0.999546, 0.00342994, 0.99944, 0.00430461
6260.77, 1.00055, 0.00343315, 0.9994, 0.00789178
6260.78, 1.00131, 0.00343524, 0.99936, 0.0107615
6260.79, 1.00105, 0.00343419, 0.99932, 0.0143487
6260.8, 1.00024, 0.00343168, 0.99928, 0.0172184
6260.81, 1.00005, 0.00343142, 0.99923, 0.0193707
6260.82, 1.00011, 0.00343232, 0.99918, 0.0222405
6260.83, 0.99937, 0.00343096, 0.99911, 0.0243928
6260.84, 0.998338, 0.00342853, 0.99904, 0.0265451
6260.85, 0.998127, 0.00342808, 0.99896, 0.0301322
6260.86, 0.99858, 0.00342912, 0.99886, 0.0337194
6260.87, 0.999027, 0.00342984, 0.99875, 0.0394589
6260.88, 0.998998, 0.00342935, 0.99862, 0.0473507
6260.89, 0.998256, 0.00342741, 0.99847, 0.0602645
6260.9, 0.997319, 0.00342526, 0.99828, 0.0817875
6260.91, 0.996814, 0.00342422, 0.99804, 0.117659
6260.92, 0.996829, 0.00342426, 0.99769, 0.175054
6260.93, 0.997011, 0.00342444, 0.99715, 0.261864
6260.94, 0.995942, 0.00342169, 0.9962, 0.384545
6260.95, 0.992782, 0.00341414, 0.99447, 0.548837
6260.96, 0.98902, 0.00340459, 0.9913, 0.756893
6260.97, 0.985169, 0.00339389, 0.98567, 1.00441
6260.98, 0.978353, 0.00337608, 0.9762, 1.28421
6260.99, 0.966217, 0.00334566, 0.9612, 1.58912
6261, 0.948524, 0.00330018, 0.93902, 1.91196
6261.01, 0.924055, 0.00323559, 0.9084, 2.24629
6261.02, 0.889448, 0.00314445, 0.86896, 2.58779
6261.03, 0.843355, 0.00302374, 0.8216, 2.92929
6261.04, 0.787804, 0.0028777, 0.76856, 3.26433
6261.05, 0.726187, 0.00271417, 0.71331, 3.58143
6261.06, 0.663317, 0.00254504, 0.6601, 3.86769
6261.07, 0.604721, 0.00238519, 0.61338, 4.10803
6261.08, 0.556584, 0.00225253, 0.57723, 4.28882
6261.09, 0.524753, 0.00216417, 0.55485, 4.39787
6261.1, 0.514493, 0.00213561, 0.54821, 4.43016
6261.11, 0.52737, 0.00217141, 0.55787, 4.38281
6261.12, 0.561758, 0.00226667, 0.58292, 4.25726
6261.13, 0.612746, 0.00240695, 0.62107, 4.06355
6261.14, 0.673226, 0.00257154, 0.66885, 3.81316
6261.15, 0.735824, 0.00274003, 0.72205, 3.51902
6261.16, 0.793457, 0.00289346, 0.7762, 3.19761
6261.17, 0.842501, 0.00302286, 0.82718, 2.85969
6261.18, 0.881317, 0.00312481, 0.87178, 2.51748
6261.19, 0.910248, 0.00320079, 0.90811, 2.17813
6261.2, 0.93057, 0.00325447, 0.93564, 1.84452
6261.21, 0.944266, 0.00329051, 0.95504, 1.52455
6261.22, 0.953463, 0.00331399, 0.96777, 1.22394
6261.23, 0.959851, 0.00333018, 0.97561, 0.949883
6261.24, 0.964802, 0.0033435, 0.98024, 0.71026
6261.25, 0.968949, 0.00335483, 0.98301, 0.511531
6261.26, 0.972671, 0.00336444, 0.98486, 0.354413
6261.27, 0.976103, 0.00337332, 0.98634, 0.239623
6261.28, 0.979418, 0.00338243, 0.98774, 0.159988
6261.29, 0.983021, 0.00339216, 0.98918, 0.106898
6261.3, 0.986985, 0.00340227, 0.99066, 0.0753306
6261.31, 0.99057, 0.00341144, 0.99213, 0.0552425
6261.32, 0.993354, 0.00341889, 0.99352, 0.0437635
6261.33, 0.995721, 0.00342523, 0.99479, 0.0365892
6261.34, 0.997803, 0.00343067, 0.99588, 0.0315671
6261.35, 0.999215, 0.00343456, 0.99678, 0.0279799
6261.36, 1, 0.00343705, 0.99749, 0.0251102
6261.37, 1.00084, 0.00343939, 0.99802, 0.0229579
6261.38, 1.00174, 0.00344164, 0.9984, 0.0208056
6261.39, 1.00198, 0.00344251, 0.99865, 0.0186533
6261.4, 1.00171, 0.00344228, 0.99879, 0.0157836
6261.41, 1.00186, 0.00344268, 0.99883, 0.0129138
6261.42, 1.00222, 0.00344337, 0.99878, 0.0107615
6261.43, 1.00171, 0.00344249, 0.99866, 0.00717435
6261.44, 1.00067, 0.00344066, 0.99848, 0.00502204
6261.45, 1.00035, 0.00344004, 1, 0
6261.46, 1.0006, 0.0034403, 1, 0
6261.47, 1.00058, 0.00343982, 1, 0
6261.48, 1.00022, 0.00343853, 1, 0
6261.49, 0.999934, 0.00343742, 1, 0
6261.5, 0.99968, 0.00343638, 1, 0
6261.51, 0.999426, 0.00343535, 1, 0
