wav, obs, sigma_obs, syn, weight
6311.88, 0.99811, 0.0033043, 1, 0
6311.89, 0.998274, 0.00330472, 1, 0
6311.9, 0.998415, 0.00330509, 1, 0
6311.91, 0.997778, 0.00330345, 1, 0
6311.92, 0.996571, 0.00330039, 1, 0
6311.93, 0.996123, 0.00329946, 1, 0
6311.94, 0.997044, 0.0033022, 1, 0
6311.95, 0.998387, 0.00330586, 1, 0
6311.96, 0.999313, 0.00330802, 0.9998, 0
6311.97, 0.999666, 0.00330825, 0.9998, 0.00194102
6311.98, 0.99948, 0.00330682, 0.99979, 0.00194102
6311.99, 0.999049, 0.0033053, 0.99979, 0.00388205
6312, 0.998687, 0.00330502, 0.99978, 0.00582307
6312.01, 0.99856, 0.00330529, 0.99977, 0.00582307
6312.02, 0.998729, 0.00330513, 0.99975, 0.0116461
6312.03, 0.998883, 0.00330445, 0.99973, 0.0155282
6312.04, 0.998696, 0.00330355, 0.99971, 0.0252333
6312.05, 0.998545, 0.00330319, 0.99968, 0.0427025
6312.06, 0.99898, 0.00330412, 0.99964, 0.0718179
6312.07, 0.99958, 0.00330524, 0.99958, 0.118403
6312.08, 0.999502, 0.0033047, 0.99946, 0.194102
6312.09, 0.998869, 0.00330295, 0.99923, 0.3028
6312.1, 0.998374, 0.00330173, 0.9988, 0.458082
6312.11, 0.997924, 0.00330057, 0.99799, 0.661889
6312.12, 0.996787, 0.00329725, 0.99652, 0.918105
6312.13, 0.994553, 0.00329099, 0.99403, 1.22673
6312.14, 0.99114, 0.00328256, 0.99004, 1.57805
6312.15, 0.98611, 0.00327079, 0.98403, 1.95655
6312.16, 0.978556, 0.00325208, 0.97558, 2.34864
6312.17, 0.967825, 0.00322444, 0.9645, 2.7349
6312.18, 0.953705, 0.0031886, 0.95103, 3.09593
6312.19, 0.936833, 0.00314667, 0.93593, 3.41814
6312.2, 0.919425, 0.00310297, 0.92051, 3.68601
6312.21, 0.903704, 0.00306244, 0.90646, 3.89564
6312.22, 0.891462, 0.00303092, 0.89557, 4.03927
6312.23, 0.884377, 0.00301357, 0.88937, 4.11885
6312.24, 0.883975, 0.00301301, 0.88878, 4.12856
6312.25, 0.891056, 0.00303016, 0.89388, 4.07421
6312.26, 0.903646, 0.00306106, 0.9039, 3.95387
6312.27, 0.919176, 0.00310044, 0.91739, 3.76559
6312.28, 0.935584, 0.00314242, 0.93258, 3.52102
6312.29, 0.951066, 0.0031813, 0.94771, 3.2221
6312.3, 0.96444, 0.00321422, 0.96136, 2.88048
6312.31, 0.97487, 0.00323963, 0.97264, 2.51169
6312.32, 0.982307, 0.00325773, 0.98123, 2.13125
6312.33, 0.987137, 0.00326967, 0.98725, 1.76051
6312.34, 0.990041, 0.00327709, 0.99114, 1.41112
6312.35, 0.991872, 0.00328188, 0.99343, 1.1025
6312.36, 0.993127, 0.00328512, 0.99467, 0.840464
6312.37, 0.994011, 0.00328724, 0.99533, 0.628892
6312.38, 0.994476, 0.00328829, 0.99573, 0.467787
6312.39, 0.99425, 0.00328798, 0.99608, 0.347443
6312.4, 0.99377, 0.00328712, 0.99647, 0.263979
6312.41, 0.99432, 0.00328784, 0.99693, 0.20769
6312.42, 0.996128, 0.00329076, 0.99743, 0.166928
6312.43, 0.997778, 0.00329412, 0.99794, 0.139754
6312.44, 0.998406, 0.00329647, 0.99841, 0.116461
6312.45, 0.998416, 0.00329732, 0.99881, 0.0989923
6312.46, 0.998275, 0.0032968, 0.99913, 0.0834641
6312.47, 0.998262, 0.00329628, 0.99937, 0.0679359
6312.48, 0.998568, 0.00329687, 0.99954, 0.0562897
6312.49, 0.999192, 0.00329834, 0.99965, 0.0427025
6312.5, 1.00003, 0.00330012, 0.99972, 0.0310564
6312.51, 1.00067, 0.00330127, 0.99976, 0.0232923
6312.52, 1.00079, 0.0033011, 0.99978, 0.0155282
6312.53, 1.00062, 0.00330037, 1, 0
6312.54, 1.00052, 0.00330012, 1, 0
6312.55, 1.00055, 0.00330026, 1, 0
6312.56, 1.00065, 0.00330034, 1, 0
6312.57, 1.00075, 0.00330031, 1, 0
6312.58, 1.00078, 0.00330028, 1, 0
6312.59, 1.00074, 0.00330029, 1, 0
6312.6, 1.00071, 0.0033003, 1, 0
