wav, obs, sigma_obs, syn, weight
6545.73, 0.993748, 0.00358104, 1, 0
6545.74, 0.994805, 0.00358416, 1, 0
6545.75, 0.995871, 0.00358548, 1, 0
6545.76, 0.996785, 0.00358774, 1, 0
6545.77, 0.997609, 0.00359129, 1, 0
6545.78, 0.998535, 0.00359465, 1, 0
6545.79, 0.999348, 0.00359704, 1, 0
6545.8, 0.999651, 0.00359804, 0.99635, 0
6545.81, 0.99917, 0.003597, 0.99559, 0
6545.82, 0.998027, 0.00359424, 0.99498, 0
6545.83, 0.997458, 0.00359334, 0.99451, 0.0211568
6545.84, 0.997887, 0.00359547, 0.99416, 0.0211568
6545.85, 0.997752, 0.0035958, 0.99388, 0.0211568
6545.86, 0.997001, 0.00359402, 0.99364, 0.0211568
6545.87, 0.997652, 0.00359604, 0.99345, 0.0211568
6545.88, 0.998948, 0.00359994, 0.99326, 0.0423137
6545.89, 0.998105, 0.00359808, 0.99308, 0.0423137
6545.9, 0.996231, 0.00359346, 0.99288, 0.0211568
6545.91, 0.995933, 0.00359318, 0.99264, 0.0211568
6545.92, 0.996176, 0.00359415, 0.99234, 0.0211568
6545.93, 0.995403, 0.003592, 0.99198, 0.0211568
6545.94, 0.994549, 0.00358997, 0.99154, 0.0211568
6545.95, 0.99426, 0.00359027, 0.99102, 0.0423137
6545.96, 0.993467, 0.00358953, 0.99041, 0.0211568
6545.97, 0.991937, 0.00358655, 0.98971, 0.0423137
6545.98, 0.990799, 0.00358381, 0.9889, 0.0423137
6545.99, 0.989756, 0.00358067, 0.98798, 0.0634705
6546, 0.987385, 0.00357401, 0.98693, 0.0846273
6546.01, 0.984601, 0.00356676, 0.98568, 0.0846273
6546.02, 0.983212, 0.00356393, 0.98417, 0.105784
6546.03, 0.982216, 0.00356198, 0.98224, 0.126941
6546.04, 0.979919, 0.0035556, 0.97962, 0.169255
6546.05, 0.975841, 0.00354453, 0.9759, 0.169255
6546.06, 0.9701, 0.00352975, 0.97039, 0.190411
6546.07, 0.963509, 0.00351253, 0.96217, 0.232725
6546.08, 0.956228, 0.00349275, 0.95014, 0.232725
6546.09, 0.947322, 0.00346821, 0.93316, 0.253882
6546.1, 0.935259, 0.0034353, 0.91029, 0.253882
6546.11, 0.918125, 0.00338936, 0.88106, 0.275039
6546.12, 0.894996, 0.0033269, 0.84556, 0.275039
6546.13, 0.86538, 0.0032451, 0.80442, 0.275039
6546.14, 0.827782, 0.00314044, 0.75872, 0.296196
6546.15, 0.781017, 0.00301059, 0.70985, 0.317352
6546.16, 0.726509, 0.00285838, 0.65937, 0.338509
6546.17, 0.666283, 0.00268814, 0.60897, 0.40198
6546.18, 0.602376, 0.00250494, 0.56043, 0.507764
6546.19, 0.5381, 0.00231797, 0.5156, 0.655862
6546.2, 0.47859, 0.00214224, 0.47629, 0.930901
6546.21, 0.428381, 0.00199124, 0.44418, 1.29057
6546.22, 0.391161, 0.00187645, 0.42063, 1.75602
6546.23, 0.369186, 0.00180739, 0.40663, 2.34841
6546.24, 0.363772, 0.00179142, 0.40272, 2.96196
6546.25, 0.375718, 0.00182991, 0.40903, 3.59666
6546.26, 0.405002, 0.00192042, 0.4253, 4.21021
6546.27, 0.44924, 0.00205496, 0.45084, 4.73913
6546.28, 0.505114, 0.00222282, 0.4846, 5.16227
6546.29, 0.568438, 0.00240999, 0.52513, 5.50078
6546.3, 0.634676, 0.00260226, 0.57075, 5.7335
6546.31, 0.69901, 0.00278601, 0.61965, 5.90276
6546.32, 0.757689, 0.0029517, 0.67002, 5.96623
6546.33, 0.808106, 0.00309382, 0.7201, 5.94507
6546.34, 0.848899, 0.00320901, 0.76826, 5.8816
6546.35, 0.879745, 0.00329597, 0.81297, 5.71234
6546.36, 0.902212, 0.00335885, 0.85293, 5.45846
6546.37, 0.918208, 0.00340304, 0.88715, 5.0988
6546.38, 0.928216, 0.00343095, 0.91511, 4.6545
6546.39, 0.932738, 0.00344453, 0.93684, 4.12558
6546.4, 0.933114, 0.0034464, 0.95291, 3.51203
6546.41, 0.931403, 0.00344178, 0.96429, 2.85617
6546.42, 0.930472, 0.00343934, 0.97208, 2.24262
6546.43, 0.931759, 0.00344335, 0.97736, 1.67139
6546.44, 0.93527, 0.00345371, 0.98098, 1.18478
6546.45, 0.940693, 0.00346942, 0.98356, 0.846273
6546.46, 0.947521, 0.00348904, 0.98549, 0.592391
6546.47, 0.954986, 0.00351068, 0.98702, 0.423137
6546.48, 0.96237, 0.00353248, 0.98827, 0.338509
6546.49, 0.969467, 0.00355302, 0.98933, 0.275039
6546.5, 0.975646, 0.0035701, 0.99024, 0.232725
6546.51, 0.979108, 0.00357945, 0.99103, 0.190411
6546.52, 0.979805, 0.00358156, 0.99172, 0.169255
6546.53, 0.980288, 0.00358369, 0.99233, 0.169255
6546.54, 0.981414, 0.00358795, 0.99288, 0.126941
6546.55, 0.982432, 0.00359164, 0.99336, 0.148098
6546.56, 0.983689, 0.00359554, 0.9938, 0.126941
6546.57, 0.98596, 0.00360195, 0.99419, 0.126941
6546.58, 0.988603, 0.00360955, 0.99454, 0.105784
6546.59, 0.990712, 0.00361618, 0.99487, 0.0846273
6546.6, 0.992233, 0.00362115, 0.99516, 0.0846273
6546.61, 0.993304, 0.00362453, 0.99543, 0.0846273
6546.62, 0.99409, 0.00362731, 0.99567, 0.0634705
6546.63, 0.994962, 0.00363049, 0.99589, 0.0846273
6546.64, 0.996514, 0.00363485, 0.99609, 0.0634705
6546.65, 0.998258, 0.00363936, 0.99627, 0.0634705
6546.66, 0.998919, 0.00364168, 0.99642, 0.0634705
6546.67, 0.99867, 0.00364224, 0.99655, 0.0634705
6546.68, 0.998437, 0.00364283, 0.99665, 0.0634705
6546.69, 0.998853, 0.00364443, 0.99672, 0.0634705
6546.7, 1.00007, 0.00364723, 0.99677, 0.0423137
6546.71, 1.001, 0.00364979, 0.99683, 0.0423137
6546.72, 1.00099, 0.00365106, 0.99695, 0.0423137
6546.73, 1.0007, 0.00365128, 0.99717, 0.0211568
6546.74, 1.00057, 0.00365117, 0.99754, 0
6546.75, 1.00049, 0.00365175, 1, 0
6546.76, 1.00031, 0.00365236, 1, 0
6546.77, 0.999896, 0.00365136, 1, 0
6546.78, 0.999581, 0.00365028, 1, 0
6546.79, 0.999784, 0.00365163, 1, 0
6546.8, 1.0003, 0.00365452, 1, 0
6546.81, 1.00068, 0.00365671, 1, 0
