wav, obs, sigma_obs, syn, weight
6553.84, 0.997913, 0.00413497, 1, 0
6553.85, 0.997451, 0.00413378, 1, 0
6553.86, 0.998407, 0.00413619, 1, 0
6553.87, 0.998707, 0.00413793, 1, 0
6553.88, 0.997716, 0.00413745, 1, 0
6553.89, 0.997933, 0.00413936, 1, 0
6553.9, 0.999544, 0.00414395, 1, 0
6553.91, 1.00072, 0.0041478, 0.99298, 0.00206692
6553.92, 1.00142, 0.00415106, 0.9936, 0.00310038
6553.93, 1.00222, 0.004155, 0.99436, 0.0051673
6553.94, 1.00304, 0.00415916, 0.99516, 0.00620076
6553.95, 1.00366, 0.00416233, 0.9959, 0.00826768
6553.96, 1.00374, 0.0041628, 0.99655, 0.00826768
6553.97, 1.0033, 0.00416122, 0.99708, 0.0103346
6553.98, 1.00272, 0.00416029, 0.99749, 0.0113681
6553.99, 1.00301, 0.00416217, 0.99779, 0.013435
6554, 1.00467, 0.00416744, 0.99801, 0.0155019
6554.01, 1.00565, 0.00417212, 0.99816, 0.0206692
6554.02, 1.00499, 0.00417339, 0.99827, 0.0279034
6554.03, 1.0042, 0.00417191, 0.99836, 0.0403049
6554.04, 1.00383, 0.00417008, 0.99842, 0.065108
6554.05, 1.00353, 0.00417086, 0.99845, 0.105413
6554.06, 1.00347, 0.00417317, 0.9984, 0.170521
6554.07, 1.00365, 0.00417426, 0.9982, 0.2687
6554.08, 1.00289, 0.00417159, 0.99771, 0.412351
6554.09, 1.00057, 0.00416459, 0.99666, 0.604574
6554.1, 0.997308, 0.00415566, 0.99465, 0.850538
6554.11, 0.993532, 0.00414565, 0.99106, 1.15024
6554.12, 0.989108, 0.004133, 0.98512, 1.49542
6554.13, 0.981786, 0.00411001, 0.97594, 1.87676
6554.14, 0.969439, 0.00407023, 0.96274, 2.27981
6554.15, 0.952987, 0.00401881, 0.94506, 2.68596
6554.16, 0.932766, 0.00395717, 0.92304, 3.07868
6554.17, 0.907465, 0.00387833, 0.89762, 3.44142
6554.18, 0.878115, 0.0037852, 0.8706, 3.75766
6554.19, 0.847914, 0.00368949, 0.84444, 4.01706
6554.2, 0.821419, 0.0036058, 0.82198, 4.21238
6554.21, 0.802959, 0.0035475, 0.80593, 4.33846
6554.22, 0.794637, 0.00352117, 0.79836, 4.39531
6554.23, 0.797145, 0.00352933, 0.80029, 4.38084
6554.24, 0.809676, 0.00357019, 0.81145, 4.29609
6554.25, 0.830853, 0.00363907, 0.83036, 4.14211
6554.26, 0.858524, 0.00372817, 0.85465, 3.91991
6554.27, 0.88788, 0.00382218, 0.8815, 3.63571
6554.28, 0.91447, 0.00390734, 0.90815, 3.29984
6554.29, 0.937641, 0.00398215, 0.93239, 2.92366
6554.3, 0.956843, 0.00404494, 0.95276, 2.52268
6554.31, 0.970832, 0.00409098, 0.96865, 2.11549
6554.32, 0.979523, 0.00411939, 0.98018, 1.72071
6554.33, 0.983851, 0.00413287, 0.98799, 1.35177
6554.34, 0.985559, 0.00413835, 0.99294, 1.02416
6554.35, 0.986095, 0.00414154, 0.99588, 0.745125
6554.36, 0.985367, 0.00414093, 0.99752, 0.51983
6554.37, 0.982935, 0.00413403, 0.99841, 0.348276
6554.38, 0.978262, 0.00411884, 0.99888, 0.224261
6554.39, 0.971282, 0.00409675, 0.99913, 0.140551
6554.4, 0.962028, 0.00406983, 0.99927, 0.0868106
6554.41, 0.949335, 0.00403174, 0.99937, 0.0547734
6554.42, 0.933693, 0.0039819, 0.99943, 0.0351376
6554.43, 0.920579, 0.00394053, 0.99948, 0.024803
6554.44, 0.91322, 0.00391872, 0.99951, 0.0186023
6554.45, 0.911211, 0.00391292, 0.99954, 0.0165354
6554.46, 0.915038, 0.00392475, 0.99956, 0.0144684
6554.47, 0.925239, 0.00395738, 0.99958, 0.013435
6554.48, 0.939187, 0.00400291, 0.99959, 0.0113681
6554.49, 0.953458, 0.00405025, 0.99959, 0.0103346
6554.5, 0.965125, 0.00408916, 0.9996, 0.00930114
6554.51, 0.973881, 0.00411797, 0.9996, 0.00620076
6554.52, 0.982026, 0.0041438, 0.9996, 0.0051673
6554.53, 0.988606, 0.0041644, 0.99961, 0.00310038
6554.54, 0.991558, 0.0041743, 1, 0
6554.55, 0.992677, 0.0041791, 1, 0
6554.56, 0.994, 0.00418476, 1, 0
6554.57, 0.995787, 0.00419134, 1, 0
6554.58, 0.997922, 0.00419834, 1, 0
6554.59, 1.00004, 0.00420532, 1, 0
6554.6, 1.00213, 0.00421226, 1, 0
