wav, obs, sigma_obs, syn, weight
6555.68, 0.999433, 0.00431727, 1, 0
6555.69, 0.998815, 0.00431482, 1, 0
6555.7, 0.99834, 0.00431367, 1, 0
6555.71, 0.996729, 0.0043099, 1, 0
6555.72, 0.992701, 0.00429907, 1, 0
6555.73, 0.98986, 0.00429138, 1, 0
6555.74, 0.990657, 0.00429401, 1, 0
6555.75, 0.991219, 0.00429612, 0.99765, 0.00188515
6555.76, 0.990332, 0.00429418, 0.99751, 0.00282773
6555.77, 0.990517, 0.00429505, 0.99731, 0.00565546
6555.78, 0.991706, 0.00429901, 0.99705, 0.00754061
6555.79, 0.992669, 0.00430333, 0.99672, 0.00848319
6555.8, 0.993697, 0.00430886, 0.99632, 0.00942576
6555.81, 0.994782, 0.00431446, 0.99588, 0.0103683
6555.82, 0.994742, 0.00431408, 0.99543, 0.0122535
6555.83, 0.993682, 0.00430968, 0.995, 0.0141386
6555.84, 0.992902, 0.00430966, 0.99466, 0.0169664
6555.85, 0.993208, 0.00431368, 0.99444, 0.0216793
6555.86, 0.994627, 0.00431817, 0.99438, 0.0292199
6555.87, 0.995553, 0.00432129, 0.9945, 0.0452437
6555.88, 0.995534, 0.00432338, 0.99478, 0.0706932
6555.89, 0.996101, 0.00432712, 0.99518, 0.114994
6555.9, 0.997146, 0.00433132, 0.99559, 0.18663
6555.91, 0.997572, 0.00433292, 0.99589, 0.292199
6555.92, 0.997683, 0.00433392, 0.99589, 0.442068
6555.93, 0.997405, 0.00433441, 0.99525, 0.64378
6555.94, 0.994757, 0.00432642, 0.99351, 0.897333
6555.95, 0.989596, 0.0043098, 0.98992, 1.19896
6555.96, 0.983705, 0.00429259, 0.98349, 1.54488
6555.97, 0.974781, 0.00426523, 0.97303, 1.9238
6555.98, 0.959363, 0.00421359, 0.95738, 2.32062
6555.99, 0.938371, 0.00414398, 0.93577, 2.72028
6556, 0.912662, 0.00406109, 0.90825, 3.10579
6556.01, 0.881181, 0.00395841, 0.87602, 3.45925
6556.02, 0.845648, 0.00384094, 0.84151, 3.76936
6556.03, 0.810405, 0.00372453, 0.80812, 4.02197
6556.04, 0.780091, 0.0036239, 0.77971, 4.21049
6556.05, 0.758859, 0.00355234, 0.75986, 4.3302
6556.06, 0.749169, 0.00352066, 0.75123, 4.37921
6556.07, 0.752659, 0.00353504, 0.75498, 4.35847
6556.08, 0.769958, 0.00359504, 0.77061, 4.2661
6556.09, 0.797856, 0.00368908, 0.79601, 4.10492
6556.1, 0.831, 0.0037999, 0.8279, 3.87682
6556.11, 0.86584, 0.00391722, 0.86244, 3.58933
6556.12, 0.899323, 0.00403114, 0.89598, 3.25095
6556.13, 0.928312, 0.00412825, 0.92563, 2.87674
6556.14, 0.951326, 0.00420337, 0.94973, 2.48086
6556.15, 0.968641, 0.00426023, 0.96779, 2.08121
6556.16, 0.980688, 0.00430124, 0.98033, 1.69381
6556.17, 0.98832, 0.00432883, 0.98842, 1.33375
6556.18, 0.993755, 0.00434838, 0.99328, 1.01233
6556.19, 0.998152, 0.00436301, 0.99602, 0.73898
6556.2, 1.00052, 0.00437122, 0.9975, 0.516532
6556.21, 1.00118, 0.00437416, 0.99826, 0.347811
6556.22, 1.00153, 0.00437536, 0.99867, 0.224333
6556.23, 1.00227, 0.00437797, 0.99889, 0.140444
6556.24, 1.00345, 0.00438333, 0.99902, 0.086717
6556.25, 1.00424, 0.0043885, 0.99912, 0.0537268
6556.26, 1.00439, 0.00439131, 0.99918, 0.0348753
6556.27, 1.00439, 0.00439155, 0.99923, 0.0254496
6556.28, 1.00405, 0.00438968, 0.99926, 0.0188515
6556.29, 1.00305, 0.00438703, 0.99928, 0.0150812
6556.3, 1.00254, 0.00438701, 0.9993, 0.0122535
6556.31, 1.00298, 0.00439, 0.99931, 0.0103683
6556.32, 1.00282, 0.00438984, 0.99933, 0.00942576
6556.33, 1.00179, 0.00438687, 0.99935, 0.00754061
6556.34, 1.00089, 0.00438702, 0.99937, 0.00565546
6556.35, 1.00044, 0.00438868, 0.99939, 0.00471288
6556.36, 1.0004, 0.00438861, 0.99941, 0.00282773
6556.37, 1.00065, 0.00438896, 0.99944, 0.000942576
6556.38, 1.00112, 0.0043914, 1, 0
6556.39, 1.00189, 0.0043954, 1, 0
6556.4, 1.00269, 0.00439954, 1, 0
6556.41, 1.0031, 0.00440233, 1, 0
6556.42, 1.0033, 0.00440436, 1, 0
6556.43, 1.0036, 0.00440673, 1, 0
6556.44, 1.00389, 0.00440909, 1, 0
