wav, obs, sigma_obs, syn, weight
6574.6, 1.00287, 0.00320732, 1, 0
6574.61, 1.00352, 0.00320844, 1, 0
6574.62, 1.00404, 0.00320938, 1, 0
6574.63, 1.00406, 0.00320963, 1, 0
6574.64, 1.0037, 0.00320919, 1, 0
6574.65, 1.00358, 0.0032085, 1, 0
6574.66, 1.00399, 0.00320795, 1, 0
6574.67, 1.0044, 0.00320762, 1, 0
6574.68, 1.00425, 0.00320747, 0.99938, 0
6574.69, 1.00365, 0.00320696, 0.99935, 0
6574.7, 1.00288, 0.00320549, 0.99932, 0
6574.71, 1.0022, 0.00320351, 0.99929, 0
6574.72, 1.00184, 0.00320208, 0.99924, 0
6574.73, 1.00174, 0.00320134, 0.9992, 0
6574.74, 1.00155, 0.0032003, 0.99914, 0.00899339
6574.75, 1.00107, 0.00319844, 0.99908, 0
6574.76, 1.0005, 0.00319662, 0.99901, 0.00899339
6574.77, 1.00008, 0.00319566, 0.99892, 0
6574.78, 0.999856, 0.00319547, 0.99883, 0.00899339
6574.79, 0.999796, 0.0031956, 0.99871, 0
6574.8, 0.999674, 0.00319528, 0.99858, 0.00899339
6574.81, 0.999151, 0.00319352, 0.99841, 0.00899339
6574.82, 0.998378, 0.00319082, 0.99822, 0.00899339
6574.83, 0.998109, 0.00318939, 0.99797, 0.00899339
6574.84, 0.998539, 0.00318998, 0.99762, 0.0179868
6574.85, 0.998443, 0.00318961, 0.9971, 0.0179868
6574.86, 0.996692, 0.00318542, 0.99622, 0.0179868
6574.87, 0.993632, 0.00317806, 0.99461, 0.00899339
6574.88, 0.98994, 0.00316898, 0.99164, 0.0179868
6574.89, 0.984884, 0.00315633, 0.98631, 0.0179868
6574.9, 0.976848, 0.00313621, 0.9772, 0.0179868
6574.91, 0.963908, 0.00310411, 0.96259, 0.0269802
6574.92, 0.943791, 0.00305483, 0.94064, 0.0269802
6574.93, 0.914981, 0.00298481, 0.90993, 0.0269802
6574.94, 0.877774, 0.00289439, 0.86999, 0.0359736
6574.95, 0.832889, 0.00278487, 0.82186, 0.044967
6574.96, 0.781827, 0.00265941, 0.76822, 0.0539603
6574.97, 0.726569, 0.00252238, 0.71316, 0.0719471
6574.98, 0.671701, 0.00238507, 0.66146, 0.0899339
6574.99, 0.623373, 0.00226296, 0.61778, 0.134901
6575, 0.5869, 0.00216989, 0.58594, 0.197855
6575.01, 0.566575, 0.00211768, 0.56854, 0.287788
6575.02, 0.565312, 0.00211433, 0.56691, 0.431683
6575.03, 0.582998, 0.00215931, 0.58114, 0.620544
6575.04, 0.618274, 0.00224875, 0.61012, 0.863365
6575.05, 0.665867, 0.00236858, 0.65142, 1.16914
6575.06, 0.719425, 0.00250199, 0.70137, 1.51988
6575.07, 0.773401, 0.00263515, 0.75532, 1.92459
6575.08, 0.822801, 0.0027562, 0.80832, 2.35627
6575.09, 0.864643, 0.00285821, 0.856, 2.77896
6575.1, 0.898247, 0.00293985, 0.89529, 3.21064
6575.11, 0.923593, 0.00300134, 0.92491, 3.59736
6575.12, 0.941851, 0.00304553, 0.9452, 3.9481
6575.13, 0.954369, 0.00307571, 0.95774, 4.23589
6575.14, 0.962569, 0.00309538, 0.96472, 4.46072
6575.15, 0.967865, 0.003108, 0.96833, 4.61361
6575.16, 0.971381, 0.00311632, 0.97038, 4.68556
6575.17, 0.97407, 0.00312264, 0.97216, 4.69455
6575.18, 0.976894, 0.00312921, 0.97437, 4.6226
6575.19, 0.980816, 0.00313822, 0.97723, 4.47871
6575.2, 0.985853, 0.0031497, 0.9806, 4.27186
6575.21, 0.990008, 0.00315899, 0.98418, 3.98407
6575.22, 0.991729, 0.00316252, 0.98763, 3.64232
6575.23, 0.992571, 0.00316426, 0.99069, 3.24661
6575.24, 0.994655, 0.00316947, 0.99321, 2.83292
6575.25, 0.99734, 0.0031762, 0.99515, 2.39224
6575.26, 0.998529, 0.00317873, 0.99654, 1.96056
6575.27, 0.997808, 0.00317614, 0.9975, 1.55586
6575.28, 0.996567, 0.00317263, 0.99813, 1.19612
6575.29, 0.995773, 0.00317094, 0.99854, 0.890346
6575.3, 0.995358, 0.00317029, 0.9988, 0.629537
6575.31, 0.995161, 0.00316971, 0.99897, 0.431683
6575.32, 0.995172, 0.0031693, 0.99909, 0.287788
6575.33, 0.995394, 0.00316935, 0.99918, 0.179868
6575.34, 0.995623, 0.00316945, 0.99925, 0.107921
6575.35, 0.995551, 0.00316885, 1, 0
6575.36, 0.995131, 0.00316746, 1, 0
6575.37, 0.994566, 0.00316584, 1, 0
6575.38, 0.993818, 0.00316388, 1, 0
6575.39, 0.992348, 0.00316015, 1, 0
6575.4, 0.989764, 0.00315357, 1, 0
6575.41, 0.986458, 0.00314514, 1, 0
6575.42, 0.983345, 0.0031372, 1, 0
