wav, obs, sigma_obs, syn, weight
6667.37, 0.980895, 0.002891, 1, 0
6667.38, 0.975233, 0.00287868, 1, 0
6667.39, 0.970077, 0.00286739, 1, 0
6667.4, 0.965969, 0.00285828, 1, 0
6667.41, 0.963792, 0.0028532, 1, 0
6667.42, 0.964005, 0.00285318, 1, 0
6667.43, 0.965761, 0.0028567, 1, 0
6667.44, 0.968368, 0.00286251, 1, 0
6667.45, 0.972506, 0.00287198, 0.97292, 0.0118094
6667.46, 0.978657, 0.00288596, 0.97621, 0.0118094
6667.47, 0.984951, 0.00290008, 0.98023, 0.0177141
6667.48, 0.98926, 0.00290949, 0.98438, 0.0177141
6667.49, 0.992056, 0.0029155, 0.98821, 0.0295236
6667.5, 0.994625, 0.00292132, 0.99148, 0.0354283
6667.51, 0.997037, 0.00292716, 0.99405, 0.041333
6667.52, 0.998813, 0.00293185, 0.99594, 0.0472377
6667.53, 0.999756, 0.00293447, 0.99724, 0.0590472
6667.54, 0.999869, 0.00293443, 0.99804, 0.082666
6667.55, 0.999597, 0.00293308, 0.99847, 0.11219
6667.56, 0.999675, 0.00293305, 0.99858, 0.165332
6667.57, 1.00007, 0.00293438, 0.99842, 0.236189
6667.58, 1.00003, 0.0029346, 0.99797, 0.336569
6667.59, 0.999349, 0.00293304, 0.99714, 0.472377
6667.6, 0.998438, 0.00293112, 0.99582, 0.649519
6667.61, 0.997352, 0.00292912, 0.99386, 0.873898
6667.62, 0.995574, 0.00292549, 0.99112, 1.13961
6667.63, 0.992656, 0.00291906, 0.98747, 1.44075
6667.64, 0.988351, 0.00290965, 0.98287, 1.76551
6667.65, 0.982683, 0.0028974, 0.97742, 2.10798
6667.66, 0.976247, 0.00288295, 0.97131, 2.45046
6667.67, 0.969614, 0.00286728, 0.96492, 2.78112
6667.68, 0.963054, 0.00285214, 0.95872, 3.08226
6667.69, 0.956906, 0.00283916, 0.95327, 3.34797
6667.7, 0.951954, 0.00282894, 0.94908, 3.56054
6667.71, 0.948957, 0.00282198, 0.94659, 3.72588
6667.72, 0.948062, 0.00281938, 0.94606, 3.83807
6667.73, 0.949253, 0.00282219, 0.94754, 3.89711
6667.74, 0.952595, 0.00283012, 0.95087, 3.89711
6667.75, 0.958071, 0.00284226, 0.9557, 3.84397
6667.76, 0.964764, 0.00285694, 0.96152, 3.73178
6667.77, 0.97141, 0.00287217, 0.96781, 3.57235
6667.78, 0.977534, 0.00288656, 0.97406, 3.35978
6667.79, 0.983109, 0.00289911, 0.97984, 3.09998
6667.8, 0.987833, 0.00290909, 0.98488, 2.80474
6667.81, 0.991224, 0.00291603, 0.98903, 2.47998
6667.82, 0.993427, 0.00292062, 0.99227, 2.13751
6667.83, 0.995141, 0.00292452, 0.99468, 1.79503
6667.84, 0.996574, 0.00292813, 0.9964, 1.46437
6667.85, 0.997359, 0.00293037, 0.99756, 1.15732
6667.86, 0.997466, 0.00293093, 0.99833, 0.897517
6667.87, 0.99737, 0.00293066, 0.99882, 0.667233
6667.88, 0.997343, 0.0029302, 0.99913, 0.484187
6667.89, 0.997235, 0.00292964, 0.99932, 0.342474
6667.9, 0.996951, 0.00292907, 0.99944, 0.242093
6667.91, 0.996604, 0.00292874, 0.99953, 0.171237
6667.92, 0.996324, 0.00292875, 0.99958, 0.118094
6667.93, 0.996213, 0.00292875, 0.99962, 0.0885707
6667.94, 0.996403, 0.0029287, 0.99966, 0.0708566
6667.95, 0.997151, 0.0029297, 0.99968, 0.0531424
6667.96, 0.99853, 0.00293256, 0.9997, 0.0472377
6667.97, 0.999711, 0.00293555, 0.99972, 0.0354283
6667.98, 0.999838, 0.00293661, 0.99974, 0.0354283
6667.99, 0.999321, 0.002936, 0.99975, 0.0295236
6668, 0.998954, 0.00293481, 0.99977, 0.0236189
6668.01, 0.99915, 0.0029345, 0.99978, 0.0118094
6668.02, 1.00007, 0.00293639, 1, 0
6668.03, 1.0011, 0.00293914, 1, 0
6668.04, 1.00128, 0.00294016, 1, 0
6668.05, 1.00071, 0.00293933, 1, 0
6668.06, 1.00014, 0.00293815, 1, 0
6668.07, 0.99983, 0.00293721, 1, 0
6668.08, 0.999547, 0.00293631, 1, 0
6668.09, 0.999203, 0.00293535, 1, 0
