wav, obs, sigma_obs, syn, weight
6745.21, 0.999355, 0.00291171, 1, 0
6745.22, 0.999597, 0.00291174, 1, 0
6745.23, 0.999827, 0.00291177, 1, 0
6745.24, 0.999781, 0.00291164, 1, 0
6745.25, 0.999529, 0.00291151, 1, 0
6745.26, 0.999517, 0.00291192, 1, 0
6745.27, 0.999769, 0.00291271, 1, 0
6745.28, 0.999547, 0.00291249, 1, 0
6745.29, 0.998645, 0.00291084, 0.99655, 0.00495369
6745.3, 0.998089, 0.00290961, 0.99717, 0.00990739
6745.31, 0.998553, 0.00291015, 0.99779, 0.0148611
6745.32, 0.9995, 0.00291193, 0.99834, 0.0247685
6745.33, 1.00027, 0.00291396, 0.99879, 0.0346759
6745.34, 1.00039, 0.0029147, 0.99912, 0.0445832
6745.35, 0.999696, 0.00291331, 0.99935, 0.064398
6745.36, 0.999007, 0.00291173, 0.99948, 0.0941202
6745.37, 0.999077, 0.00291185, 0.99955, 0.138703
6745.38, 0.999401, 0.00291267, 0.99956, 0.208055
6745.39, 0.999291, 0.00291268, 0.99949, 0.307129
6745.4, 0.998854, 0.00291187, 0.99934, 0.440879
6745.41, 0.998383, 0.00291064, 0.99904, 0.619212
6745.42, 0.997744, 0.00290908, 0.99854, 0.842128
6745.43, 0.996678, 0.00290712, 0.99775, 1.10467
6745.44, 0.995278, 0.00290454, 0.99657, 1.40685
6745.45, 0.993747, 0.00290105, 0.9949, 1.72884
6745.46, 0.99186, 0.00289647, 0.99266, 2.06569
6745.47, 0.989211, 0.0028907, 0.98983, 2.40254
6745.48, 0.986063, 0.00288422, 0.98648, 2.71462
6745.49, 0.983061, 0.00287779, 0.98276, 3.00194
6745.5, 0.980033, 0.00287108, 0.97891, 3.24962
6745.51, 0.976233, 0.00286303, 0.97526, 3.45272
6745.52, 0.972039, 0.00285443, 0.97215, 3.60629
6745.53, 0.968835, 0.0028477, 0.96991, 3.70536
6745.54, 0.967386, 0.00284447, 0.96879, 3.74995
6745.55, 0.967759, 0.00284545, 0.96892, 3.74499
6745.56, 0.969769, 0.00285023, 0.97028, 3.68555
6745.57, 0.972955, 0.0028571, 0.97272, 3.57657
6745.58, 0.976865, 0.00286511, 0.97597, 3.41309
6745.59, 0.981083, 0.00287448, 0.97969, 3.20009
6745.6, 0.985093, 0.0028844, 0.98354, 2.94249
6745.61, 0.988206, 0.00289207, 0.98721, 2.64527
6745.62, 0.990276, 0.00289645, 0.99047, 2.32328
6745.63, 0.992302, 0.00290048, 0.99319, 1.98643
6745.64, 0.994811, 0.00290602, 0.99532, 1.64958
6745.65, 0.996841, 0.00291118, 0.9969, 1.32759
6745.66, 0.997722, 0.00291426, 0.998, 1.03037
6745.67, 0.998279, 0.00291577, 0.99873, 0.772776
6745.68, 0.999202, 0.00291649, 0.99919, 0.564721
6745.69, 0.999805, 0.00291672, 0.99947, 0.391342
6745.7, 0.999499, 0.00291682, 0.99962, 0.262546
6745.71, 0.999328, 0.00291762, 0.99971, 0.173379
6745.72, 1.00036, 0.0029197, 0.99975, 0.108981
6745.73, 1.00166, 0.00292161, 0.99977, 0.064398
6745.74, 1.00192, 0.0029217, 0.99978, 0.0396295
6745.75, 1.00132, 0.00292085, 0.99978, 0.0247685
6745.76, 1.00051, 0.00292065, 0.99977, 0.0148611
6745.77, 0.999929, 0.00292078, 0.99976, 0.00990739
6745.78, 0.999849, 0.0029203, 0.99973, 0.00495369
6745.79, 1.00013, 0.00291973, 0.99969, 0
6745.8, 1.00042, 0.00292018, 0.99964, 0
6745.81, 1.00042, 0.00292084, 0.99957, 0.00495369
6745.82, 0.999875, 0.00291986, 1, 0
6745.83, 0.998962, 0.0029176, 1, 0
6745.84, 0.998144, 0.00291591, 1, 0
6745.85, 0.997397, 0.00291467, 1, 0
6745.86, 0.996312, 0.00291222, 1, 0
6745.87, 0.994813, 0.0029082, 1, 0
6745.88, 0.993247, 0.00290392, 1, 0
6745.89, 0.991781, 0.00290002, 1, 0
