wav, obs, sigma_obs, syn, weight
7008.05, 0.993924, 0.00436145, 1, 0
7008.06, 0.995273, 0.00436616, 1, 0
7008.07, 0.995882, 0.00436825, 1, 0
7008.08, 0.996357, 0.00437071, 1, 0
7008.09, 0.99655, 0.00437269, 1, 0
7008.1, 0.99565, 0.00436985, 1, 0
7008.11, 0.994701, 0.00436637, 1, 0
7008.12, 0.995277, 0.00436921, 0.99724, 0.00724395
7008.13, 0.99545, 0.00437119, 0.99756, 0.00724395
7008.14, 0.993613, 0.00436577, 0.99786, 0.00724395
7008.15, 0.992395, 0.00436183, 0.99806, 0.0144879
7008.16, 0.993009, 0.00436398, 0.99816, 0.0217319
7008.17, 0.99343, 0.00436636, 0.99817, 0.0289758
7008.18, 0.993338, 0.00436778, 0.99808, 0.0507077
7008.19, 0.993935, 0.0043713, 0.99792, 0.0796835
7008.2, 0.994685, 0.0043744, 0.99769, 0.123147
7008.21, 0.994592, 0.00437352, 0.99739, 0.188343
7008.22, 0.994363, 0.00437241, 0.99702, 0.289758
7008.23, 0.994627, 0.00437413, 0.99656, 0.434637
7008.24, 0.994868, 0.00437605, 0.99597, 0.608492
7008.25, 0.994458, 0.00437553, 0.99518, 0.833055
7008.26, 0.992894, 0.00437099, 0.99407, 1.09384
7008.27, 0.990718, 0.00436421, 0.99252, 1.39084
7008.28, 0.98892, 0.00435849, 0.99039, 1.70957
7008.29, 0.986897, 0.00435271, 0.98758, 2.02831
7008.3, 0.983935, 0.00434505, 0.98405, 2.3398
7008.31, 0.980853, 0.00433663, 0.97987, 2.62956
7008.32, 0.978021, 0.00432747, 0.97524, 2.89034
7008.33, 0.974585, 0.00431499, 0.97049, 3.10766
7008.34, 0.970319, 0.00429977, 0.96603, 3.27427
7008.35, 0.965745, 0.00428547, 0.96234, 3.40466
7008.36, 0.961752, 0.00427407, 0.95984, 3.48434
7008.37, 0.959137, 0.00426619, 0.95884, 3.51332
7008.38, 0.957511, 0.00426075, 0.95948, 3.49883
7008.39, 0.956772, 0.00425832, 0.96171, 3.44088
7008.4, 0.95824, 0.00426449, 0.96528, 3.33946
7008.41, 0.962479, 0.00428087, 0.96982, 3.1801
7008.42, 0.968766, 0.00430312, 0.97485, 2.98451
7008.43, 0.975828, 0.00432662, 0.97992, 2.73821
7008.44, 0.982227, 0.00434747, 0.98465, 2.47019
7008.45, 0.987661, 0.00436546, 0.98874, 2.1587
7008.46, 0.992332, 0.0043817, 0.99207, 1.83996
7008.47, 0.996613, 0.00439676, 0.99462, 1.52123
7008.48, 1.00036, 0.00440986, 0.99645, 1.21698
7008.49, 1.00254, 0.00441818, 0.99769, 0.93447
7008.5, 1.00331, 0.00442202, 0.9985, 0.69542
7008.51, 1.00402, 0.00442479, 0.99899, 0.492589
7008.52, 1.00501, 0.00442856, 0.99928, 0.340466
7008.53, 1.00593, 0.00443348, 0.99945, 0.224563
7008.54, 1.00587, 0.00443443, 0.99955, 0.144879
7008.55, 1.00483, 0.00443014, 0.9996, 0.0941714
7008.56, 1.00533, 0.00443198, 0.99964, 0.0507077
7008.57, 1.00751, 0.0044413, 0.99966, 0.0289758
7008.58, 1.00818, 0.00444483, 0.99967, 0.0217319
7008.59, 1.00739, 0.00444221, 0.99968, 0.0144879
7008.6, 1.00732, 0.00444172, 0.99969, 0.00724395
7008.61, 1.00738, 0.00444179, 0.9997, 0
7008.62, 1.0064, 0.00443847, 0.99971, 0
7008.63, 1.00496, 0.00443368, 1, 0
7008.64, 1.00377, 0.00442971, 1, 0
7008.65, 1.00259, 0.00442574, 1, 0
7008.66, 1.0014, 0.00442178, 1, 0
7008.67, 1.00022, 0.00441781, 1, 0
7008.68, 0.999031, 0.00441384, 1, 0
7008.69, 0.997846, 0.00440987, 1, 0
