wav, obs, sigma_obs, syn, weight
7038.41, 0.976657, 0.00277036, 1, 0
7038.42, 0.978976, 0.00277528, 1, 0
7038.43, 0.981277, 0.00278014, 1, 0
7038.44, 0.983426, 0.00278462, 1, 0
7038.45, 0.985404, 0.00278863, 1, 0
7038.46, 0.987348, 0.0027924, 1, 0
7038.47, 0.989367, 0.00279618, 1, 0
7038.48, 0.991353, 0.00280014, 1, 0
7038.49, 0.993137, 0.0028044, 1, 0
7038.5, 0.994673, 0.00280851, 0.99699, 0.00825408
7038.51, 0.996002, 0.00281162, 0.99696, 0.0110054
7038.52, 0.997078, 0.00281331, 0.99696, 0.0137568
7038.53, 0.997702, 0.00281386, 0.99696, 0.0165082
7038.54, 0.997788, 0.00281372, 0.99695, 0.0192595
7038.55, 0.997785, 0.00281369, 0.99693, 0.0192595
7038.56, 0.998209, 0.00281456, 0.99687, 0.0220109
7038.57, 0.998768, 0.0028157, 0.99678, 0.0247622
7038.58, 0.998669, 0.00281564, 0.99664, 0.0302649
7038.59, 0.997696, 0.00281395, 0.99643, 0.038519
7038.6, 0.996489, 0.00281175, 0.99612, 0.0467731
7038.61, 0.995492, 0.00280976, 0.99563, 0.068784
7038.62, 0.99423, 0.0028069, 0.99485, 0.0962976
7038.63, 0.992083, 0.00280185, 0.99363, 0.140319
7038.64, 0.988938, 0.00279461, 0.99174, 0.203601
7038.65, 0.984955, 0.00278584, 0.9889, 0.291644
7038.66, 0.980076, 0.00277557, 0.98478, 0.412704
7038.67, 0.973971, 0.00276297, 0.97905, 0.569531
7038.68, 0.966337, 0.00274723, 0.97142, 0.767629
7038.69, 0.957014, 0.00272768, 0.96171, 1.007
7038.7, 0.945858, 0.00270374, 0.94992, 1.29039
7038.71, 0.932674, 0.0026752, 0.93626, 1.60404
7038.72, 0.917269, 0.0026421, 0.92121, 1.94796
7038.73, 0.90033, 0.00260595, 0.90548, 2.30564
7038.74, 0.883481, 0.00256985, 0.88997, 2.66056
7038.75, 0.868159, 0.00253668, 0.87568, 3.00173
7038.76, 0.855217, 0.00250854, 0.86364, 3.31814
7038.77, 0.845436, 0.00248741, 0.85475, 3.59052
7038.78, 0.839727, 0.00247539, 0.84971, 3.81889
7038.79, 0.839014, 0.00247449, 0.8489, 3.99772
7038.8, 0.843506, 0.00248486, 0.85238, 4.11878
7038.81, 0.852762, 0.00250496, 0.85984, 4.18482
7038.82, 0.866016, 0.00253291, 0.87067, 4.19582
7038.83, 0.88188, 0.00256623, 0.88406, 4.14905
7038.84, 0.899, 0.00260252, 0.89903, 4.04725
7038.85, 0.916618, 0.0026401, 0.91462, 3.89317
7038.86, 0.93413, 0.00267747, 0.92991, 3.68957
7038.87, 0.950382, 0.00271202, 0.94417, 3.43645
7038.88, 0.963799, 0.00274028, 0.95686, 3.14205
7038.89, 0.973778, 0.00276105, 0.96764, 2.81739
7038.9, 0.981457, 0.0027771, 0.97642, 2.46797
7038.91, 0.987923, 0.00279101, 0.98326, 2.11029
7038.92, 0.99328, 0.00280256, 0.98837, 1.75812
7038.93, 0.997371, 0.00281091, 0.99203, 1.42245
7038.94, 1.00008, 0.00281603, 0.99453, 1.11705
7038.95, 1.00135, 0.0028185, 0.99617, 0.85017
7038.96, 1.00153, 0.0028193, 0.99719, 0.62731
7038.97, 1.00165, 0.00281996, 0.99779, 0.451223
7038.98, 1.00241, 0.00282151, 0.99811, 0.313655
7038.99, 1.00323, 0.00282283, 0.99826, 0.211855
7039, 1.00333, 0.00282258, 0.99831, 0.143071
7039.01, 1.00291, 0.00282138, 0.9983, 0.0962976
7039.02, 1.00265, 0.00282092, 0.99828, 0.068784
7039.03, 1.0028, 0.00282153, 0.99825, 0.0495245
7039.04, 1.00298, 0.00282193, 0.99823, 0.0412704
7039.05, 1.00291, 0.00282124, 0.99823, 0.0357677
7039.06, 1.00261, 0.00282012, 0.99826, 0.0330163
7039.07, 1.00218, 0.0028194, 0.9983, 0.0330163
7039.08, 1.00175, 0.00281906, 0.99835, 0.0330163
7039.09, 1.00149, 0.00281873, 0.99841, 0.0357677
7039.1, 1.0015, 0.00281852, 0.99845, 0.0330163
7039.11, 1.00189, 0.0028191, 0.99847, 0.0275136
7039.12, 1.0026, 0.00282059, 0.99847, 0.0220109
7039.13, 1.00327, 0.00282186, 1, 0
7039.14, 1.00355, 0.00282186, 1, 0
7039.15, 1.0035, 0.00282116, 1, 0
7039.16, 1.00333, 0.00282086, 1, 0
7039.17, 1.00299, 0.00282072, 1, 0
7039.18, 1.0022, 0.00281941, 1, 0
7039.19, 1.00085, 0.00281628, 1, 0
7039.2, 0.999201, 0.00281211, 1, 0
7039.21, 0.997731, 0.00280856, 1, 0
