wav, obs, sigma_obs, syn, weight
7138.53, 0.993124, 0.00280961, 1, 0
7138.54, 0.994066, 0.0028111, 1, 0
7138.55, 0.995085, 0.00281279, 1, 0
7138.56, 0.996597, 0.00281581, 1, 0
7138.57, 0.998501, 0.00282008, 1, 0
7138.58, 1.00016, 0.00282431, 1, 0
7138.59, 1.00113, 0.00282734, 1, 0
7138.6, 1.0015, 0.00282846, 1, 0
7138.61, 1.00146, 0.00282756, 0.99991, 0.00412394
7138.62, 1.0014, 0.00282649, 0.9999, 0.00412394
7138.63, 1.00165, 0.00282702, 0.99989, 0.00618591
7138.64, 1.00193, 0.00282825, 0.99989, 0.00824788
7138.65, 1.00182, 0.00282844, 0.99988, 0.00824788
7138.66, 1.00142, 0.00282774, 0.99987, 0.0123718
7138.67, 1.00111, 0.00282732, 0.99985, 0.0144338
7138.68, 1.00085, 0.00282709, 0.99983, 0.0185577
7138.69, 1.00017, 0.0028258, 0.99981, 0.0268056
7138.7, 0.998933, 0.00282307, 0.99977, 0.0433013
7138.71, 0.997444, 0.00281983, 0.9997, 0.065983
7138.72, 0.99606, 0.00281702, 0.9996, 0.107222
7138.73, 0.995162, 0.00281541, 0.9994, 0.164958
7138.74, 0.994846, 0.0028151, 0.99907, 0.253622
7138.75, 0.994121, 0.00281387, 0.99849, 0.371154
7138.76, 0.991961, 0.0028094, 0.99754, 0.529926
7138.77, 0.988749, 0.00280268, 0.99604, 0.727875
7138.78, 0.98536, 0.00279575, 0.99377, 0.969125
7138.79, 0.981979, 0.00278893, 0.99053, 1.24955
7138.8, 0.978355, 0.00278139, 0.98609, 1.55885
7138.81, 0.97428, 0.0027727, 0.98032, 1.89083
7138.82, 0.969588, 0.00276285, 0.97319, 2.22899
7138.83, 0.96407, 0.00275149, 0.96482, 2.56303
7138.84, 0.957442, 0.00273774, 0.95551, 2.88057
7138.85, 0.949551, 0.0027211, 0.94572, 3.16512
7138.86, 0.940595, 0.0027022, 0.93606, 3.41256
7138.87, 0.930993, 0.0026821, 0.92719, 3.61669
7138.88, 0.921874, 0.00266302, 0.9198, 3.77134
7138.89, 0.914504, 0.00264744, 0.9145, 3.87444
7138.9, 0.90987, 0.00263758, 0.91173, 3.92599
7138.91, 0.9088, 0.00263542, 0.91173, 3.92805
7138.92, 0.911634, 0.00264158, 0.9145, 3.8765
7138.93, 0.918353, 0.00265576, 0.9198, 3.77134
7138.94, 0.928207, 0.00267648, 0.92717, 3.61876
7138.95, 0.939698, 0.00270107, 0.936, 3.41668
7138.96, 0.951456, 0.00272672, 0.94562, 3.16925
7138.97, 0.962383, 0.00275047, 0.95533, 2.88263
7138.98, 0.971751, 0.00277036, 0.96454, 2.56715
7138.99, 0.979735, 0.002787, 0.97279, 2.23311
7139, 0.986549, 0.00280117, 0.97978, 1.89289
7139.01, 0.991963, 0.00281259, 0.9854, 1.56091
7139.02, 0.995703, 0.00282083, 0.98969, 1.25162
7139.03, 0.998045, 0.00282615, 0.9928, 0.971187
7139.04, 0.999493, 0.00282915, 0.99493, 0.731999
7139.05, 1.00041, 0.00283077, 0.99633, 0.531988
7139.06, 1.00106, 0.00283214, 0.99722, 0.375278
7139.07, 1.00138, 0.00283333, 0.99776, 0.255684
7139.08, 1.00101, 0.00283326, 0.99811, 0.169081
7139.09, 1.00013, 0.002832, 0.99834, 0.109284
7139.1, 0.999836, 0.00283153, 0.99851, 0.0701069
7139.11, 1.00068, 0.00283297, 0.99866, 0.0453633
7139.12, 1.00146, 0.00283446, 0.99878, 0.0309295
7139.13, 1.00107, 0.00283422, 0.99889, 0.0206197
7139.14, 1.00008, 0.00283279, 0.99896, 0.0144338
7139.15, 0.999406, 0.00283131, 0.999, 0.0103098
7139.16, 0.999194, 0.0028305, 0.99901, 0.00824788
7139.17, 0.999233, 0.00283078, 0.99899, 0.00618591
7139.18, 0.999268, 0.00283146, 0.99896, 0.00412394
7139.19, 0.999019, 0.00283109, 0.99894, 0.00206197
7139.2, 0.998455, 0.00282954, 1, 0
7139.21, 0.997811, 0.00282812, 1, 0
7139.22, 0.997284, 0.00282755, 1, 0
7139.23, 0.996981, 0.00282745, 1, 0
7139.24, 0.996941, 0.00282744, 1, 0
7139.25, 0.997049, 0.00282746, 1, 0
7139.26, 0.997075, 0.00282746, 1, 0
7139.27, 0.997097, 0.00282746, 1, 0
