wav, obs, sigma_obs, syn, weight
7215.79, 1.00554, 0.0027859, 1, 0
7215.8, 1.00544, 0.00278577, 1, 0
7215.81, 1.0049, 0.00278474, 1, 0
7215.82, 1.00381, 0.00278254, 1, 0
7215.83, 1.00267, 0.00278019, 1, 0
7215.84, 1.00202, 0.0027788, 1, 0
7215.85, 1.00174, 0.00277812, 1, 0
7215.86, 1.00148, 0.00277737, 1, 0
7215.87, 1.00125, 0.0027767, 1, 0
7215.88, 1.00145, 0.00277708, 0.99978, 0.00433732
7215.89, 1.00212, 0.00277862, 0.99972, 0.00542165
7215.9, 1.00268, 0.00277984, 0.99966, 0.00759032
7215.91, 1.00273, 0.00277975, 0.9996, 0.00975898
7215.92, 1.00282, 0.00277965, 0.99954, 0.0108433
7215.93, 1.00357, 0.00278109, 0.99947, 0.0140963
7215.94, 1.00447, 0.0027832, 0.99938, 0.016265
7215.95, 1.00454, 0.00278396, 0.99925, 0.0216866
7215.96, 1.00371, 0.00278298, 0.99904, 0.0292769
7215.97, 1.00288, 0.00278152, 0.9987, 0.0433732
7215.98, 1.0025, 0.00278029, 0.99812, 0.0672285
7215.99, 1.00207, 0.00277887, 0.99719, 0.101927
7216, 1.00111, 0.00277681, 0.99572, 0.155059
7216.01, 0.999802, 0.00277445, 0.99348, 0.230962
7216.02, 0.998447, 0.00277217, 0.99022, 0.338311
7216.03, 0.996626, 0.00276879, 0.98566, 0.477106
7216.04, 0.993537, 0.00276234, 0.97955, 0.653851
7216.05, 0.989026, 0.00275263, 0.9717, 0.869633
7216.06, 0.983658, 0.00274143, 0.96201, 1.12228
7216.07, 0.977353, 0.00272886, 0.95053, 1.40638
7216.08, 0.968474, 0.00271094, 0.93744, 1.71758
7216.09, 0.955517, 0.00268404, 0.92306, 2.04288
7216.1, 0.938667, 0.00264893, 0.90785, 2.37468
7216.11, 0.918636, 0.00260768, 0.89237, 2.70107
7216.12, 0.896312, 0.00256191, 0.87721, 3.00902
7216.13, 0.872712, 0.00251304, 0.86299, 3.28986
7216.14, 0.849574, 0.00246448, 0.85029, 3.53383
7216.15, 0.829535, 0.00242212, 0.83959, 3.73444
7216.16, 0.814791, 0.00239089, 0.8313, 3.88733
7216.17, 0.806293, 0.00237285, 0.82572, 3.98817
7216.18, 0.804618, 0.00236924, 0.82304, 4.03696
7216.19, 0.809363, 0.00237921, 0.82334, 4.03154
7216.2, 0.819707, 0.00240101, 0.82661, 3.9719
7216.21, 0.833696, 0.00243052, 0.83275, 3.86022
7216.22, 0.84861, 0.00246201, 0.84155, 3.69865
7216.23, 0.862667, 0.00249171, 0.85269, 3.48829
7216.24, 0.875387, 0.00251857, 0.86574, 3.23564
7216.25, 0.886623, 0.00254226, 0.8802, 2.94938
7216.26, 0.896878, 0.00256387, 0.89547, 2.63709
7216.27, 0.906739, 0.00258469, 0.91095, 2.30854
7216.28, 0.916611, 0.00260557, 0.92603, 1.97782
7216.29, 0.926804, 0.00262713, 0.94018, 1.6536
7216.3, 0.937233, 0.0026491, 0.95298, 1.34782
7216.31, 0.947508, 0.00267055, 0.96411, 1.06915
7216.32, 0.957165, 0.00269047, 0.97343, 0.824091
7216.33, 0.965638, 0.00270787, 0.98092, 0.6159
7216.34, 0.972568, 0.00272213, 0.9867, 0.446744
7216.35, 0.978271, 0.00273382, 0.99098, 0.314456
7216.36, 0.983126, 0.00274369, 0.99401, 0.214697
7216.37, 0.98708, 0.00275181, 0.99607, 0.144216
7216.38, 0.989933, 0.00275806, 0.99741, 0.0943368
7216.39, 0.99197, 0.00276286, 0.99826, 0.0618069
7216.4, 0.993868, 0.00276708, 0.99877, 0.0422889
7216.41, 0.995751, 0.00277082, 0.99908, 0.0292769
7216.42, 0.996823, 0.00277284, 0.99927, 0.0216866
7216.43, 0.996585, 0.00277244, 0.99938, 0.016265
7216.44, 0.995803, 0.00277102, 0.99946, 0.013012
7216.45, 0.995381, 0.00277022, 0.99953, 0.0108433
7216.46, 0.995291, 0.00276995, 0.9996, 0.00867465
7216.47, 0.995109, 0.00276941, 0.99966, 0.00650598
7216.48, 0.994697, 0.00276846, 0.99973, 0.00433732
7216.49, 0.99417, 0.00276753, 1, 0
7216.5, 0.993679, 0.00276693, 1, 0
7216.51, 0.99341, 0.00276677, 1, 0
7216.52, 0.993487, 0.00276706, 1, 0
7216.53, 0.993786, 0.00276763, 1, 0
7216.54, 0.994019, 0.00276812, 1, 0
7216.55, 0.994218, 0.00276856, 1, 0
7216.56, 0.994418, 0.00276901, 1, 0
7216.57, 0.994618, 0.00276945, 1, 0
