wav, obs, sigma_obs, syn, weight
7223.22, 1.008, 0.0028691, 1, 0
7223.23, 1.00782, 0.00286861, 1, 0
7223.24, 1.00782, 0.00286832, 1, 0
7223.25, 1.00822, 0.00286892, 1, 0
7223.26, 1.00891, 0.00287043, 1, 0
7223.27, 1.00897, 0.00287085, 1, 0
7223.28, 1.00772, 0.00286864, 1, 0
7223.29, 1.00632, 0.00286606, 1, 0
7223.3, 1.00625, 0.00286601, 0.99901, 0
7223.31, 1.00693, 0.00286746, 0.99882, 0
7223.32, 1.00679, 0.00286742, 0.99866, 0
7223.33, 1.0058, 0.0028657, 0.99852, 0
7223.34, 1.00525, 0.00286447, 0.9984, 0
7223.35, 1.00554, 0.00286453, 0.99828, 0
7223.36, 1.00574, 0.00286472, 0.99816, 0
7223.37, 1.00529, 0.00286425, 0.99803, 0
7223.38, 1.00477, 0.00286373, 0.99788, 0
7223.39, 1.00468, 0.00286362, 0.9977, 0
7223.4, 1.00441, 0.00286302, 0.99748, 0
7223.41, 1.00325, 0.00286093, 0.99723, 0
7223.42, 1.00176, 0.00285838, 0.99691, 0
7223.43, 1.00097, 0.00285716, 0.99649, 0
7223.44, 1.00064, 0.00285663, 0.9959, 0
7223.45, 0.999638, 0.00285439, 0.99504, 0
7223.46, 0.997678, 0.00285004, 0.99372, 0
7223.47, 0.995637, 0.00284573, 0.99167, 0
7223.48, 0.993757, 0.00284207, 0.98851, 0
7223.49, 0.990835, 0.00283621, 0.98373, 0
7223.5, 0.985868, 0.00282577, 0.97676, 0
7223.51, 0.979199, 0.00281164, 0.96698, 0
7223.52, 0.971202, 0.00279483, 0.95386, 0
7223.53, 0.960562, 0.00277251, 0.93697, 0
7223.54, 0.945379, 0.00274051, 0.91614, 0
7223.55, 0.924648, 0.00269653, 0.89147, 0
7223.56, 0.897965, 0.00263959, 0.86333, 0
7223.57, 0.865324, 0.00256958, 0.83238, 0
7223.58, 0.827136, 0.00248734, 0.79949, 0
7223.59, 0.7842, 0.00239436, 0.76576, 0
7223.6, 0.737965, 0.00229323, 0.73243, 0
7223.61, 0.690722, 0.00218868, 0.70089, 0.494444
7223.62, 0.647092, 0.00209159, 0.67261, 0.494444
7223.63, 0.611758, 0.00201299, 0.64906, 0.494444
7223.64, 0.587426, 0.0019587, 0.6316, 0.494444
7223.65, 0.57594, 0.00193247, 0.6213, 0.988889
7223.66, 0.577113, 0.00193442, 0.61883, 0.988889
7223.67, 0.589592, 0.00196255, 0.62437, 1.48333
7223.68, 0.611244, 0.00201201, 0.63753, 1.48333
7223.69, 0.639248, 0.00207544, 0.65748, 1.97778
7223.7, 0.671197, 0.00214692, 0.68302, 2.47222
7223.71, 0.705352, 0.00222288, 0.71271, 2.96667
7223.72, 0.740144, 0.00229995, 0.7451, 2.96667
7223.73, 0.774306, 0.00237495, 0.77872, 3.46111
7223.74, 0.806832, 0.00244535, 0.81224, 3.46111
7223.75, 0.837634, 0.00251144, 0.84447, 3.95556
7223.76, 0.866738, 0.00257391, 0.87441, 3.95556
7223.77, 0.89314, 0.00263071, 0.90126, 4.45
7223.78, 0.915444, 0.00267868, 0.92447, 4.45
7223.79, 0.933532, 0.00271751, 0.94377, 4.45
7223.8, 0.948257, 0.00274902, 0.95918, 4.45
7223.81, 0.959987, 0.00277418, 0.97098, 4.45
7223.82, 0.968453, 0.00279283, 0.97963, 4.45
7223.83, 0.973873, 0.00280538, 0.98571, 3.95556
7223.84, 0.977554, 0.00281363, 0.98983, 3.46111
7223.85, 0.980634, 0.00281937, 0.99253, 3.46111
7223.86, 0.983199, 0.00282383, 0.99428, 3.46111
7223.87, 0.985133, 0.00282791, 0.99541, 2.47222
7223.88, 0.986531, 0.0028315, 0.99614, 2.47222
7223.89, 0.987557, 0.00283412, 0.99664, 1.97778
7223.9, 0.98832, 0.00283584, 0.997, 1.97778
7223.91, 0.988883, 0.00283708, 0.99725, 1.48333
7223.92, 0.989257, 0.00283804, 0.99743, 1.48333
7223.93, 0.989395, 0.0028387, 0.99756, 0.988889
7223.94, 0.989359, 0.00283913, 0.99764, 0.988889
7223.95, 0.989394, 0.0028396, 0.9977, 0.494444
7223.96, 0.989581, 0.00284007, 0.99773, 0.494444
7223.97, 0.989483, 0.00283962, 0.99776, 0
7223.98, 0.98872, 0.00283757, 0.9978, 0
7223.99, 0.987628, 0.00283502, 0.99787, 0
7224, 0.986698, 0.00283338, 0.99799, 0
7224.01, 0.985891, 0.0028322, 0.99817, 0.494444
7224.02, 0.984896, 0.00283011, 0.99842, 0.494444
7224.03, 0.983481, 0.00282681, 1, 0
7224.04, 0.981477, 0.00282286, 1, 0
7224.05, 0.978828, 0.0028182, 1, 0
7224.06, 0.975623, 0.00281189, 1, 0
7224.07, 0.971995, 0.00280351, 1, 0
7224.08, 0.968155, 0.00279403, 1, 0
7224.09, 0.964451, 0.00278526, 1, 0
7224.1, 0.960747, 0.00277648, 1, 0
