wav, obs, sigma_obs, syn, weight
7251.3, 0.997789, 0.00396931, 1, 0
7251.31, 0.997134, 0.00396824, 1, 0
7251.32, 0.996419, 0.00396725, 1, 0
7251.33, 0.995869, 0.00396607, 1, 0
7251.34, 0.995619, 0.00396504, 1, 0
7251.35, 0.995749, 0.00396567, 1, 0
7251.36, 0.995826, 0.00396723, 1, 0
7251.37, 0.994494, 0.00396441, 0.99883, 0.00294585
7251.38, 0.991671, 0.00395638, 0.99884, 0.00515523
7251.39, 0.989163, 0.00394916, 0.99887, 0.00810108
7251.4, 0.98688, 0.00394294, 0.99891, 0.0110469
7251.41, 0.982623, 0.00393123, 0.99893, 0.0154657
7251.42, 0.975649, 0.00391143, 0.99895, 0.0176751
7251.43, 0.966404, 0.00388421, 0.99896, 0.0206209
7251.44, 0.954461, 0.00384864, 0.99896, 0.0228303
7251.45, 0.939259, 0.00380384, 0.99894, 0.0250397
7251.46, 0.923407, 0.00375746, 0.99891, 0.028722
7251.47, 0.910559, 0.00371988, 0.99887, 0.0331408
7251.48, 0.902157, 0.00369547, 0.99881, 0.0419783
7251.49, 0.898742, 0.00368595, 0.99873, 0.0559711
7251.5, 0.900255, 0.00369078, 0.99863, 0.0795379
7251.51, 0.906574, 0.00370938, 0.9985, 0.116361
7251.52, 0.917803, 0.00374274, 0.99829, 0.173069
7251.53, 0.932717, 0.00378762, 0.99796, 0.255552
7251.54, 0.947249, 0.00383137, 0.99739, 0.369704
7251.55, 0.958744, 0.00386589, 0.99638, 0.516996
7251.56, 0.96728, 0.00389187, 0.99458, 0.698902
7251.57, 0.972379, 0.00390795, 0.99144, 0.913213
7251.58, 0.972715, 0.00390971, 0.98621, 1.15698
7251.59, 0.968489, 0.00389781, 0.97794, 1.42284
7251.6, 0.961073, 0.00387676, 0.96556, 1.70712
7251.61, 0.949143, 0.00384211, 0.9481, 2.00391
7251.62, 0.929901, 0.00378454, 0.92494, 2.30881
7251.63, 0.90331, 0.00370474, 0.89602, 2.61444
7251.64, 0.870657, 0.00360779, 0.86208, 2.91418
7251.65, 0.832974, 0.00349534, 0.82471, 3.19993
7251.66, 0.791725, 0.00337014, 0.78622, 3.46137
7251.67, 0.750576, 0.0032447, 0.74939, 3.6882
7251.68, 0.71346, 0.00313223, 0.71719, 3.87305
7251.69, 0.683381, 0.00304046, 0.69232, 4.00783
7251.7, 0.663493, 0.00297841, 0.67696, 4.0881
7251.71, 0.657633, 0.00296007, 0.67246, 4.11093
7251.72, 0.667342, 0.00299115, 0.67923, 4.07632
7251.73, 0.690254, 0.00306277, 0.69666, 3.985
7251.74, 0.723248, 0.00316449, 0.72322, 3.83991
7251.75, 0.762704, 0.00328552, 0.7566, 3.64549
7251.76, 0.804646, 0.00341377, 0.79401, 3.41129
7251.77, 0.844955, 0.00353643, 0.83251, 3.14469
7251.78, 0.881406, 0.00364681, 0.86936, 2.856
7251.79, 0.913097, 0.00374249, 0.90239, 2.55405
7251.8, 0.93943, 0.00382185, 0.93019, 2.24842
7251.81, 0.960013, 0.00388378, 0.95219, 1.945
7251.82, 0.974827, 0.00392823, 0.96855, 1.65041
7251.83, 0.984375, 0.00395676, 0.98002, 1.36908
7251.84, 0.990773, 0.00397595, 0.9876, 1.1069
7251.85, 0.995855, 0.00399148, 0.99234, 0.869025
7251.86, 0.999308, 0.00400235, 0.99515, 0.65987
7251.87, 1.00097, 0.00400781, 0.99677, 0.485328
7251.88, 1.0019, 0.00401037, 0.99767, 0.344664
7251.89, 1.00267, 0.00401201, 0.99818, 0.237877
7251.9, 1.00279, 0.00401321, 0.99848, 0.160549
7251.91, 1.0024, 0.00401425, 0.99867, 0.107523
7251.92, 1.00245, 0.00401538, 0.9988, 0.0736462
7251.93, 1.00297, 0.00401648, 0.99889, 0.0515523
7251.94, 1.00323, 0.00401714, 0.99895, 0.0390325
7251.95, 1.00324, 0.00401762, 0.99899, 0.0316679
7251.96, 1.00344, 0.00401845, 0.99902, 0.0265126
7251.97, 1.00337, 0.00401884, 0.99903, 0.0228303
7251.98, 1.00242, 0.00401778, 0.99904, 0.0206209
7251.99, 1.00167, 0.00401677, 0.99903, 0.0176751
7252, 1.0022, 0.00401751, 0.99902, 0.0154657
7252.01, 1.00288, 0.00401892, 0.99901, 0.0117834
7252.02, 1.00253, 0.00401948, 0.99898, 0.00957401
7252.03, 1.00164, 0.00401837, 0.99896, 0.00662816
7252.04, 1.00092, 0.0040162, 0.99893, 0.00368231
7252.05, 1.00087, 0.00401619, 0.9989, 0.00220939
7252.06, 1.00141, 0.00401879, 1, 0
7252.07, 1.00169, 0.00401982, 1, 0
7252.08, 1.00145, 0.00401836, 1, 0
7252.09, 1.00129, 0.00401759, 1, 0
7252.1, 1.00138, 0.00401839, 1, 0
7252.11, 1.00147, 0.00401915, 1, 0
7252.12, 1.00151, 0.00401969, 1, 0
