wav, obs, sigma_obs, syn, weight
7271.17, 1.00026, 0.0030752, 1, 0
7271.18, 1.00007, 0.00307395, 1, 0
7271.19, 0.999838, 0.00307303, 1, 0
7271.2, 0.999454, 0.00307225, 1, 0
7271.21, 0.998739, 0.00307073, 1, 0
7271.22, 0.997582, 0.00306777, 1, 0
7271.23, 0.996358, 0.00306426, 1, 0
7271.24, 0.995637, 0.00306181, 1, 0
7271.25, 0.995557, 0.00306099, 1, 0
7271.26, 0.995433, 0.00306054, 1, 0
7271.27, 0.994566, 0.00305908, 0.99959, 0.0175871
7271.28, 0.993049, 0.00305633, 0.99958, 0.0293118
7271.29, 0.991443, 0.00305265, 0.99956, 0.0410365
7271.3, 0.99018, 0.00304857, 0.99954, 0.0527613
7271.31, 0.989341, 0.00304513, 0.99951, 0.0879354
7271.32, 0.988952, 0.00304343, 0.99945, 0.12311
7271.33, 0.989127, 0.00304384, 0.99937, 0.181733
7271.34, 0.990051, 0.00304624, 0.99924, 0.269669
7271.35, 0.991692, 0.00305008, 0.99903, 0.381054
7271.36, 0.993209, 0.00305342, 0.99869, 0.52175
7271.37, 0.993597, 0.00305405, 0.99816, 0.703483
7271.38, 0.992565, 0.0030514, 0.99735, 0.920391
7271.39, 0.990616, 0.00304669, 0.99617, 1.16661
7271.4, 0.988231, 0.00304106, 0.99452, 1.43628
7271.41, 0.985544, 0.0030347, 0.9923, 1.7294
7271.42, 0.982576, 0.00302749, 0.98946, 2.02251
7271.43, 0.979454, 0.00301973, 0.986, 2.31563
7271.44, 0.976461, 0.00301239, 0.98199, 2.59116
7271.45, 0.973832, 0.00300626, 0.9776, 2.84325
7271.46, 0.971319, 0.00300068, 0.9731, 3.06602
7271.47, 0.968454, 0.00299428, 0.96882, 3.24189
7271.48, 0.965173, 0.0029867, 0.96512, 3.38258
7271.49, 0.96226, 0.00297964, 0.96237, 3.48224
7271.5, 0.960534, 0.00297495, 0.96084, 3.52914
7271.51, 0.960052, 0.0029729, 0.96069, 3.535
7271.52, 0.960378, 0.00297279, 0.96193, 3.49397
7271.53, 0.961338, 0.00297444, 0.96444, 3.40603
7271.54, 0.963524, 0.00297921, 0.96794, 3.28292
7271.55, 0.967619, 0.00298863, 0.97211, 3.10705
7271.56, 0.973412, 0.00300205, 0.97656, 2.89014
7271.57, 0.979916, 0.00301692, 0.98096, 2.64393
7271.58, 0.986222, 0.00303096, 0.98503, 2.37426
7271.59, 0.991849, 0.00304325, 0.98856, 2.087
7271.6, 0.996428, 0.00305324, 0.99148, 1.79388
7271.61, 0.999804, 0.0030607, 0.99375, 1.4949
7271.62, 1.00207, 0.00306582, 0.99544, 1.21937
7271.63, 1.00339, 0.00306888, 0.99663, 0.96729
7271.64, 1.00416, 0.00307056, 0.99742, 0.74452
7271.65, 1.00488, 0.00307166, 0.99791, 0.562787
7271.66, 1.00572, 0.00307262, 0.99819, 0.404503
7271.67, 1.00636, 0.00307325, 0.99833, 0.287256
7271.68, 1.00648, 0.00307338, 0.99838, 0.193458
7271.69, 1.00628, 0.00307327, 0.99838, 0.134834
7271.7, 1.0062, 0.0030734, 0.99833, 0.0879354
7271.71, 1.00636, 0.00307373, 0.99827, 0.0586236
7271.72, 1.00619, 0.00307305, 0.99818, 0.0351742
7271.73, 1.00511, 0.0030701, 0.99808, 0.0293118
7271.74, 1.00319, 0.00306521, 0.99797, 0.0175871
7271.75, 1.00097, 0.00305973, 0.99785, 0.0117247
7271.76, 0.998886, 0.00305468, 1, 0
7271.77, 0.996957, 0.00305014, 1, 0
7271.78, 0.995143, 0.00304595, 1, 0
7271.79, 0.993404, 0.003042, 1, 0
7271.8, 0.991702, 0.00303817, 1, 0
7271.81, 0.989967, 0.00303424, 1, 0
7271.82, 0.988232, 0.0030303, 1, 0
7271.83, 0.986496, 0.00302637, 1, 0
7271.84, 0.984761, 0.00302243, 1, 0
7271.85, 0.983025, 0.00301849, 1, 0
