wav, obs, sigma_obs, syn, weight
7299.32, 0.996909, 0.00275596, 1, 0
7299.33, 0.997381, 0.00275689, 1, 0
7299.34, 0.997899, 0.00275759, 1, 0
7299.35, 0.997994, 0.00275743, 1, 0
7299.36, 0.997431, 0.00275613, 1, 0
7299.37, 0.996726, 0.0027547, 1, 0
7299.38, 0.99645, 0.00275421, 1, 0
7299.39, 0.99652, 0.00275441, 1, 0
7299.4, 0.996563, 0.00275447, 1, 0
7299.41, 0.9965, 0.00275431, 0.9989, 0.0156875
7299.42, 0.996569, 0.00275461, 0.99897, 0.0219624
7299.43, 0.996895, 0.00275563, 0.99903, 0.0282374
7299.44, 0.997282, 0.00275646, 0.99909, 0.0345124
7299.45, 0.99755, 0.0027563, 0.99913, 0.0376499
7299.46, 0.997893, 0.00275613, 0.99916, 0.0470624
7299.47, 0.998631, 0.00275753, 0.99918, 0.0627498
7299.48, 0.999708, 0.00276037, 0.99918, 0.0784373
7299.49, 1.00074, 0.00276305, 0.99916, 0.109812
7299.5, 1.00148, 0.00276459, 0.99912, 0.156875
7299.51, 1.00202, 0.00276547, 0.99906, 0.225899
7299.52, 1.00243, 0.00276616, 0.99894, 0.320024
7299.53, 1.00269, 0.00276654, 0.99875, 0.445524
7299.54, 1.00272, 0.00276627, 0.99843, 0.605536
7299.55, 1.00241, 0.00276537, 0.99791, 0.806335
7299.56, 1.00168, 0.0027641, 0.9971, 1.03851
7299.57, 1.00041, 0.0027622, 0.9959, 1.3052
7299.58, 0.998463, 0.00275851, 0.99419, 1.59071
7299.59, 0.995781, 0.00275229, 0.99188, 1.89191
7299.6, 0.992497, 0.00274479, 0.98891, 2.19938
7299.61, 0.988781, 0.00273755, 0.9853, 2.49744
7299.62, 0.984578, 0.00273003, 0.98115, 2.77668
7299.63, 0.979707, 0.00272045, 0.97667, 3.03082
7299.64, 0.974468, 0.00270904, 0.97216, 3.25044
7299.65, 0.969823, 0.00269874, 0.96797, 3.42614
7299.66, 0.966475, 0.00269177, 0.9645, 3.56105
7299.67, 0.964139, 0.00268723, 0.96206, 3.65518
7299.68, 0.962442, 0.00268394, 0.9609, 3.6991
7299.69, 0.961943, 0.00268303, 0.96113, 3.69283
7299.7, 0.963621, 0.00268672, 0.96269, 3.64263
7299.71, 0.967369, 0.00269467, 0.96539, 3.54223
7299.72, 0.97186, 0.00270367, 0.96893, 3.3979
7299.73, 0.976037, 0.00271142, 0.97295, 3.20965
7299.74, 0.979701, 0.00271835, 0.97711, 2.98062
7299.75, 0.982798, 0.00272512, 0.9811, 2.7202
7299.76, 0.985329, 0.00273118, 0.98469, 2.43469
7299.77, 0.987326, 0.00273553, 0.98776, 2.12722
7299.78, 0.989062, 0.00273869, 0.99026, 1.82288
7299.79, 0.991028, 0.00274248, 0.99221, 1.52482
7299.8, 0.993353, 0.0027476, 0.99369, 1.24558
7299.81, 0.995389, 0.00275221, 0.9948, 0.991447
7299.82, 0.996552, 0.00275462, 0.99562, 0.768685
7299.83, 0.997049, 0.00275538, 0.99625, 0.580436
7299.84, 0.997321, 0.00275572, 0.99675, 0.426699
7299.85, 0.997556, 0.00275615, 0.99716, 0.307474
7299.86, 0.997756, 0.00275666, 0.99752, 0.216487
7299.87, 0.997921, 0.00275717, 0.99783, 0.147462
7299.88, 0.998061, 0.0027575, 0.99811, 0.1004
7299.89, 0.998174, 0.00275756, 0.99836, 0.0690248
7299.9, 0.998213, 0.00275751, 0.99858, 0.0470624
7299.91, 0.998134, 0.00275755, 0.99877, 0.0313749
7299.92, 0.997991, 0.00275759, 0.99892, 0.0219624
7299.93, 0.997901, 0.00275738, 0.99905, 0.0156875
7299.94, 0.997901, 0.0027569, 0.99916, 0.00941247
7299.95, 0.997922, 0.00275648, 0.99925, 0.00627498
7299.96, 0.997898, 0.00275636, 1, 0
7299.97, 0.997793, 0.00275646, 1, 0
7299.98, 0.997586, 0.00275664, 1, 0
7299.99, 0.997305, 0.00275665, 1, 0
7300, 0.997, 0.00275624, 1, 0
7300.01, 0.996699, 0.00275538, 1, 0
7300.02, 0.996399, 0.00275435, 1, 0
7300.03, 0.996098, 0.00275348, 1, 0
7300.04, 0.995797, 0.00275261, 1, 0
