wav, obs, sigma_obs, syn, weight
7344.3, 1.00659, 0.00432974, 1, 0
7344.31, 1.00738, 0.00433254, 1, 0
7344.32, 1.00843, 0.00433585, 1, 0
7344.33, 1.00846, 0.00433676, 1, 0
7344.34, 1.00727, 0.0043348, 1, 0
7344.35, 1.00638, 0.00433309, 1, 0
7344.36, 1.00591, 0.00433162, 1, 0
7344.37, 1.00482, 0.00432779, 0.99904, 0.000838518
7344.38, 1.00358, 0.00432393, 0.99896, 0.00251555
7344.39, 1.00322, 0.00432378, 0.99888, 0.00335407
7344.4, 1.0025, 0.00432253, 0.99879, 0.00586963
7344.41, 1.00019, 0.00431532, 0.9987, 0.00838518
7344.42, 0.997993, 0.00430861, 0.99861, 0.0117393
7344.43, 0.997372, 0.00430787, 0.9985, 0.0150933
7344.44, 0.997805, 0.00431074, 0.99839, 0.0176089
7344.45, 0.998045, 0.00431269, 0.99827, 0.0218015
7344.46, 0.996334, 0.004308, 0.99814, 0.0285096
7344.47, 0.993793, 0.00430037, 0.99798, 0.0385718
7344.48, 0.993794, 0.00430081, 0.99778, 0.0553422
7344.49, 0.994968, 0.00430448, 0.99753, 0.0830133
7344.5, 0.993808, 0.00429971, 0.99716, 0.125778
7344.51, 0.991466, 0.00429214, 0.99662, 0.189505
7344.52, 0.989859, 0.00428975, 0.99572, 0.279226
7344.53, 0.987133, 0.00428441, 0.99419, 0.399973
7344.54, 0.982147, 0.00427021, 0.99153, 0.55426
7344.55, 0.977352, 0.00425465, 0.98698, 0.743765
7344.56, 0.972592, 0.00423819, 0.97947, 0.966811
7344.57, 0.963321, 0.00420866, 0.96769, 1.22004
7344.58, 0.948427, 0.00416236, 0.95024, 1.49843
7344.59, 0.930087, 0.00410389, 0.92596, 1.79611
7344.6, 0.90723, 0.00403009, 0.89424, 2.10468
7344.61, 0.877119, 0.00393375, 0.85538, 2.41661
7344.62, 0.839511, 0.0038131, 0.8107, 2.72099
7344.63, 0.79501, 0.00366839, 0.76249, 3.00944
7344.64, 0.743754, 0.00349951, 0.71369, 3.27274
7344.65, 0.687641, 0.00331267, 0.66753, 3.50249
7344.66, 0.632905, 0.00312902, 0.62702, 3.69283
7344.67, 0.585627, 0.00296927, 0.59464, 3.83706
7344.68, 0.55071, 0.00285031, 0.57217, 3.93516
7344.69, 0.532055, 0.00278626, 0.56066, 3.98464
7344.7, 0.532384, 0.00278772, 0.5606, 3.9838
7344.71, 0.551069, 0.00285253, 0.57195, 3.93349
7344.72, 0.585391, 0.00297058, 0.5942, 3.83538
7344.73, 0.632166, 0.00313023, 0.62625, 3.68864
7344.74, 0.687187, 0.00331641, 0.6663, 3.4983
7344.75, 0.743058, 0.0035034, 0.71185, 3.2677
7344.76, 0.793834, 0.00367123, 0.75988, 3.00357
7344.77, 0.838581, 0.00381877, 0.80723, 2.71428
7344.78, 0.87639, 0.0039435, 0.851, 2.40906
7344.79, 0.90551, 0.00403773, 0.889, 2.09797
7344.8, 0.926772, 0.00410538, 0.92001, 1.7894
7344.81, 0.943271, 0.00416039, 0.94381, 1.49256
7344.82, 0.956042, 0.00420437, 0.96106, 1.21501
7344.83, 0.965016, 0.00423302, 0.97296, 0.96178
7344.84, 0.971226, 0.00425232, 0.98087, 0.738734
7344.85, 0.976058, 0.00427019, 0.98606, 0.550068
7344.86, 0.98067, 0.00428765, 0.98952, 0.39578
7344.87, 0.985162, 0.00430269, 0.99191, 0.275872
7344.88, 0.987441, 0.00431001, 0.99365, 0.18699
7344.89, 0.986961, 0.00430898, 0.99496, 0.123262
7344.9, 0.98563, 0.00430573, 0.99597, 0.0813362
7344.91, 0.983539, 0.00430018, 0.99674, 0.0545037
7344.92, 0.979126, 0.0042868, 0.99733, 0.0368948
7344.93, 0.972112, 0.00426485, 0.99776, 0.0276711
7344.94, 0.963134, 0.00423673, 0.99808, 0.0209629
7344.95, 0.953658, 0.00420647, 0.99832, 0.0176089
7344.96, 0.945327, 0.00417917, 0.99849, 0.0150933
7344.97, 0.939408, 0.00416183, 0.99862, 0.0125778
7344.98, 0.936905, 0.00415831, 0.99873, 0.0100622
7344.99, 0.938421, 0.00416515, 0.99881, 0.00754666
7345, 0.943731, 0.00418039, 0.99888, 0.00503111
7345.01, 0.951591, 0.0042049, 0.99893, 0.00335407
7345.02, 0.960673, 0.00423547, 0.99897, 0.00167704
7345.03, 0.969688, 0.00426557, 0.99902, 0.000838518
7345.04, 0.977763, 0.00429213, 1, 0
7345.05, 0.984334, 0.00431406, 1, 0
7345.06, 0.989295, 0.00433098, 1, 0
7345.07, 0.992859, 0.00434337, 1, 0
7345.08, 0.9959, 0.00435404, 1, 0
7345.09, 0.99924, 0.00436569, 1, 0
7345.1, 1.00258, 0.00437734, 1, 0
