wav, obs, sigma_obs, syn, weight
7357.32, 1.00315, 0.00307848, 1, 0
7357.33, 1.00334, 0.00307837, 1, 0
7357.34, 1.00335, 0.00307815, 1, 0
7357.35, 1.00312, 0.00307767, 1, 0
7357.36, 1.00266, 0.00307679, 1, 0
7357.37, 1.00217, 0.00307581, 1, 0
7357.38, 1.00206, 0.00307538, 1, 0
7357.39, 1.00252, 0.00307583, 1, 0
7357.4, 1.00309, 0.0030764, 1, 0
7357.41, 1.00317, 0.00307609, 1, 0
7357.42, 1.00265, 0.0030748, 0.99951, 0.00631913
7357.43, 1.00205, 0.00307351, 0.99917, 0.0081246
7357.44, 1.00185, 0.00307308, 0.99868, 0.0108328
7357.45, 1.00195, 0.00307326, 0.99796, 0.013541
7357.46, 1.00201, 0.00307333, 0.99696, 0.0162492
7357.47, 1.00184, 0.00307284, 0.99557, 0.0207629
7357.48, 1.00147, 0.00307182, 0.99365, 0.027082
7357.49, 1.00101, 0.00307042, 0.99103, 0.0379148
7357.5, 1.00047, 0.00306883, 0.98751, 0.054164
7357.51, 0.99983, 0.00306727, 0.98287, 0.0785378
7357.52, 0.999008, 0.00306568, 0.97693, 0.114647
7357.53, 0.997667, 0.00306289, 0.96952, 0.167006
7357.54, 0.995417, 0.00305751, 0.96057, 0.238322
7357.55, 0.99199, 0.00304888, 0.95003, 0.334914
7357.56, 0.987255, 0.0030372, 0.93799, 0.457686
7357.57, 0.980994, 0.0030224, 0.92456, 0.612053
7357.58, 0.972392, 0.00300259, 0.90996, 0.796211
7357.59, 0.960395, 0.00297513, 0.89443, 1.01106
7357.6, 0.944227, 0.00293809, 0.87829, 1.2539
7357.61, 0.923654, 0.00289095, 0.86188, 1.5202
7357.62, 0.898598, 0.00283354, 0.84557, 1.80456
7357.63, 0.870147, 0.00276823, 0.82971, 2.10066
7357.64, 0.840173, 0.0026991, 0.81467, 2.39856
7357.65, 0.810687, 0.00263062, 0.80075, 2.69195
7357.66, 0.78411, 0.00256855, 0.78821, 2.96999
7357.67, 0.762925, 0.00251885, 0.77725, 3.22637
7357.68, 0.748885, 0.00248574, 0.76798, 3.45295
7357.69, 0.742924, 0.00247153, 0.76048, 3.64253
7357.7, 0.74561, 0.00247765, 0.75479, 3.79238
7357.71, 0.755537, 0.00250074, 0.75089, 3.8971
7357.72, 0.770549, 0.00253566, 0.74877, 3.95578
7357.73, 0.787888, 0.00257592, 0.74844, 3.9648
7357.74, 0.803672, 0.00261252, 0.74987, 3.92689
7357.75, 0.814106, 0.00263666, 0.75309, 3.84023
7357.76, 0.81782, 0.00264515, 0.7581, 3.70843
7357.77, 0.814999, 0.00263833, 0.7649, 3.5342
7357.78, 0.806621, 0.00261845, 0.77349, 3.32206
7357.79, 0.79614, 0.00259368, 0.78381, 3.07651
7357.8, 0.78746, 0.00257327, 0.79575, 2.80569
7357.81, 0.78343, 0.00256381, 0.80916, 2.51772
7357.82, 0.785785, 0.00256913, 0.8238, 2.22072
7357.83, 0.795809, 0.00259201, 0.83938, 1.92192
7357.84, 0.812545, 0.00263023, 0.85557, 1.63304
7357.85, 0.834246, 0.00267976, 0.872, 1.35861
7357.86, 0.858916, 0.00273604, 0.88831, 1.10495
7357.87, 0.884132, 0.00279357, 0.90414, 0.878359
7357.88, 0.907514, 0.00284693, 0.91917, 0.680661
7357.89, 0.927575, 0.00289264, 0.93312, 0.515461
7357.9, 0.943362, 0.0029284, 0.94576, 0.379148
7357.91, 0.954512, 0.00295331, 0.95693, 0.272625
7357.92, 0.962387, 0.00297067, 0.96653, 0.191379
7357.93, 0.968633, 0.00298443, 0.97456, 0.131799
7357.94, 0.974013, 0.00299639, 0.98107, 0.0902733
7357.95, 0.978424, 0.00300616, 0.98619, 0.0604831
7357.96, 0.981794, 0.00301346, 0.99009, 0.0415257
7357.97, 0.984403, 0.0030189, 0.99299, 0.0297902
7357.98, 0.986642, 0.00302339, 0.9951, 0.0216656
7357.99, 0.98873, 0.00302748, 0.99661, 0.0162492
7358, 0.990615, 0.00303115, 0.99769, 0.0126383
7358.01, 0.992225, 0.00303433, 0.99846, 0.00993007
7358.02, 0.99356, 0.00303706, 0.999, 0.0081246
7358.03, 0.994659, 0.00303942, 0.99937, 0.00631913
7358.04, 0.995576, 0.00304151, 0.99963, 0.0054164
7358.05, 0.996396, 0.00304337, 1, 0
7358.06, 0.99721, 0.00304505, 1, 0
7358.07, 0.998053, 0.00304661, 1, 0
7358.08, 0.998912, 0.00304811, 1, 0
7358.09, 0.999758, 0.00304966, 1, 0
7358.1, 1.0006, 0.00305121, 1, 0
7358.11, 1.00145, 0.00305277, 1, 0
7358.12, 1.00229, 0.00305432, 1, 0
7358.13, 1.00314, 0.00305587, 1, 0
7358.14, 1.00398, 0.00305743, 1, 0
