wav, obs, sigma_obs, syn, weight
7489.22, 1.00225, 0.00289775, 1, 0
7489.23, 1.00278, 0.00289882, 1, 0
7489.24, 1.00251, 0.00289802, 1, 0
7489.25, 1.0018, 0.00289634, 1, 0
7489.26, 1.00146, 0.00289578, 1, 0
7489.27, 1.00172, 0.00289678, 1, 0
7489.28, 1.00215, 0.00289796, 1, 0
7489.29, 1.00241, 0.00289845, 1, 0
7489.3, 1.00247, 0.00289876, 1, 0
7489.31, 1.00236, 0.00289946, 0.99769, 0.00517327
7489.32, 1.00237, 0.00290046, 0.99739, 0.00517327
7489.33, 1.00275, 0.00290145, 0.99711, 0.0103465
7489.34, 1.00319, 0.00290195, 0.99686, 0.0181064
7489.35, 1.00302, 0.0029014, 0.99661, 0.0258663
7489.36, 1.00217, 0.00289995, 0.99637, 0.0387995
7489.37, 1.00129, 0.00289859, 0.99611, 0.0620792
7489.38, 1.00074, 0.00289781, 0.99582, 0.0931188
7489.39, 1.00019, 0.00289688, 0.99547, 0.144852
7489.4, 0.999265, 0.00289506, 0.99503, 0.212104
7489.41, 0.998064, 0.00289261, 0.99446, 0.30781
7489.42, 0.996819, 0.00289001, 0.99373, 0.431968
7489.43, 0.995596, 0.00288736, 0.99276, 0.587166
7489.44, 0.99435, 0.0028845, 0.99148, 0.778577
7489.45, 0.992801, 0.0028809, 0.9898, 1.00361
7489.46, 0.99039, 0.00287567, 0.9876, 1.25452
7489.47, 0.986899, 0.00286847, 0.98478, 1.5287
7489.48, 0.982962, 0.00286033, 0.98128, 1.8184
7489.49, 0.979131, 0.00285218, 0.97707, 2.10811
7489.5, 0.974893, 0.00284309, 0.9722, 2.39522
7489.51, 0.969482, 0.00283177, 0.9668, 2.66165
7489.52, 0.963094, 0.00281856, 0.96112, 2.90479
7489.53, 0.956527, 0.00280488, 0.95546, 3.11689
7489.54, 0.950397, 0.00279197, 0.95022, 3.2902
7489.55, 0.945084, 0.00278082, 0.94577, 3.42988
7489.56, 0.940991, 0.00277243, 0.9425, 3.52558
7489.57, 0.93861, 0.00276771, 0.94068, 3.5799
7489.58, 0.938379, 0.00276749, 0.9405, 3.59025
7489.59, 0.940386, 0.002772, 0.94201, 3.56438
7489.6, 0.944572, 0.00278121, 0.94511, 3.49454
7489.61, 0.950455, 0.00279409, 0.94957, 3.38073
7489.62, 0.95728, 0.00280898, 0.95505, 3.23071
7489.63, 0.964252, 0.00282414, 0.96116, 3.04188
7489.64, 0.970534, 0.00283779, 0.96748, 2.81943
7489.65, 0.975629, 0.00284886, 0.97363, 2.56594
7489.66, 0.979866, 0.00285803, 0.9793, 2.29176
7489.67, 0.983627, 0.00286613, 0.98427, 2.00206
7489.68, 0.986915, 0.00287347, 0.98842, 1.71235
7489.69, 0.989618, 0.00288012, 0.99173, 1.42782
7489.7, 0.991623, 0.00288555, 0.99426, 1.1614
7489.71, 0.992823, 0.00288885, 0.9961, 0.918255
7489.72, 0.993352, 0.00289018, 0.99739, 0.706151
7489.73, 0.993636, 0.00289092, 0.99825, 0.53026
7489.74, 0.993997, 0.0028921, 0.99882, 0.385409
7489.75, 0.994465, 0.00289365, 0.99917, 0.271597
7489.76, 0.994976, 0.00289521, 0.99939, 0.188824
7489.77, 0.995197, 0.00289591, 0.99952, 0.126745
7489.78, 0.994774, 0.00289488, 0.9996, 0.0853589
7489.79, 0.994079, 0.00289317, 0.99966, 0.056906
7489.8, 0.993919, 0.00289302, 0.99969, 0.0387995
7489.81, 0.9945, 0.00289489, 0.99972, 0.0258663
7489.82, 0.995296, 0.00289713, 0.99974, 0.0181064
7489.83, 0.995876, 0.00289845, 0.99976, 0.0129332
7489.84, 0.996139, 0.0028988, 0.99977, 0.0077599
7489.85, 0.996069, 0.00289836, 0.99979, 0.00517327
7489.86, 0.995814, 0.00289784, 1, 0
7489.87, 0.995577, 0.00289799, 1, 0
7489.88, 0.995568, 0.00289896, 1, 0
7489.89, 0.995998, 0.00290052, 1, 0
7489.9, 0.996802, 0.00290236, 1, 0
7489.91, 0.997592, 0.0029041, 1, 0
7489.92, 0.998115, 0.00290551, 1, 0
7489.93, 0.998477, 0.00290673, 1, 0
7489.94, 0.99893, 0.00290806, 1, 0
