wav, obs, sigma_obs, syn, weight
7495.74, 0.992165, 0.00302781, 1, 0
7495.75, 0.993143, 0.00302942, 1, 0
7495.76, 0.994047, 0.00303133, 1, 0
7495.77, 0.994789, 0.00303391, 1, 0
7495.78, 0.995494, 0.00303679, 1, 0
7495.79, 0.9964, 0.00303918, 1, 0
7495.8, 0.997316, 0.00304065, 1, 0
7495.81, 0.997616, 0.00304121, 1, 0
7495.82, 0.997126, 0.00304114, 0.99699, 0
7495.83, 0.996479, 0.00304117, 0.99705, 0.00342097
7495.84, 0.996245, 0.00304186, 0.99711, 0.00684193
7495.85, 0.996606, 0.00304305, 0.99718, 0.00684193
7495.86, 0.997523, 0.00304438, 0.99725, 0.0136839
7495.87, 0.998225, 0.00304515, 0.99731, 0.0205258
7495.88, 0.997865, 0.00304474, 0.99736, 0.0273677
7495.89, 0.997002, 0.00304408, 0.99741, 0.0478935
7495.9, 0.996877, 0.00304479, 0.99746, 0.0718403
7495.91, 0.997456, 0.00304651, 0.9975, 0.112892
7495.92, 0.997603, 0.00304716, 0.99752, 0.171048
7495.93, 0.996882, 0.0030459, 0.99753, 0.249731
7495.94, 0.995908, 0.00304376, 0.9975, 0.362622
7495.95, 0.995201, 0.00304187, 0.9974, 0.506303
7495.96, 0.994872, 0.00304114, 0.99719, 0.684193
7495.97, 0.994847, 0.00304193, 0.99681, 0.896293
7495.98, 0.994557, 0.00304233, 0.99616, 1.13918
7495.99, 0.993406, 0.00304018, 0.99513, 1.41286
7496, 0.991557, 0.00303593, 0.99358, 1.70022
7496.01, 0.989481, 0.00303109, 0.99139, 1.99442
7496.02, 0.987263, 0.00302608, 0.98846, 2.28863
7496.03, 0.984706, 0.00302052, 0.98476, 2.56915
7496.04, 0.981523, 0.00301367, 0.98038, 2.82572
7496.05, 0.977331, 0.00300431, 0.97551, 3.0515
7496.06, 0.972203, 0.00299257, 0.97049, 3.2465
7496.07, 0.967111, 0.00298112, 0.96578, 3.39702
7496.08, 0.962934, 0.00297231, 0.96184, 3.50991
7496.09, 0.959888, 0.00296625, 0.95912, 3.58175
7496.1, 0.958127, 0.00296287, 0.95796, 3.60912
7496.11, 0.958216, 0.00296345, 0.9585, 3.59886
7496.12, 0.960761, 0.00296948, 0.96068, 3.54412
7496.13, 0.965231, 0.0029799, 0.96423, 3.45176
7496.14, 0.970439, 0.00299209, 0.96875, 3.31492
7496.15, 0.97573, 0.00300458, 0.97375, 3.14045
7496.16, 0.98098, 0.00301695, 0.97878, 2.92835
7496.17, 0.985862, 0.00302836, 0.98346, 2.68204
7496.18, 0.989698, 0.00303712, 0.98751, 2.41178
7496.19, 0.992237, 0.00304272, 0.99082, 2.121
7496.2, 0.994433, 0.00304792, 0.99337, 1.8268
7496.21, 0.997089, 0.00305494, 0.99523, 1.53259
7496.22, 0.999411, 0.00306131, 0.99653, 1.25549
7496.23, 1.00034, 0.00306373, 0.99739, 0.998922
7496.24, 1.00029, 0.00306341, 0.99794, 0.773138
7496.25, 1.00032, 0.00306355, 0.99828, 0.578143
7496.26, 1.00064, 0.00306471, 0.99848, 0.4242
7496.27, 1.00079, 0.00306544, 0.99861, 0.301045
7496.28, 1.00059, 0.00306532, 0.99869, 0.205258
7496.29, 1.00034, 0.00306536, 0.99875, 0.14026
7496.3, 1.00019, 0.00306599, 0.99879, 0.0923661
7496.31, 0.999958, 0.00306628, 0.99882, 0.0615774
7496.32, 0.999525, 0.00306553, 0.99885, 0.0410516
7496.33, 0.999106, 0.00306441, 0.99888, 0.0239468
7496.34, 0.998953, 0.00306381, 0.99891, 0.0171048
7496.35, 0.999068, 0.00306402, 0.99893, 0.0136839
7496.36, 0.999347, 0.00306504, 0.99895, 0.00684193
7496.37, 0.99956, 0.00306611, 0.99897, 0.00342097
7496.38, 0.999412, 0.00306609, 0.999, 0.00342097
7496.39, 0.999081, 0.0030653, 1, 0
7496.4, 0.99921, 0.00306559, 1, 0
7496.41, 0.999927, 0.00306753, 1, 0
7496.42, 1.00047, 0.0030695, 1, 0
7496.43, 1.00031, 0.00307028, 1, 0
7496.44, 0.999706, 0.00307032, 1, 0
7496.45, 0.999336, 0.00307075, 1, 0
7496.46, 0.998984, 0.00307121, 1, 0
