wav, obs, sigma_obs, syn, weight
7948.75, 0.983613, 0.0029154, 1, 0
7948.76, 0.981591, 0.00291104, 1, 0
7948.77, 0.979685, 0.00290694, 1, 0
7948.78, 0.978004, 0.00290333, 1, 0
7948.79, 0.976858, 0.00290088, 1, 0
7948.8, 0.976696, 0.00290057, 1, 0
7948.81, 0.977805, 0.00290299, 1, 0
7948.82, 0.979826, 0.00290737, 1, 0
7948.83, 0.982248, 0.00291261, 1, 0
7948.84, 0.984733, 0.00291799, 1, 0
7948.85, 0.987196, 0.00292334, 0.99955, 0.00534736
7948.86, 0.989583, 0.00292858, 0.99952, 0.00712981
7948.87, 0.991975, 0.00293384, 0.99949, 0.00891226
7948.88, 0.994525, 0.00293941, 0.99945, 0.0124772
7948.89, 0.997226, 0.00294526, 0.99941, 0.0178245
7948.9, 0.999539, 0.00295022, 0.99937, 0.0213894
7948.91, 1.00084, 0.00295297, 0.99932, 0.0303017
7948.92, 1.00118, 0.0029536, 0.99926, 0.0445613
7948.93, 1.00137, 0.00295393, 0.99919, 0.0641683
7948.94, 1.00217, 0.00295557, 0.9991, 0.09447
7948.95, 1.00325, 0.0029579, 0.99899, 0.139031
7948.96, 1.0038, 0.00295927, 0.99885, 0.197852
7948.97, 1.00335, 0.00295873, 0.99864, 0.279845
7948.98, 1.00239, 0.00295707, 0.99833, 0.386792
7948.99, 1.00153, 0.00295536, 0.99786, 0.524041
7949, 1.00082, 0.00295377, 0.99712, 0.689809
7949.01, 0.99975, 0.00295153, 0.99597, 0.885879
7949.02, 0.997838, 0.00294788, 0.99421, 1.11403
7949.03, 0.994963, 0.00294221, 0.9916, 1.36536
7949.04, 0.991135, 0.00293394, 0.98788, 1.63451
7949.05, 0.986221, 0.0029226, 0.98275, 1.91792
7949.06, 0.979772, 0.00290794, 0.97599, 2.20489
7949.07, 0.971332, 0.00288975, 0.9675, 2.4883
7949.08, 0.960996, 0.0028682, 0.95734, 2.75924
7949.09, 0.949312, 0.00284379, 0.94581, 3.007
7949.1, 0.936843, 0.00281713, 0.93347, 3.22802
7949.11, 0.924149, 0.00278956, 0.9211, 3.41696
7949.12, 0.91179, 0.00276261, 0.90966, 3.56847
7949.13, 0.900711, 0.00273852, 0.90013, 3.68255
7949.14, 0.892527, 0.00272072, 0.8934, 3.75563
7949.15, 0.888819, 0.00271253, 0.89012, 3.78949
7949.16, 0.889845, 0.00271459, 0.89062, 3.78058
7949.17, 0.89496, 0.00272567, 0.89484, 3.72889
7949.18, 0.903437, 0.00274432, 0.90232, 3.63977
7949.19, 0.91431, 0.00276829, 0.91233, 3.50965
7949.2, 0.926552, 0.00279514, 0.92394, 3.34032
7949.21, 0.939237, 0.00282282, 0.93618, 3.13712
7949.22, 0.95158, 0.0028498, 0.94816, 2.90362
7949.23, 0.962841, 0.00287465, 0.95917, 2.64516
7949.24, 0.972614, 0.00289629, 0.96874, 2.36888
7949.25, 0.980676, 0.00291388, 0.97667, 2.0819
7949.26, 0.986905, 0.00292692, 0.98293, 1.79493
7949.27, 0.991478, 0.00293613, 0.98767, 1.51508
7949.28, 0.994638, 0.00294244, 0.99114, 1.25128
7949.29, 0.996705, 0.00294669, 0.99359, 1.01065
7949.3, 0.998092, 0.0029496, 0.99528, 0.794974
7949.31, 0.999159, 0.00295179, 0.99643, 0.611381
7949.32, 0.999805, 0.0029531, 0.99721, 0.45809
7949.33, 0.999726, 0.002953, 0.99774, 0.335101
7949.34, 0.99888, 0.00295146, 0.99811, 0.238849
7949.35, 0.997904, 0.00294965, 0.99838, 0.165768
7949.36, 0.997509, 0.00294889, 0.99859, 0.114077
7949.37, 0.99774, 0.00294933, 0.99875, 0.0766455
7949.38, 0.997998, 0.00295004, 0.99888, 0.0516911
7949.39, 0.997802, 0.00295023, 0.99899, 0.0338666
7949.4, 0.997491, 0.0029504, 0.99908, 0.0231719
7949.41, 0.997704, 0.0029515, 0.99916, 0.0160421
7949.42, 0.998733, 0.00295392, 0.99923, 0.0124772
7949.43, 1.00017, 0.00295697, 0.99929, 0.00891226
7949.44, 1.00152, 0.00295982, 0.99935, 0.00534736
7949.45, 1.00267, 0.00296219, 0.99939, 0.00356491
7949.46, 1.00371, 0.00296417, 1, 0
7949.47, 1.00476, 0.00296592, 1, 0
7949.48, 1.00584, 0.00296777, 1, 0
7949.49, 1.00691, 0.00297012, 1, 0
7949.5, 1.00788, 0.00297284, 1, 0
7949.51, 1.00855, 0.00297498, 1, 0
7949.52, 1.00871, 0.0029756, 1, 0
7949.53, 1.00842, 0.0029748, 1, 0
7949.54, 1.00792, 0.00297332, 1, 0
7949.55, 1.00764, 0.00297256, 1, 0
