wav, obs, sigma_obs, syn, weight
7978.43, 0.992856, 0.0031595, 1, 0
7978.44, 0.993736, 0.00316278, 1, 0
7978.45, 0.994486, 0.00316556, 1, 0
7978.46, 0.994696, 0.0031663, 1, 0
7978.47, 0.994266, 0.0031648, 1, 0
7978.48, 0.993437, 0.00316241, 1, 0
7978.49, 0.992491, 0.00316045, 1, 0
7978.5, 0.99174, 0.0031594, 1, 0
7978.51, 0.99149, 0.00315945, 1, 0
7978.52, 0.991695, 0.00316037, 0.99975, 0.00397704
7978.53, 0.992042, 0.00316155, 0.99973, 0.0049713
7978.54, 0.992403, 0.00316283, 0.99972, 0.00795409
7978.55, 0.993064, 0.00316491, 0.99969, 0.0109369
7978.56, 0.994282, 0.00316843, 0.99967, 0.0149139
7978.57, 0.995805, 0.00317254, 0.99964, 0.0198852
7978.58, 0.997198, 0.0031759, 0.99961, 0.026845
7978.59, 0.998353, 0.00317832, 0.99957, 0.0387762
7978.6, 0.999507, 0.00318083, 0.99951, 0.0556786
7978.61, 1.00073, 0.00318389, 0.99944, 0.0785466
7978.62, 1.00161, 0.00318625, 0.99933, 0.11434
7978.63, 1.00172, 0.00318659, 0.99917, 0.164053
7978.64, 1.00123, 0.00318539, 0.99891, 0.22868
7978.65, 1.00063, 0.00318409, 0.99847, 0.313192
7978.66, 1.00006, 0.0031831, 0.99774, 0.418584
7978.67, 0.999125, 0.00318145, 0.99657, 0.544855
7978.68, 0.99746, 0.00317821, 0.9947, 0.693
7978.69, 0.994837, 0.00317283, 0.99186, 0.859041
7978.7, 0.991044, 0.00316478, 0.98768, 1.04199
7978.71, 0.985627, 0.00315285, 0.98182, 1.23388
7978.72, 0.977975, 0.00313537, 0.97397, 1.43273
7978.73, 0.967688, 0.00311135, 0.96394, 1.63258
7978.74, 0.954741, 0.00308102, 0.95176, 1.82646
7978.75, 0.939299, 0.00304502, 0.93774, 2.01238
7978.76, 0.922288, 0.00300547, 0.92251, 2.18737
7978.77, 0.904865, 0.00296492, 0.90697, 2.34646
7978.78, 0.8881, 0.00292574, 0.89226, 2.49062
7978.79, 0.872983, 0.00289013, 0.87955, 2.61888
7978.8, 0.860627, 0.00286072, 0.86993, 2.73024
7978.81, 0.852426, 0.00284118, 0.86419, 2.82569
7978.82, 0.849631, 0.00283481, 0.86273, 2.90225
7978.83, 0.852295, 0.00284163, 0.86544, 2.95991
7978.84, 0.859949, 0.00286025, 0.87173, 2.9977
7978.85, 0.871383, 0.00288766, 0.8806, 3.01062
7978.86, 0.884579, 0.00291911, 0.89082, 2.9977
7978.87, 0.897804, 0.00295055, 0.90112, 2.95793
7978.88, 0.910285, 0.00298025, 0.9104, 2.89032
7978.89, 0.921442, 0.00300691, 0.91792, 2.79686
7978.9, 0.930848, 0.00302948, 0.92336, 2.67854
7978.91, 0.938168, 0.00304705, 0.92686, 2.54133
7978.92, 0.943514, 0.00305981, 0.92894, 2.3902
7978.93, 0.947617, 0.00306949, 0.93031, 2.23112
7978.94, 0.951169, 0.00307775, 0.93176, 2.06707
7978.95, 0.95454, 0.00308568, 0.93393, 1.905
7978.96, 0.958015, 0.0030942, 0.93726, 1.74891
7978.97, 0.961814, 0.00310359, 0.9419, 1.60076
7978.98, 0.966112, 0.00311378, 0.94772, 1.46057
7978.99, 0.970915, 0.00312466, 0.95439, 1.32933
7979, 0.975933, 0.00313614, 0.96145, 1.20504
7979.01, 0.980863, 0.00314802, 0.96844, 1.08673
7979.02, 0.985482, 0.00315957, 0.97494, 0.972387
7979.03, 0.989599, 0.00316995, 0.98066, 0.860036
7979.04, 0.9931, 0.00317872, 0.98544, 0.751661
7979.05, 0.995945, 0.00318579, 0.98924, 0.645275
7979.06, 0.998135, 0.00319116, 0.99215, 0.543861
7979.07, 0.999775, 0.00319511, 0.99429, 0.445429
7979.08, 1.00099, 0.00319797, 0.99581, 0.353957
7979.09, 1.00193, 0.00320037, 0.99687, 0.270439
7979.1, 1.00279, 0.00320301, 0.9976, 0.196864
7979.11, 1.00351, 0.00320559, 0.99812, 0.136214
7979.12, 1.00377, 0.00320677, 0.99849, 0.0884892
7979.13, 1.0035, 0.00320595, 1, 0
7979.14, 1.0032, 0.00320482, 1, 0
7979.15, 1.00342, 0.00320524, 1, 0
7979.16, 1.00416, 0.00320722, 1, 0
7979.17, 1.00509, 0.00320978, 1, 0
7979.18, 1.00604, 0.00321235, 1, 0
7979.19, 1.00698, 0.00321491, 1, 0
7979.2, 1.00792, 0.00321747, 1, 0
7979.21, 1.00887, 0.00322004, 1, 0
