wav, obs, sigma_obs, syn, weight
7996.06, 1.00313, 0.00368881, 1, 0
7996.07, 1.00407, 0.00369154, 1, 0
7996.08, 1.00445, 0.00369289, 1, 0
7996.09, 1.00426, 0.00369281, 1, 0
7996.1, 1.00376, 0.00369185, 1, 0
7996.11, 1.00323, 0.00369072, 1, 0
7996.12, 1.0029, 0.0036903, 1, 0
7996.13, 1.00285, 0.00369087, 1, 0
7996.14, 1.00281, 0.00369129, 0.99965, 0.00467659
7996.15, 1.00257, 0.00369076, 0.99963, 0.00935317
7996.16, 1.00245, 0.00369027, 0.99961, 0.0116915
7996.17, 1.00281, 0.00369094, 0.99959, 0.0187063
7996.18, 1.00327, 0.00369207, 0.99958, 0.0233829
7996.19, 1.00322, 0.00369234, 0.99956, 0.0327361
7996.2, 1.00275, 0.00369172, 0.99954, 0.0444276
7996.21, 1.00237, 0.00369098, 0.99951, 0.0607956
7996.22, 1.00246, 0.00369109, 0.99948, 0.0841786
7996.23, 1.00326, 0.00369319, 0.99943, 0.116915
7996.24, 1.00448, 0.00369673, 0.99936, 0.166019
7996.25, 1.005, 0.00369832, 0.99926, 0.233829
7996.26, 1.00418, 0.00369596, 0.9991, 0.325023
7996.27, 1.00295, 0.00369249, 0.99886, 0.444276
7996.28, 1.00232, 0.00369091, 0.99848, 0.591588
7996.29, 1.00227, 0.0036911, 0.9979, 0.773975
7996.3, 1.00243, 0.00369194, 0.99703, 0.984422
7996.31, 1.0022, 0.00369195, 0.99579, 1.22293
7996.32, 1.00088, 0.00368954, 0.99405, 1.48248
7996.33, 0.998246, 0.0036837, 0.99173, 1.7584
7996.34, 0.994411, 0.00367392, 0.98874, 2.04133
7996.35, 0.989702, 0.00366094, 0.98508, 2.31725
7996.36, 0.984688, 0.00364719, 0.98079, 2.58381
7996.37, 0.979688, 0.00363403, 0.97599, 2.82933
7996.38, 0.974439, 0.00362038, 0.97093, 3.04913
7996.39, 0.968832, 0.00360551, 0.9659, 3.23386
7996.4, 0.963612, 0.00359144, 0.96125, 3.38585
7996.41, 0.959605, 0.00358048, 0.95735, 3.49809
7996.42, 0.956875, 0.00357308, 0.95454, 3.57525
7996.43, 0.955219, 0.00356901, 0.95307, 3.61266
7996.44, 0.954834, 0.00356872, 0.95307, 3.61032
7996.45, 0.956156, 0.00357305, 0.95455, 3.57291
7996.46, 0.959274, 0.003582, 0.95736, 3.49809
7996.47, 0.963898, 0.00359467, 0.96125, 3.38351
7996.48, 0.969532, 0.00360983, 0.9659, 3.23152
7996.49, 0.975356, 0.00362569, 0.97092, 3.0468
7996.5, 0.980718, 0.00364074, 0.97597, 2.827
7996.51, 0.985509, 0.0036543, 0.98074, 2.58148
7996.52, 0.989676, 0.00366579, 0.98502, 2.31491
7996.53, 0.992988, 0.00367457, 0.98866, 2.03899
7996.54, 0.99523, 0.00368016, 0.99163, 1.75606
7996.55, 0.996734, 0.0036838, 0.99393, 1.48248
7996.56, 0.998052, 0.00368745, 0.99564, 1.22059
7996.57, 0.998864, 0.00369026, 0.99687, 0.982083
7996.58, 0.998173, 0.00368924, 0.99772, 0.771637
7996.59, 0.995761, 0.00368354, 0.99828, 0.58925
7996.6, 0.992423, 0.00367515, 0.99863, 0.439599
7996.61, 0.988779, 0.00366567, 0.99886, 0.322684
7996.62, 0.984936, 0.00365551, 0.99899, 0.231491
7996.63, 0.981104, 0.0036454, 0.99905, 0.166019
7996.64, 0.978066, 0.00363758, 0.99907, 0.116915
7996.65, 0.976596, 0.0036342, 0.99905, 0.0818403
7996.66, 0.976698, 0.00363497, 0.99898, 0.0607956
7996.67, 0.978096, 0.00363874, 0.99884, 0.0420893
7996.68, 0.98053, 0.00364502, 0.99862, 0.0327361
7996.69, 0.983747, 0.00365371, 0.99828, 0.0257212
7996.7, 0.987275, 0.00366373, 0.99779, 0.0187063
7996.71, 0.990444, 0.00367309, 0.99715, 0.0140298
7996.72, 0.992968, 0.00368076, 0.99636, 0.0116915
7996.73, 0.99516, 0.00368724, 0.99546, 0.00701488
7996.74, 0.997093, 0.00369256, 0.99458, 0.00467659
7996.75, 0.998113, 0.00369531, 1, 0
7996.76, 0.997743, 0.00369449, 1, 0
7996.77, 0.996713, 0.00369182, 1, 0
7996.78, 0.995955, 0.00368948, 1, 0
7996.79, 0.995569, 0.00368781, 1, 0
7996.8, 0.995161, 0.0036861, 1, 0
7996.81, 0.994674, 0.00368425, 1, 0
7996.82, 0.994188, 0.00368239, 1, 0
