wav, obs, sigma_obs, syn, weight
8067.85, 1.0049, 0.003007, 1, 0
8067.86, 1.00541, 0.00300767, 1, 0
8067.87, 1.00588, 0.00300851, 1, 0
8067.88, 1.00628, 0.00300964, 1, 0
8067.89, 1.00664, 0.00301092, 1, 0
8067.9, 1.00702, 0.00301199, 1, 0
8067.91, 1.00746, 0.00301259, 1, 0
8067.92, 1.00788, 0.00301286, 1, 0
8067.93, 1.00818, 0.00301302, 1, 0
8067.94, 1.00833, 0.0030131, 1, 0
8067.95, 1.00836, 0.00301295, 0.99986, 0.00612245
8067.96, 1.0083, 0.00301253, 0.99984, 0.00816327
8067.97, 1.0082, 0.00301208, 0.99983, 0.0122449
8067.98, 1.00811, 0.00301193, 0.99981, 0.0183673
8067.99, 1.00803, 0.00301207, 0.9998, 0.0265306
8068, 1.00787, 0.00301199, 0.99978, 0.0408163
8068.01, 1.00758, 0.00301131, 0.99976, 0.0571429
8068.02, 1.00727, 0.00301038, 0.99973, 0.0836735
8068.03, 1.00712, 0.00300982, 0.99969, 0.12449
8068.04, 1.00717, 0.00300984, 0.99964, 0.177551
8068.05, 1.00724, 0.00300994, 0.99955, 0.25102
8068.06, 1.00715, 0.00300961, 0.99941, 0.344898
8068.07, 1.00674, 0.00300848, 0.99918, 0.465306
8068.08, 1.00589, 0.00300629, 0.99879, 0.614286
8068.09, 1.00462, 0.00300312, 0.99815, 0.789796
8068.1, 1.00323, 0.00299979, 0.99713, 0.991837
8068.11, 1.00199, 0.00299702, 0.99555, 1.21837
8068.12, 1.00036, 0.00299346, 0.99321, 1.46327
8068.13, 0.997253, 0.00298652, 0.98989, 1.72245
8068.14, 0.992045, 0.00297466, 0.98536, 1.98367
8068.15, 0.985219, 0.00295933, 0.97948, 2.2449
8068.16, 0.977418, 0.00294236, 0.9722, 2.49388
8068.17, 0.9688, 0.00292397, 0.96364, 2.73061
8068.18, 0.959139, 0.00290315, 0.95414, 2.93878
8068.19, 0.948509, 0.00287969, 0.94422, 3.12245
8068.2, 0.938052, 0.00285634, 0.93457, 3.27347
8068.21, 0.929122, 0.00283641, 0.92599, 3.39184
8068.22, 0.92252, 0.00282176, 0.91928, 3.47755
8068.23, 0.918502, 0.00281281, 0.91509, 3.52653
8068.24, 0.917284, 0.00280988, 0.91385, 3.54082
8068.25, 0.919006, 0.00281338, 0.91569, 3.52041
8068.26, 0.923772, 0.00282365, 0.92043, 3.46327
8068.27, 0.931147, 0.00283977, 0.92757, 3.37143
8068.28, 0.940012, 0.0028592, 0.93641, 3.2449
8068.29, 0.949289, 0.00287949, 0.94617, 3.08776
8068.3, 0.9584, 0.0028994, 0.95605, 2.89796
8068.31, 0.96695, 0.0029181, 0.96539, 2.68367
8068.32, 0.974582, 0.00293483, 0.97368, 2.44694
8068.33, 0.980992, 0.00294885, 0.98066, 2.19184
8068.34, 0.985932, 0.00295956, 0.98621, 1.93061
8068.35, 0.989543, 0.00296728, 0.99042, 1.66939
8068.36, 0.99215, 0.00297279, 0.99344, 1.41224
8068.37, 0.993958, 0.00297657, 0.99549, 1.17143
8068.38, 0.994932, 0.00297851, 0.99679, 0.94898
8068.39, 0.995026, 0.00297847, 0.99753, 0.75102
8068.4, 0.994401, 0.00297683, 0.99789, 0.579592
8068.41, 0.993338, 0.00297427, 0.99801, 0.438776
8068.42, 0.992054, 0.00297129, 0.99797, 0.322449
8068.43, 0.990581, 0.002968, 0.99787, 0.230612
8068.44, 0.988934, 0.00296443, 0.99776, 0.163265
8068.45, 0.98722, 0.00296078, 0.99769, 0.112245
8068.46, 0.98562, 0.00295736, 0.99767, 0.077551
8068.47, 0.984295, 0.00295446, 0.99773, 0.0510204
8068.48, 0.983327, 0.00295227, 0.99787, 0.0346939
8068.49, 0.982788, 0.00295095, 0.99807, 0.0244898
8068.5, 0.98282, 0.00295085, 0.9983, 0.0163265
8068.51, 0.983638, 0.00295246, 0.99855, 0.0102041
8068.52, 0.985341, 0.00295607, 0.9988, 0.00612245
8068.53, 0.987531, 0.00296083, 1, 0
8068.54, 0.989687, 0.00296563, 1, 0
8068.55, 0.991534, 0.00296984, 1, 0
8068.56, 0.993089, 0.00297334, 1, 0
8068.57, 0.994396, 0.00297611, 1, 0
8068.58, 0.99554, 0.00297837, 1, 0
8068.59, 0.996656, 0.00298055, 1, 0
8068.6, 0.997837, 0.00298293, 1, 0
8068.61, 0.999018, 0.0029853, 1, 0
8068.62, 1.0002, 0.00298768, 1, 0
