wav, obs, sigma_obs, syn, weight
8363.82, 0.988373, 0.00338486, 1, 0
8363.83, 0.988262, 0.00338424, 1, 0
8363.84, 0.987304, 0.00338146, 1, 0
8363.85, 0.985741, 0.00337714, 1, 0
8363.86, 0.984604, 0.00337398, 1, 0
8363.87, 0.984951, 0.00337473, 1, 0
8363.88, 0.986903, 0.00337963, 1, 0
8363.89, 0.989477, 0.00338597, 1, 0
8363.9, 0.991654, 0.00339096, 1, 0
8363.91, 0.993162, 0.00339392, 1, 0
8363.92, 0.994522, 0.00339643, 1, 0
8363.93, 0.996267, 0.00340012, 0.99964, 0.0075981
8363.94, 0.998426, 0.00340512, 0.99963, 0.0104474
8363.95, 1.00055, 0.00341019, 0.99962, 0.0142464
8363.96, 1.00217, 0.00341404, 0.9996, 0.019945
8363.97, 1.00313, 0.00341625, 0.99957, 0.0275431
8363.98, 1.00351, 0.0034171, 0.99954, 0.0398901
8363.99, 1.00338, 0.00341687, 0.9995, 0.056036
8364, 1.00288, 0.00341576, 0.99945, 0.0807299
8364.01, 1.00216, 0.00341389, 0.99937, 0.114921
8364.02, 1.00137, 0.0034114, 0.99927, 0.162409
8364.03, 1.00049, 0.00340841, 0.9991, 0.224144
8364.04, 0.999406, 0.00340507, 0.99882, 0.305824
8364.05, 0.998002, 0.00340157, 0.99835, 0.406499
8364.06, 0.996488, 0.00339822, 0.99757, 0.529018
8364.07, 0.99525, 0.0033955, 0.9963, 0.676231
8364.08, 0.994552, 0.00339359, 0.99429, 0.846239
8364.09, 0.993551, 0.00339055, 0.99122, 1.03809
8364.1, 0.990811, 0.00338326, 0.98671, 1.24894
8364.11, 0.985046, 0.00336891, 0.98032, 1.47688
8364.12, 0.976139, 0.00334715, 0.97164, 1.71622
8364.13, 0.964524, 0.00331874, 0.9603, 1.96316
8364.14, 0.950562, 0.00328431, 0.9461, 2.2101
8364.15, 0.934126, 0.00324356, 0.92907, 2.45419
8364.16, 0.914883, 0.00319582, 0.90955, 2.68688
8364.17, 0.892733, 0.00314091, 0.88819, 2.90438
8364.18, 0.868912, 0.00308181, 0.866, 3.10003
8364.19, 0.845143, 0.00302256, 0.84421, 3.27098
8364.2, 0.823114, 0.00296723, 0.8242, 3.4144
8364.21, 0.804332, 0.00291971, 0.80737, 3.52457
8364.22, 0.790251, 0.00288386, 0.79493, 3.60245
8364.23, 0.782146, 0.00286304, 0.78783, 3.64519
8364.24, 0.780517, 0.00285853, 0.78663, 3.65184
8364.25, 0.78565, 0.00287103, 0.79141, 3.62335
8364.26, 0.797518, 0.00290045, 0.8018, 3.55971
8364.27, 0.814886, 0.00294372, 0.81701, 3.46189
8364.28, 0.836227, 0.00299703, 0.83591, 3.33177
8364.29, 0.859962, 0.00305641, 0.85715, 3.17221
8364.3, 0.884329, 0.00311725, 0.87934, 2.98416
8364.31, 0.907532, 0.00317484, 0.90116, 2.77521
8364.32, 0.928172, 0.00322555, 0.92151, 2.54821
8364.33, 0.946027, 0.00326895, 0.9396, 2.30792
8364.34, 0.961091, 0.00330519, 0.95494, 2.06099
8364.35, 0.973388, 0.00333453, 0.96741, 1.8131
8364.36, 0.98303, 0.00335751, 0.97711, 1.57091
8364.37, 0.990141, 0.00337472, 0.98437, 1.33822
8364.38, 0.995008, 0.00338694, 0.98958, 1.11977
8364.39, 0.998283, 0.00339537, 0.99317, 0.919371
8364.4, 1.00067, 0.00340125, 0.99556, 0.740815
8364.41, 1.00261, 0.00340554, 0.99709, 0.584104
8364.42, 1.00411, 0.00340856, 0.99804, 0.452087
8364.43, 1.0051, 0.00341056, 0.99861, 0.341915
8364.44, 1.00553, 0.00341165, 0.99896, 0.253587
8364.45, 1.00544, 0.0034117, 0.99916, 0.184254
8364.46, 1.00488, 0.00341054, 0.99928, 0.131067
8364.47, 1.00408, 0.0034086, 0.99936, 0.092127
8364.48, 1.00351, 0.00340713, 0.99942, 0.0645839
8364.49, 1.0037, 0.00340744, 0.99946, 0.0446389
8364.5, 1.00458, 0.00340943, 0.99949, 0.0313422
8364.51, 1.00532, 0.00341109, 0.99952, 0.0218446
8364.52, 1.00508, 0.00341034, 0.99954, 0.016146
8364.53, 1.00379, 0.00340704, 0.99956, 0.0104474
8364.54, 1.00232, 0.00340333, 0.99958, 0.00854787
8364.55, 1.00158, 0.00340143, 0.99959, 0.00569858
8364.56, 1.00181, 0.00340197, 1, 0
8364.57, 1.00261, 0.00340393, 1, 0
8364.58, 1.00354, 0.00340621, 1, 0
8364.59, 1.00431, 0.00340806, 1, 0
8364.6, 1.00476, 0.00340902, 1, 0
8364.61, 1.00475, 0.00340869, 1, 0
8364.62, 1.00431, 0.00340716, 1, 0
8364.63, 1.00363, 0.00340492, 1, 0
8364.64, 1.00304, 0.00340294, 1, 0
8364.65, 1.00254, 0.00340123, 1, 0
8364.66, 1.00204, 0.00339953, 1, 0
