wav, obs, sigma_obs, syn, weight
8382.36, 0.965793, 0.00308482, 1, 0
8382.37, 0.968191, 0.00308994, 1, 0
8382.38, 0.968452, 0.00309015, 1, 0
8382.39, 0.965406, 0.00308278, 1, 0
8382.4, 0.958813, 0.00306739, 1, 0
8382.41, 0.948815, 0.00304446, 1, 0
8382.42, 0.935447, 0.00301413, 1, 0
8382.43, 0.918338, 0.0029753, 1, 0
8382.44, 0.897027, 0.00292657, 1, 0
8382.45, 0.871699, 0.00286817, 1, 0
8382.46, 0.843885, 0.00280368, 0.84277, 0.772901
8382.47, 0.815281, 0.00273711, 0.81625, 1.02708
8382.48, 0.787546, 0.00267236, 0.79065, 1.29473
8382.49, 0.762292, 0.00261322, 0.76729, 1.5546
8382.5, 0.741129, 0.00256347, 0.74749, 1.7886
8382.51, 0.725687, 0.002527, 0.7324, 1.98014
8382.52, 0.717611, 0.00250776, 0.72294, 2.12354
8382.53, 0.718292, 0.0025091, 0.71969, 2.21776
8382.54, 0.727356, 0.00253025, 0.72284, 2.26694
8382.55, 0.743681, 0.00256866, 0.73216, 2.27988
8382.56, 0.765956, 0.00262125, 0.74705, 2.26331
8382.57, 0.79218, 0.00268294, 0.76653, 2.22656
8382.58, 0.820186, 0.00274813, 0.78935, 2.17531
8382.59, 0.848054, 0.00281214, 0.81408, 2.11318
8382.6, 0.874383, 0.00287208, 0.83921, 2.04951
8382.61, 0.897848, 0.00292535, 0.86326, 1.98687
8382.62, 0.917408, 0.0029698, 0.88486, 1.92889
8382.63, 0.932376, 0.0030039, 0.90283, 1.87919
8382.64, 0.94212, 0.00302621, 0.91624, 1.83933
8382.65, 0.946499, 0.00303634, 0.92446, 1.81137
8382.66, 0.945731, 0.00303466, 0.92715, 1.79584
8382.67, 0.940037, 0.00302158, 0.9243, 1.79274
8382.68, 0.929588, 0.00299754, 0.91621, 1.80154
8382.69, 0.914532, 0.00296304, 0.90347, 1.82069
8382.7, 0.895257, 0.00291901, 0.88692, 1.84865
8382.71, 0.873056, 0.00286821, 0.86765, 1.88281
8382.72, 0.849441, 0.00281385, 0.84693, 1.92061
8382.73, 0.825968, 0.00275937, 0.82614, 1.9584
8382.74, 0.804283, 0.00270879, 0.80669, 1.99308
8382.75, 0.78604, 0.00266621, 0.78991, 2.02207
8382.76, 0.772711, 0.00263511, 0.777, 2.04226
8382.77, 0.765543, 0.00261828, 0.76888, 2.05106
8382.78, 0.765682, 0.00261826, 0.76615, 2.04692
8382.79, 0.773062, 0.00263496, 0.76903, 2.02725
8382.8, 0.786721, 0.00266638, 0.77734, 1.99205
8382.81, 0.805603, 0.00271022, 0.79052, 1.93924
8382.82, 0.828148, 0.00276275, 0.80773, 1.86987
8382.83, 0.852579, 0.00281959, 0.82788, 1.78445
8382.84, 0.877237, 0.0028767, 0.84979, 1.68351
8382.85, 0.900906, 0.00293132, 0.87225, 1.57013
8382.86, 0.922482, 0.00298095, 0.89418, 1.44589
8382.87, 0.941112, 0.00302369, 0.91466, 1.31388
8382.88, 0.956483, 0.00305877, 0.93302, 1.17721
8382.89, 0.968366, 0.00308564, 0.94885, 1.03847
8382.9, 0.977052, 0.00310502, 0.96199, 0.901805
8382.91, 0.983472, 0.00311921, 0.97249, 0.770831
8382.92, 0.988556, 0.0031305, 0.98059, 0.646587
8382.93, 0.992657, 0.00313977, 0.98661, 0.532696
8382.94, 0.995712, 0.00314687, 0.99092, 0.429677
8382.95, 0.997695, 0.00315171, 0.9939, 0.340118
8382.96, 0.99893, 0.00315482, 0.9959, 0.262983
8382.97, 0.999882, 0.003157, 0.9972, 0.199308
8382.98, 1.00089, 0.00315886, 0.99802, 0.14754
8382.99, 1.00183, 0.0031603, 0.99853, 0.107678
8383, 1.00245, 0.00316108, 0.99884, 0.0771348
8383.01, 1.00266, 0.00316116, 0.99903, 0.0543568
8383.02, 1.00266, 0.00316099, 0.99916, 0.0383086
8383.03, 1.00264, 0.00316105, 0.99925, 0.0274372
8383.04, 1.00259, 0.00316119, 0.99931, 0.019672
8383.05, 1.00218, 0.00316057, 0.99936, 0.0139775
8383.06, 1.00111, 0.00315835, 0.99939, 0.0103537
8383.07, 0.99957, 0.0031549, 0.99942, 0.00776525
8383.08, 0.998082, 0.0031514, 0.99944, 0.00569452
8383.09, 0.997108, 0.00314888, 0.99946, 0.00465915
8383.1, 0.996657, 0.00314745, 0.99947, 0.0031061
8383.11, 0.996551, 0.00314686, 1, 0
8383.12, 0.99664, 0.00314686, 1, 0
8383.13, 0.996871, 0.00314731, 1, 0
8383.14, 0.997208, 0.0031481, 1, 0
8383.15, 0.99762, 0.00314911, 1, 0
8383.16, 0.998077, 0.00315025, 1, 0
8383.17, 0.998534, 0.00315139, 1, 0
8383.18, 0.99897, 0.00315247, 1, 0
8383.19, 0.999407, 0.00315355, 1, 0
8383.2, 0.999843, 0.00315463, 1, 0
