wav, obs, sigma_obs, syn, weight
8382.1, 1.00804, 0.00319288, 1, 0
8382.11, 1.0061, 0.00318869, 1, 0
8382.12, 1.00429, 0.00318494, 1, 0
8382.13, 1.00225, 0.00318046, 1, 0
8382.14, 0.999804, 0.00317465, 1, 0
8382.15, 0.996931, 0.00316752, 1, 0
8382.16, 0.993807, 0.00315984, 1, 0
8382.17, 0.990607, 0.00315236, 1, 0
8382.18, 0.987233, 0.00314483, 1, 0
8382.19, 0.983387, 0.00313631, 1, 0
8382.2, 0.978831, 0.00312601, 0.94345, 0.00303451
8382.21, 0.973822, 0.00311447, 0.93706, 0.00455177
8382.22, 0.968832, 0.00310286, 0.93218, 0.00556327
8382.23, 0.964203, 0.00309204, 0.92925, 0.00758628
8382.24, 0.959745, 0.00308169, 0.92855, 0.010115
8382.25, 0.955137, 0.00307122, 0.93013, 0.0131496
8382.26, 0.950433, 0.00306076, 0.93385, 0.0177013
8382.27, 0.946534, 0.00305221, 0.93936, 0.0242761
8382.28, 0.944442, 0.00304766, 0.94616, 0.0343911
8382.29, 0.94456, 0.00304795, 0.95369, 0.0480465
8382.3, 0.946492, 0.00305225, 0.96138, 0.0682765
8382.31, 0.949796, 0.00305963, 0.96873, 0.0960929
8382.32, 0.954126, 0.00306936, 0.97532, 0.133519
8382.33, 0.959216, 0.00308085, 0.98085, 0.181565
8382.34, 0.964772, 0.00309345, 0.98512, 0.24175
8382.35, 0.970292, 0.00310596, 0.988, 0.316095
8382.36, 0.975175, 0.00311695, 0.98935, 0.404096
8382.37, 0.978794, 0.00312492, 0.98902, 0.506258
8382.38, 0.980417, 0.00312823, 0.98679, 0.621064
8382.39, 0.979287, 0.00312521, 0.98237, 0.746996
8382.4, 0.974848, 0.00311466, 0.97538, 0.883549
8382.41, 0.967025, 0.00309653, 0.96545, 1.02718
8382.42, 0.955809, 0.00307094, 0.95225, 1.17587
8382.43, 0.941022, 0.00303743, 0.93563, 1.32608
8382.44, 0.92225, 0.00299473, 0.91565, 1.47528
8382.45, 0.899132, 0.0029417, 0.89273, 1.61942
8382.46, 0.872426, 0.00287998, 0.86763, 1.75547
8382.47, 0.843812, 0.00281354, 0.84148, 1.88039
8382.48, 0.814992, 0.00274639, 0.81564, 1.99115
8382.49, 0.787619, 0.00268242, 0.79167, 2.08572
8382.5, 0.763326, 0.00262546, 0.77107, 2.1626
8382.51, 0.743747, 0.00257937, 0.75524, 2.21975
8382.52, 0.730541, 0.00254811, 0.74527, 2.25768
8382.53, 0.725369, 0.00253568, 0.74184, 2.27588
8382.54, 0.729155, 0.00254434, 0.7452, 2.27487
8382.55, 0.741028, 0.00257215, 0.7551, 2.25768
8382.56, 0.759841, 0.00261649, 0.77083, 2.2248
8382.57, 0.784029, 0.00267358, 0.79127, 2.17979
8382.58, 0.811446, 0.00273788, 0.815, 2.12517
8382.59, 0.839923, 0.00280385, 0.84042, 2.06448
8382.6, 0.867731, 0.00286748, 0.86589, 2.00227
8382.61, 0.89351, 0.00292607, 0.88988, 1.94108
8382.62, 0.915961, 0.00297705, 0.91104, 1.88443
8382.63, 0.934204, 0.00301854, 0.92834, 1.83588
8382.64, 0.947565, 0.00304902, 0.94101, 1.79694
8382.65, 0.955505, 0.00306724, 0.94861, 1.76963
8382.66, 0.958087, 0.00307327, 0.95095, 1.75445
8382.67, 0.955542, 0.00306748, 0.94806, 1.75142
8382.68, 0.948078, 0.00305031, 0.94019, 1.76002
8382.69, 0.935855, 0.00302222, 0.92782, 1.77873
8382.7, 0.919036, 0.00298373, 0.91164, 1.80604
8382.71, 0.898321, 0.00293641, 0.8926, 1.83942
8382.72, 0.87518, 0.00288338, 0.87188, 1.87583
8382.73, 0.851149, 0.00282789, 0.85082, 1.91275
8382.74, 0.827838, 0.00277367, 0.8309, 1.94715
8382.75, 0.806925, 0.00272486, 0.81356, 1.97142
8382.76, 0.790055, 0.0026855, 0.80012, 1.98407
8382.77, 0.778608, 0.00265877, 0.79163, 1.98002
8382.78, 0.773831, 0.00264744, 0.78874, 1.95119
8382.79, 0.776634, 0.00265355, 0.79171, 1.89303
8382.8, 0.786438, 0.0026759, 0.80031, 1.79947
8382.81, 0.80225, 0.0027124, 0.8139, 1.66696
8382.82, 0.822864, 0.00276036, 0.83145, 1.49703
8382.83, 0.84655, 0.00281554, 0.85172, 1.29523
8382.84, 0.871509, 0.00287354, 0.87336, 1.07371
8382.85, 0.896221, 0.0029307, 0.89505, 0.848652
8382.86, 0.919564, 0.00298449, 0.91564, 0.636236
8382.87, 0.940471, 0.00303253, 1, 0
8382.88, 0.958253, 0.00307325, 1, 0
8382.89, 0.972541, 0.00310579, 1, 0
8382.9, 0.983106, 0.00312962, 1, 0
8382.91, 0.990819, 0.00314679, 1, 0
8382.92, 0.997085, 0.00316057, 1, 0
8382.93, 1.00488, 0.00317793, 1, 0
8382.94, 1.01273, 0.00319541, 1, 0
8382.95, 1.02058, 0.00321289, 1, 0
8382.96, 1.02843, 0.00323037, 1, 0
