wav, obs, sigma_obs, syn, weight
8396.48, 1.00086, 0.00312966, 1, 0
8396.49, 1.00193, 0.00313244, 1, 0
8396.5, 1.00232, 0.00313359, 1, 0
8396.51, 1.00179, 0.00313252, 1, 0
8396.52, 1.0009, 0.00313053, 1, 0
8396.53, 1.00048, 0.00312948, 1, 0
8396.54, 1.00085, 0.00313015, 1, 0
8396.55, 1.00141, 0.0031313, 1, 0
8396.56, 1.00152, 0.00313156, 1, 0
8396.57, 1.00102, 0.00313056, 1, 0
8396.58, 1.00014, 0.00312875, 0.99946, 0.00379333
8396.59, 0.999105, 0.00312657, 0.99941, 0.00569
8396.6, 0.998063, 0.00312427, 0.99936, 0.00758666
8396.61, 0.997121, 0.00312202, 0.9993, 0.01138
8396.62, 0.996338, 0.00311997, 0.99923, 0.0151733
8396.63, 0.995681, 0.00311819, 0.99915, 0.0208633
8396.64, 0.99511, 0.00311674, 0.99905, 0.0303466
8396.65, 0.994692, 0.00311577, 0.99894, 0.0445716
8396.66, 0.994584, 0.00311548, 0.99881, 0.0644866
8396.67, 0.994886, 0.003116, 0.99863, 0.0948333
8396.68, 0.995371, 0.00311691, 0.99839, 0.13656
8396.69, 0.995697, 0.00311761, 0.99806, 0.194408
8396.7, 0.995659, 0.00311768, 0.99757, 0.269326
8396.71, 0.995356, 0.00311705, 0.99686, 0.366056
8396.72, 0.994901, 0.00311566, 0.99577, 0.485546
8396.73, 0.993964, 0.00311287, 0.99414, 0.629693
8396.74, 0.991802, 0.00310749, 0.99168, 0.797548
8396.75, 0.987754, 0.00309841, 0.98806, 0.990059
8396.76, 0.981741, 0.00308521, 0.98285, 1.20343
8396.77, 0.973905, 0.00306772, 0.97559, 1.43483
8396.78, 0.964228, 0.00304565, 0.96581, 1.6795
8396.79, 0.952316, 0.00301839, 0.95311, 1.93081
8396.8, 0.937731, 0.00298528, 0.93726, 2.18591
8396.81, 0.920231, 0.00294582, 0.9183, 2.43721
8396.82, 0.899759, 0.00289963, 0.89658, 2.67809
8396.83, 0.876431, 0.00284674, 0.87284, 2.90379
8396.84, 0.85144, 0.00278979, 0.84817, 3.10769
8396.85, 0.826413, 0.00273249, 0.82393, 3.28597
8396.86, 0.802982, 0.00267856, 0.80162, 3.43486
8396.87, 0.782784, 0.00263185, 0.78276, 3.55151
8396.88, 0.767445, 0.00259619, 0.76868, 3.63306
8396.89, 0.758262, 0.00257469, 0.76043, 3.68048
8396.9, 0.756195, 0.00256971, 0.75864, 3.69281
8396.91, 0.761965, 0.00258306, 0.76344, 3.66815
8396.92, 0.774712, 0.00261265, 0.7745, 3.60746
8396.93, 0.792899, 0.00265476, 0.79099, 3.51262
8396.94, 0.814971, 0.00270563, 0.81173, 3.38365
8396.95, 0.83933, 0.00276149, 0.83524, 3.22433
8396.96, 0.86438, 0.00281857, 0.85996, 3.03656
8396.97, 0.888668, 0.00287365, 0.88437, 2.82413
8396.98, 0.910899, 0.00292411, 0.90715, 2.59274
8396.99, 0.92992, 0.0029676, 0.9273, 2.34712
8397, 0.945612, 0.00300355, 0.94421, 2.09487
8397.01, 0.95832, 0.00303223, 0.95763, 1.83977
8397.02, 0.968368, 0.00305412, 0.96765, 1.59035
8397.03, 0.976019, 0.00307036, 0.97463, 1.34948
8397.04, 0.981525, 0.00308217, 0.97907, 1.12472
8397.05, 0.985178, 0.00309043, 0.98154, 0.918934
8397.06, 0.987315, 0.00309563, 0.98261, 0.734009
8397.07, 0.98828, 0.00309822, 0.98282, 0.57469
8397.08, 0.988473, 0.00309888, 0.98259, 0.440026
8397.09, 0.988314, 0.00309832, 0.98227, 0.329071
8397.1, 0.988122, 0.00309721, 0.9821, 0.239928
8397.11, 0.987914, 0.00309599, 0.98224, 0.171648
8397.12, 0.98766, 0.00309505, 0.98275, 0.120438
8397.13, 0.987508, 0.00309485, 0.98363, 0.0834533
8397.14, 0.987825, 0.00309591, 0.98483, 0.0569
8397.15, 0.988909, 0.00309862, 0.98628, 0.0388816
8397.16, 0.990412, 0.00310205, 0.98786, 0.0275016
8397.17, 0.991663, 0.00310461, 0.98947, 0.019915
8397.18, 0.992267, 0.00310544, 0.99103, 0.014225
8397.19, 0.992652, 0.0031058, 0.99247, 0.0104317
8397.2, 0.99339, 0.00310733, 0.99373, 0.00758666
8397.21, 0.994576, 0.00311025, 0.9948, 0.00474166
8397.22, 0.995721, 0.00311301, 0.99567, 0.00379333
8397.23, 0.996365, 0.00311423, 1, 0
8397.24, 0.996616, 0.0031143, 1, 0
8397.25, 0.996866, 0.00311456, 1, 0
8397.26, 0.99738, 0.00311587, 1, 0
8397.27, 0.998012, 0.00311764, 1, 0
8397.28, 0.998539, 0.00311895, 1, 0
8397.29, 0.998871, 0.00311948, 1, 0
8397.3, 0.999089, 0.00311954, 1, 0
8397.31, 0.999358, 0.0031198, 1, 0
8397.32, 0.999654, 0.00312018, 1, 0
