wav, obs, sigma_obs, syn, weight
8411.93, 0.988508, 0.00323802, 1, 0
8411.94, 0.984832, 0.00322916, 1, 0
8411.95, 0.980479, 0.00321851, 1, 0
8411.96, 0.976972, 0.0032101, 1, 0
8411.97, 0.975092, 0.00320599, 1, 0
8411.98, 0.974956, 0.00320633, 1, 0
8411.99, 0.976035, 0.0032094, 1, 0
8412, 0.977829, 0.00321366, 1, 0
8412.01, 0.980052, 0.00321862, 1, 0
8412.02, 0.982485, 0.0032241, 1, 0
8412.03, 0.985084, 0.00323016, 0.99679, 0.00532147
8412.04, 0.988007, 0.00323711, 0.99672, 0.00836231
8412.05, 0.991322, 0.00324504, 0.99665, 0.0106429
8412.06, 0.994593, 0.00325283, 0.99658, 0.014444
8412.07, 0.997238, 0.00325898, 0.99651, 0.0190053
8412.08, 0.99895, 0.00326282, 0.99643, 0.0243267
8412.09, 0.999798, 0.00326477, 0.99635, 0.0334493
8412.1, 0.999926, 0.00326536, 0.99625, 0.0456126
8412.11, 0.999792, 0.00326553, 0.99613, 0.0638577
8412.12, 0.99996, 0.0032663, 0.99599, 0.0897048
8412.13, 1.00049, 0.0032677, 0.99581, 0.126955
8412.14, 1.00067, 0.00326811, 0.99555, 0.178649
8412.15, 0.999831, 0.00326613, 0.99517, 0.247068
8412.16, 0.998285, 0.00326251, 0.99456, 0.335253
8412.17, 0.996742, 0.00325899, 0.99358, 0.444723
8412.18, 0.995257, 0.00325572, 0.99201, 0.575479
8412.19, 0.992697, 0.00324996, 0.98953, 0.728282
8412.2, 0.987923, 0.00323896, 0.98573, 0.90237
8412.21, 0.980838, 0.00322246, 0.98006, 1.09394
8412.22, 0.971875, 0.00320143, 0.97195, 1.30148
8412.23, 0.961055, 0.00317596, 0.96076, 1.52194
8412.24, 0.947518, 0.00314416, 0.94596, 1.75076
8412.25, 0.930348, 0.00310402, 0.9272, 1.98643
8412.26, 0.909179, 0.00305451, 0.9044, 2.22362
8412.27, 0.883976, 0.00299524, 0.87788, 2.45928
8412.28, 0.854936, 0.0029264, 0.84839, 2.68658
8412.29, 0.822805, 0.0028496, 0.81707, 2.90172
8412.3, 0.788501, 0.00276693, 0.7854, 3.09938
8412.31, 0.754031, 0.00268326, 0.75505, 3.27347
8412.32, 0.722155, 0.00260544, 0.72771, 3.42171
8412.33, 0.695393, 0.00253977, 0.70499, 3.53878
8412.34, 0.675534, 0.00249092, 0.68821, 3.62164
8412.35, 0.664177, 0.00246308, 0.67838, 3.66954
8412.36, 0.662061, 0.0024582, 0.67606, 3.68094
8412.37, 0.669233, 0.00247639, 0.68139, 3.65509
8412.38, 0.685407, 0.00251686, 0.69405, 3.59199
8412.39, 0.709241, 0.00257598, 0.7133, 3.49469
8412.4, 0.739146, 0.00264947, 0.738, 3.36545
8412.41, 0.772972, 0.00273195, 0.76669, 3.20581
8412.42, 0.808063, 0.00281705, 0.79772, 3.02108
8412.43, 0.842001, 0.00289898, 0.82938, 2.81582
8412.44, 0.873386, 0.00297437, 0.86007, 2.5946
8412.45, 0.901081, 0.00304049, 0.88843, 2.36349
8412.46, 0.924376, 0.00309586, 0.91346, 2.12783
8412.47, 0.943009, 0.00314028, 0.93461, 1.89064
8412.48, 0.956907, 0.00317391, 0.95171, 1.6565
8412.49, 0.966759, 0.00319817, 0.96495, 1.42996
8412.5, 0.973467, 0.00321487, 0.97479, 1.21482
8412.51, 0.977851, 0.00322588, 0.9818, 1.01412
8412.52, 0.980626, 0.00323312, 0.98661, 0.82939
8412.53, 0.982463, 0.0032384, 0.98978, 0.664424
8412.54, 0.983829, 0.00324292, 0.99181, 0.519984
8412.55, 0.985118, 0.00324764, 0.99307, 0.39759
8412.56, 0.986512, 0.00325273, 0.99383, 0.296482
8412.57, 0.987904, 0.0032573, 0.9943, 0.21742
8412.58, 0.989221, 0.00326069, 0.99458, 0.156603
8412.59, 0.990711, 0.00326396, 0.99475, 0.110991
8412.6, 0.992742, 0.00326883, 0.99487, 0.0783017
8412.61, 0.995326, 0.00327567, 0.99495, 0.0554954
8412.62, 0.99793, 0.00328282, 0.995, 0.0402912
8412.63, 1.00004, 0.00328864, 0.99505, 0.0296482
8412.64, 1.0016, 0.00329288, 0.99508, 0.0228063
8412.65, 1.00276, 0.00329593, 0.9951, 0.0174848
8412.66, 1.00363, 0.00329815, 0.99511, 0.0136838
8412.67, 1.00424, 0.00329984, 0.99512, 0.0106429
8412.68, 1.0046, 0.00330126, 0.99514, 0.00684189
8412.69, 1.00476, 0.00330247, 0.99517, 0.00532147
8412.7, 1.00481, 0.00330342, 1, 0
8412.71, 1.00488, 0.00330429, 1, 0
8412.72, 1.00523, 0.00330567, 1, 0
8412.73, 1.00606, 0.00330808, 1, 0
8412.74, 1.00707, 0.00331081, 1, 0
8412.75, 1.00767, 0.00331246, 1, 0
8412.76, 1.00752, 0.00331224, 1, 0
8412.77, 1.00689, 0.00331084, 1, 0
8412.78, 1.00638, 0.00330973, 1, 0
8412.79, 1.00599, 0.00330894, 1, 0
