wav, obs, sigma_obs, syn, weight
8434.53, 0.97144, 0.00383844, 1, 0
8434.54, 0.975558, 0.00384953, 1, 0
8434.55, 0.979923, 0.00386172, 1, 0
8434.56, 0.984498, 0.00387505, 1, 0
8434.57, 0.988552, 0.00388696, 1, 0
8434.58, 0.991318, 0.00389479, 1, 0
8434.59, 0.992894, 0.00389894, 1, 0
8434.6, 0.993778, 0.00390122, 1, 0
8434.61, 0.994285, 0.00390265, 1, 0
8434.62, 0.994529, 0.00390337, 0.9945, 0.0121143
8434.63, 0.994578, 0.00390351, 0.99511, 0.0189286
8434.64, 0.994415, 0.00390331, 0.99571, 0.0287715
8434.65, 0.994061, 0.00390306, 0.99621, 0.0401286
8434.66, 0.993821, 0.0039031, 0.99656, 0.0530001
8434.67, 0.994048, 0.00390371, 0.99678, 0.068143
8434.68, 0.994292, 0.00390375, 0.99688, 0.0855573
8434.69, 0.993493, 0.00390105, 0.99687, 0.109786
8434.7, 0.991359, 0.00389524, 0.99677, 0.140829
8434.71, 0.98893, 0.00388908, 0.99656, 0.183986
8434.72, 0.987049, 0.00388469, 0.99624, 0.242286
8434.73, 0.985295, 0.00388051, 0.99573, 0.319515
8434.74, 0.982998, 0.00387427, 0.99492, 0.416429
8434.75, 0.98006, 0.003866, 0.99364, 0.533787
8434.76, 0.976702, 0.00385697, 0.9916, 0.669315
8434.77, 0.97297, 0.00384735, 0.98841, 0.820744
8434.78, 0.968684, 0.00383592, 0.98353, 0.982773
8434.79, 0.963355, 0.00382082, 0.97633, 1.15162
8434.8, 0.955676, 0.00379865, 0.96611, 1.32197
8434.81, 0.944323, 0.00376607, 0.95217, 1.49157
8434.82, 0.928818, 0.00372202, 0.93396, 1.65739
8434.83, 0.909016, 0.0036663, 0.91115, 1.82017
8434.84, 0.884494, 0.00359732, 0.88376, 1.97917
8434.85, 0.854591, 0.0035123, 0.85216, 2.13515
8434.86, 0.819351, 0.00341086, 0.81713, 2.29036
8434.87, 0.780219, 0.00329742, 0.77976, 2.44558
8434.88, 0.738744, 0.00317671, 0.74141, 2.60079
8434.89, 0.696218, 0.00305213, 0.70356, 2.75449
8434.9, 0.6539, 0.0029269, 0.66773, 2.90516
8434.91, 0.613588, 0.00280621, 0.63536, 3.04675
8434.92, 0.577432, 0.0026966, 0.60768, 3.17319
8434.93, 0.547522, 0.00260482, 0.58572, 3.27768
8434.94, 0.525863, 0.00253799, 0.57019, 3.35415
8434.95, 0.51405, 0.00250168, 0.56158, 3.39731
8434.96, 0.512411, 0.00249667, 0.56014, 3.40488
8434.97, 0.520999, 0.00252277, 0.5659, 3.37535
8434.98, 0.539682, 0.00257971, 0.5787, 3.31175
8434.99, 0.568194, 0.00266702, 0.59816, 3.21786
8435, 0.605071, 0.00277971, 0.62365, 3.09975
8435.01, 0.647642, 0.00290822, 0.65427, 2.96346
8435.02, 0.693313, 0.00304383, 0.68886, 2.81582
8435.03, 0.739778, 0.0031802, 0.72606, 2.66288
8435.04, 0.784859, 0.0033115, 0.76436, 2.50842
8435.05, 0.826835, 0.00343292, 0.80225, 2.3532
8435.06, 0.864176, 0.00354009, 0.83831, 2.19875
8435.07, 0.895916, 0.00363074, 0.87132, 2.04353
8435.08, 0.92151, 0.0037041, 0.90036, 1.88605
8435.09, 0.941091, 0.00376081, 0.92487, 1.72553
8435.1, 0.955832, 0.00380367, 0.9447, 1.56123
8435.11, 0.966928, 0.00383565, 0.96001, 1.39314
8435.12, 0.975328, 0.00385974, 0.97127, 1.22354
8435.13, 0.98186, 0.00387867, 0.9791, 1.0547
8435.14, 0.986743, 0.00389285, 0.98417, 0.889644
8435.15, 0.989899, 0.00390154, 0.98714, 0.73443
8435.16, 0.991536, 0.00390537, 0.98857, 0.592087
8435.17, 0.992178, 0.00390639, 0.9889, 0.467915
8435.18, 0.992243, 0.00390626, 0.98848, 0.363429
8435.19, 0.991862, 0.00390543, 0.98753, 0.279386
8435.2, 0.991134, 0.00390414, 0.98626, 0.215029
8435.21, 0.990241, 0.00390225, 0.98482, 0.168086
8435.22, 0.989392, 0.00389957, 0.98333, 0.134772
8435.23, 0.988859, 0.003897, 0.98191, 0.1113
8435.24, 0.988951, 0.00389626, 0.98068, 0.0954001
8435.25, 0.989597, 0.00389767, 0.97973, 0.0848001
8435.26, 0.990095, 0.00389925, 0.97913, 0.0779858
8435.27, 0.989994, 0.00389963, 0.97894, 0.0726858
8435.28, 0.990027, 0.00390058, 0.97917, 0.068143
8435.29, 0.991056, 0.00390422, 0.97983, 0.0636001
8435.3, 0.992545, 0.00390881, 0.98085, 0.0583001
8435.31, 0.993241, 0.00391064, 0.98219, 0.0530001
8435.32, 0.99299, 0.00390932, 0.98376, 0.0446715
8435.33, 0.99292, 0.00390837, 0.98547, 0.0363429
8435.34, 0.993646, 0.0039098, 0.98723, 0.0280143
8435.35, 0.994309, 0.00391133, 0.98897, 0.0196857
8435.36, 0.994, 0.00391049, 0.99065, 0.0128714
8435.37, 0.992862, 0.0039077, 1, 0
8435.38, 0.991396, 0.00390435, 1, 0
8435.39, 0.989531, 0.00389996, 1, 0
8435.4, 0.986742, 0.0038926, 1, 0
8435.41, 0.982876, 0.00388163, 1, 0
8435.42, 0.978446, 0.00386878, 1, 0
8435.43, 0.974418, 0.00385727, 1, 0
8435.44, 0.97039, 0.00384576, 1, 0
8435.45, 0.966362, 0.00383425, 1, 0
