wav, obs, sigma_obs, syn, weight
8435.2, 0.990403, 0.00390078, 1, 0
8435.21, 0.989563, 0.00389917, 1, 0
8435.22, 0.988744, 0.00389688, 1, 0
8435.23, 0.988059, 0.00389408, 1, 0
8435.24, 0.987846, 0.00389239, 1, 0
8435.25, 0.98833, 0.00389311, 1, 0
8435.26, 0.988982, 0.00389489, 1, 0
8435.27, 0.989098, 0.0038957, 1, 0
8435.28, 0.988956, 0.00389612, 1, 0
8435.29, 0.989539, 0.00389858, 0.9837, 0.0117269
8435.3, 0.990995, 0.00390324, 0.98275, 0.0190562
8435.31, 0.992143, 0.00390657, 0.9826, 0.0278514
8435.32, 0.992157, 0.00390615, 0.98311, 0.0373795
8435.33, 0.99187, 0.00390461, 0.98407, 0.0461747
8435.34, 0.992315, 0.00390517, 0.9853, 0.0549698
8435.35, 0.993132, 0.00390701, 0.98663, 0.0630321
8435.36, 0.993281, 0.00390731, 0.98795, 0.0710943
8435.37, 0.992429, 0.00390517, 0.98919, 0.0813554
8435.38, 0.991009, 0.00390182, 0.99027, 0.0938152
8435.39, 0.989281, 0.00389783, 0.99116, 0.113604
8435.4, 0.986999, 0.0038921, 0.99182, 0.141456
8435.41, 0.98385, 0.00388338, 0.99218, 0.181034
8435.42, 0.97956, 0.003871, 0.99218, 0.236737
8435.43, 0.973937, 0.00385467, 0.9917, 0.31003
8435.44, 0.967784, 0.00383698, 0.99054, 0.403845
8435.45, 0.962636, 0.00382264, 0.98845, 0.518182
8435.46, 0.958863, 0.00381262, 0.98507, 0.651576
8435.47, 0.954952, 0.00380191, 0.97997, 0.801094
8435.48, 0.949632, 0.00378639, 0.97268, 0.963072
8435.49, 0.943105, 0.00376708, 0.96272, 1.13384
8435.5, 0.935783, 0.00374579, 0.94969, 1.30828
8435.51, 0.927048, 0.00372105, 0.93331, 1.48492
8435.52, 0.915747, 0.00368972, 0.91349, 1.66009
8435.53, 0.900715, 0.00364808, 0.89033, 1.83526
8435.54, 0.880771, 0.00359182, 0.86416, 2.00896
8435.55, 0.855113, 0.00351808, 0.83549, 2.18267
8435.56, 0.823829, 0.00342762, 0.80497, 2.35711
8435.57, 0.787387, 0.00332223, 0.77341, 2.53081
8435.58, 0.747658, 0.00320682, 0.74171, 2.70305
8435.59, 0.706953, 0.00308727, 0.71086, 2.87162
8435.6, 0.667052, 0.00296866, 0.68191, 3.03067
8435.61, 0.629343, 0.0028555, 0.65594, 3.17359
8435.62, 0.595613, 0.00275346, 0.63402, 3.29599
8435.63, 0.568289, 0.0026701, 0.61713, 3.39054
8435.64, 0.549601, 0.00261253, 0.60608, 3.45284
8435.65, 0.540872, 0.00258556, 0.60144, 3.47922
8435.66, 0.54307, 0.0025929, 0.60344, 3.46676
8435.67, 0.55586, 0.00263307, 0.61197, 3.41839
8435.68, 0.578235, 0.00270192, 0.62661, 3.3363
8435.69, 0.608894, 0.00279489, 0.64663, 3.22343
8435.7, 0.646223, 0.00290692, 0.67111, 3.08784
8435.71, 0.688283, 0.00303209, 0.699, 2.93392
8435.72, 0.732415, 0.00316243, 0.72923, 2.76828
8435.73, 0.77596, 0.00329002, 0.76072, 2.59678
8435.74, 0.816755, 0.00340851, 0.79246, 2.42234
8435.75, 0.852908, 0.00351243, 0.82351, 2.2479
8435.76, 0.883939, 0.00360083, 0.85303, 2.07346
8435.77, 0.910386, 0.00367605, 0.88029, 1.89902
8435.78, 0.932392, 0.00373886, 0.90473, 1.72385
8435.79, 0.949471, 0.00378763, 0.92594, 1.54795
8435.8, 0.961562, 0.00382194, 0.94374, 1.37131
8435.81, 0.970203, 0.00384627, 0.95815, 1.19468
8435.82, 0.97715, 0.00386578, 0.96937, 1.02171
8435.83, 0.983233, 0.00388304, 0.97777, 0.854598
8435.84, 0.988803, 0.00389928, 0.98383, 0.699216
8435.85, 0.993403, 0.0039131, 0.98803, 0.557761
8435.86, 0.995766, 0.00392048, 0.99084, 0.434628
8435.87, 0.995682, 0.00392056, 0.99267, 0.332018
8435.88, 0.995298, 0.00391957, 0.99384, 0.249197
8435.89, 0.99647, 0.00392296, 0.99458, 0.186165
8435.9, 0.998118, 0.00392776, 0.99504, 0.139257
8435.91, 0.998437, 0.00392891, 0.99534, 0.106275
8435.92, 0.997752, 0.00392718, 0.99553, 0.0828212
8435.93, 0.997804, 0.00392721, 0.99565, 0.0666967
8435.94, 0.99913, 0.00393049, 0.99572, 0.0549698
8435.95, 1.00054, 0.00393404, 0.99576, 0.0454417
8435.96, 1.00107, 0.00393542, 0.99578, 0.0381124
8435.97, 1.00091, 0.00393502, 0.9958, 0.0307831
8435.98, 1.00041, 0.00393373, 0.99584, 0.0241867
8435.99, 0.999825, 0.00393231, 0.99594, 0.0175903
8436, 0.999374, 0.00393142, 0.99614, 0.0117269
8436.01, 0.999366, 0.00393192, 0.99646, 0.00806224
8436.02, 1.00021, 0.00393477, 1, 0
8436.03, 1.00175, 0.00393934, 1, 0
8436.04, 1.00273, 0.00394189, 1, 0
8436.05, 1.00219, 0.00393962, 1, 0
8436.06, 1.00104, 0.00393565, 1, 0
8436.07, 1.00061, 0.00393434, 1, 0
8436.08, 1.00106, 0.00393612, 1, 0
8436.09, 1.00166, 0.00393839, 1, 0
8436.1, 1.00198, 0.00393972, 1, 0
