wav, obs, sigma_obs, syn, weight
8438.53, 1.00122, 0.00398627, 1, 0
8438.54, 1.00178, 0.00398921, 1, 0
8438.55, 1.00197, 0.00399071, 1, 0
8438.56, 1.00132, 0.00398899, 1, 0
8438.57, 1.00007, 0.00398494, 1, 0
8438.58, 0.998891, 0.00398116, 1, 0
8438.59, 0.99813, 0.00397907, 1, 0
8438.6, 0.997721, 0.00397836, 1, 0
8438.61, 0.997517, 0.00397848, 0.99358, 0.00174825
8438.62, 0.99724, 0.00397845, 0.99359, 0.0034965
8438.63, 0.996656, 0.00397739, 0.99362, 0.00524476
8438.64, 0.995865, 0.00397531, 0.99367, 0.00874126
8438.65, 0.995078, 0.00397253, 0.99371, 0.013986
8438.66, 0.994353, 0.0039697, 0.99374, 0.0192308
8438.67, 0.993641, 0.00396766, 0.99376, 0.0297203
8438.68, 0.993112, 0.00396713, 0.99376, 0.041958
8438.69, 0.993231, 0.00396862, 0.99376, 0.0576923
8438.7, 0.994067, 0.0039717, 0.99374, 0.0839161
8438.71, 0.994555, 0.00397339, 0.99369, 0.122378
8438.72, 0.993784, 0.00397127, 0.99361, 0.174825
8438.73, 0.992779, 0.00396848, 0.99348, 0.243007
8438.74, 0.993111, 0.00396968, 0.99325, 0.337413
8438.75, 0.994576, 0.00397408, 0.99288, 0.456294
8438.76, 0.995721, 0.00397708, 0.99228, 0.601399
8438.77, 0.995574, 0.00397613, 0.9913, 0.772727
8438.78, 0.993847, 0.00397152, 0.98975, 0.973776
8438.79, 0.990512, 0.00396364, 0.98739, 1.19755
8438.8, 0.986109, 0.00395259, 0.98391, 1.43706
8438.81, 0.981057, 0.00393813, 0.97898, 1.69231
8438.82, 0.974555, 0.00391854, 0.9723, 1.9493
8438.83, 0.96548, 0.00389181, 0.96366, 2.20629
8438.84, 0.954132, 0.00385924, 0.95301, 2.4528
8438.85, 0.941786, 0.00382441, 0.94052, 2.68357
8438.86, 0.928901, 0.00378826, 0.92664, 2.89161
8438.87, 0.914829, 0.00374822, 0.91211, 3.07343
8438.88, 0.899603, 0.00370404, 0.89788, 3.22727
8438.89, 0.885275, 0.00366226, 0.88503, 3.34615
8438.9, 0.873988, 0.0036297, 0.87463, 3.43531
8438.91, 0.866548, 0.00360844, 0.86763, 3.49126
8438.92, 0.863301, 0.00359896, 0.86467, 3.51573
8438.93, 0.864628, 0.00360255, 0.86604, 3.50524
8438.94, 0.870905, 0.00362087, 0.87162, 3.46154
8438.95, 0.881426, 0.00365199, 0.88088, 3.38811
8438.96, 0.894072, 0.00368915, 0.89298, 3.27972
8438.97, 0.907249, 0.00372742, 0.90688, 3.13986
8438.98, 0.920962, 0.00376733, 0.92148, 2.97028
8438.99, 0.935207, 0.0038093, 0.93576, 2.77098
8439, 0.948578, 0.00384854, 0.94889, 2.5507
8439.01, 0.959334, 0.00387903, 0.96031, 2.30944
8439.02, 0.967343, 0.003901, 0.96973, 2.05594
8439.03, 0.973537, 0.00391875, 0.97714, 1.79545
8439.04, 0.97862, 0.00393458, 0.98268, 1.54021
8439.05, 0.982977, 0.00394811, 0.98665, 1.29371
8439.06, 0.986817, 0.00395904, 0.98936, 1.06119
8439.07, 0.989959, 0.00396767, 0.99114, 0.851399
8439.08, 0.992148, 0.00397412, 0.99226, 0.667832
8439.09, 0.993066, 0.0039773, 0.99294, 0.51049
8439.1, 0.992482, 0.00397608, 0.99333, 0.381119
8439.11, 0.99144, 0.0039734, 0.99355, 0.277972
8439.12, 0.991746, 0.00397463, 0.99366, 0.199301
8439.13, 0.993561, 0.00398028, 0.99371, 0.13986
8439.14, 0.995051, 0.00398498, 0.99371, 0.0979021
8439.15, 0.995061, 0.00398534, 0.99369, 0.0664336
8439.16, 0.994329, 0.00398356, 0.99365, 0.0472028
8439.17, 0.993713, 0.00398217, 0.9936, 0.0314685
8439.18, 0.993354, 0.00398152, 0.99352, 0.0227273
8439.19, 0.993168, 0.00398128, 0.99343, 0.0157343
8439.2, 0.992984, 0.00398091, 0.99332, 0.00874126
8439.21, 0.99259, 0.00397979, 0.99319, 0.00699301
8439.22, 0.992111, 0.00397842, 0.99307, 0.0034965
8439.23, 0.992058, 0.00397865, 0.99296, 0.00174825
8439.24, 0.992509, 0.00398076, 1, 0
8439.25, 0.992543, 0.00398147, 1, 0
8439.26, 0.991356, 0.00397795, 1, 0
8439.27, 0.989302, 0.00397139, 1, 0
8439.28, 0.98742, 0.00396543, 1, 0
8439.29, 0.985697, 0.00396003, 1, 0
8439.3, 0.983973, 0.00395463, 1, 0
8439.31, 0.98225, 0.00394923, 1, 0
