wav, obs, sigma_obs, syn, weight
8450.51, 1.00142, 0.00464848, 1, 0
8450.52, 1.00169, 0.00464964, 1, 0
8450.53, 1.00125, 0.00464982, 1, 0
8450.54, 1.00016, 0.00464911, 1, 0
8450.55, 0.999508, 0.00464899, 1, 0
8450.56, 0.999842, 0.00465015, 1, 0
8450.57, 1.00022, 0.00465091, 1, 0
8450.58, 0.999953, 0.00465041, 1, 0
8450.59, 1.00004, 0.00465171, 0.99964, 0.00198658
8450.6, 1.00133, 0.00465706, 0.99962, 0.00397317
8450.61, 1.00228, 0.00466098, 0.99961, 0.00397317
8450.62, 1.00117, 0.0046573, 0.9996, 0.00794634
8450.63, 0.999428, 0.00465091, 0.9996, 0.0139061
8450.64, 0.999526, 0.00465028, 0.99959, 0.0218524
8450.65, 1.00092, 0.00465489, 0.99958, 0.0317853
8450.66, 1.00153, 0.00465939, 0.99956, 0.0496646
8450.67, 1.001, 0.00466119, 0.99952, 0.0735036
8450.68, 1.0003, 0.00465993, 0.99946, 0.107276
8450.69, 0.999818, 0.00465674, 0.99936, 0.158927
8450.7, 0.999322, 0.00465416, 0.99919, 0.226471
8450.71, 0.998766, 0.00465376, 0.9989, 0.31984
8450.72, 0.998396, 0.00465567, 0.99843, 0.437049
8450.73, 0.998085, 0.00465811, 0.9977, 0.580083
8450.74, 0.997002, 0.00465606, 0.99658, 0.752915
8450.75, 0.994769, 0.00464748, 0.99493, 0.95356
8450.76, 0.992305, 0.0046385, 0.99257, 1.17804
8450.77, 0.990174, 0.00463334, 0.98936, 1.41842
8450.78, 0.98706, 0.00462552, 0.98514, 1.6727
8450.79, 0.981705, 0.00460842, 0.97982, 1.93096
8450.8, 0.975017, 0.00458557, 0.97339, 2.18723
8450.81, 0.968259, 0.00456243, 0.96596, 2.42959
8450.82, 0.960842, 0.00453736, 0.95773, 2.65606
8450.83, 0.951642, 0.0045066, 0.94904, 2.85869
8450.84, 0.941616, 0.00447332, 0.94035, 3.0355
8450.85, 0.932771, 0.00444415, 0.93215, 3.18251
8450.86, 0.925781, 0.00442137, 0.925, 3.29773
8450.87, 0.92034, 0.004404, 0.91938, 3.38117
8450.88, 0.916518, 0.00439178, 0.91573, 3.43083
8450.89, 0.914766, 0.00438524, 0.91432, 3.4507
8450.9, 0.915408, 0.00438588, 0.91526, 3.43878
8450.91, 0.918582, 0.00439633, 0.91848, 3.39309
8450.92, 0.924164, 0.00441683, 0.92373, 3.3176
8450.93, 0.931595, 0.00444336, 0.93061, 3.20635
8450.94, 0.94016, 0.00447224, 0.93863, 3.06729
8450.95, 0.94888, 0.00450163, 0.94727, 2.89843
8450.96, 0.957039, 0.00453024, 0.95598, 2.69977
8450.97, 0.964889, 0.00455774, 0.96433, 2.47727
8450.98, 0.972574, 0.00458339, 0.97194, 2.23689
8450.99, 0.978918, 0.00460362, 0.97858, 1.98261
8451, 0.982789, 0.00461552, 0.98412, 1.72634
8451.01, 0.985593, 0.00462487, 0.98856, 1.47007
8451.02, 0.989351, 0.00463938, 0.99197, 1.22572
8451.03, 0.993162, 0.00465501, 0.99448, 0.997265
8451.04, 0.994846, 0.00466259, 0.99626, 0.794634
8451.05, 0.994969, 0.00466345, 0.99748, 0.615841
8451.06, 0.995864, 0.00466582, 0.99829, 0.466847
8451.07, 0.997701, 0.00467126, 0.9988, 0.343679
8451.08, 0.998697, 0.00467526, 0.99912, 0.248323
8451.09, 0.998261, 0.00467586, 0.99931, 0.174819
8451.1, 0.997299, 0.00467436, 0.99942, 0.121182
8451.11, 0.996636, 0.00467271, 0.99948, 0.0834365
8451.12, 0.996825, 0.00467348, 0.99952, 0.0556244
8451.13, 0.997896, 0.00467743, 0.99953, 0.0377451
8451.14, 0.998825, 0.00468133, 0.99952, 0.0258256
8451.15, 0.998832, 0.00468245, 0.9995, 0.0178793
8451.16, 0.998198, 0.00468098, 0.99946, 0.00993292
8451.17, 0.997426, 0.00467821, 0.99942, 0.00595975
8451.18, 0.997135, 0.00467776, 0.99938, 0.00397317
8451.19, 0.997701, 0.00468227, 0.99935, 0.00198658
8451.2, 0.998066, 0.00468608, 1, 0
8451.21, 0.996969, 0.00468224, 1, 0
8451.22, 0.995189, 0.00467468, 1, 0
8451.23, 0.994282, 0.00467151, 1, 0
8451.24, 0.994386, 0.00467352, 1, 0
8451.25, 0.994496, 0.00467555, 1, 0
8451.26, 0.994395, 0.0046765, 1, 0
8451.27, 0.994294, 0.00467745, 1, 0
