wav, obs, sigma_obs, syn, weight
8517.95, 0.976611, 0.00321068, 1, 0
8517.96, 0.970671, 0.00319647, 1, 0
8517.97, 0.965285, 0.00318379, 1, 0
8517.98, 0.960762, 0.00317346, 1, 0
8517.99, 0.957119, 0.00316535, 1, 0
8518, 0.954274, 0.00315898, 1, 0
8518.01, 0.952309, 0.00315436, 1, 0
8518.02, 0.951668, 0.00315262, 1, 0
8518.03, 0.952817, 0.00315495, 1, 0
8518.04, 0.955702, 0.00316138, 1, 0
8518.05, 0.959807, 0.00317093, 0.96421, 0.370752
8518.06, 0.964632, 0.00318258, 0.9659, 0.488133
8518.07, 0.969872, 0.00319534, 0.96855, 0.602651
8518.08, 0.975291, 0.00320824, 0.97187, 0.699991
8518.09, 0.980653, 0.00322054, 0.97553, 0.771565
8518.1, 0.985718, 0.00323198, 0.97927, 0.810215
8518.11, 0.990247, 0.00324234, 0.9829, 0.820235
8518.12, 0.994069, 0.00325128, 0.9862, 0.803057
8518.13, 0.99707, 0.00325834, 0.98907, 0.772996
8518.14, 0.999184, 0.00326321, 0.99144, 0.73721
8518.15, 1.00061, 0.00326636, 0.99327, 0.710011
8518.16, 1.00164, 0.00326858, 0.99454, 0.697128
8518.17, 1.00239, 0.0032702, 0.99524, 0.705717
8518.18, 1.0026, 0.0032706, 0.99533, 0.744367
8518.19, 1.00199, 0.00326905, 0.99478, 0.813078
8518.2, 1.00053, 0.00326555, 0.99351, 0.914712
8518.21, 0.998507, 0.00326073, 0.9914, 1.04498
8518.22, 0.996074, 0.003255, 0.98835, 1.20387
8518.23, 0.992823, 0.00324732, 0.98423, 1.38424
8518.24, 0.988135, 0.00323614, 0.97896, 1.58321
8518.25, 0.98164, 0.00322058, 0.97249, 1.79077
8518.26, 0.973508, 0.00320124, 0.96486, 2.0012
8518.27, 0.963981, 0.00317892, 0.95621, 2.20733
8518.28, 0.953363, 0.00315432, 0.94681, 2.40345
8518.29, 0.942017, 0.00312804, 0.93701, 2.58238
8518.3, 0.930388, 0.00310089, 0.92726, 2.74271
8518.31, 0.919388, 0.00307499, 0.9181, 2.87726
8518.32, 0.910094, 0.0030529, 0.91006, 2.98606
8518.33, 0.90329, 0.00303652, 0.90365, 3.06765
8518.34, 0.89915, 0.00302639, 0.89929, 3.11918
8518.35, 0.897754, 0.00302282, 0.8973, 3.14209
8518.36, 0.898971, 0.00302555, 0.89781, 3.13636
8518.37, 0.902482, 0.00303385, 0.90078, 3.10057
8518.38, 0.907948, 0.0030469, 0.90602, 3.03759
8518.39, 0.914953, 0.00306366, 0.91315, 2.94311
8518.4, 0.923052, 0.003083, 0.92172, 2.82287
8518.41, 0.931747, 0.00310368, 0.9312, 2.67543
8518.42, 0.940432, 0.00312431, 0.94105, 2.50508
8518.43, 0.948503, 0.00314348, 0.95077, 2.31326
8518.44, 0.955643, 0.00316044, 0.95994, 2.10856
8518.45, 0.961774, 0.003175, 0.96824, 1.88955
8518.46, 0.966899, 0.00318715, 0.97547, 1.66767
8518.47, 0.971406, 0.00319776, 0.98153, 1.44579
8518.48, 0.975814, 0.00320805, 0.98643, 1.23107
8518.49, 0.980313, 0.00321851, 0.99026, 1.0278
8518.5, 0.984426, 0.0032282, 0.99314, 0.840276
8518.51, 0.987632, 0.00323608, 0.99524, 0.674225
8518.52, 0.98999, 0.0032422, 0.99672, 0.528214
8518.53, 0.99204, 0.00324751, 0.99773, 0.405107
8518.54, 0.994227, 0.00325277, 0.99839, 0.303473
8518.55, 0.996439, 0.00325779, 0.99881, 0.22331
8518.56, 0.998381, 0.00326205, 0.99907, 0.160325
8518.57, 0.999821, 0.00326513, 0.99923, 0.114518
8518.58, 1.00065, 0.00326686, 0.99931, 0.0801626
8518.59, 1.00079, 0.00326713, 0.99935, 0.0558275
8518.6, 1.00059, 0.0032667, 0.99936, 0.0386498
8518.61, 1.0007, 0.00326704, 0.99934, 0.027198
8518.62, 1.00158, 0.00326914, 0.99931, 0.0186092
8518.63, 1.00261, 0.00327153, 0.99927, 0.0128833
8518.64, 1.00282, 0.00327201, 0.99923, 0.00858885
8518.65, 1.00183, 0.00326972, 0.99919, 0.0057259
8518.66, 1.00039, 0.00326634, 1, 0
8518.67, 0.999315, 0.00326373, 1, 0
8518.68, 0.998838, 0.00326245, 1, 0
8518.69, 0.998772, 0.0032621, 1, 0
8518.7, 0.998931, 0.00326226, 1, 0
8518.71, 0.999215, 0.0032627, 1, 0
8518.72, 0.999527, 0.00326321, 1, 0
8518.73, 0.999782, 0.00326359, 1, 0
8518.74, 1.00004, 0.00326397, 1, 0
8518.75, 1.00029, 0.00326435, 1, 0
