wav, obs, sigma_obs, syn, weight
8674.95, 0.96908, 0.00420773, 1, 0
8674.96, 0.973176, 0.00422039, 1, 0
8674.97, 0.977055, 0.00423244, 1, 0
8674.98, 0.980405, 0.004243, 1, 0
8674.99, 0.983045, 0.00425154, 1, 0
8675, 0.984887, 0.00425774, 1, 0
8675.01, 0.985962, 0.00426156, 1, 0
8675.02, 0.986544, 0.00426352, 1, 0
8675.03, 0.986949, 0.00426434, 1, 0
8675.04, 0.987535, 0.00426556, 0.99008, 0.00183229
8675.05, 0.98864, 0.00426884, 0.99057, 0.00274844
8675.06, 0.989982, 0.00427362, 0.99112, 0.00458073
8675.07, 0.990763, 0.00427744, 0.99173, 0.00732917
8675.08, 0.990797, 0.0042795, 0.99234, 0.0119099
8675.09, 0.991149, 0.0042824, 0.99295, 0.0164906
8675.1, 0.992762, 0.00428844, 0.99353, 0.0229036
8675.11, 0.995199, 0.00429652, 0.99407, 0.0329812
8675.12, 0.997589, 0.00430439, 0.99454, 0.0476396
8675.13, 0.999179, 0.00430982, 0.99495, 0.0687109
8675.14, 0.999316, 0.00431062, 0.99528, 0.0989437
8675.15, 0.998104, 0.00430704, 0.99554, 0.14017
8675.16, 0.997057, 0.00430397, 0.99571, 0.197887
8675.17, 0.997391, 0.00430529, 0.99579, 0.273928
8675.18, 0.998178, 0.00430779, 0.99573, 0.369207
8675.19, 0.997939, 0.00430652, 0.99547, 0.48739
8675.2, 0.996489, 0.00430155, 0.99491, 0.629392
8675.21, 0.994592, 0.00429667, 0.99385, 0.792466
8675.22, 0.992441, 0.00429269, 0.99206, 0.978444
8675.23, 0.989207, 0.00428514, 0.9892, 1.18183
8675.24, 0.984167, 0.00427017, 0.98486, 1.40262
8675.25, 0.977503, 0.00424901, 0.97857, 1.63349
8675.26, 0.969566, 0.00422396, 0.96986, 1.8726
8675.27, 0.959698, 0.0041933, 0.95838, 2.11172
8675.28, 0.946555, 0.00415256, 0.94393, 2.349
8675.29, 0.929654, 0.0041, 0.9266, 2.5762
8675.3, 0.909905, 0.00403826, 0.90684, 2.78875
8675.31, 0.888381, 0.00397062, 0.88548, 2.98297
8675.32, 0.866296, 0.00390122, 0.86364, 3.15337
8675.33, 0.844921, 0.00383447, 0.84272, 3.29721
8675.34, 0.825758, 0.0037748, 0.82417, 3.41264
8675.35, 0.810448, 0.0037267, 0.80938, 3.49693
8675.36, 0.80017, 0.00369379, 0.7995, 3.5519
8675.37, 0.795427, 0.00367839, 0.79531, 3.57388
8675.38, 0.796615, 0.00368234, 0.79716, 3.56472
8675.39, 0.803941, 0.00370609, 0.80489, 3.5235
8675.4, 0.817446, 0.00374941, 0.8179, 3.45112
8675.41, 0.835886, 0.00380836, 0.83518, 3.3476
8675.42, 0.857285, 0.00387686, 0.85541, 3.21476
8675.43, 0.87996, 0.0039494, 0.87714, 3.05443
8675.44, 0.902637, 0.00402135, 0.89895, 2.86937
8675.45, 0.923976, 0.00408813, 0.91958, 2.66415
8675.46, 0.942316, 0.00414526, 0.93807, 2.44153
8675.47, 0.956211, 0.00418902, 0.95383, 2.20791
8675.48, 0.966734, 0.00422276, 0.96662, 1.9688
8675.49, 0.97623, 0.00425331, 0.97653, 1.72968
8675.5, 0.985218, 0.00428205, 0.98386, 1.49423
8675.51, 0.991956, 0.00430355, 0.98906, 1.26886
8675.52, 0.995406, 0.00431462, 0.99259, 1.05815
8675.53, 0.997047, 0.00431999, 0.9949, 0.865758
8675.54, 0.998631, 0.00432528, 0.99636, 0.692606
8675.55, 1.0004, 0.00433121, 0.99726, 0.542358
8675.56, 1.00187, 0.00433622, 0.9978, 0.415014
8675.57, 1.00289, 0.00433978, 0.99813, 0.309657
8675.58, 1.00367, 0.00434254, 0.99833, 0.226288
8675.59, 1.00434, 0.00434497, 0.99845, 0.161242
8675.6, 1.00479, 0.00434693, 0.99852, 0.113602
8675.61, 1.00491, 0.00434827, 0.99856, 0.0787885
8675.62, 1.00491, 0.00434946, 0.99857, 0.0540526
8675.63, 1.00514, 0.00435122, 0.99853, 0.037562
8675.64, 1.00557, 0.00435327, 0.99844, 0.0265682
8675.65, 1.00585, 0.00435433, 0.99827, 0.0183229
8675.66, 1.00578, 0.00435386, 0.99801, 0.0119099
8675.67, 1.0056, 0.00435326, 0.99762, 0.00732917
8675.68, 1.00555, 0.00435385, 0.99706, 0.00458073
8675.69, 1.00554, 0.00435497, 0.99634, 0.00366458
8675.7, 1.00532, 0.00435525, 0.99544, 0.00183229
8675.71, 1.00478, 0.00435409, 1, 0
8675.72, 1.00394, 0.00435159, 1, 0
8675.73, 1.00282, 0.00434797, 1, 0
8675.74, 1.00143, 0.00434363, 1, 0
8675.75, 0.999795, 0.00433896, 1, 0
8675.76, 0.998009, 0.00433413, 1, 0
8675.77, 0.996231, 0.00432931, 1, 0
8675.78, 0.994491, 0.00432453, 1, 0
8675.79, 0.992752, 0.00431976, 1, 0
