wav, obs, sigma_obs, syn, weight
8682.58, 0.997551, 0.00465791, 1, 0
8682.59, 0.996548, 0.00465435, 1, 0
8682.6, 0.99617, 0.00465292, 1, 0
8682.61, 0.997282, 0.00465657, 1, 0
8682.62, 0.999328, 0.00466365, 1, 0
8682.63, 1.00079, 0.00466935, 1, 0
8682.64, 1.00095, 0.00467127, 1, 0
8682.65, 1.00027, 0.00467044, 1, 0
8682.66, 0.99928, 0.00466829, 0.99961, 0
8682.67, 0.998604, 0.00466671, 0.99965, 0.00126561
8682.68, 0.99872, 0.00466731, 0.99968, 0.00253121
8682.69, 0.999358, 0.00466966, 0.99971, 0.00506242
8682.7, 1.00001, 0.00467262, 0.99972, 0.00759363
8682.71, 1.00039, 0.00467502, 0.99973, 0.0126561
8682.72, 1.00033, 0.00467567, 0.99973, 0.0202497
8682.73, 0.999907, 0.00467463, 0.99972, 0.0303745
8682.74, 0.999438, 0.00467355, 0.9997, 0.0455618
8682.75, 0.999155, 0.00467343, 0.99967, 0.0683427
8682.76, 0.99904, 0.00467366, 0.99963, 0.101248
8682.77, 0.999005, 0.00467343, 0.99957, 0.148076
8682.78, 0.998821, 0.00467226, 0.99947, 0.211356
8682.79, 0.998257, 0.00466987, 0.9993, 0.294886
8682.8, 0.997543, 0.00466738, 0.99902, 0.399931
8682.81, 0.997151, 0.0046666, 0.99854, 0.529023
8682.82, 0.996983, 0.00466713, 0.99776, 0.684692
8682.83, 0.996312, 0.00466616, 0.9965, 0.863143
8682.84, 0.994548, 0.00466121, 0.99454, 1.06437
8682.85, 0.991458, 0.00465077, 0.99161, 1.28332
8682.86, 0.986959, 0.00463426, 0.98739, 1.51746
8682.87, 0.981423, 0.00461452, 0.98159, 1.75919
8682.88, 0.97519, 0.0045944, 0.97393, 2.00345
8682.89, 0.967351, 0.00456956, 0.96426, 2.24265
8682.9, 0.956445, 0.00453243, 0.9526, 2.47299
8682.91, 0.942675, 0.00448402, 0.9392, 2.68688
8682.92, 0.927839, 0.00443354, 0.92456, 2.87925
8682.93, 0.913182, 0.00438633, 0.90942, 3.05011
8682.94, 0.898857, 0.00434022, 0.8947, 3.19059
8682.95, 0.885215, 0.00429425, 0.88144, 3.30576
8682.96, 0.873693, 0.00425448, 0.87066, 3.38929
8682.97, 0.86583, 0.00422777, 0.86324, 3.44371
8682.98, 0.862203, 0.00421589, 0.85981, 3.46649
8682.99, 0.862957, 0.00421839, 0.86067, 3.46143
8683, 0.868089, 0.00423552, 0.86575, 3.42473
8683.01, 0.877459, 0.00426801, 0.8746, 3.35892
8683.02, 0.890332, 0.00431327, 0.88649, 3.26273
8683.03, 0.905066, 0.00436359, 0.90045, 3.1387
8683.04, 0.920209, 0.00441303, 0.91546, 2.9843
8683.05, 0.935086, 0.00446202, 0.93051, 2.80585
8683.06, 0.949137, 0.00451134, 0.94473, 2.60462
8683.07, 0.961639, 0.00455697, 0.95748, 2.3844
8683.08, 0.971874, 0.00459353, 0.96836, 2.149
8683.09, 0.979988, 0.00462136, 0.97721, 1.90727
8683.1, 0.986721, 0.00464469, 0.98411, 1.66301
8683.11, 0.992355, 0.00466516, 0.98924, 1.42381
8683.12, 0.996562, 0.00468088, 0.9929, 1.196
8683.13, 0.999159, 0.0046905, 0.99541, 0.98211
8683.14, 1.00041, 0.00469459, 0.99706, 0.789738
8683.15, 1.00068, 0.00469437, 0.99811, 0.621412
8683.16, 1.00057, 0.00469286, 0.99875, 0.477133
8683.17, 1.00066, 0.0046933, 0.99914, 0.356901
8683.18, 1.00096, 0.00469553, 0.99937, 0.259449
8683.19, 1.00112, 0.00469739, 0.9995, 0.184778
8683.2, 1.00104, 0.00469793, 0.99959, 0.129092
8683.21, 1.00091, 0.00469755, 0.99964, 0.0885924
8683.22, 1.00084, 0.00469685, 0.99968, 0.0594834
8683.23, 1.00079, 0.00469669, 0.99971, 0.0392338
8683.24, 1.00069, 0.00469751, 0.99973, 0.0265777
8683.25, 1.00045, 0.00469787, 0.99975, 0.0164529
8683.26, 1.00001, 0.00469622, 0.99977, 0.0101248
8683.27, 0.999575, 0.00469359, 0.99978, 0.00632803
8683.28, 0.999475, 0.00469219, 0.9998, 0.00379682
8683.29, 0.999399, 0.00469176, 0.99981, 0.00126561
8683.3, 0.998476, 0.00468978, 0.99983, 0.00126561
8683.31, 0.996651, 0.00468553, 1, 0
8683.32, 0.995274, 0.00468144, 1, 0
8683.33, 0.995288, 0.00467941, 1, 0
8683.34, 0.995901, 0.00467874, 1, 0
8683.35, 0.996115, 0.00467832, 1, 0
8683.36, 0.995879, 0.00467786, 1, 0
8683.37, 0.99567, 0.0046774, 1, 0
8683.38, 0.995562, 0.00467695, 1, 0
