wav, obs, sigma_obs, syn, weight
8691.96, 0.998719, 0.00524026, 1, 0
8691.97, 0.997487, 0.00523558, 1, 0
8691.98, 0.997856, 0.00523747, 1, 0
8691.99, 0.99873, 0.00524116, 1, 0
8692, 0.998499, 0.00523979, 1, 0
8692.01, 0.997399, 0.00523496, 1, 0
8692.02, 0.996646, 0.00523271, 1, 0
8692.03, 0.996535, 0.00523414, 1, 0
8692.04, 0.996632, 0.00523648, 0.99975, 0
8692.05, 0.99681, 0.00523864, 0.99973, 0.00211554
8692.06, 0.997295, 0.00524158, 0.99972, 0.00634661
8692.07, 0.997921, 0.00524475, 0.99971, 0.0126932
8692.08, 0.997898, 0.00524519, 0.99971, 0.0232709
8692.09, 0.996968, 0.00524201, 0.9997, 0.0380797
8692.1, 0.996157, 0.00523938, 0.9997, 0.0571195
8692.11, 0.996369, 0.005241, 0.99969, 0.0888525
8692.12, 0.997606, 0.00524712, 0.99967, 0.131163
8692.13, 0.999489, 0.00525637, 0.99964, 0.192514
8692.14, 1.00072, 0.00526311, 0.99957, 0.270789
8692.15, 1.0001, 0.00526187, 0.99945, 0.372334
8692.16, 0.998753, 0.00525664, 0.99923, 0.497151
8692.17, 0.998526, 0.00525459, 0.99886, 0.647354
8692.18, 0.999115, 0.00525588, 0.99824, 0.825059
8692.19, 0.999017, 0.00525673, 0.99726, 1.01969
8692.2, 0.997785, 0.00525492, 0.99577, 1.23759
8692.21, 0.995828, 0.00524953, 0.9936, 1.46607
8692.22, 0.993155, 0.00524008, 0.99058, 1.69878
8692.23, 0.989299, 0.00522646, 0.98653, 1.93572
8692.24, 0.984132, 0.00520883, 0.98138, 2.16419
8692.25, 0.978081, 0.00518772, 0.97511, 2.37998
8692.26, 0.971381, 0.0051629, 0.96784, 2.57672
8692.27, 0.963731, 0.00513244, 0.95987, 2.75231
8692.28, 0.955111, 0.00509646, 0.95163, 2.90252
8692.29, 0.946591, 0.00506232, 0.94365, 3.02733
8692.3, 0.939262, 0.00503677, 0.93657, 3.12465
8692.31, 0.933364, 0.0050178, 0.93099, 3.19234
8692.32, 0.929013, 0.00500206, 0.9274, 3.23254
8692.33, 0.927084, 0.00499387, 0.92617, 3.24735
8692.34, 0.928605, 0.00499986, 0.9274, 3.23254
8692.35, 0.933071, 0.00501833, 0.93098, 3.19234
8692.36, 0.939153, 0.00504313, 0.93657, 3.12465
8692.37, 0.946234, 0.00507154, 0.94365, 3.02733
8692.38, 0.954259, 0.00510354, 0.95162, 2.90252
8692.39, 0.962826, 0.00513755, 0.95987, 2.75231
8692.4, 0.97114, 0.00517021, 0.96783, 2.57672
8692.41, 0.978639, 0.00519934, 0.97509, 2.37786
8692.42, 0.985137, 0.00522475, 0.98136, 2.16419
8692.43, 0.990453, 0.0052458, 0.98651, 1.93572
8692.44, 0.99435, 0.00526066, 0.99055, 1.70089
8692.45, 0.996723, 0.00526844, 0.99358, 1.46607
8692.46, 0.997887, 0.00527149, 0.99575, 1.23547
8692.47, 0.998305, 0.00527283, 0.99725, 1.0218
8692.48, 0.99874, 0.00527578, 0.99824, 0.825059
8692.49, 0.999818, 0.00528272, 0.99887, 0.64947
8692.5, 1.00085, 0.00528958, 0.99926, 0.497151
8692.51, 1.00083, 0.00529079, 0.99949, 0.372334
8692.52, 1.00035, 0.00528928, 0.99963, 0.272904
8692.53, 1.00073, 0.00529185, 0.99971, 0.190398
8692.54, 1.00145, 0.00529552, 0.99976, 0.133279
8692.55, 1.00071, 0.00529061, 0.99979, 0.0888525
8692.56, 0.998795, 0.0052797, 0.99981, 0.0571195
8692.57, 0.99812, 0.00527766, 0.99983, 0.0359641
8692.58, 0.999167, 0.00528682, 0.99984, 0.0211554
8692.59, 0.99964, 0.0052914, 0.99985, 0.0105777
8692.6, 0.998527, 0.0052844, 0.99987, 0.00634661
8692.61, 0.997659, 0.00527829, 0.99988, 0.00423107
8692.62, 0.998329, 0.00528177, 0.99989, 0.00211554
8692.63, 0.999516, 0.00528761, 1, 0
8692.64, 1.00013, 0.00528869, 1, 0
8692.65, 1.00031, 0.00528842, 1, 0
8692.66, 1.00042, 0.00529172, 1, 0
8692.67, 1.00054, 0.00529802, 1, 0
8692.68, 1.00066, 0.00530362, 1, 0
8692.69, 1.00078, 0.00530882, 1, 0
8692.7, 1.00089, 0.00531402, 1, 0
