4548.11 4.67107 2.85902 0.682458
4548.76 4.55832 1.84097 2.20827
4559.92 4.69109 3.40767 0.68934
4532.12 4.93071 3.86915 0.38327
4503.76 5.0693 4.66458 1.23123
4544.69 4.32665 1.07082 1.52454
4562.63 4.78804 2.77668 0.729946
4505.49 3.75786 5.30495 0.3798
4534.78 4.82841 1.60874 3.98086
4686.86 4.85134 3.00852 0.639511
4681.91 4.45705 3.16942 2.20028
4570.9 4.96896 2.26974 0.760388
4687.81 3.80542 1.93031 0.890736
4696.93 4.73232 3.78232 0.37537
4715.3 4.73372 2.49366 2.12752
4617.27 4.46388 1.93958 0.604858
4619.52 3.69421 0.504456 2.46404
4820.41 4.63882 2.38992 0.203511
4832.04 4.47101 2.96837 0.999344
4778.23 4.64434 2.4257 0.69943
4758.12 4.53478 1.59454 0.447803
4781.71 4.77047 2.59982 0.325869
4836.12 4.59574 2.46851 5.58981
4811.03 5.21856 3.08983 0.120887
4769.77 4.95799 5.18145 0.257176
4771.1 4.76115 5.36442 0.969709
4747.67 4.72422 4.35832 4.29849
4870.13 4.49935 1.34685 0.589998
4915.23 4.6179 0.861624 0.49813
4904.43 4.68454 2.44479 1.48408
4880.9 4.79014 3.0962 0.845209
4893.05 4.43344 2.31793 0.191466
4926.15 4.75856 3.40633 0.0699603
4925.4 4.56671 3.50326 1.21543
4928.34 4.50144 3.03956 0.155565
4921.76 4.69548 2.31949 0.470725
4840.87 4.38682 1.26927 1.18956
5024.84 4.49774 1.91531 1.13933
4964.72 4.66822 2.73552 0.380277
5013.28 4.62868 2.45531 2.26572
5009.66 4.74761 2.91016 0.818097
4989.14 4.71764 2.38262 5.36562
5025.57 5.04655 2.1876 4.78301
4981.73 4.72723 3.0107 4.76869
5044.22 3.68063 2.84182 4.17752
4991.06 4.75636 1.72676 3.02684
5120.42 4.78822 4.32727 8.7738
5152.18 4.64055 0.481144 1.53429
5071.47 4.86013 3.51493 9.98194
5062.1 4.74412 3.05024 4.25935
5212.24 4.97486 4.15993 0.37881
5201.08 5.03849 4.59541 2.78594
5238.54 4.58968 2.37219 1.36557
5237.35 4.9192 2.89599 1.15391
5219.7 4.7398 2.30852 0.243907
5295.78 4.76194 1.22092 0.698057
5308.43 5.08742 4.52534 0.251406
5289.27 3.67241 2.83872 5.0386
5259.97 4.63018 1.68846 0.0761843
5300.01 5.19925 3.42725 0.63832
5223.62 4.76159 3.38312 0.839057
5248.38 4.92259 1.70769 0.0876348
5436.69 4.71946 0.656301 2.17825
5351.07 4.57233 1.73563 0.381963
5438.3 4.9486 2.17742 0.161923
5460.5 4.90781 1.75068 3.83687
5435.82 4.56888 1.47886 0.546124
5329.18 3.68124 1.55218 2.395
5490.7 4.65064 1.21074 3.43718
5539.79 4.55985 2.23052 0.393678
5511.78 4.71927 1.63322 0.647256
5477.69 4.60175 2.22263 2.60258
5471.19 4.74021 1.62556 0.435956
5514.34 4.78053 1.47222 0.710346
5472.69 4.94609 1.83848 0.503211
5530.44 5.12479 2.62164 0.815847
5715.12 4.6243 2.61697 1.27953
5679.92 4.66711 2.046 0.77378
5547.01 3.74535 2.08204 1.73854
5648.57 4.67823 1.60686 0.0980682
5720.44 4.64096 0.898019 0.332694
5716.45 4.64678 1.97465 0.138384
5595.11 3.67579 1.64879 0.564996
5739.47 4.69114 1.42963 0.319204
5565.47 4.71081 3.05695 4.30171
5689.46 4.76495 1.53895 0.207358
5766.36 4.6761 2.18328 0.200689
5852.25 4.549 1.42841 1.24421
5918.54 4.80889 1.54729 0.766159
5831.57 5.21277 1.83311 0.374297
5823.69 4.70952 2.67522 0.35028
5937.81 4.80853 2.4835 0.253343
5866.45 4.65546 1.55521 2.45972
5861.13 5.08749 2.06668 0.129695
5804.26 4.62159 1.49122 0.329788
5903.32 4.88764 2.03014 0.370213
6138.42 3.9673 3.95741 0.414184
5978.54 4.82338 3.14588 12.0843
6098.66 4.62375 1.40122 0.156268
6121 4.68965 0.361678 0.128053
6091.17 4.68457 0.591731 0.452312
6150.16 5.64785 0.295826 44.1805
6064.63 4.8491 0.700011 0.147991
5940.65 5.1184 2.53521 0.610321
5965.83 4.70688 1.48259 1.03899
6546.27 4.74866 2.8348 23.181
6554.22 4.73878 1.50805 2.07586
6312.24 4.83625 1.31698 0.326153
6221.3 4.97262 3.09079 0.428284
6575.01 4.77699 0.329583 0.839155
6261.1 4.76878 1.67022 2.36827
6258.71 4.65431 1.36225 0.821669
6556.06 4.76785 0.962651 0.133715
7138.9 4.83883 2.49058 1.95728
7038.81 4.75912 1.85997 1.52004
6745.55 4.77362 1.84998 0.0914232
6667.73 4.57673 1.86023 0.979987
7008.37 5.07563 1.78926 0.724084
7216.18 4.94892 3.80206 9.55914
7489.58 4.78186 2.25165 0.473026
7223.66 4.77209 2.93533 7.63829
7496.1 4.68158 1.12413 0.255323
7271.51 4.97381 1.4956 1.8664
7299.68 4.61602 1.26195 0.753313
7251.71 4.69831 1.56986 8.10804
7357.73 5.32173 6.03163 15.86
7344.7 5.2593 1.61999 2.71788
8382.53 4.78131 1.0347 1.64653
8364.24 4.78844 0.191326 0.829527
7949.15 4.76831 0.205566 0.699006
7978.82 4.81381 0.752535 5.11826
7996.44 4.58915 1.7801 1.26747
8068.24 4.77561 0.555094 1.55131
8434.99 4.74212 1.78145 2.84055
8435.65 4.77508 2.58158 6.07257
8450.89 4.82684 2.11403 0.0829112
8412.36 4.82131 1.36182 0.930309
8518.35 4.8106 2.0249 2.44693
8382.78 4.88624 1.78816 6.86693
8438.92 4.90931 0.846098 0.167582
8396.9 4.85997 1.0001 0.238892
8675.37 4.71116 0.827547 0.162924
8682.98 4.76716 1.36808 0.304341
8692.33 4.76201 1.03699 0.245655
