wav, obs, sigma_obs, syn, weight
4497.26, 0.993636, 0.0121172, 1, 0
4497.27, 0.994151, 0.0121204, 1, 0
4497.28, 0.99598, 0.0121312, 1, 0
4497.29, 0.99681, 0.0121376, 1, 0
4497.3, 0.996545, 0.0121305, 1, 0
4497.31, 0.995999, 0.0121136, 1, 0
4497.32, 0.995207, 0.0121078, 0.99466, 0.0239169
4497.33, 0.993013, 0.0120922, 0.99415, 0.0334837
4497.34, 0.98946, 0.012049, 0.99337, 0.0401805
4497.35, 0.989078, 0.0120365, 0.99233, 0.0449639
4497.36, 0.990566, 0.0120468, 0.99115, 0.0487906
4497.37, 0.98953, 0.0120327, 0.98998, 0.0526173
4497.38, 0.987854, 0.012013, 0.98893, 0.056444
4497.39, 0.987035, 0.012001, 0.98813, 0.0612274
4497.4, 0.986971, 0.0119929, 0.98763, 0.0669674
4497.41, 0.987531, 0.0119932, 0.98749, 0.0727075
4497.42, 0.988882, 0.0120036, 0.98768, 0.0813176
4497.43, 0.990848, 0.0120162, 0.98817, 0.0899277
4497.44, 0.989833, 0.0120015, 0.98885, 0.0994945
4497.45, 0.986753, 0.0119691, 0.9896, 0.112888
4497.46, 0.988761, 0.0119801, 0.99022, 0.126281
4497.47, 0.992411, 0.0120104, 0.99048, 0.143502
4497.48, 0.992541, 0.012015, 0.99005, 0.165505
4497.49, 0.989197, 0.0119798, 0.98851, 0.191336
4497.5, 0.985768, 0.0119358, 0.98536, 0.228646
4497.51, 0.984144, 0.0119075, 0.98003, 0.280307
4497.52, 0.980534, 0.0118647, 0.97207, 0.355884
4497.53, 0.976, 0.0118147, 0.96135, 0.470686
4497.54, 0.972174, 0.0117676, 0.94817, 0.640974
4497.55, 0.963685, 0.0116726, 0.93337, 0.88397
4497.56, 0.951406, 0.0115402, 0.91807, 1.21211
4497.57, 0.939494, 0.0114104, 0.90329, 1.63305
4497.58, 0.924864, 0.0112474, 0.88968, 2.13913
4497.59, 0.905619, 0.0110335, 0.8773, 2.70931
4497.6, 0.883043, 0.0107878, 0.86582, 3.31202
4497.61, 0.86123, 0.010553, 0.85478, 3.9109
4497.62, 0.841767, 0.010343, 0.84401, 4.46099
4497.63, 0.823919, 0.0101472, 0.83389, 4.92306
4497.64, 0.812855, 0.0100245, 0.82531, 5.26268
4497.65, 0.80979, 0.00998961, 0.81943, 5.45306
4497.66, 0.809675, 0.00998472, 0.81727, 5.48368
4497.67, 0.817195, 0.0100592, 0.81933, 5.3507
4497.68, 0.83239, 0.010216, 0.8255, 5.06465
4497.69, 0.843374, 0.0103327, 0.83525, 4.64563
4497.7, 0.854133, 0.010447, 0.84785, 4.12519
4497.71, 0.870805, 0.0106191, 0.86264, 3.54162
4497.72, 0.888192, 0.0107963, 0.87906, 2.93796
4497.73, 0.905075, 0.0109695, 0.89656, 2.35438
4497.74, 0.922076, 0.0111471, 0.91453, 1.82534
4497.75, 0.936932, 0.0113023, 0.9321, 1.37475
4497.76, 0.948612, 0.0114223, 0.9482, 1.01408
4497.77, 0.956635, 0.0115018, 0.96175, 0.740469
4497.78, 0.958977, 0.0115202, 0.97192, 0.54435
4497.79, 0.958244, 0.0115065, 0.97837, 0.408501
4497.8, 0.959271, 0.0115134, 0.98141, 0.31666
4497.81, 0.959979, 0.0115201, 0.98181, 0.25352
4497.82, 0.959, 0.0115085, 0.98067, 0.209512
4497.83, 0.957457, 0.0114845, 0.97903, 0.176029
4497.84, 0.957117, 0.0114713, 0.97769, 0.152112
4497.85, 0.95894, 0.0114851, 0.97709, 0.132978
4497.86, 0.962646, 0.0115251, 0.97735, 0.117671
4497.87, 0.967529, 0.0115757, 0.9783, 0.104278
4497.88, 0.97204, 0.0116178, 0.9797, 0.0927978
4497.89, 0.974053, 0.0116375, 0.9813, 0.0841877
4497.9, 0.974614, 0.0116403, 0.98292, 0.0774909
4497.91, 0.976199, 0.0116485, 0.98455, 0.0707942
4497.92, 0.980663, 0.0116913, 0.98626, 0.0640974
4497.93, 0.983512, 0.0117181, 0.98812, 0.059314
4497.94, 0.981146, 0.0116862, 0.99012, 0.0554873
4497.95, 0.978333, 0.0116517, 0.99213, 0.0507039
4497.96, 0.977505, 0.0116401, 0.99394, 0.0468772
4497.97, 0.978507, 0.0116469, 0.99538, 0.0430505
4497.98, 0.979908, 0.0116588, 0.9964, 0.0382671
4497.99, 0.980264, 0.0116601, 0.997, 0.0315704
4498, 0.979114, 0.0116437, 0.99729, 0.0229603
4498.01, 0.978529, 0.0116313, 1, 0
4498.02, 0.978988, 0.0116302, 1, 0
4498.03, 0.979424, 0.0116327, 1, 0
4498.04, 0.9798, 0.0116356, 1, 0
4498.05, 0.980208, 0.0116383, 1, 0
4498.06, 0.980615, 0.0116409, 1, 0
