wav, obs, sigma_obs, syn, weight
4664.39, 0.987478, 0.00901695, 1, 0
4664.4, 0.988836, 0.00902233, 1, 0
4664.41, 0.99073, 0.00903491, 1, 0
4664.42, 0.991558, 0.00903923, 1, 0
4664.43, 0.990688, 0.00902676, 1, 0
4664.44, 0.992884, 0.00903702, 1, 0
4664.45, 0.996434, 0.00905983, 0.99683, 0.0266954
4664.46, 0.993677, 0.00903734, 0.99616, 0.0355939
4664.47, 0.988987, 0.00899981, 0.99536, 0.0427127
4664.48, 0.988358, 0.00899004, 0.99443, 0.0498315
4664.49, 0.990856, 0.00900153, 0.9934, 0.0551705
4664.5, 0.994026, 0.00901838, 0.99234, 0.0587299
4664.51, 0.995368, 0.00902481, 0.99141, 0.064069
4664.52, 0.99451, 0.00901682, 0.99074, 0.0694081
4664.53, 0.99263, 0.00900083, 0.99044, 0.0747472
4664.54, 0.992218, 0.00899355, 0.99054, 0.081866
4664.55, 0.993997, 0.00900314, 0.99099, 0.0907644
4664.56, 0.997057, 0.00902595, 0.99164, 0.0996629
4664.57, 0.998939, 0.00903881, 0.99228, 0.108561
4664.58, 0.999299, 0.00903711, 0.99267, 0.11924
4664.59, 1.00017, 0.00903901, 0.9926, 0.133477
4664.6, 0.999799, 0.00903197, 0.99188, 0.147715
4664.61, 0.996796, 0.00900531, 0.99032, 0.165512
4664.62, 0.99463, 0.00898542, 0.98763, 0.185088
4664.63, 0.992486, 0.00896436, 0.98337, 0.206445
4664.64, 0.985998, 0.00890706, 0.97685, 0.236699
4664.65, 0.975605, 0.00882298, 0.9673, 0.272293
4664.66, 0.962569, 0.00872346, 0.95397, 0.322125
4664.67, 0.946719, 0.00859752, 0.93642, 0.386194
4664.68, 0.927365, 0.0084415, 0.91452, 0.469839
4664.69, 0.903335, 0.00825318, 0.88839, 0.574841
4664.7, 0.872654, 0.00801229, 0.8581, 0.708319
4664.71, 0.835946, 0.00772286, 0.82364, 0.879169
4664.72, 0.797068, 0.00742164, 0.78512, 1.09985
4664.73, 0.756306, 0.00710615, 0.74327, 1.38816
4664.74, 0.714003, 0.00677248, 0.69984, 1.76012
4664.75, 0.675635, 0.00646742, 0.65786, 2.21572
4664.76, 0.646413, 0.00623533, 0.62146, 2.75319
4664.77, 0.629646, 0.00610311, 0.59523, 3.33515
4664.78, 0.624013, 0.00605875, 0.58323, 3.91711
4664.79, 0.62888, 0.00609517, 0.58789, 4.4528
4664.8, 0.647754, 0.00623876, 0.60917, 4.89594
4664.81, 0.679045, 0.0064787, 0.64448, 5.22162
4664.82, 0.717441, 0.00677556, 0.68943, 5.40849
4664.83, 0.759031, 0.00709564, 0.73888, 5.45298
4664.84, 0.800864, 0.00741398, 0.78808, 5.35332
4664.85, 0.840908, 0.00771668, 0.8334, 5.11662
4664.86, 0.878025, 0.0079988, 0.8727, 4.74645
4664.87, 0.910665, 0.00824967, 0.90519, 4.26059
4664.88, 0.934988, 0.00843135, 0.93105, 3.69109
4664.89, 0.951122, 0.00854626, 0.95097, 3.07531
4664.9, 0.963337, 0.00863828, 0.9658, 2.46666
4664.91, 0.973061, 0.00871333, 0.97644, 1.90961
4664.92, 0.980913, 0.00876971, 0.98373, 1.43443
4664.93, 0.988147, 0.00882058, 0.98852, 1.05892
4664.94, 0.993984, 0.00886226, 0.99154, 0.777727
4664.95, 0.996847, 0.00888205, 0.9934, 0.576621
4664.96, 0.998783, 0.00889097, 0.99454, 0.437805
4664.97, 1.00092, 0.00889798, 0.99526, 0.343481
4664.98, 1.00176, 0.00889999, 0.99574, 0.279412
4664.99, 1.00214, 0.00890264, 0.99609, 0.23314
4665, 1.00343, 0.0089112, 0.99636, 0.199326
4665.01, 1.00434, 0.0089137, 0.99659, 0.17263
4665.02, 1.00465, 0.00891012, 0.99679, 0.153054
4665.03, 1.00556, 0.00891384, 0.99695, 0.137036
4665.04, 1.00613, 0.00891682, 0.99705, 0.121019
4665.05, 1.00549, 0.00890959, 0.99703, 0.110341
4665.06, 1.00489, 0.0088982, 0.99686, 0.101443
4665.07, 1.0032, 0.00887832, 0.99653, 0.0925441
4665.08, 0.998531, 0.00884298, 0.99605, 0.0836457
4665.09, 0.995119, 0.00881781, 0.9955, 0.0765269
4665.1, 0.993943, 0.00880472, 0.99498, 0.0711878
4665.11, 0.988991, 0.00875997, 0.9946, 0.0658487
4665.12, 0.981277, 0.00869422, 0.99442, 0.0622893
4665.13, 0.974455, 0.0086378, 0.99444, 0.0569502
4665.14, 0.966678, 0.00857713, 0.99455, 0.0533908
4665.15, 0.95889, 0.00851781, 0.9946, 0.0462721
4665.16, 0.955639, 0.00849141, 0.99441, 0.0391533
4665.17, 0.956461, 0.0084947, 0.99391, 0.0302548
4665.18, 0.958747, 0.00850895, 1, 0
4665.19, 0.960077, 0.00851584, 1, 0
4665.2, 0.960951, 0.00851907, 1, 0
4665.21, 0.96358, 0.00853539, 1, 0
4665.22, 0.967041, 0.00855793, 1, 0
4665.23, 0.970119, 0.0085776, 1, 0
