wav, obs, sigma_obs, syn, weight
5148.48, 0.994744, 0.00434185, 1, 0
5148.49, 0.994208, 0.00434065, 1, 0
5148.5, 0.99397, 0.00434032, 1, 0
5148.51, 0.994883, 0.00434316, 1, 0
5148.52, 0.995773, 0.00434431, 1, 0
5148.53, 0.995436, 0.00433977, 1, 0
5148.54, 0.994251, 0.00433326, 0.99139, 0.0108366
5148.55, 0.991938, 0.00432528, 0.99059, 0.0151713
5148.56, 0.987684, 0.00431272, 0.98977, 0.019506
5148.57, 0.982774, 0.00429689, 0.98843, 0.0238406
5148.58, 0.978048, 0.00427882, 0.98607, 0.026008
5148.59, 0.971364, 0.00425486, 0.98229, 0.0281753
5148.6, 0.96322, 0.0042273, 0.97677, 0.0281753
5148.61, 0.956504, 0.00420331, 0.96949, 0.0325099
5148.62, 0.949748, 0.00417865, 0.96072, 0.0368446
5148.63, 0.940992, 0.00414799, 0.95112, 0.0411793
5148.64, 0.931511, 0.00411488, 0.94159, 0.0498486
5148.65, 0.923105, 0.00408491, 0.93319, 0.0585179
5148.66, 0.917304, 0.00406348, 0.92692, 0.0736892
5148.67, 0.913544, 0.00404992, 0.92356, 0.0975298
5148.68, 0.911452, 0.00404357, 0.92349, 0.134374
5148.69, 0.913133, 0.00404953, 0.92666, 0.190725
5148.7, 0.918361, 0.00406633, 0.93251, 0.277418
5148.71, 0.924388, 0.00408568, 0.94004, 0.409625
5148.72, 0.929956, 0.00410448, 0.94801, 0.598183
5148.73, 0.935002, 0.00412273, 0.95508, 0.853928
5148.74, 0.940692, 0.00414227, 0.96008, 1.17903
5148.75, 0.946094, 0.00416001, 0.96211, 1.57565
5148.76, 0.948465, 0.00416867, 0.96071, 2.03296
5148.77, 0.948546, 0.00416888, 0.95588, 2.52711
5148.78, 0.947016, 0.00416137, 0.94809, 3.03209
5148.79, 0.940834, 0.00413916, 0.93824, 3.51758
5148.8, 0.930415, 0.00410408, 0.92755, 3.95754
5148.81, 0.91983, 0.00406713, 0.91739, 4.32166
5148.82, 0.910121, 0.00403246, 0.90912, 4.5904
5148.83, 0.902158, 0.00400451, 0.90388, 4.75079
5148.84, 0.899598, 0.00399571, 0.90242, 4.79847
5148.85, 0.903111, 0.00400824, 0.90497, 4.72911
5148.86, 0.910314, 0.0040339, 0.91126, 4.54706
5148.87, 0.921662, 0.00407304, 0.92056, 4.25664
5148.88, 0.937067, 0.00412505, 0.93182, 3.87735
5148.89, 0.952127, 0.00417769, 0.94386, 3.42872
5148.9, 0.965408, 0.00422522, 0.95559, 2.93673
5148.91, 0.978548, 0.00426912, 0.96615, 2.43391
5148.92, 0.989103, 0.00430328, 0.975, 1.94626
5148.93, 0.994768, 0.00432303, 0.98195, 1.50196
5148.94, 0.997846, 0.00433524, 0.98707, 1.11834
5148.95, 1.00011, 0.00434432, 0.99063, 0.808414
5148.96, 1.00192, 0.00435034, 0.99297, 0.56784
5148.97, 1.00263, 0.0043526, 0.9944, 0.392287
5148.98, 1.00174, 0.00435037, 0.99515, 0.273084
5148.99, 1.00016, 0.00434352, 0.99538, 0.190725
5149, 0.997756, 0.00433266, 0.99513, 0.136542
5149.01, 0.993386, 0.00431832, 0.99438, 0.104032
5149.02, 0.986999, 0.00429602, 0.99308, 0.0801912
5149.03, 0.978987, 0.0042638, 0.99121, 0.0671872
5149.04, 0.969688, 0.00423015, 0.98878, 0.0541832
5149.05, 0.959064, 0.00419603, 0.98587, 0.0476813
5149.06, 0.94717, 0.00415579, 0.98259, 0.0411793
5149.07, 0.936908, 0.00411864, 0.97908, 0.0368446
5149.08, 0.930529, 0.00409406, 0.97549, 0.0303426
5149.09, 0.926184, 0.00407825, 0.97196, 0.0281753
5149.1, 0.923717, 0.00407077, 0.96866, 0.0238406
5149.11, 0.924727, 0.00407493, 0.96589, 0.019506
5149.12, 0.928095, 0.00408579, 0.964, 0.0151713
5149.13, 0.932166, 0.00409835, 0.96359, 0.0108366
5149.14, 0.936568, 0.0041147, 0.96534, 0.00650199
5149.15, 0.941351, 0.0041338, 1, 0
5149.16, 0.946503, 0.00415082, 1, 0
5149.17, 0.950275, 0.00416184, 1, 0
5149.18, 0.951722, 0.00416647, 1, 0
5149.19, 0.953095, 0.00417114, 1, 0
5149.2, 0.955298, 0.00417824, 1, 0
