wav, obs, sigma_obs, syn, weight
5687.62, 0.999516, 0.00373407, 1, 0
5687.63, 0.99883, 0.0037317, 1, 0
5687.64, 0.998173, 0.00372927, 1, 0
5687.65, 0.997432, 0.00372698, 1, 0
5687.66, 0.996818, 0.0037255, 1, 0
5687.67, 0.997043, 0.00372633, 1, 0
5687.68, 0.997493, 0.00372759, 1, 0
5687.69, 0.996787, 0.00372563, 0.99512, 0.0368024
5687.7, 0.995858, 0.0037233, 0.99444, 0.0538405
5687.71, 0.995684, 0.00372341, 0.99389, 0.0708787
5687.72, 0.995413, 0.00372319, 0.99343, 0.0838277
5687.73, 0.994832, 0.00372177, 0.99301, 0.0940506
5687.74, 0.994529, 0.00372081, 0.99263, 0.101547
5687.75, 0.994343, 0.00372049, 0.99229, 0.107
5687.76, 0.993958, 0.00372043, 0.99196, 0.112452
5687.77, 0.99359, 0.00372065, 0.99165, 0.118586
5687.78, 0.993673, 0.00372187, 0.99135, 0.123356
5687.79, 0.994635, 0.00372511, 0.99103, 0.130171
5687.8, 0.995501, 0.00372758, 0.99069, 0.136987
5687.81, 0.995044, 0.00372593, 0.99031, 0.144483
5687.82, 0.993714, 0.00372203, 0.98988, 0.152662
5687.83, 0.992504, 0.00371887, 0.98942, 0.161522
5687.84, 0.992486, 0.00371896, 0.98892, 0.171063
5687.85, 0.99261, 0.00371952, 0.98838, 0.181286
5687.86, 0.991304, 0.0037165, 0.98782, 0.192872
5687.87, 0.990324, 0.00371424, 0.98723, 0.205821
5687.88, 0.99076, 0.00371562, 0.98661, 0.220133
5687.89, 0.991165, 0.00371753, 0.98594, 0.235808
5687.9, 0.990592, 0.00371673, 0.9852, 0.252846
5687.91, 0.988941, 0.00371174, 0.98437, 0.27261
5687.92, 0.987604, 0.00370808, 0.9834, 0.295101
5687.93, 0.98715, 0.0037082, 0.98227, 0.320317
5687.94, 0.985703, 0.00370457, 0.98095, 0.349623
5687.95, 0.983161, 0.00369647, 0.97939, 0.383018
5687.96, 0.980876, 0.00368917, 0.97755, 0.422546
5687.97, 0.97812, 0.00368188, 0.97539, 0.469571
5687.98, 0.973736, 0.0036712, 0.97283, 0.52682
5687.99, 0.967417, 0.00365324, 0.96975, 0.597698
5688, 0.958545, 0.00362624, 0.96599, 0.68766
5688.01, 0.946262, 0.00359077, 0.96126, 0.802156
5688.02, 0.931184, 0.00354824, 0.95516, 0.945958
5688.03, 0.914424, 0.00350027, 0.94707, 1.12452
5688.04, 0.896696, 0.0034484, 0.93619, 1.33647
5688.05, 0.879677, 0.00339807, 0.92151, 1.57569
5688.06, 0.865916, 0.00335818, 0.90195, 1.83194
5688.07, 0.854852, 0.00332668, 0.8766, 2.09297
5688.08, 0.843911, 0.00329496, 0.8449, 2.34377
5688.09, 0.829298, 0.00325204, 0.80684, 2.57412
5688.1, 0.807338, 0.00318742, 0.76308, 2.77654
5688.11, 0.775046, 0.00309238, 0.71487, 2.94896
5688.12, 0.731301, 0.00296273, 0.6639, 3.08936
5688.13, 0.676617, 0.00279888, 0.6122, 3.20113
5688.14, 0.613639, 0.00260892, 0.5619, 3.28973
5688.15, 0.546214, 0.00240405, 0.51512, 3.35856
5688.16, 0.479262, 0.00219749, 0.47378, 3.41376
5688.17, 0.41753, 0.00200267, 0.43946, 3.45874
5688.18, 0.365498, 0.00183363, 0.4133, 3.4935
5688.19, 0.327311, 0.00170672, 0.39596, 3.51804
5688.2, 0.3065, 0.00163682, 0.38775, 3.5303
5688.21, 0.305525, 0.00163411, 0.38879, 3.52894
5688.22, 0.324798, 0.00169941, 0.39906, 3.51327
5688.23, 0.362897, 0.00182559, 0.41843, 3.48532
5688.24, 0.416875, 0.00200105, 0.44652, 3.44716
5688.25, 0.482614, 0.00221046, 0.48256, 3.40013
5688.26, 0.554569, 0.00243375, 0.52531, 3.3422
5688.27, 0.627331, 0.00265472, 0.5731, 3.2686
5688.28, 0.695944, 0.00286142, 0.62394, 3.17523
5688.29, 0.756496, 0.00304257, 0.67569, 3.05664
5688.3, 0.806711, 0.00319147, 0.72622, 2.90943
5688.31, 0.84734, 0.00331191, 0.77357, 2.73019
5688.32, 0.879232, 0.00340689, 0.81612, 2.52096
5688.33, 0.90303, 0.00347743, 0.85275, 2.28516
5688.34, 0.920689, 0.00352867, 0.88295, 2.03095
5688.35, 0.934153, 0.00356674, 0.90686, 1.76992
5688.36, 0.943679, 0.00359508, 0.92515, 1.5164
5688.37, 0.950458, 0.00361706, 0.93878, 1.28263
5688.38, 0.956872, 0.00363618, 0.94882, 1.07817
5688.39, 0.962799, 0.00365324, 0.9562, 0.907793
5688.4, 0.967221, 0.00366748, 0.96164, 0.770806
5688.41, 0.970531, 0.00367762, 0.96564, 0.662443
5688.42, 0.973015, 0.00368388, 0.96848, 0.577252
5688.43, 0.97441, 0.00368829, 0.97032, 0.5091
5688.44, 0.974306, 0.00368932, 0.97123, 0.453896
5688.45, 0.97249, 0.00368454, 0.97131, 0.408234
5688.46, 0.969737, 0.00367637, 0.97067, 0.369387
5688.47, 0.966497, 0.00366685, 0.96952, 0.336674
5688.48, 0.962388, 0.00365561, 0.96812, 0.307368
5688.49, 0.957263, 0.00364151, 0.96677, 0.282833
5688.5, 0.951628, 0.00362487, 0.96571, 0.261024
5688.51, 0.947898, 0.00361393, 0.96517, 0.24126
5688.52, 0.94713, 0.0036125, 0.96524, 0.224222
5688.53, 0.94728, 0.00361362, 0.96598, 0.208547
5688.54, 0.947884, 0.00361573, 0.96736, 0.194916
5688.55, 0.94983, 0.00362182, 0.96928, 0.182649
5688.56, 0.953706, 0.00363362, 0.97161, 0.171745
5688.57, 0.958752, 0.00364884, 0.97414, 0.162203
5688.58, 0.961982, 0.00365882, 0.97671, 0.153343
5688.59, 0.963511, 0.00366367, 0.97913, 0.145847
5688.6, 0.965852, 0.00367046, 0.98132, 0.13835
5688.61, 0.969282, 0.00368071, 0.98324, 0.132216
5688.62, 0.972911, 0.00369222, 0.98495, 0.126082
5688.63, 0.975184, 0.00369942, 0.98648, 0.119267
5688.64, 0.9771, 0.00370506, 0.98791, 0.113133
5688.65, 0.981299, 0.00371759, 0.98925, 0.104955
5688.66, 0.985358, 0.00373014, 0.99052, 0.0940506
5688.67, 0.986798, 0.00373521, 0.99172, 0.0783755
5688.68, 0.987808, 0.00373822, 0.99286, 0.0606558
5688.69, 0.989477, 0.00374266, 0.99402, 0.0408916
5688.7, 0.991085, 0.00374792, 1, 0
5688.71, 0.99218, 0.00375206, 1, 0
5688.72, 0.992664, 0.00375391, 1, 0
5688.73, 0.992984, 0.00375555, 1, 0
5688.74, 0.993394, 0.00375807, 1, 0
5688.75, 0.993799, 0.00376055, 1, 0
5688.76, 0.994195, 0.00376295, 1, 0
