wav, obs, sigma_obs, syn, weight
5886.52, 0.928585, 0.00334281, 1, 0
5886.53, 0.903173, 0.00327278, 1, 0
5886.54, 0.873131, 0.00318976, 1, 0
5886.55, 0.843555, 0.00310859, 1, 0
5886.56, 0.820129, 0.00304475, 1, 0
5886.57, 0.808633, 0.003013, 1, 0
5886.58, 0.811187, 0.00301924, 1, 0
5886.59, 0.826629, 0.00306132, 0.98677, 0.0707519
5886.6, 0.851818, 0.00313057, 0.98329, 0.0991458
5886.61, 0.882177, 0.0032136, 0.98057, 0.125212
5886.62, 0.912181, 0.00329522, 0.97875, 0.145693
5886.63, 0.936282, 0.00336055, 0.97771, 0.159657
5886.64, 0.953497, 0.00340696, 0.97716, 0.16757
5886.65, 0.965174, 0.00343806, 0.97688, 0.17176
5886.66, 0.97271, 0.00345801, 0.97671, 0.174087
5886.67, 0.977478, 0.00347091, 0.97657, 0.175483
5886.68, 0.980652, 0.00347951, 0.97641, 0.176414
5886.69, 0.98313, 0.00348572, 0.97622, 0.177345
5886.7, 0.984866, 0.00348996, 0.97599, 0.178276
5886.71, 0.985673, 0.00349225, 0.97571, 0.179207
5886.72, 0.98584, 0.00349292, 0.97538, 0.180138
5886.73, 0.985746, 0.00349248, 0.97501, 0.181069
5886.74, 0.985675, 0.00349184, 0.97459, 0.181535
5886.75, 0.985546, 0.00349106, 0.97414, 0.182466
5886.76, 0.984394, 0.0034879, 0.97369, 0.183396
5886.77, 0.982126, 0.00348206, 0.97324, 0.184327
5886.78, 0.980797, 0.0034783, 0.97282, 0.185258
5886.79, 0.981189, 0.00347855, 0.97245, 0.186189
5886.8, 0.981345, 0.00347857, 0.97213, 0.187586
5886.81, 0.980541, 0.00347667, 0.97187, 0.188051
5886.82, 0.980281, 0.00347577, 0.97167, 0.189448
5886.83, 0.980656, 0.00347583, 0.97155, 0.190844
5886.84, 0.979834, 0.00347275, 0.97149, 0.191775
5886.85, 0.977604, 0.00346649, 0.9715, 0.192706
5886.86, 0.975471, 0.00346114, 0.97157, 0.194568
5886.87, 0.972799, 0.0034544, 0.97168, 0.195964
5886.88, 0.967139, 0.00343867, 0.97182, 0.196895
5886.89, 0.95805, 0.00341305, 0.97197, 0.198757
5886.9, 0.946707, 0.00338191, 0.97211, 0.200154
5886.91, 0.935266, 0.00335113, 0.97223, 0.20155
5886.92, 0.926257, 0.00332699, 0.97231, 0.202481
5886.93, 0.920438, 0.0033112, 0.97234, 0.203877
5886.94, 0.917731, 0.00330342, 0.97233, 0.205739
5886.95, 0.918603, 0.00330525, 0.97228, 0.20667
5886.96, 0.92327, 0.00331768, 0.97218, 0.208532
5886.97, 0.929198, 0.00333364, 0.97206, 0.209928
5886.98, 0.933626, 0.00334536, 0.97191, 0.211325
5886.99, 0.937146, 0.00335459, 0.97173, 0.212256
5887, 0.941016, 0.00336491, 0.97154, 0.213652
5887.01, 0.945407, 0.00337656, 0.97132, 0.215049
5887.02, 0.95031, 0.00338934, 0.97108, 0.216445
5887.03, 0.955931, 0.0034041, 0.97082, 0.217376
5887.04, 0.962206, 0.0034209, 0.97053, 0.218772
5887.05, 0.968278, 0.00343724, 0.97022, 0.220169
5887.06, 0.973321, 0.00345074, 0.96987, 0.221565
5887.07, 0.976817, 0.00346006, 0.9695, 0.222962
5887.08, 0.978842, 0.00346538, 0.96912, 0.224358
5887.09, 0.980398, 0.00346921, 0.96872, 0.225755
5887.1, 0.981991, 0.00347295, 0.96832, 0.227151
5887.11, 0.983298, 0.00347612, 0.96793, 0.228547
5887.12, 0.984116, 0.00347826, 0.96756, 0.229944
5887.13, 0.98445, 0.00347913, 0.96723, 0.23134
5887.14, 0.984259, 0.00347857, 0.96693, 0.233202
5887.15, 0.983476, 0.0034765, 0.96668, 0.234599
5887.16, 0.982671, 0.00347423, 0.96647, 0.235995
5887.17, 0.982824, 0.00347395, 0.96631, 0.237857
5887.18, 0.98346, 0.0034748, 0.96618, 0.239719
5887.19, 0.98325, 0.00347409, 0.9661, 0.241115
5887.2, 0.982187, 0.00347152, 0.96604, 0.243443
5887.21, 0.980856, 0.00346783, 0.966, 0.244839
5887.22, 0.978515, 0.00346116, 0.96597, 0.246235
5887.23, 0.974067, 0.00344907, 0.96595, 0.248097
5887.24, 0.968061, 0.00343292, 0.96592, 0.249959
5887.25, 0.961649, 0.00341554, 0.96587, 0.252287
5887.26, 0.955848, 0.00339957, 0.96579, 0.254148
5887.27, 0.951603, 0.00338762, 0.96568, 0.25601
5887.28, 0.949725, 0.00338239, 0.96553, 0.257407
5887.29, 0.950724, 0.0033855, 0.96535, 0.259734
5887.3, 0.954236, 0.00339518, 0.96512, 0.261131
5887.31, 0.959502, 0.00340887, 0.96483, 0.262992
5887.32, 0.965182, 0.00342372, 0.96446, 0.264389
5887.33, 0.970125, 0.00343713, 0.964, 0.266251
5887.34, 0.973798, 0.00344708, 0.9634, 0.268113
5887.35, 0.97593, 0.0034525, 0.96263, 0.269509
5887.36, 0.976581, 0.00345379, 0.96166, 0.270905
5887.37, 0.976167, 0.00345217, 0.96048, 0.272302
5887.38, 0.975548, 0.00344973, 0.95911, 0.273233
5887.39, 0.974763, 0.00344686, 0.95759, 0.274629
5887.4, 0.97285, 0.00344189, 0.95598, 0.27556
5887.41, 0.969816, 0.0034344, 0.95438, 0.276491
5887.42, 0.96668, 0.00342549, 0.95287, 0.277888
5887.43, 0.964025, 0.00341704, 0.95152, 0.279749
5887.44, 0.962021, 0.00341134, 0.95039, 0.281611
5887.45, 0.960626, 0.00340824, 0.94953, 0.283473
5887.46, 0.959724, 0.00340615, 0.94895, 0.285335
5887.47, 0.959828, 0.00340609, 0.94866, 0.287663
5887.48, 0.961663, 0.00341023, 0.94867, 0.28999
5887.49, 0.964869, 0.00341827, 0.94896, 0.292783
5887.5, 0.96858, 0.00342855, 0.94951, 0.29511
5887.51, 0.97195, 0.00343816, 0.95028, 0.298368
5887.52, 0.974347, 0.00344452, 0.95122, 0.301161
5887.53, 0.976138, 0.00344876, 0.95224, 0.304885
5887.54, 0.977818, 0.00345268, 0.95327, 0.308143
5887.55, 0.979197, 0.00345599, 0.95421, 0.311402
5887.56, 0.980021, 0.00345808, 0.95499, 0.31466
5887.57, 0.980373, 0.0034588, 0.95558, 0.317918
5887.58, 0.980402, 0.00345836, 0.95595, 0.320711
5887.59, 0.980266, 0.00345763, 0.95611, 0.323969
5887.6, 0.979993, 0.00345688, 0.95608, 0.326762
5887.61, 0.979359, 0.00345503, 0.9559, 0.329555
5887.62, 0.978438, 0.00345211, 0.95557, 0.331882
5887.63, 0.977846, 0.00345036, 0.95514, 0.334675
5887.64, 0.977545, 0.00344977, 0.95463, 0.337468
5887.65, 0.976543, 0.00344711, 0.95404, 0.339796
5887.66, 0.974945, 0.00344244, 0.9534, 0.342123
5887.67, 0.974108, 0.00343972, 0.95274, 0.344916
5887.68, 0.973663, 0.00343818, 0.95206, 0.347709
5887.69, 0.971683, 0.0034328, 0.95138, 0.350036
5887.7, 0.968316, 0.0034237, 0.95071, 0.352829
5887.71, 0.96522, 0.00341487, 0.95007, 0.355622
5887.72, 0.962421, 0.00340674, 0.94945, 0.35888
5887.73, 0.958819, 0.0033971, 0.94886, 0.361673
5887.74, 0.952806, 0.00338135, 0.94831, 0.364466
5887.75, 0.942624, 0.00335402, 0.94779, 0.367724
5887.76, 0.927252, 0.00331235, 0.94733, 0.370517
5887.77, 0.906403, 0.00325578, 0.94693, 0.373775
5887.78, 0.882105, 0.0031896, 0.94658, 0.377033
5887.79, 0.857259, 0.00312145, 0.94629, 0.380757
5887.8, 0.835163, 0.00306061, 0.94604, 0.384015
5887.81, 0.819426, 0.00301726, 0.94581, 0.387274
5887.82, 0.814366, 0.00300322, 0.9456, 0.390998
5887.83, 0.822382, 0.00302499, 0.94536, 0.394721
5887.84, 0.840125, 0.00307341, 0.94511, 0.398445
5887.85, 0.863258, 0.00313656, 0.9448, 0.402169
5887.86, 0.887445, 0.0032024, 0.94445, 0.405427
5887.87, 0.909177, 0.00326124, 0.94403, 0.409151
5887.88, 0.926453, 0.00330782, 0.94353, 0.412409
5887.89, 0.938589, 0.00334024, 0.94296, 0.416133
5887.9, 0.946613, 0.00336101, 0.94231, 0.419857
5887.91, 0.951728, 0.00337374, 0.94159, 0.423581
5887.92, 0.955154, 0.0033828, 0.94081, 0.426839
5887.93, 0.957332, 0.00338919, 0.94, 0.430563
5887.94, 0.957992, 0.00339078, 0.93919, 0.434287
5887.95, 0.957801, 0.00338958, 0.9384, 0.438476
5887.96, 0.958085, 0.00339058, 0.93765, 0.4422
5887.97, 0.958767, 0.00339314, 0.93697, 0.446389
5887.98, 0.958942, 0.00339333, 0.93635, 0.450113
5887.99, 0.958726, 0.00339176, 0.93581, 0.454767
5888, 0.958707, 0.0033911, 0.93535, 0.458957
5888.01, 0.958891, 0.00339146, 0.93495, 0.463611
5888.02, 0.959056, 0.00339193, 0.93462, 0.468732
5888.03, 0.959161, 0.00339249, 0.93434, 0.473386
5888.04, 0.959183, 0.0033931, 0.93409, 0.478041
5888.05, 0.958933, 0.00339244, 0.93386, 0.483627
5888.06, 0.958272, 0.00338955, 0.93361, 0.488747
5888.07, 0.957392, 0.00338612, 0.93333, 0.493867
5888.08, 0.956466, 0.00338353, 0.933, 0.498987
5888.09, 0.955418, 0.00338087, 0.93261, 0.504108
5888.1, 0.953799, 0.00337637, 0.93216, 0.509228
5888.11, 0.950434, 0.00336729, 0.93165, 0.514348
5888.12, 0.945429, 0.00335408, 0.9311, 0.519934
5888.13, 0.941327, 0.00334302, 0.93051, 0.525519
5888.14, 0.939092, 0.00333649, 0.9299, 0.53064
5888.15, 0.937063, 0.00333044, 0.92928, 0.536225
5888.16, 0.934396, 0.00332298, 0.92864, 0.541811
5888.17, 0.931425, 0.00331524, 0.92799, 0.547397
5888.18, 0.927549, 0.00330515, 0.9273, 0.552982
5888.19, 0.921241, 0.00328751, 0.92658, 0.558568
5888.2, 0.911479, 0.00326005, 0.9258, 0.565085
5888.21, 0.897753, 0.00322293, 0.92496, 0.570205
5888.22, 0.880512, 0.00317713, 0.92405, 0.576256
5888.23, 0.861127, 0.00312514, 0.92309, 0.582307
5888.24, 0.843721, 0.00307771, 0.92207, 0.588358
5888.25, 0.833302, 0.00304856, 0.92102, 0.594409
5888.26, 0.831427, 0.0030425, 0.91995, 0.600461
5888.27, 0.837982, 0.00305992, 0.9189, 0.606512
5888.28, 0.85152, 0.00309693, 0.91787, 0.613028
5888.29, 0.869737, 0.00314694, 0.91688, 0.62001
5888.3, 0.888571, 0.0031981, 0.91593, 0.626062
5888.31, 0.904429, 0.00324014, 0.91502, 0.633044
5888.32, 0.916705, 0.00327228, 0.91416, 0.640491
5888.33, 0.925513, 0.0032956, 0.91334, 0.647473
5888.34, 0.931269, 0.00331113, 0.91256, 0.655386
5888.35, 0.934597, 0.00332032, 0.91182, 0.662369
5888.36, 0.93645, 0.00332561, 0.9111, 0.670282
5888.37, 0.937151, 0.00332764, 0.9104, 0.67866
5888.38, 0.935953, 0.00332403, 0.90967, 0.686573
5888.39, 0.933028, 0.00331528, 0.9089, 0.694952
5888.4, 0.929863, 0.003306, 0.90805, 0.702865
5888.41, 0.926916, 0.00329784, 0.90707, 0.710778
5888.42, 0.923506, 0.00328921, 0.90593, 0.718691
5888.43, 0.920064, 0.00328066, 0.90458, 0.726138
5888.44, 0.917978, 0.00327472, 0.90295, 0.73312
5888.45, 0.917825, 0.00327338, 0.901, 0.739172
5888.46, 0.919517, 0.00327779, 0.89869, 0.745223
5888.47, 0.922247, 0.00328552, 0.896, 0.750343
5888.48, 0.924868, 0.00329246, 0.89296, 0.754998
5888.49, 0.92668, 0.00329682, 0.88964, 0.759652
5888.5, 0.927271, 0.00329804, 0.88617, 0.763842
5888.51, 0.926702, 0.00329626, 0.88267, 0.768496
5888.52, 0.925248, 0.00329204, 0.87929, 0.774082
5888.53, 0.92336, 0.00328688, 0.87617, 0.780133
5888.54, 0.921466, 0.00328209, 0.8734, 0.787581
5888.55, 0.91973, 0.00327747, 0.87104, 0.795494
5888.56, 0.918425, 0.00327332, 0.86915, 0.804803
5888.57, 0.918291, 0.00327218, 0.86771, 0.815509
5888.58, 0.919438, 0.00327487, 0.86673, 0.826681
5888.59, 0.920438, 0.00327762, 0.86618, 0.839714
5888.6, 0.920769, 0.00327879, 0.86601, 0.852747
5888.61, 0.9218, 0.00328142, 0.86616, 0.867642
5888.62, 0.923886, 0.00328639, 0.86652, 0.882537
5888.63, 0.925717, 0.00329095, 0.86698, 0.899294
5888.64, 0.926479, 0.00329314, 0.86741, 0.915121
5888.65, 0.926088, 0.00329223, 0.86768, 0.932343
5888.66, 0.924981, 0.00328925, 0.8677, 0.9491
5888.67, 0.923962, 0.0032865, 0.86741, 0.965857
5888.68, 0.922886, 0.00328343, 0.86677, 0.981683
5888.69, 0.921072, 0.00327792, 0.8658, 0.997509
5888.7, 0.919541, 0.00327329, 0.86453, 1.0124
5888.71, 0.91989, 0.00327472, 0.86303, 1.02777
5888.72, 0.920511, 0.00327717, 0.86133, 1.04219
5888.73, 0.91891, 0.0032727, 0.85948, 1.05616
5888.74, 0.91613, 0.00326435, 0.85752, 1.07059
5888.75, 0.914078, 0.00325795, 0.85547, 1.08455
5888.76, 0.912678, 0.00325383, 0.85334, 1.09852
5888.77, 0.911275, 0.00325043, 0.85113, 1.11341
5888.78, 0.909152, 0.00324506, 0.84883, 1.12784
5888.79, 0.906165, 0.00323671, 0.84643, 1.14227
5888.8, 0.903778, 0.0032298, 0.84394, 1.15717
5888.81, 0.902659, 0.00322649, 0.84136, 1.17206
5888.82, 0.901148, 0.00322217, 0.83873, 1.18789
5888.83, 0.898667, 0.00321521, 0.8361, 1.20371
5888.84, 0.896989, 0.00321068, 0.8335, 1.22047
5888.85, 0.896411, 0.00320931, 0.831, 1.23816
5888.86, 0.894945, 0.0032052, 0.82861, 1.25678
5888.87, 0.892325, 0.0031977, 0.82635, 1.27633
5888.88, 0.890284, 0.00319227, 0.82421, 1.29727
5888.89, 0.889013, 0.00318916, 0.82218, 1.31915
5888.9, 0.887335, 0.00318413, 0.82022, 1.34196
5888.91, 0.885213, 0.00317739, 0.81832, 1.3657
5888.92, 0.883403, 0.0031721, 0.81644, 1.39037
5888.93, 0.882199, 0.00316902, 0.81457, 1.4155
5888.94, 0.881562, 0.00316742, 0.81266, 1.44157
5888.95, 0.880988, 0.00316586, 0.81071, 1.46764
5888.96, 0.879929, 0.00316297, 0.80866, 1.4951
5888.97, 0.878774, 0.00315966, 0.8065, 1.52256
5888.98, 0.877938, 0.00315699, 0.80419, 1.55003
5888.99, 0.876569, 0.00315325, 0.80171, 1.57702
5889, 0.874042, 0.00314707, 0.79906, 1.60495
5889.01, 0.871632, 0.00314067, 0.79625, 1.63288
5889.02, 0.870071, 0.00313541, 0.79327, 1.66081
5889.03, 0.867688, 0.00312855, 0.79016, 1.68874
5889.04, 0.863784, 0.00311889, 0.78693, 1.71667
5889.05, 0.860379, 0.00310972, 0.7836, 1.74552
5889.06, 0.858246, 0.00310254, 0.78018, 1.77438
5889.07, 0.855674, 0.00309518, 0.77668, 1.80417
5889.08, 0.852286, 0.00308708, 0.77311, 1.83396
5889.09, 0.849619, 0.00308001, 0.76948, 1.86515
5889.1, 0.847774, 0.00307396, 0.76579, 1.89634
5889.11, 0.845336, 0.00306693, 0.76204, 1.92846
5889.12, 0.842025, 0.0030583, 0.75823, 1.96197
5889.13, 0.838508, 0.0030486, 0.75436, 1.99595
5889.14, 0.835195, 0.00303916, 0.75043, 2.02993
5889.15, 0.832256, 0.00303144, 0.74644, 2.06531
5889.16, 0.829376, 0.00302427, 0.74238, 2.10161
5889.17, 0.826036, 0.00301536, 0.73826, 2.13838
5889.18, 0.821977, 0.00300384, 0.73407, 2.17609
5889.19, 0.817158, 0.00298988, 0.7298, 2.21426
5889.2, 0.812107, 0.00297558, 0.72546, 2.25336
5889.21, 0.807236, 0.00296255, 0.72104, 2.29292
5889.22, 0.801845, 0.00294798, 0.71654, 2.33342
5889.23, 0.795043, 0.00292885, 0.71194, 2.37438
5889.24, 0.786138, 0.00290432, 0.70726, 2.41581
5889.25, 0.774758, 0.00287395, 0.70248, 2.4577
5889.26, 0.761178, 0.0028372, 0.69761, 2.49959
5889.27, 0.746113, 0.0027955, 0.69266, 2.54288
5889.28, 0.73091, 0.00275376, 0.68761, 2.5857
5889.29, 0.717403, 0.0027173, 0.68248, 2.62899
5889.3, 0.70797, 0.00269141, 0.67727, 2.67275
5889.31, 0.703837, 0.00267933, 0.67197, 2.71697
5889.32, 0.704827, 0.00268176, 0.6666, 2.76119
5889.33, 0.70915, 0.00269386, 0.66116, 2.80634
5889.34, 0.713791, 0.00270653, 0.65565, 2.85102
5889.35, 0.717298, 0.00271589, 0.65007, 2.89618
5889.36, 0.719284, 0.00272157, 0.64444, 2.94086
5889.37, 0.718917, 0.00272093, 0.63874, 2.98601
5889.38, 0.715422, 0.00271107, 0.633, 3.03116
5889.39, 0.710196, 0.0026961, 0.6272, 3.07538
5889.4, 0.705186, 0.00268197, 0.62136, 3.12007
5889.41, 0.700399, 0.00266864, 0.61547, 3.16336
5889.42, 0.695196, 0.00265416, 0.60954, 3.20571
5889.43, 0.68891, 0.00263681, 0.60357, 3.24714
5889.44, 0.681376, 0.0026162, 0.59757, 3.28717
5889.45, 0.673997, 0.00259594, 0.59153, 3.32581
5889.46, 0.66755, 0.00257798, 0.58547, 3.36258
5889.47, 0.660624, 0.00255861, 0.57938, 3.39656
5889.48, 0.652485, 0.00253593, 0.57327, 3.42821
5889.49, 0.644209, 0.00251292, 0.56714, 3.4566
5889.5, 0.636182, 0.00249064, 0.561, 3.48128
5889.51, 0.627544, 0.00246677, 0.55485, 3.50222
5889.52, 0.618195, 0.00244078, 0.5487, 3.51898
5889.53, 0.608964, 0.00241449, 0.54256, 3.53108
5889.54, 0.599887, 0.00238827, 0.53643, 3.5376
5889.55, 0.590326, 0.00236134, 0.53031, 3.53806
5889.56, 0.580814, 0.00233504, 0.52422, 3.53248
5889.57, 0.572466, 0.00231164, 0.51816, 3.52084
5889.58, 0.563953, 0.00228728, 0.51212, 3.50176
5889.59, 0.553126, 0.00225623, 0.50612, 3.47476
5889.6, 0.541636, 0.00222362, 0.50016, 3.44078
5889.61, 0.532006, 0.00219686, 0.49423, 3.39842
5889.62, 0.522697, 0.00217069, 0.48835, 3.34722
5889.63, 0.511629, 0.00213842, 0.4825, 3.28764
5889.64, 0.499943, 0.00210444, 0.47669, 3.21968
5889.65, 0.489067, 0.0020738, 0.47092, 3.14334
5889.66, 0.47886, 0.0020449, 0.46518, 3.05863
5889.67, 0.468959, 0.00201587, 0.45947, 2.96693
5889.68, 0.459193, 0.00198712, 0.45378, 2.86685
5889.69, 0.449634, 0.00195939, 0.44809, 2.76072
5889.7, 0.440744, 0.00193348, 0.44238, 2.64854
5889.71, 0.432463, 0.00190897, 0.43658, 2.53078
5889.72, 0.423951, 0.00188371, 0.43061, 2.40882
5889.73, 0.414715, 0.00185635, 0.42429, 2.28361
5889.74, 0.404715, 0.00182663, 0.41743, 2.15654
5889.75, 0.39404, 0.00179479, 0.40976, 2.02853
5889.76, 0.382845, 0.00176137, 0.40098, 1.90146
5889.77, 0.370986, 0.00172572, 0.39082, 1.77718
5889.78, 0.358068, 0.00168626, 0.37904, 1.65709
5889.79, 0.343222, 0.00164089, 0.36552, 1.54211
5889.8, 0.325373, 0.00158701, 0.35022, 1.43319
5889.81, 0.303723, 0.00152064, 0.33324, 1.33125
5889.82, 0.277873, 0.00143846, 0.31476, 1.2363
5889.83, 0.248866, 0.0013435, 0.29506, 1.14879
5889.84, 0.218047, 0.00123991, 0.27449, 1.06826
5889.85, 0.186191, 0.00112866, 0.25343, 0.995182
5889.86, 0.154437, 0.00101216, 0.23232, 0.930016
5889.87, 0.125348, 0.000899086, 0.21162, 0.872297
5889.88, 0.100894, 0.000796832, 0.19184, 0.822491
5889.89, 0.0811848, 0.000707546, 0.17347, 0.781064
5889.9, 0.0661677, 0.000633736, 0.15701, 0.747085
5889.91, 0.0559069, 0.000579579, 0.14289, 0.720553
5889.92, 0.0497237, 0.000544663, 0.13149, 0.700537
5889.93, 0.0459772, 0.000522449, 0.12307, 0.687039
5889.94, 0.0438101, 0.000509565, 0.11782, 0.67866
5889.95, 0.0432348, 0.000506288, 0.11583, 0.675867
5889.96, 0.044205, 0.000512302, 0.11716, 0.677729
5889.97, 0.0466415, 0.000526898, 0.12176, 0.684711
5889.98, 0.0509729, 0.000551816, 0.12956, 0.697279
5889.99, 0.0580074, 0.000590481, 0.14038, 0.715433
5890, 0.0690512, 0.000647495, 0.15398, 0.740568
5890.01, 0.0854506, 0.000726743, 0.17001, 0.773151
5890.02, 0.10738, 0.000824517, 0.18804, 0.813647
5890.03, 0.134353, 0.000934366, 0.20758, 0.862057
5890.04, 0.164864, 0.0010501, 0.22813, 0.918379
5890.05, 0.197088, 0.00116569, 0.24921, 0.981683
5890.06, 0.229072, 0.00127544, 0.27032, 1.05337
5890.07, 0.259063, 0.00137469, 0.29102, 1.13203
5890.08, 0.28589, 0.00146113, 0.31093, 1.21907
5890.09, 0.308815, 0.00153353, 0.32967, 1.31217
5890.1, 0.32778, 0.00159203, 0.34697, 1.41271
5890.11, 0.343399, 0.00163915, 0.36262, 1.52024
5890.12, 0.357155, 0.00168068, 0.37649, 1.63335
5890.13, 0.369685, 0.00171894, 0.38861, 1.75297
5890.14, 0.380585, 0.00175199, 0.39907, 1.87586
5890.15, 0.389779, 0.00177936, 0.40809, 2.00107
5890.16, 0.397495, 0.00180199, 0.41595, 2.12814
5890.17, 0.40328, 0.00181897, 0.42293, 2.25429
5890.18, 0.406303, 0.00182824, 0.42931, 2.3781
5890.19, 0.406654, 0.00182974, 0.43532, 2.49913
5890.2, 0.40508, 0.00182502, 0.44111, 2.61549
5890.21, 0.403332, 0.0018195, 0.4468, 2.72674
5890.22, 0.403562, 0.00182002, 0.45246, 2.83194
5890.23, 0.407879, 0.00183279, 0.45812, 2.93155
5890.24, 0.417836, 0.00186221, 0.4638, 3.02371
5890.25, 0.432974, 0.00190664, 0.46951, 3.10843
5890.26, 0.452104, 0.00196234, 0.47525, 3.1857
5890.27, 0.473311, 0.00202355, 0.48104, 3.25459
5890.28, 0.494615, 0.00208453, 0.48687, 3.31557
5890.29, 0.514176, 0.00214022, 0.49274, 3.36723
5890.3, 0.531001, 0.00218803, 0.49864, 3.41145
5890.31, 0.545446, 0.00222911, 0.50456, 3.44636
5890.32, 0.55808, 0.002265, 0.51049, 3.47243
5890.33, 0.569574, 0.00229722, 0.51641, 3.48965
5890.34, 0.580202, 0.0023266, 0.5223, 3.4971
5890.35, 0.589877, 0.00235333, 0.52812, 3.49617
5890.36, 0.598875, 0.00237833, 0.53386, 3.48593
5890.37, 0.607656, 0.00240282, 0.53948, 3.46685
5890.38, 0.615683, 0.00242498, 0.54498, 3.43938
5890.39, 0.622003, 0.00244181, 0.55033, 3.40401
5890.4, 0.626816, 0.00245466, 0.55554, 3.36211
5890.41, 0.630746, 0.00246621, 0.56061, 3.3137
5890.42, 0.633974, 0.0024759, 0.56557, 3.26157
5890.43, 0.63669, 0.0024831, 0.57045, 3.20618
5890.44, 0.639721, 0.00249087, 0.5753, 3.14846
5890.45, 0.643852, 0.00250226, 0.58018, 3.09121
5890.46, 0.649305, 0.00251736, 0.58512, 3.03489
5890.47, 0.655968, 0.00253547, 0.59021, 2.98043
5890.48, 0.663229, 0.00255522, 0.59547, 2.93015
5890.49, 0.670346, 0.00257476, 0.60095, 2.88314
5890.5, 0.676472, 0.00259158, 0.60667, 2.84125
5890.51, 0.681044, 0.002604, 0.61263, 2.80401
5890.52, 0.683924, 0.0026117, 0.61883, 2.77143
5890.53, 0.686244, 0.00261791, 0.62522, 2.7421
5890.54, 0.690292, 0.00262908, 0.63178, 2.71697
5890.55, 0.697227, 0.00264826, 0.63844, 2.69463
5890.56, 0.707215, 0.00267558, 0.64516, 2.67368
5890.57, 0.719473, 0.00270884, 0.65188, 2.65413
5890.58, 0.732558, 0.00274419, 0.65853, 2.63411
5890.59, 0.744131, 0.0027755, 0.66505, 2.61363
5890.6, 0.751754, 0.00279634, 0.67141, 2.59129
5890.61, 0.754578, 0.00280418, 0.67756, 2.56755
5890.62, 0.752264, 0.00279778, 0.68349, 2.54102
5890.63, 0.74438, 0.00277607, 0.68918, 2.51216
5890.64, 0.731509, 0.00274084, 0.69464, 2.48097
5890.65, 0.717279, 0.00270214, 0.69989, 2.44746
5890.66, 0.70551, 0.00267039, 0.70494, 2.41208
5890.67, 0.699217, 0.00265338, 0.70982, 2.37531
5890.68, 0.700559, 0.00265681, 0.71455, 2.33807
5890.69, 0.710397, 0.00268331, 0.71915, 2.30037
5890.7, 0.727535, 0.00272981, 0.72364, 2.2622
5890.71, 0.748318, 0.0027864, 0.72803, 2.2245
5890.72, 0.769255, 0.00284323, 0.73232, 2.18679
5890.73, 0.787298, 0.00289136, 0.73653, 2.15002
5890.74, 0.801245, 0.00292802, 0.74066, 2.11325
5890.75, 0.811296, 0.00295498, 0.7447, 2.07787
5890.76, 0.81791, 0.00297334, 0.74866, 2.04203
5890.77, 0.821668, 0.00298385, 0.75255, 2.00759
5890.78, 0.823093, 0.00298782, 0.75635, 1.97361
5890.79, 0.822838, 0.0029872, 0.76008, 1.94009
5890.8, 0.822397, 0.00298589, 0.76373, 1.90704
5890.81, 0.823232, 0.00298774, 0.7673, 1.87493
5890.82, 0.825671, 0.00299392, 0.77079, 1.84374
5890.83, 0.829807, 0.00300493, 0.77421, 1.81255
5890.84, 0.835804, 0.00302109, 0.77755, 1.78183
5890.85, 0.843126, 0.00304078, 0.78081, 1.75204
5890.86, 0.849762, 0.0030583, 0.784, 1.72272
5890.87, 0.854702, 0.00307104, 0.7871, 1.69386
5890.88, 0.858779, 0.00308185, 0.79013, 1.66546
5890.89, 0.86214, 0.00309125, 0.79307, 1.63754
5890.9, 0.863994, 0.00309651, 0.79593, 1.61007
5890.91, 0.865166, 0.00309956, 0.7987, 1.58307
5890.92, 0.867822, 0.00310625, 0.80137, 1.55654
5890.93, 0.871648, 0.00311601, 0.80394, 1.53001
5890.94, 0.8748, 0.00312432, 0.80639, 1.50348
5890.95, 0.877611, 0.00313207, 0.80869, 1.47741
5890.96, 0.881306, 0.00314232, 0.81081, 1.45088
5890.97, 0.885286, 0.00315306, 0.8127, 1.42342
5890.98, 0.88844, 0.00316109, 0.81425, 1.39549
5890.99, 0.890675, 0.00316688, 0.81532, 1.3657
5891, 0.892293, 0.00317179, 0.81567, 1.33312
5891.01, 0.893926, 0.00317635, 0.81497, 1.29634
5891.02, 0.895907, 0.00318075, 0.81276, 1.25538
5891.03, 0.897637, 0.00318461, 0.8085, 1.20744
5891.04, 0.898796, 0.0031878, 0.80158, 1.15298
5891.05, 0.899854, 0.0031908, 0.7915, 1.09153
5891.06, 0.900681, 0.00319287, 0.77788, 1.02311
5891.07, 0.900195, 0.00319151, 0.76066, 0.949566
5891.08, 0.898072, 0.00318598, 0.74005, 0.871366
5891.09, 0.89485, 0.00317752, 0.71659, 0.790374
5891.1, 0.890402, 0.00316554, 0.69107, 0.708916
5891.11, 0.884057, 0.00314804, 0.66454, 0.628854
5891.12, 0.875635, 0.003125, 0.63819, 0.552051
5891.13, 0.865425, 0.00309792, 0.61334, 0.481299
5891.14, 0.854936, 0.00307015, 0.59138, 0.418461
5891.15, 0.846145, 0.00304597, 0.57366, 0.366328
5891.16, 0.840474, 0.00303012, 0.56136, 0.327228
5891.17, 0.839042, 0.00302671, 0.55537, 0.301627
5891.18, 0.842525, 0.00303671, 0.5562, 0.291386
5891.19, 0.850724, 0.00305863, 0.5639, 0.294645
5891.2, 0.861191, 0.00308604, 0.57807, 0.312333
5891.21, 0.871805, 0.0031137, 0.59793, 0.341657
5891.22, 0.882068, 0.00314094, 0.62235, 0.380757
5891.23, 0.891421, 0.00316629, 0.65006, 0.426839
5891.24, 0.898875, 0.00318606, 0.67967, 0.476645
5891.25, 0.904347, 0.00319999, 0.70986, 0.528778
5891.26, 0.908889, 0.00321218, 0.73937, 0.581376
5891.27, 0.912873, 0.00322345, 0.76713, 0.631182
5891.28, 0.915957, 0.00323133, 0.79223, 0.676798
5891.29, 0.917605, 0.00323474, 0.81404, 0.71776
5891.3, 0.917391, 0.00323406, 0.83222, 0.75267
5891.31, 0.916968, 0.00323355, 0.84677, 0.780133
5891.32, 0.918564, 0.00323819, 0.85798, 0.80108
5891.33, 0.92101, 0.00324469, 0.86637, 0.814578
5891.34, 0.922446, 0.00324826, 0.87254, 0.822026
5891.35, 0.923999, 0.00325232, 0.87711, 0.824819
5891.36, 0.92695, 0.00326051, 0.88059, 0.823422
5891.37, 0.930234, 0.00326933, 0.88335, 0.819699
5891.38, 0.932877, 0.0032758, 0.88565, 0.814578
5891.39, 0.935332, 0.00328182, 0.88765, 0.808062
5891.4, 0.937711, 0.00328816, 0.88943, 0.80108
5891.41, 0.939149, 0.00329225, 0.89105, 0.793167
5891.42, 0.939581, 0.00329359, 0.89254, 0.785254
5891.43, 0.940128, 0.00329493, 0.89391, 0.777806
5891.44, 0.940768, 0.00329627, 0.8952, 0.769427
5891.45, 0.940331, 0.00329483, 0.89642, 0.761514
5891.46, 0.93925, 0.00329173, 0.89759, 0.753601
5891.47, 0.939066, 0.00329078, 0.89873, 0.745688
5891.48, 0.939625, 0.00329188, 0.89984, 0.738241
5891.49, 0.939948, 0.00329292, 0.90096, 0.730328
5891.5, 0.940238, 0.00329401, 0.90206, 0.72288
5891.51, 0.94107, 0.00329608, 0.90317, 0.715433
5891.52, 0.94235, 0.00329927, 0.90428, 0.707985
5891.53, 0.94387, 0.00330354, 0.9054, 0.701003
5891.54, 0.945782, 0.00330904, 0.90652, 0.694021
5891.55, 0.947985, 0.0033151, 0.90764, 0.687504
5891.56, 0.949499, 0.00331874, 0.90877, 0.680522
5891.57, 0.949945, 0.00331905, 0.90989, 0.674471
5891.58, 0.950373, 0.00331978, 0.91099, 0.667954
5891.59, 0.951291, 0.00332259, 0.91206, 0.661438
5891.6, 0.952208, 0.00332549, 0.91309, 0.655386
5891.61, 0.952955, 0.00332754, 0.91408, 0.64887
5891.62, 0.953774, 0.00332919, 0.91502, 0.642353
5891.63, 0.954406, 0.00333021, 0.91593, 0.636302
5891.64, 0.954272, 0.00332992, 0.9168, 0.630251
5891.65, 0.95383, 0.00332926, 0.91764, 0.6242
5891.66, 0.95398, 0.00332984, 0.91845, 0.618149
5891.67, 0.954176, 0.00333032, 0.91924, 0.612097
5891.68, 0.953306, 0.00332815, 0.92001, 0.606512
5891.69, 0.950691, 0.00332102, 0.92077, 0.600926
5891.7, 0.946045, 0.00330773, 0.9215, 0.594875
5891.71, 0.940018, 0.00329082, 0.92221, 0.589755
5891.72, 0.933552, 0.00327359, 0.92289, 0.584169
5891.73, 0.927787, 0.00325878, 0.92353, 0.578583
5891.74, 0.923728, 0.00324856, 0.92412, 0.572998
5891.75, 0.922027, 0.00324405, 0.92462, 0.567877
5891.76, 0.922865, 0.00324567, 0.92504, 0.562292
5891.77, 0.925789, 0.00325302, 0.92534, 0.557172
5891.78, 0.930286, 0.00326498, 0.92551, 0.55112
5891.79, 0.935794, 0.00327968, 0.92557, 0.545535
5891.8, 0.941036, 0.00329366, 0.92553, 0.539949
5891.81, 0.944298, 0.00330251, 0.92543, 0.534363
5891.82, 0.945561, 0.00330594, 0.9253, 0.529243
5891.83, 0.945741, 0.00330601, 0.9252, 0.523657
5891.84, 0.944957, 0.00330351, 0.92516, 0.518537
5891.85, 0.943235, 0.00329912, 0.92524, 0.513883
5891.86, 0.942041, 0.00329611, 0.92544, 0.509228
5891.87, 0.942803, 0.00329762, 0.92579, 0.504108
5891.88, 0.945047, 0.00330306, 0.92629, 0.499918
5891.89, 0.94789, 0.00331065, 0.92694, 0.496195
5891.9, 0.950564, 0.00331778, 0.92774, 0.492471
5891.91, 0.95279, 0.00332339, 0.92868, 0.489212
5891.92, 0.955202, 0.00332978, 0.92974, 0.485954
5891.93, 0.957962, 0.00333751, 0.9309, 0.482696
5891.94, 0.960412, 0.00334416, 0.93211, 0.479438
5891.95, 0.962208, 0.00334879, 0.93334, 0.476645
5891.96, 0.96342, 0.00335228, 0.93452, 0.473386
5891.97, 0.96404, 0.00335427, 0.93563, 0.470594
5891.98, 0.964013, 0.00335358, 0.93663, 0.467801
5891.99, 0.96361, 0.00335162, 0.93751, 0.464542
5892, 0.963183, 0.00335072, 0.93828, 0.46175
5892.01, 0.96228, 0.00334867, 0.93894, 0.458957
5892.02, 0.960223, 0.00334222, 0.93953, 0.455698
5892.03, 0.956991, 0.00333293, 0.94005, 0.451975
5892.04, 0.952486, 0.00332215, 0.94053, 0.449182
5892.05, 0.94561, 0.00330496, 0.94098, 0.445458
5892.06, 0.93603, 0.00327881, 0.94142, 0.4422
5892.07, 0.92596, 0.00325097, 0.94183, 0.438941
5892.08, 0.917532, 0.00322847, 0.94224, 0.435683
5892.09, 0.911963, 0.00321499, 0.94263, 0.433356
5892.1, 0.91022, 0.00321224, 0.94301, 0.430097
5892.11, 0.912995, 0.00321965, 0.94338, 0.427305
5892.12, 0.919364, 0.00323477, 0.94374, 0.424046
5892.13, 0.926825, 0.00325336, 0.94407, 0.421253
5892.14, 0.933715, 0.00327153, 0.94438, 0.417995
5892.15, 0.939015, 0.00328562, 0.94466, 0.415202
5892.16, 0.941257, 0.00329131, 0.94491, 0.412409
5892.17, 0.938906, 0.00328451, 0.94513, 0.409617
5892.18, 0.931702, 0.00326527, 0.94533, 0.406824
5892.19, 0.919576, 0.00323399, 0.94552, 0.404031
5892.2, 0.900936, 0.00318484, 0.9457, 0.401238
5892.21, 0.874908, 0.00311425, 0.94589, 0.398911
5892.22, 0.844448, 0.00303209, 0.94609, 0.396118
5892.23, 0.81429, 0.00295226, 0.9463, 0.39379
5892.24, 0.791487, 0.00289172, 0.94653, 0.390998
5892.25, 0.781246, 0.00286354, 0.94679, 0.389136
5892.26, 0.784978, 0.0028732, 0.94706, 0.386808
5892.27, 0.802217, 0.00291992, 0.94736, 0.384015
5892.28, 0.830411, 0.00299546, 0.94767, 0.381688
5892.29, 0.863277, 0.00308289, 0.94798, 0.379826
5892.3, 0.891686, 0.0031589, 0.94827, 0.377033
5892.31, 0.913063, 0.0032163, 0.94851, 0.375172
5892.32, 0.929249, 0.00325897, 0.94865, 0.372844
5892.33, 0.94061, 0.00328835, 0.94863, 0.370051
5892.34, 0.947121, 0.00330543, 0.94837, 0.367724
5892.35, 0.95109, 0.00331612, 0.94779, 0.364466
5892.36, 0.954904, 0.00332623, 0.94683, 0.361207
5892.37, 0.957778, 0.00333386, 0.94547, 0.357484
5892.38, 0.958728, 0.00333654, 0.94374, 0.354225
5892.39, 0.958575, 0.00333603, 0.9417, 0.350036
5892.4, 0.958053, 0.00333414, 0.93949, 0.345847
5892.41, 0.957031, 0.00333113, 0.93726, 0.342588
5892.42, 0.955377, 0.00332701, 0.93517, 0.338865
5892.43, 0.953149, 0.00332167, 0.93336, 0.335606
5892.44, 0.951208, 0.00331701, 0.93195, 0.332348
5892.45, 0.951181, 0.00331681, 0.93102, 0.330021
5892.46, 0.952865, 0.00332077, 0.9306, 0.327693
5892.47, 0.954676, 0.00332541, 0.93072, 0.325831
5892.48, 0.956738, 0.00333092, 0.93138, 0.324435
5892.49, 0.959995, 0.00333928, 0.93256, 0.323504
5892.5, 0.963718, 0.00334871, 0.93422, 0.323038
5892.51, 0.966713, 0.00335643, 0.93626, 0.322573
5892.52, 0.969112, 0.00336266, 0.93858, 0.322573
5892.53, 0.971303, 0.00336829, 0.94098, 0.323038
5892.54, 0.973123, 0.00337317, 0.94325, 0.323038
5892.55, 0.97419, 0.0033764, 0.94514, 0.322573
5892.56, 0.973882, 0.00337574, 0.94641, 0.321642
5892.57, 0.97218, 0.00337088, 0.94683, 0.320711
5892.58, 0.970185, 0.00336531, 0.94624, 0.318849
5892.59, 0.967981, 0.00335946, 0.94452, 0.316056
5892.6, 0.964204, 0.00334936, 0.94165, 0.312333
5892.61, 0.957842, 0.00333235, 0.9377, 0.307678
5892.62, 0.948397, 0.00330746, 0.93279, 0.303023
5892.63, 0.936486, 0.00327623, 0.92709, 0.296972
5892.64, 0.923436, 0.00324177, 0.92077, 0.290921
5892.65, 0.910119, 0.00320619, 0.91396, 0.28487
5892.66, 0.897194, 0.00317125, 0.90676, 0.277888
5892.67, 0.885474, 0.00313966, 0.89915, 0.271371
5892.68, 0.875954, 0.00311455, 0.89108, 0.264389
5892.69, 0.870138, 0.0030992, 0.88242, 0.256476
5892.7, 0.868953, 0.00309552, 0.87301, 0.248563
5892.71, 0.871309, 0.00310144, 0.86265, 0.239719
5892.72, 0.875512, 0.00311298, 0.85106, 0.230875
5892.73, 0.879357, 0.0031237, 0.83791, 0.2211
5892.74, 0.880511, 0.00312695, 0.82278, 0.209928
5892.75, 0.876575, 0.00311628, 0.80526, 0.198292
5892.76, 0.865932, 0.00308752, 0.78499, 0.186189
5892.77, 0.847788, 0.00303877, 0.76186, 0.172691
5892.78, 0.820969, 0.00296704, 0.73607, 0.159192
5892.79, 0.784152, 0.00286876, 0.70817, 0.144762
5892.8, 0.737755, 0.00274395, 0.67912, 0.130798
5892.81, 0.683625, 0.00259616, 0.65021, 0.117299
5892.82, 0.626491, 0.00243875, 0.62299, 0.104731
5892.83, 0.572168, 0.00228856, 0.59913, 0.0949566
5892.84, 0.526085, 0.00215998, 0.58027, 0.086578
5892.85, 0.493251, 0.0020666, 0.5678, 0.0819233
5892.86, 0.477674, 0.00202168, 0.56271, 0.0805269
5892.87, 0.482006, 0.00203413, 0.5655, 0.0823888
5892.88, 0.50626, 0.00210316, 0.57613, 0.0879745
5892.89, 0.548055, 0.002221, 0.59414, 0.0972839
5892.9, 0.601712, 0.00237065, 0.61869, 0.108455
5892.91, 0.66081, 0.00253356, 0.64863, 0.122419
5892.92, 0.718419, 0.00269042, 0.68262, 0.138246
5892.93, 0.767595, 0.00282307, 0.71913, 0.155003
5892.94, 0.80191, 0.0029156, 0.75659, 0.173156
5892.95, 0.820384, 0.00296554, 0.79343, 0.190844
5892.96, 0.825811, 0.00297992, 0.82819, 0.208067
5892.97, 0.823974, 0.0029745, 0.8596, 0.224358
5892.98, 0.82163, 0.00296787, 0.88669, 0.239253
5892.99, 0.823904, 0.00297358, 0.90888, 0.251356
5893, 0.834332, 0.00300091, 0.92606, 0.262061
5893.01, 0.852713, 0.0030499, 0.93857, 0.27044
5893.02, 0.876921, 0.00311513, 0.94711, 0.276491
5893.03, 0.902146, 0.00318284, 0.95259, 0.28068
5893.04, 0.924345, 0.00324172, 0.95589, 0.283473
5893.05, 0.941529, 0.00328693, 0.95778, 0.28487
5893.06, 0.953142, 0.0033174, 0.95883, 0.285335
5893.07, 0.960189, 0.00333599, 0.95938, 0.285335
5893.08, 0.96425, 0.00334667, 0.95963, 0.285335
5893.09, 0.967227, 0.00335404, 0.95965, 0.28487
5893.1, 0.969704, 0.00336019, 0.95944, 0.283939
5893.11, 0.97144, 0.00336542, 0.95895, 0.283008
5893.12, 0.972536, 0.00336919, 0.95813, 0.282077
5893.13, 0.973201, 0.00337073, 0.95693, 0.28068
5893.14, 0.973352, 0.0033704, 0.95532, 0.279284
5893.15, 0.972855, 0.00336876, 0.95335, 0.277422
5893.16, 0.971737, 0.00336588, 0.95108, 0.27556
5893.17, 0.97003, 0.00336158, 0.94865, 0.273698
5893.18, 0.967689, 0.00335546, 0.94623, 0.271836
5893.19, 0.964836, 0.00334785, 0.94396, 0.27044
5893.2, 0.961918, 0.00334049, 0.94201, 0.269044
5893.21, 0.959457, 0.00333453, 0.94048, 0.268113
5893.22, 0.958028, 0.00333027, 0.93943, 0.267647
5893.23, 0.95807, 0.00332931, 0.93892, 0.267647
5893.24, 0.959845, 0.00333416, 0.93896, 0.266716
5893.25, 0.962945, 0.00334319, 0.93967, 0.264854
5893.26, 0.966542, 0.00335233, 0.94113, 0.2602
5893.27, 0.970005, 0.0033606, 0.9436, 0.249959
5893.28, 0.972875, 0.00336832, 0.94746, 0.229944
5893.29, 0.975081, 0.00337458, 0.95309, 0.198292
5893.3, 0.976688, 0.00337847, 0.96058, 0.157795
5893.31, 0.97776, 0.00338075, 0.96942, 0.113575
5893.32, 0.978416, 0.00338238, 1, 0
5893.33, 0.978907, 0.00338393, 1, 0
5893.34, 0.979395, 0.00338559, 1, 0
5893.35, 0.979844, 0.00338701, 1, 0
5893.36, 0.980239, 0.00338806, 1, 0
5893.37, 0.980626, 0.00338907, 1, 0
5893.38, 0.981023, 0.00339014, 1, 0
