wav, obs, sigma_obs, syn, weight
5893.41, 0.984297, 0.00340008, 1, 0
5893.42, 0.984773, 0.00340146, 1, 0
5893.43, 0.98446, 0.00340032, 1, 0
5893.44, 0.983501, 0.00339727, 1, 0
5893.45, 0.982702, 0.00339514, 1, 0
5893.46, 0.982488, 0.00339501, 1, 0
5893.47, 0.982925, 0.00339651, 1, 0
5893.48, 0.983472, 0.00339816, 0.99927, 0.118079
5893.49, 0.983375, 0.00339807, 0.99818, 0.165862
5893.5, 0.982335, 0.0033952, 0.99616, 0.20997
5893.51, 0.980455, 0.00338965, 0.99302, 0.24351
5893.52, 0.978754, 0.00338469, 0.98893, 0.265563
5893.53, 0.977886, 0.00338252, 0.98445, 0.277509
5893.54, 0.976964, 0.00338043, 0.98034, 0.283482
5893.55, 0.975224, 0.00337603, 0.97719, 0.285779
5893.56, 0.972597, 0.00336905, 0.97514, 0.287158
5893.57, 0.96879, 0.00335868, 0.97403, 0.287617
5893.58, 0.963108, 0.00334313, 0.9735, 0.288536
5893.59, 0.954616, 0.00332011, 0.97328, 0.288995
5893.6, 0.942388, 0.00328749, 0.97318, 0.289455
5893.61, 0.928041, 0.00324964, 0.97313, 0.290374
5893.62, 0.91478, 0.003215, 0.97308, 0.290833
5893.63, 0.90472, 0.00318892, 0.97303, 0.291752
5893.64, 0.89945, 0.00317531, 0.97297, 0.291752
5893.65, 0.900598, 0.00317835, 0.97291, 0.292671
5893.66, 0.90887, 0.00319991, 0.97284, 0.29359
5893.67, 0.921575, 0.00323295, 0.97277, 0.294049
5893.68, 0.935509, 0.00326925, 0.9727, 0.294968
5893.69, 0.948123, 0.00330267, 0.97262, 0.295887
5893.7, 0.957868, 0.00332914, 0.97254, 0.296806
5893.71, 0.964779, 0.00334768, 0.97245, 0.297725
5893.72, 0.96936, 0.00335927, 0.97236, 0.298644
5893.73, 0.972471, 0.00336689, 0.97226, 0.299563
5893.74, 0.974483, 0.003372, 0.97214, 0.300482
5893.75, 0.975376, 0.00337473, 0.97202, 0.301401
5893.76, 0.975879, 0.00337665, 0.97188, 0.30232
5893.77, 0.976965, 0.00337973, 0.97174, 0.303698
5893.78, 0.977925, 0.00338212, 0.97158, 0.304617
5893.79, 0.977664, 0.00338124, 0.97142, 0.305536
5893.8, 0.976866, 0.00337904, 0.97125, 0.306455
5893.81, 0.976469, 0.00337809, 0.97109, 0.307833
5893.82, 0.976463, 0.00337822, 0.97092, 0.309211
5893.83, 0.976567, 0.00337853, 0.97076, 0.31013
5893.84, 0.976332, 0.00337768, 0.9706, 0.311509
5893.85, 0.976009, 0.00337647, 0.97045, 0.312887
5893.86, 0.976936, 0.0033789, 0.9703, 0.313806
5893.87, 0.978784, 0.00338396, 0.97015, 0.315644
5893.88, 0.979377, 0.00338511, 0.97001, 0.316563
5893.89, 0.978844, 0.00338326, 0.96987, 0.317941
5893.9, 0.979018, 0.0033847, 0.96973, 0.319779
5893.91, 0.979545, 0.00338718, 0.96958, 0.321157
5893.92, 0.979127, 0.00338504, 0.96944, 0.322995
5893.93, 0.978622, 0.00338219, 0.96928, 0.324373
5893.94, 0.979205, 0.00338405, 0.96912, 0.326671
5893.95, 0.979758, 0.00338623, 0.96895, 0.328049
5893.96, 0.979176, 0.00338434, 0.96878, 0.330346
5893.97, 0.978207, 0.00338173, 0.9686, 0.331724
5893.98, 0.977446, 0.00338056, 0.96842, 0.333562
5893.99, 0.976517, 0.0033777, 0.96824, 0.3354
5894, 0.975232, 0.00337248, 0.96806, 0.337238
5894.01, 0.973816, 0.00336837, 0.96788, 0.339076
5894.02, 0.972001, 0.003365, 0.96771, 0.340914
5894.03, 0.969, 0.00335801, 0.96754, 0.343211
5894.04, 0.964118, 0.00334499, 0.96736, 0.345049
5894.05, 0.956771, 0.0033251, 0.96718, 0.346886
5894.06, 0.94663, 0.00329793, 0.967, 0.348724
5894.07, 0.93385, 0.00326415, 0.96681, 0.350562
5894.08, 0.920585, 0.00322937, 0.96662, 0.352859
5894.09, 0.909372, 0.0032, 0.96643, 0.355157
5894.1, 0.901671, 0.00317938, 0.96623, 0.356994
5894.11, 0.898675, 0.00317062, 0.96603, 0.359292
5894.12, 0.901507, 0.00317798, 0.96583, 0.361589
5894.13, 0.910022, 0.00320143, 0.96563, 0.364346
5894.14, 0.921894, 0.00323313, 0.96544, 0.366643
5894.15, 0.934545, 0.003266, 0.96525, 0.3694
5894.16, 0.945443, 0.00329493, 0.96506, 0.372156
5894.17, 0.953493, 0.00331675, 0.96487, 0.374454
5894.18, 0.958922, 0.00333031, 0.96469, 0.37721
5894.19, 0.962841, 0.00333931, 0.96451, 0.379967
5894.2, 0.966584, 0.00334924, 0.96432, 0.383183
5894.21, 0.969492, 0.00335778, 0.96413, 0.38594
5894.22, 0.970506, 0.00336082, 0.96393, 0.388237
5894.23, 0.970571, 0.00336108, 0.96371, 0.391453
5894.24, 0.97075, 0.00336181, 0.96348, 0.394669
5894.25, 0.970743, 0.00336194, 0.96323, 0.397426
5894.26, 0.970555, 0.0033613, 0.96296, 0.400642
5894.27, 0.97135, 0.00336324, 0.96267, 0.403858
5894.28, 0.973052, 0.00336768, 0.96235, 0.407075
5894.29, 0.973659, 0.00336915, 0.96202, 0.409831
5894.3, 0.9731, 0.00336743, 0.96167, 0.413507
5894.31, 0.973296, 0.00336771, 0.9613, 0.416723
5894.32, 0.974333, 0.00337044, 0.96092, 0.419939
5894.33, 0.974994, 0.00337259, 0.96053, 0.423615
5894.34, 0.974768, 0.00337233, 0.96013, 0.426831
5894.35, 0.973679, 0.00336912, 0.95972, 0.430507
5894.36, 0.972705, 0.00336603, 0.95932, 0.434182
5894.37, 0.972728, 0.00336602, 0.95891, 0.438317
5894.38, 0.973105, 0.00336725, 0.9585, 0.441993
5894.39, 0.973222, 0.00336781, 0.95809, 0.446128
5894.4, 0.973389, 0.00336827, 0.95768, 0.450263
5894.41, 0.973601, 0.0033686, 0.95727, 0.453939
5894.42, 0.973097, 0.00336714, 0.95685, 0.458533
5894.43, 0.971993, 0.00336415, 0.95643, 0.463128
5894.44, 0.971463, 0.00336221, 0.956, 0.467263
5894.45, 0.971564, 0.00336196, 0.95556, 0.471857
5894.46, 0.971449, 0.00336231, 0.95512, 0.476452
5894.47, 0.971031, 0.00336218, 0.95467, 0.481506
5894.48, 0.970639, 0.00336081, 0.95422, 0.48656
5894.49, 0.970335, 0.00335907, 0.95376, 0.491614
5894.5, 0.970083, 0.00335816, 0.9533, 0.497127
5894.51, 0.969904, 0.00335804, 0.95284, 0.502181
5894.52, 0.96969, 0.00335797, 0.95238, 0.507695
5894.53, 0.968917, 0.0033564, 0.95192, 0.513208
5894.54, 0.967422, 0.00335269, 0.95146, 0.518722
5894.55, 0.965887, 0.00334833, 0.95098, 0.524694
5894.56, 0.964822, 0.00334489, 0.9505, 0.530667
5894.57, 0.964357, 0.00334354, 0.95, 0.53664
5894.58, 0.964181, 0.0033433, 0.94949, 0.542613
5894.59, 0.963662, 0.00334147, 0.94895, 0.549045
5894.6, 0.962988, 0.00333913, 0.94839, 0.555478
5894.61, 0.962768, 0.00333926, 0.94781, 0.561451
5894.62, 0.962648, 0.00333996, 0.94721, 0.568342
5894.63, 0.961958, 0.00333785, 0.94659, 0.575234
5894.64, 0.960613, 0.00333355, 0.94594, 0.582126
5894.65, 0.958989, 0.00332919, 0.94528, 0.589477
5894.66, 0.958373, 0.00332803, 0.9446, 0.596828
5894.67, 0.959095, 0.00333041, 0.94391, 0.60418
5894.68, 0.959025, 0.00333001, 0.9432, 0.61245
5894.69, 0.957444, 0.00332508, 0.94247, 0.619801
5894.7, 0.956187, 0.00332182, 0.94173, 0.628071
5894.71, 0.955856, 0.00332179, 0.94097, 0.636341
5894.72, 0.955575, 0.00332119, 0.9402, 0.644611
5894.73, 0.954885, 0.00331864, 0.9394, 0.653341
5894.74, 0.953761, 0.00331484, 0.93858, 0.662071
5894.75, 0.952807, 0.0033119, 0.93774, 0.67126
5894.76, 0.95262, 0.00331162, 0.93688, 0.680449
5894.77, 0.952057, 0.00331064, 0.93599, 0.689638
5894.78, 0.950104, 0.00330582, 0.93508, 0.699286
5894.79, 0.948326, 0.00330112, 0.93415, 0.709854
5894.8, 0.947825, 0.00329953, 0.9332, 0.719962
5894.81, 0.947226, 0.00329796, 0.93223, 0.73007
5894.82, 0.945786, 0.00329461, 0.93123, 0.741096
5894.83, 0.944361, 0.0032912, 0.9302, 0.752123
5894.84, 0.94316, 0.00328812, 0.92915, 0.76315
5894.85, 0.941528, 0.00328389, 0.92807, 0.775096
5894.86, 0.939426, 0.00327822, 0.92697, 0.786582
5894.87, 0.937282, 0.00327182, 0.92584, 0.798987
5894.88, 0.935052, 0.0032653, 0.92467, 0.811393
5894.89, 0.932548, 0.00325921, 0.92348, 0.823798
5894.9, 0.930293, 0.00325437, 0.92225, 0.837122
5894.91, 0.928651, 0.00325065, 0.92099, 0.850446
5894.92, 0.926337, 0.00324397, 0.91968, 0.86423
5894.93, 0.921995, 0.00323094, 0.91835, 0.878473
5894.94, 0.915111, 0.00321229, 0.91697, 0.893175
5894.95, 0.906097, 0.00318973, 0.91554, 0.908337
5894.96, 0.896724, 0.00316546, 0.91407, 0.923039
5894.97, 0.888476, 0.0031428, 0.91254, 0.93912
5894.98, 0.882325, 0.00312624, 0.91094, 0.955661
5894.99, 0.879337, 0.0031188, 0.90925, 0.971741
5895, 0.880518, 0.00312196, 0.90748, 0.989201
5895.01, 0.885287, 0.00313429, 0.9056, 1.00666
5895.02, 0.892128, 0.00315246, 0.90361, 1.02412
5895.03, 0.899356, 0.00317178, 0.90151, 1.0425
5895.04, 0.905452, 0.00318783, 0.8993, 1.06088
5895.05, 0.909816, 0.00319933, 0.89701, 1.07925
5895.06, 0.912093, 0.0032056, 0.89465, 1.09717
5895.07, 0.911954, 0.00320533, 0.89225, 1.11601
5895.08, 0.910016, 0.00319997, 0.88981, 1.13485
5895.09, 0.908557, 0.00319593, 0.88735, 1.1546
5895.1, 0.907926, 0.00319443, 0.88487, 1.17436
5895.11, 0.905966, 0.00318975, 0.88238, 1.19549
5895.12, 0.902475, 0.00318091, 0.87987, 1.21663
5895.13, 0.898959, 0.0031712, 0.87734, 1.24006
5895.14, 0.895852, 0.00316219, 0.87477, 1.26395
5895.15, 0.892904, 0.00315413, 0.87217, 1.28922
5895.16, 0.889783, 0.00314591, 0.86953, 1.31587
5895.17, 0.886458, 0.00313697, 0.86684, 1.3439
5895.18, 0.884278, 0.00313133, 0.8641, 1.37284
5895.19, 0.884016, 0.0031313, 0.86132, 1.40363
5895.2, 0.883877, 0.00313131, 0.85848, 1.43579
5895.21, 0.882611, 0.00312764, 0.85559, 1.46933
5895.22, 0.880791, 0.00312251, 0.85265, 1.50425
5895.23, 0.878652, 0.00311677, 0.84966, 1.54008
5895.24, 0.875809, 0.00310888, 0.8466, 1.57776
5895.25, 0.872673, 0.0030999, 0.84348, 1.61635
5895.26, 0.870235, 0.00309285, 0.84027, 1.65587
5895.27, 0.867934, 0.00308658, 0.83696, 1.69584
5895.28, 0.86458, 0.00307817, 0.83351, 1.73627
5895.29, 0.861005, 0.00306944, 0.82991, 1.77808
5895.3, 0.858273, 0.00306265, 0.82613, 1.82035
5895.31, 0.854963, 0.0030538, 0.82215, 1.86354
5895.32, 0.850012, 0.00304013, 0.81795, 1.9081
5895.33, 0.845126, 0.0030269, 0.81353, 1.95267
5895.34, 0.841132, 0.00301661, 0.8089, 1.99954
5895.35, 0.83641, 0.00300429, 0.80405, 2.04686
5895.36, 0.830606, 0.00298865, 0.799, 2.09602
5895.37, 0.825199, 0.00297383, 0.79375, 2.14564
5895.38, 0.82016, 0.00296005, 0.7883, 2.1971
5895.39, 0.814228, 0.00294427, 0.78267, 2.24948
5895.4, 0.807895, 0.0029278, 0.77684, 2.30277
5895.41, 0.80236, 0.0029136, 0.77081, 2.35699
5895.42, 0.796635, 0.00289846, 0.7646, 2.41212
5895.43, 0.789422, 0.00287852, 0.75818, 2.4691
5895.44, 0.781696, 0.00285732, 0.75156, 2.52653
5895.45, 0.774488, 0.00283826, 0.74473, 2.58488
5895.46, 0.767393, 0.00281945, 0.7377, 2.64415
5895.47, 0.759645, 0.00279842, 0.73046, 2.7048
5895.48, 0.750285, 0.00277339, 0.723, 2.76498
5895.49, 0.73903, 0.00274353, 0.71533, 2.82609
5895.5, 0.726434, 0.00270919, 0.70745, 2.8872
5895.51, 0.712707, 0.00267119, 0.69935, 2.94739
5895.52, 0.697864, 0.00263093, 0.69104, 3.00711
5895.53, 0.6832, 0.0025916, 0.68253, 3.06547
5895.54, 0.670443, 0.00255684, 0.67382, 3.12244
5895.55, 0.659539, 0.0025269, 0.66492, 3.17619
5895.56, 0.64993, 0.0025009, 0.65583, 3.22765
5895.57, 0.64175, 0.00247866, 0.64657, 3.27452
5895.58, 0.63499, 0.00245972, 0.63714, 3.31633
5895.59, 0.628834, 0.00244256, 0.62756, 3.35262
5895.6, 0.622192, 0.00242445, 0.61783, 3.38157
5895.61, 0.613764, 0.00240117, 0.60798, 3.4027
5895.62, 0.603498, 0.0023724, 0.59799, 3.41373
5895.63, 0.59274, 0.00234242, 0.58786, 3.41511
5895.64, 0.58174, 0.00231204, 0.57758, 3.40454
5895.65, 0.569915, 0.00227948, 0.56711, 3.38157
5895.66, 0.557521, 0.00224535, 0.55637, 3.34481
5895.67, 0.544992, 0.00221068, 0.54527, 3.29335
5895.68, 0.531172, 0.00217164, 0.5337, 3.22719
5895.69, 0.515006, 0.00212495, 0.52153, 3.14495
5895.7, 0.497872, 0.00207583, 0.50867, 3.04709
5895.71, 0.481123, 0.00202892, 0.49502, 2.9336
5895.72, 0.464749, 0.00198296, 0.48053, 2.80542
5895.73, 0.448855, 0.00193749, 0.46521, 2.66528
5895.74, 0.434023, 0.00189457, 0.44909, 2.51458
5895.75, 0.420169, 0.00185417, 0.43222, 2.35699
5895.76, 0.406414, 0.0018137, 0.41472, 2.19572
5895.77, 0.391309, 0.00176901, 0.3967, 2.03445
5895.78, 0.373073, 0.00171501, 0.37831, 1.87502
5895.79, 0.350399, 0.00164726, 0.35971, 1.72065
5895.8, 0.322435, 0.00156225, 0.34105, 1.57362
5895.81, 0.289493, 0.00145971, 0.32253, 1.43487
5895.82, 0.25262, 0.00134158, 0.30431, 1.30668
5895.83, 0.214066, 0.00121386, 0.2866, 1.1909
5895.84, 0.176271, 0.00108291, 0.26961, 1.08798
5895.85, 0.141533, 0.000954192, 0.25357, 0.998849
5895.86, 0.111974, 0.000835639, 0.23871, 0.924418
5895.87, 0.0893878, 0.000738496, 0.2253, 0.86423
5895.88, 0.0735262, 0.000664879, 0.21361, 0.817825
5895.89, 0.0622569, 0.000608144, 0.2039, 0.784285
5895.9, 0.0545382, 0.000566508, 0.19642, 0.761772
5895.91, 0.0500707, 0.000541299, 0.1914, 0.747529
5895.92, 0.0483346, 0.000531296, 0.18897, 0.741556
5895.93, 0.0487042, 0.000533807, 0.18924, 0.742015
5895.94, 0.0505403, 0.000544634, 0.19219, 0.749367
5895.95, 0.0538231, 0.00056274, 0.19772, 0.764988
5895.96, 0.0603538, 0.000597541, 0.20565, 0.789339
5895.97, 0.0717625, 0.000655883, 0.21578, 0.825176
5895.98, 0.0887142, 0.000736024, 0.22783, 0.873878
5895.99, 0.111759, 0.000835812, 0.24155, 0.936364
5896, 0.141354, 0.000953578, 0.25666, 1.01309
5896.01, 0.176373, 0.00108337, 0.27291, 1.10406
5896.02, 0.214326, 0.00121572, 0.29006, 1.20928
5896.03, 0.252782, 0.00134326, 0.30788, 1.3269
5896.04, 0.289508, 0.00146045, 0.32618, 1.45646
5896.05, 0.323143, 0.00156475, 0.34475, 1.59614
5896.06, 0.352749, 0.00165485, 0.36341, 1.745
5896.07, 0.377756, 0.00172985, 0.38198, 1.89983
5896.08, 0.398517, 0.0017913, 0.40031, 2.05972
5896.09, 0.417466, 0.00184665, 0.41823, 2.22145
5896.1, 0.435923, 0.00190014, 0.43561, 2.38226
5896.11, 0.452845, 0.00194912, 0.45232, 2.53893
5896.12, 0.468311, 0.00199377, 0.46826, 2.6878
5896.13, 0.483819, 0.0020379, 0.48337, 2.82609
5896.14, 0.499441, 0.00208205, 0.49763, 2.95106
5896.15, 0.514259, 0.00212439, 0.51103, 3.06087
5896.16, 0.528563, 0.00216527, 0.52365, 3.15552
5896.17, 0.543035, 0.00220572, 0.53557, 3.23317
5896.18, 0.55717, 0.00224469, 0.54691, 3.29427
5896.19, 0.570417, 0.00228132, 0.5578, 3.34022
5896.2, 0.583375, 0.0023176, 0.56833, 3.37054
5896.21, 0.596537, 0.00235478, 0.57861, 3.38708
5896.22, 0.60966, 0.00239134, 0.58869, 3.39122
5896.23, 0.62247, 0.00242624, 0.5986, 3.38387
5896.24, 0.634799, 0.00245971, 0.60837, 3.36595
5896.25, 0.646658, 0.00249225, 0.618, 3.3393
5896.26, 0.658196, 0.00252438, 0.62748, 3.30438
5896.27, 0.669242, 0.00255509, 0.63684, 3.26303
5896.28, 0.679507, 0.00258281, 0.64605, 3.21617
5896.29, 0.689281, 0.00260888, 0.65512, 3.16471
5896.3, 0.698952, 0.00263525, 0.66405, 3.10957
5896.31, 0.708258, 0.00266103, 0.67282, 3.05306
5896.32, 0.716926, 0.002685, 0.68143, 2.99425
5896.33, 0.725135, 0.00270711, 0.68989, 2.9359
5896.34, 0.732942, 0.00272749, 0.69817, 2.87663
5896.35, 0.740071, 0.00274631, 0.70628, 2.81782
5896.36, 0.746747, 0.00276462, 0.71421, 2.75947
5896.37, 0.753777, 0.00278429, 0.72196, 2.70158
5896.38, 0.760996, 0.00280405, 0.72953, 2.64415
5896.39, 0.767557, 0.00282068, 0.73691, 2.58763
5896.4, 0.773706, 0.00283614, 0.7441, 2.53158
5896.41, 0.780086, 0.00285408, 0.75109, 2.47691
5896.42, 0.78629, 0.00287188, 0.75789, 2.42315
5896.43, 0.791839, 0.00288641, 0.76449, 2.37031
5896.44, 0.797272, 0.00290014, 0.7709, 2.3184
5896.45, 0.803085, 0.0029156, 0.77712, 2.2674
5896.46, 0.809176, 0.00293261, 0.78315, 2.21732
5896.47, 0.81465, 0.0029483, 0.789, 2.1677
5896.48, 0.817674, 0.00295667, 0.79467, 2.11945
5896.49, 0.818464, 0.00295833, 0.80015, 2.07075
5896.5, 0.819195, 0.00296014, 0.80544, 2.02343
5896.51, 0.820583, 0.00296391, 0.81053, 1.97656
5896.52, 0.822527, 0.0029687, 0.81543, 1.93108
5896.53, 0.826203, 0.00297838, 0.82014, 1.88605
5896.54, 0.832811, 0.00299694, 0.82466, 1.8424
5896.55, 0.841242, 0.00301994, 0.82902, 1.79967
5896.56, 0.850048, 0.00304244, 0.83321, 1.75878
5896.57, 0.858553, 0.00306446, 0.83725, 1.71835
5896.58, 0.866057, 0.00308507, 0.84115, 1.6793
5896.59, 0.871614, 0.00310016, 0.84492, 1.64162
5896.6, 0.875402, 0.00310989, 0.84856, 1.60487
5896.61, 0.878874, 0.00311948, 0.85209, 1.56949
5896.62, 0.882376, 0.00312949, 0.8555, 1.53503
5896.63, 0.885394, 0.00313705, 0.8588, 1.50103
5896.64, 0.888021, 0.00314314, 0.862, 1.46841
5896.65, 0.890633, 0.00315026, 0.8651, 1.43671
5896.66, 0.893405, 0.00315833, 0.8681, 1.40592
5896.67, 0.896302, 0.00316637, 0.87101, 1.37606
5896.68, 0.898827, 0.00317326, 0.87383, 1.34711
5896.69, 0.900612, 0.00317813, 0.87656, 1.31863
5896.7, 0.90177, 0.00318061, 0.87921, 1.29106
5896.71, 0.902763, 0.00318228, 0.88177, 1.26441
5896.72, 0.904404, 0.00318715, 0.88426, 1.23822
5896.73, 0.906539, 0.00319427, 0.88667, 1.21295
5896.74, 0.908249, 0.00319865, 0.88901, 1.18906
5896.75, 0.91029, 0.00320296, 0.89128, 1.16471
5896.76, 0.913988, 0.00321292, 0.89348, 1.14174
5896.77, 0.917617, 0.00322323, 0.89561, 1.11923
5896.78, 0.919163, 0.00322718, 0.89769, 1.09717
5896.79, 0.920317, 0.00322994, 0.89971, 1.07604
5896.8, 0.922675, 0.00323639, 0.90166, 1.05536
5896.81, 0.925256, 0.0032433, 0.90356, 1.03515
5896.82, 0.92711, 0.00324789, 0.90541, 1.01585
5896.83, 0.928, 0.00325026, 0.90721, 0.996552
5896.84, 0.928403, 0.00325167, 0.90895, 0.978174
5896.85, 0.929369, 0.00325413, 0.91064, 0.960255
5896.86, 0.930363, 0.00325634, 0.91229, 0.942796
5896.87, 0.929994, 0.00325529, 0.91389, 0.925796
5896.88, 0.929121, 0.00325343, 0.91544, 0.909256
5896.89, 0.929234, 0.00325453, 0.91694, 0.893175
5896.9, 0.92985, 0.00325657, 0.91841, 0.877554
5896.91, 0.930286, 0.00325736, 0.91983, 0.861932
5896.92, 0.930985, 0.00325917, 0.92121, 0.84723
5896.93, 0.932103, 0.00326281, 0.92256, 0.832987
5896.94, 0.932878, 0.00326498, 0.92387, 0.818284
5896.95, 0.932707, 0.00326382, 0.92515, 0.80496
5896.96, 0.931285, 0.00325974, 0.92639, 0.791177
5896.97, 0.928062, 0.00325153, 0.9276, 0.778312
5896.98, 0.922467, 0.00323706, 0.92877, 0.765447
5896.99, 0.915707, 0.00321902, 0.92991, 0.753042
5897, 0.90965, 0.00320212, 0.93102, 0.740637
5897.01, 0.904607, 0.00318833, 0.93209, 0.728691
5897.02, 0.90049, 0.00317835, 0.93312, 0.716745
5897.03, 0.89765, 0.00317173, 0.93412, 0.705719
5897.04, 0.895628, 0.00316621, 0.93507, 0.694232
5897.05, 0.892088, 0.00315626, 0.93597, 0.683665
5897.06, 0.886291, 0.00314055, 0.93683, 0.672638
5897.07, 0.880032, 0.00312404, 0.93763, 0.662071
5897.08, 0.874852, 0.00311061, 0.93836, 0.651963
5897.09, 0.871925, 0.00310296, 0.93903, 0.641855
5897.1, 0.87267, 0.00310512, 0.93964, 0.631747
5897.11, 0.878374, 0.00312097, 0.94019, 0.622098
5897.12, 0.888498, 0.00314829, 0.94068, 0.61199
5897.13, 0.901266, 0.00318159, 0.94113, 0.602801
5897.14, 0.912849, 0.00321182, 0.94155, 0.592693
5897.15, 0.920473, 0.00323241, 0.94195, 0.583504
5897.16, 0.92502, 0.00324469, 0.94234, 0.573856
5897.17, 0.927206, 0.00325017, 0.94273, 0.565126
5897.18, 0.926731, 0.00324902, 0.94315, 0.555937
5897.19, 0.924605, 0.00324398, 0.94358, 0.547667
5897.2, 0.923067, 0.0032401, 0.94404, 0.538937
5897.21, 0.922315, 0.00323778, 0.94454, 0.531127
5897.22, 0.921385, 0.00323482, 0.94506, 0.523316
5897.23, 0.92083, 0.00323328, 0.94561, 0.515965
5897.24, 0.92163, 0.00323607, 0.94619, 0.508614
5897.25, 0.923806, 0.00324238, 0.94681, 0.501262
5897.26, 0.926964, 0.00325051, 0.94745, 0.49483
5897.27, 0.930291, 0.00325895, 0.94813, 0.488857
5897.28, 0.933468, 0.00326742, 0.94885, 0.482425
5897.29, 0.937084, 0.00327749, 0.94961, 0.476911
5897.3, 0.940927, 0.00328823, 0.9504, 0.471398
5897.31, 0.943884, 0.00329604, 0.95123, 0.465885
5897.32, 0.945632, 0.00330016, 0.95209, 0.460831
5897.33, 0.946472, 0.00330197, 0.95297, 0.455777
5897.34, 0.946901, 0.00330267, 0.95386, 0.450723
5897.35, 0.947132, 0.00330266, 0.95473, 0.445209
5897.36, 0.945688, 0.00329893, 0.95557, 0.440615
5897.37, 0.940921, 0.00328758, 0.95634, 0.435561
5897.38, 0.932074, 0.00326485, 0.95701, 0.430507
5897.39, 0.918964, 0.0032294, 0.95758, 0.425912
5897.4, 0.902223, 0.00318433, 0.95802, 0.420858
5897.41, 0.884576, 0.00313765, 0.95834, 0.415804
5897.42, 0.870945, 0.00310213, 0.95855, 0.41075
5897.43, 0.864133, 0.00308464, 0.95867, 0.405696
5897.44, 0.86513, 0.00308716, 0.95873, 0.400183
5897.45, 0.874097, 0.00311021, 0.95877, 0.395129
5897.46, 0.890064, 0.00315179, 0.95882, 0.389615
5897.47, 0.908399, 0.00320059, 0.95889, 0.384561
5897.48, 0.92453, 0.00324473, 0.959, 0.379048
5897.49, 0.937467, 0.00327935, 0.95915, 0.373994
5897.5, 0.946954, 0.00330304, 0.95935, 0.3694
5897.51, 0.952891, 0.00331845, 0.95959, 0.364805
5897.52, 0.956123, 0.00332856, 0.95987, 0.360211
5897.53, 0.958565, 0.00333614, 0.96019, 0.355616
5897.54, 0.960939, 0.00334251, 0.96055, 0.351481
5897.55, 0.96301, 0.00334792, 0.96095, 0.347805
5897.56, 0.964939, 0.00335262, 0.96138, 0.34367
5897.57, 0.967044, 0.00335706, 0.96186, 0.340454
5897.58, 0.969287, 0.00336256, 0.96239, 0.336778
5897.59, 0.971478, 0.0033696, 0.96297, 0.334022
5897.6, 0.973302, 0.00337515, 0.96361, 0.331265
5897.61, 0.974373, 0.00337715, 0.9643, 0.328508
5897.62, 0.974223, 0.00337683, 0.96505, 0.325752
5897.63, 0.973038, 0.00337518, 0.96584, 0.322995
5897.64, 0.971777, 0.00337236, 0.96667, 0.320238
5897.65, 0.97032, 0.00336773, 0.96752, 0.317941
5897.66, 0.967836, 0.00336054, 0.96835, 0.314725
5897.67, 0.965495, 0.00335433, 0.96915, 0.311968
5897.68, 0.965127, 0.00335379, 0.96989, 0.309211
5897.69, 0.96634, 0.00335733, 0.97056, 0.305995
5897.7, 0.968197, 0.00336202, 0.97114, 0.303698
5897.71, 0.970383, 0.00336741, 0.97165, 0.300482
5897.72, 0.972519, 0.00337279, 0.97208, 0.297725
5897.73, 0.973859, 0.00337609, 0.97245, 0.294509
5897.74, 0.9744, 0.00337742, 0.97278, 0.291752
5897.75, 0.975081, 0.00337966, 0.97307, 0.288536
5897.76, 0.975702, 0.00338203, 0.97333, 0.286239
5897.77, 0.975303, 0.00338124, 0.97356, 0.283023
5897.78, 0.975191, 0.0033809, 0.97377, 0.280266
5897.79, 0.977316, 0.00338661, 0.97395, 0.277509
5897.8, 0.980418, 0.00339473, 0.97409, 0.275212
5897.81, 0.982643, 0.00340008, 0.97419, 0.272455
5897.82, 0.983711, 0.00340273, 0.97423, 0.269698
5897.83, 0.983943, 0.00340386, 0.97421, 0.266942
5897.84, 0.984203, 0.00340464, 0.97411, 0.264185
5897.85, 0.984638, 0.0034053, 0.97393, 0.261888
5897.86, 0.984436, 0.00340493, 0.97366, 0.259131
5897.87, 0.983713, 0.00340365, 0.97333, 0.256834
5897.88, 0.983329, 0.00340251, 0.97293, 0.254077
5897.89, 0.983394, 0.00340225, 0.97249, 0.25132
5897.9, 0.983592, 0.00340307, 0.97204, 0.248564
5897.91, 0.983538, 0.00340324, 0.97159, 0.245807
5897.92, 0.983202, 0.00340187, 0.97116, 0.24305
5897.93, 0.983751, 0.00340306, 0.97078, 0.239834
5897.94, 0.985355, 0.00340777, 0.97045, 0.237537
5897.95, 0.985759, 0.00340893, 0.97018, 0.23478
5897.96, 0.984262, 0.00340451, 0.96997, 0.232023
5897.97, 0.982467, 0.00339994, 0.96982, 0.229726
5897.98, 0.981196, 0.00339758, 0.96973, 0.226969
5897.99, 0.980336, 0.00339637, 0.9697, 0.225132
5898, 0.978247, 0.00339112, 0.96971, 0.223294
5898.01, 0.972929, 0.00337601, 0.96974, 0.220997
5898.02, 0.964606, 0.00335296, 0.96974, 0.219159
5898.03, 0.95438, 0.00332616, 0.96969, 0.217321
5898.04, 0.943829, 0.00329914, 0.96951, 0.215943
5898.05, 0.934918, 0.00327633, 0.96914, 0.214105
5898.06, 0.930137, 0.00326395, 0.96854, 0.212267
5898.07, 0.930492, 0.00326475, 0.96765, 0.210889
5898.08, 0.935032, 0.00327669, 0.96647, 0.209051
5898.09, 0.942001, 0.00329502, 0.96504, 0.207213
5898.1, 0.949227, 0.00331352, 0.96342, 0.204916
5898.11, 0.955623, 0.00332978, 0.9617, 0.202159
5898.12, 0.960532, 0.00334282, 0.95997, 0.199862
5898.13, 0.962679, 0.00334918, 0.95832, 0.196646
5898.14, 0.961122, 0.0033459, 0.95681, 0.193429
5898.15, 0.956514, 0.003334, 0.9555, 0.190213
5898.16, 0.950134, 0.00331667, 0.95441, 0.186538
5898.17, 0.943822, 0.00329968, 0.95354, 0.183321
5898.18, 0.938148, 0.00328468, 0.9529, 0.180565
5898.19, 0.932255, 0.00326856, 0.95247, 0.178267
5898.2, 0.927439, 0.00325511, 0.95227, 0.175511
5898.21, 0.926357, 0.00325249, 0.95227, 0.174132
5898.22, 0.929025, 0.00326079, 0.95249, 0.172754
5898.23, 0.934288, 0.00327637, 0.95294, 0.171835
5898.24, 0.941484, 0.00329611, 0.95361, 0.171376
5898.25, 0.950033, 0.00331771, 0.9546, 0.170916
5898.26, 0.95917, 0.00334064, 0.95601, 0.170457
5898.27, 0.967746, 0.00336298, 0.95803, 0.170916
5898.28, 0.974028, 0.00338001, 0.961, 0.171376
5898.29, 0.977196, 0.00338898, 0.96525, 0.172295
5898.3, 0.977549, 0.00338992, 0.97087, 0.171376
5898.31, 0.975997, 0.00338536, 0.9775, 0.168619
5898.32, 0.973808, 0.00337942, 0.9843, 0.161727
5898.33, 0.972021, 0.00337519, 0.99027, 0.148863
5898.34, 0.971206, 0.00337415, 0.99472, 0.128647
5898.35, 0.970396, 0.00337269, 0.99752, 0.101998
5898.36, 0.969402, 0.00336967, 0.99901, 0.0725934
5898.37, 0.971095, 0.00337373, 1, 0
5898.38, 0.976082, 0.00338715, 1, 0
5898.39, 0.980633, 0.00339966, 1, 0
5898.4, 0.983329, 0.00340727, 1, 0
5898.41, 0.986001, 0.00341481, 1, 0
5898.42, 0.988941, 0.00342307, 1, 0
5898.43, 0.991881, 0.00343132, 1, 0
