wav, obs, sigma_obs, syn, weight
6153.83, 0.998797, 0.00503907, 1, 0
6153.84, 0.997889, 0.0050373, 1, 0
6153.85, 0.998288, 0.00503907, 1, 0
6153.86, 1.00122, 0.00504777, 1, 0
6153.87, 1.00245, 0.00505209, 1, 0
6153.88, 1.0003, 0.00504749, 1, 0
6153.89, 0.999691, 0.00504698, 1, 0
6153.9, 1.00104, 0.00505161, 0.99839, 0.00574271
6153.91, 1.00092, 0.00505231, 0.9982, 0.0105283
6153.92, 0.999762, 0.00504977, 0.99802, 0.016271
6153.93, 0.998923, 0.00504712, 0.99785, 0.0220137
6153.94, 0.998103, 0.00504333, 0.9977, 0.0267993
6153.95, 0.997452, 0.00504005, 0.99757, 0.0315849
6153.96, 0.997916, 0.00504262, 0.99747, 0.0354134
6153.97, 0.99892, 0.00504894, 0.99739, 0.040199
6153.98, 0.999123, 0.0050527, 0.99734, 0.0449846
6153.99, 0.998043, 0.00504942, 0.9973, 0.0516844
6154, 0.996403, 0.00504181, 0.99726, 0.0602985
6154.01, 0.9966, 0.00504434, 0.9972, 0.0708268
6154.02, 0.997486, 0.00505061, 0.99709, 0.0880549
6154.03, 0.995365, 0.0050392, 0.99692, 0.11294
6154.04, 0.992363, 0.00502417, 0.99664, 0.149311
6154.05, 0.991693, 0.00502488, 0.99621, 0.204823
6154.06, 0.992335, 0.0050312, 0.99552, 0.28235
6154.07, 0.99231, 0.00503195, 0.99445, 0.391462
6154.08, 0.989664, 0.00502257, 0.99276, 0.536944
6154.09, 0.985423, 0.00500765, 0.99016, 0.722625
6154.1, 0.981685, 0.00499409, 0.98621, 0.95329
6154.11, 0.976676, 0.00497389, 0.98044, 1.22511
6154.12, 0.968752, 0.00494143, 0.97233, 1.53618
6154.13, 0.958762, 0.0049042, 0.96144, 1.87882
6154.14, 0.94699, 0.00486275, 0.94751, 2.24061
6154.15, 0.932803, 0.00480995, 0.93062, 2.61389
6154.16, 0.914888, 0.00474141, 0.91121, 2.98238
6154.17, 0.892921, 0.00465799, 0.89017, 3.33269
6154.18, 0.870449, 0.00457254, 0.86879, 3.65045
6154.19, 0.849896, 0.00449378, 0.84864, 3.92323
6154.2, 0.831218, 0.00442201, 0.83141, 4.13858
6154.21, 0.815981, 0.00436285, 0.81867, 4.29076
6154.22, 0.806827, 0.00432594, 0.81167, 4.37116
6154.23, 0.805884, 0.00432114, 0.81111, 4.37882
6154.24, 0.813907, 0.00435306, 0.81705, 4.31278
6154.25, 0.829135, 0.00441519, 0.82888, 4.17591
6154.26, 0.849078, 0.00449617, 0.84544, 3.973
6154.27, 0.871015, 0.00458248, 0.86518, 3.71171
6154.28, 0.893497, 0.00466918, 0.88643, 3.40256
6154.29, 0.915575, 0.00475442, 0.90757, 3.05704
6154.3, 0.936048, 0.00483359, 0.92724, 2.69142
6154.31, 0.953575, 0.00490169, 0.9445, 2.3191
6154.32, 0.966795, 0.00495414, 0.9588, 1.95252
6154.33, 0.975594, 0.00498939, 0.97002, 1.60413
6154.34, 0.980828, 0.00500922, 0.97834, 1.28541
6154.35, 0.983965, 0.00502171, 0.98415, 1.00497
6154.36, 0.986183, 0.0050328, 0.98794, 0.765695
6154.37, 0.987676, 0.0050403, 0.99014, 0.569486
6154.38, 0.988425, 0.00504304, 0.99116, 0.41539
6154.39, 0.988423, 0.00504223, 0.99129, 0.299578
6154.4, 0.988425, 0.00504226, 0.99077, 0.216309
6154.41, 0.988946, 0.00504561, 0.9898, 0.156967
6154.42, 0.988725, 0.00504478, 0.98858, 0.117726
6154.43, 0.987422, 0.00503859, 0.9873, 0.0909263
6154.44, 0.986369, 0.00503652, 0.98613, 0.0736981
6154.45, 0.986093, 0.00503894, 0.98526, 0.0602985
6154.46, 0.986536, 0.00504124, 0.98482, 0.0516844
6154.47, 0.98774, 0.00504546, 0.98488, 0.0459417
6154.48, 0.989463, 0.00505281, 0.98543, 0.0411561
6154.49, 0.990845, 0.00505892, 0.98641, 0.0373276
6154.5, 0.991598, 0.00506256, 0.9877, 0.0334992
6154.51, 0.992049, 0.00506581, 0.98915, 0.0306278
6154.52, 0.992638, 0.00506957, 0.9906, 0.0267993
6154.53, 0.993624, 0.00507406, 0.99193, 0.0220137
6154.54, 0.994626, 0.0050793, 0.99307, 0.016271
6154.55, 0.995294, 0.00508363, 0.99399, 0.0105283
6154.56, 0.995517, 0.00508381, 0.99476, 0.00669983
6154.57, 0.99556, 0.00508315, 1, 0
6154.58, 0.995747, 0.0050868, 1, 0
6154.59, 0.995661, 0.00508932, 1, 0
6154.6, 0.995183, 0.00508758, 1, 0
6154.61, 0.995125, 0.00508829, 1, 0
6154.62, 0.995657, 0.00509325, 1, 0
6154.63, 0.996114, 0.00509766, 1, 0
