wav, obs, sigma_obs, syn, weight
6160.33, 1.0001, 0.00569739, 1, 0
6160.34, 0.998916, 0.00569321, 1, 0
6160.35, 0.998266, 0.00569079, 1, 0
6160.36, 0.998006, 0.00569037, 1, 0
6160.37, 0.997175, 0.00569008, 1, 0
6160.38, 0.996402, 0.00568927, 1, 0
6160.39, 0.996442, 0.00568755, 0.99647, 0.00357161
6160.4, 0.995359, 0.0056829, 0.99611, 0.00785754
6160.41, 0.993238, 0.00567702, 0.99588, 0.0135721
6160.42, 0.993053, 0.00567639, 0.99574, 0.0207153
6160.43, 0.99504, 0.00568486, 0.99565, 0.0285729
6160.44, 0.997688, 0.00570004, 0.9956, 0.0342874
6160.45, 0.99871, 0.0057066, 0.99556, 0.0392877
6160.46, 0.997718, 0.00570156, 0.99553, 0.0435736
6160.47, 0.996422, 0.00569661, 0.9955, 0.0478596
6160.48, 0.996039, 0.00569696, 0.99544, 0.0521455
6160.49, 0.997019, 0.00570294, 0.99536, 0.0585744
6160.5, 0.998556, 0.00571033, 0.99523, 0.0650033
6160.51, 0.998955, 0.00571289, 0.99506, 0.0735751
6160.52, 0.996683, 0.00570571, 0.99483, 0.08429
6160.53, 0.994667, 0.00569838, 0.99454, 0.100719
6160.54, 0.995011, 0.00569855, 0.99416, 0.122149
6160.55, 0.995265, 0.0057003, 0.99369, 0.154293
6160.56, 0.994195, 0.00569955, 0.99306, 0.200724
6160.57, 0.992056, 0.00569498, 0.99219, 0.268585
6160.58, 0.989715, 0.0056861, 0.99093, 0.361447
6160.59, 0.987113, 0.00567266, 0.98904, 0.487882
6160.6, 0.982591, 0.00565462, 0.98614, 0.651461
6160.61, 0.976758, 0.00563332, 0.98172, 0.853614
6160.62, 0.970851, 0.00560903, 0.9751, 1.09363
6160.63, 0.962591, 0.00557472, 0.96549, 1.36721
6160.64, 0.950179, 0.00552303, 0.95215, 1.67008
6160.65, 0.933646, 0.00544945, 0.93446, 1.99439
6160.66, 0.91321, 0.00535872, 0.91218, 2.33369
6160.67, 0.888804, 0.00525562, 0.88554, 2.67871
6160.68, 0.859461, 0.00513044, 0.85539, 3.02087
6160.69, 0.826195, 0.00498495, 0.82315, 3.34874
6160.7, 0.792349, 0.00483646, 0.79072, 3.65161
6160.71, 0.760094, 0.00469531, 0.76037, 3.91734
6160.72, 0.73097, 0.00456761, 0.7344, 4.13235
6160.73, 0.706506, 0.00445832, 0.71499, 4.28736
6160.74, 0.690505, 0.00438553, 0.70381, 4.37379
6160.75, 0.687896, 0.00437493, 0.70186, 4.38808
6160.76, 0.697241, 0.00442136, 0.70934, 4.3295
6160.77, 0.716296, 0.00451231, 0.72553, 4.20093
6160.78, 0.745763, 0.00464317, 0.74901, 4.00734
6160.79, 0.781984, 0.0047993, 0.77778, 3.76019
6160.8, 0.818372, 0.00495948, 0.80953, 3.47017
6160.81, 0.852429, 0.0051131, 0.84197, 3.15087
6160.82, 0.882929, 0.00525148, 0.87301, 2.81228
6160.83, 0.908737, 0.0053646, 0.90104, 2.46655
6160.84, 0.929342, 0.00545321, 0.92496, 2.12511
6160.85, 0.944883, 0.00552351, 0.94432, 1.79295
6160.86, 0.956433, 0.005575, 0.95918, 1.4815
6160.87, 0.965409, 0.00561173, 0.97002, 1.19577
6160.88, 0.973164, 0.0056448, 0.97757, 0.94219
6160.89, 0.97895, 0.00567214, 0.98261, 0.725751
6160.9, 0.981865, 0.00568847, 0.98587, 0.547885
6160.91, 0.983969, 0.00570113, 0.98793, 0.407163
6160.92, 0.985804, 0.00571014, 0.98922, 0.301444
6160.93, 0.985915, 0.00570732, 0.99003, 0.224297
6160.94, 0.985521, 0.00570504, 0.99054, 0.170723
6160.95, 0.986468, 0.0057161, 0.99085, 0.133578
6160.96, 0.989045, 0.00573182, 0.99102, 0.107863
6160.97, 0.991514, 0.00574155, 0.99107, 0.0900045
6160.98, 0.991185, 0.0057387, 0.99101, 0.0771467
6160.99, 0.989435, 0.00573285, 0.9908, 0.0678606
6161, 0.988427, 0.00573331, 0.99041, 0.060003
6161.01, 0.988884, 0.00573747, 0.98976, 0.0535741
6161.02, 0.989293, 0.00573798, 0.98877, 0.0485739
6161.03, 0.987439, 0.00572843, 0.98736, 0.0442879
6161.04, 0.984959, 0.00571783, 0.98547, 0.040002
6161.05, 0.983424, 0.0057132, 0.98309, 0.0357161
6161.06, 0.98243, 0.00571099, 0.98029, 0.0307158
6161.07, 0.979716, 0.00569945, 0.97723, 0.0250013
6161.08, 0.973876, 0.00567234, 0.97425, 0.0185724
6161.09, 0.969938, 0.00565729, 0.97174, 0.0128578
6161.1, 0.96932, 0.00566011, 0.97036, 0.00714322
6161.11, 0.967641, 0.00565327, 0.97091, 0.00285729
6161.12, 0.965034, 0.00564058, 1, 0
6161.13, 0.962958, 0.00563396, 1, 0
6161.14, 0.959993, 0.00562317, 1, 0
6161.15, 0.955727, 0.00560448, 1, 0
6161.16, 0.951618, 0.00558674, 1, 0
6161.17, 0.947586, 0.00556948, 1, 0
