wav, obs, sigma_obs, syn, weight
4742.24, 0.959757, 0.00675962, 1, 0
4742.25, 0.951966, 0.0067116, 1, 0
4742.26, 0.945208, 0.00666589, 1, 0
4742.27, 0.939182, 0.00662648, 1, 0
4742.28, 0.934543, 0.00660015, 1, 0
4742.29, 0.934291, 0.00659632, 1, 0
4742.3, 0.937177, 0.00660921, 0.99609, 0.04683
4742.31, 0.940301, 0.00662795, 0.99517, 0
4742.32, 0.946624, 0.00666387, 0.99475, 0
4742.33, 0.95648, 0.00671823, 0.99483, 0
4742.34, 0.965581, 0.00677369, 0.99528, 0.04683
4742.35, 0.972618, 0.00681695, 0.9959, 0.04683
4742.36, 0.978655, 0.00684814, 0.99656, 0.04683
4742.37, 0.986515, 0.00689039, 0.99716, 0.04683
4742.38, 0.994548, 0.00693684, 0.99765, 0.0936599
4742.39, 0.998602, 0.00696139, 0.99797, 0.0936599
4742.4, 0.999752, 0.00696754, 0.99813, 0.18732
4742.41, 1.00007, 0.00696728, 0.99812, 0.23415
4742.42, 1.00088, 0.00697154, 0.99794, 0.32781
4742.43, 1.00217, 0.00697594, 0.99757, 0.4683
4742.44, 1.00337, 0.00697509, 0.99697, 0.65562
4742.45, 1.00396, 0.00697847, 0.99607, 0.842939
4742.46, 1.00221, 0.00697471, 0.99479, 1.12392
4742.47, 0.996628, 0.00694326, 0.9931, 1.4049
4742.48, 0.992081, 0.00691456, 0.99101, 1.77954
4742.49, 0.990407, 0.00690107, 0.98859, 2.10735
4742.5, 0.986447, 0.00686906, 0.98602, 2.52882
4742.51, 0.979434, 0.00682342, 0.98348, 2.90346
4742.52, 0.971627, 0.00678498, 0.98119, 3.2781
4742.53, 0.966045, 0.00675505, 0.97932, 3.55908
4742.54, 0.962939, 0.00673132, 0.97801, 3.84006
4742.55, 0.960644, 0.00671426, 0.97733, 3.98055
4742.56, 0.96178, 0.00671947, 0.97732, 4.07421
4742.57, 0.966829, 0.00674699, 0.97797, 4.02738
4742.58, 0.970863, 0.00676624, 0.97924, 3.88689
4742.59, 0.973615, 0.00677934, 0.98103, 3.65274
4742.6, 0.976976, 0.0068009, 0.98319, 3.41859
4742.61, 0.980172, 0.00682032, 0.98548, 3.04395
4742.62, 0.982617, 0.00683275, 0.98766, 2.71614
4742.63, 0.984563, 0.00684383, 0.98941, 2.29467
4742.64, 0.987004, 0.00685717, 0.99035, 1.92003
4742.65, 0.989343, 0.00686809, 0.98994, 1.59222
4742.66, 0.988169, 0.00686076, 0.98736, 1.26441
4742.67, 0.985372, 0.00684296, 0.98146, 0.936599
4742.68, 0.984076, 0.00682867, 0.97082, 0.70245
4742.69, 0.979932, 0.00680068, 0.95405, 0.51513
4742.7, 0.968282, 0.0067328, 0.93017, 0.37464
4742.71, 0.946311, 0.00660058, 0.89904, 0.28098
4742.72, 0.914317, 0.00640818, 0.86159, 0.18732
4742.73, 0.873719, 0.00616707, 0.81979, 0.14049
4742.74, 0.825892, 0.0058823, 0.7765, 0.14049
4742.75, 0.772522, 0.00556346, 0.73508, 0.04683
4742.76, 0.717881, 0.00523711, 0.69895, 0.04683
4742.77, 0.674315, 0.00497537, 0.67184, 0
4742.78, 0.649023, 0.0048217, 0.65716, 0
4742.79, 0.641524, 0.00477616, 0.65911, 0.04683
4742.8, 0.65359, 0.00484795, 0.6822, 0
4742.81, 0.685157, 0.00503538, 0.72851, 0.04683
4742.82, 0.730211, 0.00530454, 0.79327, 0
4742.83, 0.782103, 0.00561209, 1, 0
4742.84, 0.83383, 0.00591193, 1, 0
4742.85, 0.877056, 0.00616366, 1, 0
4742.86, 0.910638, 0.00636473, 1, 0
4742.87, 0.944902, 0.00656937, 1, 0
4742.88, 0.979826, 0.00677746, 1, 0
