wav, obs, sigma_obs, syn, weight
4761.85, 1.00013, 0.006359, 1, 0
4761.86, 1.00271, 0.00636768, 1, 0
4761.87, 0.999165, 0.00636195, 1, 0
4761.88, 0.998451, 0.00635813, 1, 0
4761.89, 0.999975, 0.00635719, 1, 0
4761.9, 0.99636, 0.00634826, 1, 0
4761.91, 0.99719, 0.00634862, 0.99542, 0
4761.92, 0.999131, 0.00634941, 0.99552, 0
4761.93, 0.99538, 0.00633899, 0.99549, 0
4761.94, 0.992683, 0.00633747, 0.99536, 0
4761.95, 0.99276, 0.00633771, 0.99517, 0.0139201
4761.96, 0.992677, 0.00632727, 0.99494, 0.0278401
4761.97, 0.989552, 0.00631022, 0.99474, 0.0278401
4761.98, 0.99042, 0.0063123, 0.99455, 0.0278401
4761.99, 0.991602, 0.00631369, 0.99438, 0.0278401
4762, 0.984813, 0.00628324, 0.99418, 0.0417602
4762.01, 0.982595, 0.00628316, 0.99386, 0.0417602
4762.02, 0.985886, 0.00629972, 0.99328, 0.0417602
4762.03, 0.988049, 0.00629695, 0.9923, 0.0417602
4762.04, 0.9869, 0.00629994, 0.99073, 0.0417602
4762.05, 0.985666, 0.00630466, 0.98846, 0.0556803
4762.06, 0.985984, 0.0063036, 0.98552, 0.0556803
4762.07, 0.985724, 0.00630114, 0.98217, 0.0417602
4762.08, 0.985604, 0.00629303, 0.97886, 0.0417602
4762.09, 0.9839, 0.00628092, 0.97616, 0.0556803
4762.1, 0.978595, 0.00626893, 0.97458, 0.0417602
4762.11, 0.974027, 0.00625107, 0.97433, 0.0556803
4762.12, 0.973691, 0.00624047, 0.97528, 0.0696004
4762.13, 0.975863, 0.00624415, 0.977, 0.0835204
4762.14, 0.97407, 0.00624353, 0.97889, 0.0974405
4762.15, 0.97548, 0.00625141, 0.98037, 0.139201
4762.16, 0.981766, 0.00627196, 0.98108, 0.180961
4762.17, 0.984683, 0.00628865, 0.98083, 0.250561
4762.18, 0.985225, 0.00629944, 0.97958, 0.361922
4762.19, 0.985299, 0.00630822, 0.97729, 0.487203
4762.2, 0.985266, 0.00631709, 0.97383, 0.640323
4762.21, 0.984416, 0.00631948, 0.96894, 0.807364
4762.22, 0.982027, 0.00630562, 0.96219, 0.988325
4762.23, 0.976809, 0.00627229, 0.95281, 1.12753
4762.24, 0.966983, 0.00622454, 0.93931, 1.23889
4762.25, 0.953318, 0.00614936, 0.91857, 1.32241
4762.26, 0.934474, 0.00603692, 0.88508, 1.36417
4762.27, 0.905151, 0.00587647, 0.83155, 1.36417
4762.28, 0.857992, 0.00562541, 0.75248, 1.33633
4762.29, 0.79559, 0.00528086, 0.64981, 1.26673
4762.3, 0.720602, 0.00485383, 0.53569, 1.16929
4762.31, 0.624035, 0.00432763, 0.42825, 1.03009
4762.32, 0.52116, 0.003767, 0.34237, 0.876965
4762.33, 0.428649, 0.0032435, 0.28331, 0.696004
4762.34, 0.349526, 0.00278619, 0.24757, 0.528963
4762.35, 0.290038, 0.00243225, 0.22826, 0.375842
4762.36, 0.254506, 0.00221754, 0.21956, 0.250561
4762.37, 0.243095, 0.00215582, 0.21831, 0.167041
4762.38, 0.252952, 0.0022149, 0.22396, 0.139201
4762.39, 0.286714, 0.00241188, 0.23849, 0.194881
4762.4, 0.34806, 0.00277328, 0.26664, 0.292322
4762.41, 0.434476, 0.00327245, 0.31535, 0.459362
4762.42, 0.534833, 0.00384396, 0.39049, 0.723844
4762.43, 0.636865, 0.00441922, 0.49127, 1.05793
4762.44, 0.730916, 0.00494303, 0.60643, 1.44769
4762.45, 0.808278, 0.00536732, 0.71736, 1.93489
4762.46, 0.864639, 0.0056697, 0.80723, 2.47777
4762.47, 0.900223, 0.00585965, 0.86872, 3.03458
4762.48, 0.918723, 0.00597543, 0.90457, 3.6053
4762.49, 0.92937, 0.0060404, 0.92258, 4.13426
4762.5, 0.936816, 0.00606957, 0.93047, 4.5797
4762.51, 0.936616, 0.00607914, 0.93353, 4.94163
4762.52, 0.935898, 0.00607646, 0.93461, 5.15043
4762.53, 0.93461, 0.00605703, 0.93451, 5.22003
4762.54, 0.924229, 0.00600729, 0.932, 5.15043
4762.55, 0.906523, 0.00591361, 0.92342, 4.94163
4762.56, 0.878467, 0.00575915, 0.90268, 4.60754
4762.57, 0.833621, 0.00551764, 0.86307, 4.1621
4762.58, 0.769576, 0.00515887, 0.80113, 3.66098
4762.59, 0.692512, 0.00472944, 0.72092, 3.10418
4762.6, 0.613991, 0.00429985, 0.63511, 2.54737
4762.61, 0.548667, 0.00393532, 0.56128, 1.97665
4762.62, 0.513806, 0.00373643, 0.51568, 1.48945
4762.63, 0.519277, 0.00376637, 0.50844, 1.07185
4762.64, 0.564592, 0.0040261, 0.5417, 0.723844
4762.65, 0.639811, 0.00445639, 0.60922, 0.473282
4762.66, 0.727939, 0.00494762, 0.69725, 0.306242
4762.67, 0.81069, 0.00539575, 0.7877, 0.194881
4762.68, 0.874488, 0.00574881, 0.86406, 0.125281
4762.69, 0.914785, 0.00597405, 0.91642, 0.0835204
4762.7, 0.933148, 0.00607648, 0.94229, 0.0556803
4762.71, 0.933504, 0.0060856, 0.9433, 0.0278401
4762.72, 0.916462, 0.00599205, 1, 0
4762.73, 0.882412, 0.00580314, 1, 0
4762.74, 0.835678, 0.00555162, 1, 0
4762.75, 0.787149, 0.00528131, 1, 0
4762.76, 0.739381, 0.00500929, 1, 0
4762.77, 0.691355, 0.00473781, 1, 0
