wav, obs, sigma_obs, syn, weight
4775.56, 0.988526, 0.00755883, 1, 0
4775.57, 0.988938, 0.007557, 1, 0
4775.58, 0.989825, 0.00755767, 1, 0
4775.59, 0.989728, 0.00755316, 1, 0
4775.6, 0.987542, 0.00753769, 1, 0
4775.61, 0.986218, 0.00752685, 1, 0
4775.62, 0.986719, 0.00752526, 0.99213, 0.00597765
4775.63, 0.986289, 0.00751744, 0.99141, 0.0119553
4775.64, 0.985573, 0.0075076, 0.99127, 0.0179329
4775.65, 0.986492, 0.00750805, 0.99164, 0.0298882
4775.66, 0.988253, 0.007518, 0.99239, 0.0358659
4775.67, 0.990196, 0.00753206, 0.99341, 0.0358659
4775.68, 0.992569, 0.00754406, 0.99453, 0.0418435
4775.69, 0.99581, 0.00756084, 0.99561, 0.0478212
4775.7, 0.999801, 0.00758757, 0.99654, 0.0657541
4775.71, 1.00267, 0.00760576, 0.99725, 0.0836871
4775.72, 1.00384, 0.00760899, 0.99773, 0.10162
4775.73, 1.00437, 0.00760768, 0.998, 0.137486
4775.74, 1.00395, 0.00760129, 0.99808, 0.185307
4775.75, 1.00204, 0.00758673, 0.998, 0.257039
4775.76, 0.999188, 0.00756814, 0.99777, 0.364637
4775.77, 0.997199, 0.00755428, 0.99735, 0.514078
4775.78, 0.998016, 0.00755321, 0.99669, 0.717318
4775.79, 0.997835, 0.00754608, 0.99574, 0.974357
4775.8, 0.993544, 0.00751803, 0.99444, 1.28519
4775.81, 0.988481, 0.0074858, 0.99272, 1.65581
4775.82, 0.984299, 0.00745651, 0.99057, 2.06229
4775.83, 0.98037, 0.00742573, 0.98803, 2.49866
4775.84, 0.975931, 0.0073927, 0.98518, 2.941
4775.85, 0.971312, 0.00736225, 0.9822, 3.35944
4775.86, 0.968885, 0.00734661, 0.97928, 3.73603
4775.87, 0.969271, 0.0073472, 0.97668, 4.05285
4775.88, 0.971302, 0.00735557, 0.97462, 4.28
4775.89, 0.97272, 0.00735978, 0.97332, 4.40553
4775.9, 0.973126, 0.00735972, 0.97289, 4.42346
4775.91, 0.97558, 0.00737543, 0.97335, 4.33977
4775.92, 0.980266, 0.00740595, 0.97462, 4.14849
4775.93, 0.985129, 0.00743482, 0.97647, 3.86156
4775.94, 0.987978, 0.00744696, 0.97853, 3.5029
4775.95, 0.988876, 0.00744584, 0.98024, 3.09642
4775.96, 0.99074, 0.00745753, 0.98081, 2.65408
4775.97, 0.991, 0.00746189, 0.97918, 2.21173
4775.98, 0.985334, 0.00742326, 0.97406, 1.78732
4775.99, 0.975147, 0.00735136, 0.96422, 1.39877
4776, 0.96115, 0.00725562, 0.94883, 1.06402
4776.01, 0.941846, 0.00713278, 0.92791, 0.783072
4776.02, 0.918513, 0.00698455, 0.90265, 0.555921
4776.03, 0.893809, 0.00682012, 0.87543, 0.388547
4776.04, 0.869996, 0.00666191, 0.84954, 0.263017
4776.05, 0.849953, 0.0065318, 0.82851, 0.179329
4776.06, 0.836991, 0.00644676, 0.81543, 0.113575
4776.07, 0.831848, 0.00641219, 0.8123, 0.0777094
4776.08, 0.834862, 0.00643161, 0.81964, 0.0597765
4776.09, 0.848108, 0.00651559, 0.83634, 0.0418435
4776.1, 0.869455, 0.00664966, 0.85994, 0.0298882
4776.11, 0.893023, 0.00679778, 0.88715, 0.0239106
4776.12, 0.917032, 0.00694987, 0.9145, 0.0239106
4776.13, 0.940955, 0.00710096, 0.93909, 0.0179329
4776.14, 0.963358, 0.00723525, 0.95904, 0.0119553
4776.15, 0.981338, 0.00733928, 0.97371, 0.0119553
4776.16, 0.992014, 0.00740654, 0.98349, 0.00597765
4776.17, 0.998586, 0.00744932, 0.98947, 0.0119553
4776.18, 1.00328, 0.00747546, 0.99293, 0.00597765
4776.19, 1.00314, 0.00747463, 1, 0
4776.2, 0.9995, 0.00745416, 1, 0
4776.21, 0.996316, 0.00743223, 1, 0
4776.22, 0.993619, 0.00741123, 1, 0
4776.23, 0.990692, 0.0073898, 1, 0
4776.24, 0.987764, 0.00736836, 1, 0
