wav, obs, sigma_obs, syn, weight
4814.86, 0.963457, 0.00664128, 1, 0
4814.87, 0.965386, 0.00664985, 1, 0
4814.88, 0.967307, 0.00665868, 1, 0
4814.89, 0.969248, 0.00666686, 1, 0
4814.9, 0.971434, 0.00667559, 1, 0
4814.91, 0.974601, 0.00669242, 1, 0
4814.92, 0.978941, 0.00671694, 0.99935, 0.0116409
4814.93, 0.983864, 0.00673978, 0.99874, 0.0116409
4814.94, 0.988173, 0.00675876, 0.99787, 0.0232818
4814.95, 0.991121, 0.00677496, 0.99679, 0.0349227
4814.96, 0.993607, 0.0067892, 0.99557, 0.0349227
4814.97, 0.995362, 0.00679872, 0.99431, 0.0349227
4814.98, 0.995159, 0.00679873, 0.99308, 0.0465635
4814.99, 0.994306, 0.00679286, 0.99193, 0.0582044
4815, 0.993988, 0.00678571, 0.9909, 0.0582044
4815.01, 0.993102, 0.006777, 0.99003, 0.0582044
4815.02, 0.991184, 0.00676521, 0.98934, 0.0698453
4815.03, 0.988542, 0.00674884, 0.98883, 0.0931271
4815.04, 0.985324, 0.00672945, 0.98852, 0.116409
4815.05, 0.983177, 0.00671542, 0.98842, 0.139691
4815.06, 0.986102, 0.00672386, 0.98849, 0.186254
4815.07, 0.990417, 0.00674142, 0.98869, 0.244459
4815.08, 0.989423, 0.00674121, 0.98888, 0.337586
4815.09, 0.989142, 0.00673974, 0.98881, 0.453995
4815.1, 0.992796, 0.00674895, 0.98813, 0.605326
4815.11, 0.993825, 0.0067544, 0.98639, 0.803221
4815.12, 0.991741, 0.0067507, 0.98314, 1.01276
4815.13, 0.989774, 0.00673948, 0.97805, 1.26886
4815.14, 0.988119, 0.00672079, 0.97105, 1.5366
4815.15, 0.984644, 0.00669074, 0.9624, 1.80434
4815.16, 0.975673, 0.00664203, 0.95265, 2.06044
4815.17, 0.964168, 0.00658295, 0.94255, 2.3049
4815.18, 0.954531, 0.00652458, 0.93287, 2.52607
4815.19, 0.943776, 0.00645887, 0.92427, 2.70069
4815.2, 0.932066, 0.00639037, 0.91722, 2.82874
4815.21, 0.924452, 0.00634082, 0.912, 2.91022
4815.22, 0.920036, 0.00630896, 0.90873, 2.92186
4815.23, 0.916889, 0.00628986, 0.90745, 2.86366
4815.24, 0.918345, 0.00629946, 0.90817, 2.74725
4815.25, 0.924975, 0.00633797, 0.91091, 2.58428
4815.26, 0.933727, 0.00638696, 0.91567, 2.37474
4815.27, 0.94304, 0.00643814, 0.92238, 2.13028
4815.28, 0.952349, 0.00648939, 0.93083, 1.89746
4815.29, 0.961744, 0.00654183, 0.94061, 1.64137
4815.3, 0.970114, 0.00658822, 0.95112, 1.40855
4815.31, 0.975698, 0.00661693, 0.9616, 1.19901
4815.32, 0.97964, 0.00663633, 0.97132, 1.01276
4815.33, 0.983114, 0.00665442, 0.97968, 0.873066
4815.34, 0.985443, 0.00666541, 0.98633, 0.768299
4815.35, 0.987369, 0.00667442, 0.99122, 0.698453
4815.36, 0.990371, 0.00669198, 0.99454, 0.686812
4815.37, 0.99344, 0.00670832, 0.99662, 0.721735
4815.38, 0.9954, 0.00671539, 0.99782, 0.814862
4815.39, 0.996105, 0.00671792, 0.99847, 0.942912
4815.4, 0.996526, 0.00671955, 0.99878, 1.0826
4815.41, 0.997606, 0.00672095, 0.99891, 1.26886
4815.42, 0.997584, 0.00671731, 0.99894, 1.44347
4815.43, 0.996258, 0.00671029, 0.99891, 1.61808
4815.44, 0.996303, 0.00671115, 0.99885, 1.78106
4815.45, 0.997673, 0.00671682, 0.99877, 1.89746
4815.46, 0.998926, 0.00671849, 0.99869, 1.97895
4815.47, 0.999493, 0.00671618, 0.99863, 2.01387
4815.48, 0.999719, 0.00671417, 0.99863, 1.95567
4815.49, 1.00057, 0.00671805, 0.99873, 1.80434
4815.5, 1.00084, 0.00672025, 0.99896, 1.5366
4815.51, 0.99985, 0.00671536, 0.99927, 1.17573
4815.52, 1.00093, 0.00671988, 0.99956, 0.779939
4815.53, 1.00381, 0.00673321, 1, 0
4815.54, 1.00466, 0.00673702, 1, 0
4815.55, 1.00472, 0.00673562, 1, 0
4815.56, 1.00504, 0.00673324, 1, 0
4815.57, 1.00195, 0.00671403, 1, 0
4815.58, 0.995206, 0.00667768, 1, 0
