wav, obs, sigma_obs, syn, weight
4931.69, 0.992662, 0.00597413, 1, 0
4931.7, 0.989188, 0.00595592, 1, 0
4931.71, 0.988711, 0.00595196, 1, 0
4931.72, 0.992474, 0.0059681, 1, 0
4931.73, 0.994434, 0.00597558, 1, 0
4931.74, 0.995055, 0.00597625, 1, 0
4931.75, 0.99738, 0.00598454, 1, 0
4931.76, 0.998822, 0.00598981, 0.99817, 0.015873
4931.77, 0.998457, 0.00598841, 0.9981, 0.021164
4931.78, 0.999699, 0.00599518, 0.99804, 0.026455
4931.79, 1.00227, 0.00600715, 0.99798, 0.031746
4931.8, 1.00378, 0.00601201, 0.99792, 0.037037
4931.81, 1.00483, 0.00601452, 0.99784, 0.037037
4931.82, 1.00615, 0.00601916, 0.99774, 0.047619
4931.83, 1.00721, 0.00602135, 0.99763, 0.0582011
4931.84, 1.00731, 0.00601901, 0.99748, 0.0634921
4931.85, 1.006, 0.00601292, 0.99729, 0.0740741
4931.86, 1.00424, 0.00600448, 0.99704, 0.0952381
4931.87, 1.00294, 0.00599571, 0.99669, 0.116402
4931.88, 1.00193, 0.00598914, 0.99619, 0.15873
4931.89, 1.00041, 0.00598108, 0.99545, 0.216931
4931.9, 0.997416, 0.00596389, 0.99434, 0.296296
4931.91, 0.993551, 0.0059409, 0.99267, 0.412698
4931.92, 0.989246, 0.00591589, 0.99015, 0.571429
4931.93, 0.983128, 0.00588345, 0.98646, 0.777778
4931.94, 0.975025, 0.00584322, 0.9812, 1.03704
4931.95, 0.966169, 0.00580048, 0.974, 1.34921
4931.96, 0.956795, 0.00575313, 0.96456, 1.7037
4931.97, 0.946473, 0.00569757, 0.9528, 2.10053
4931.98, 0.934267, 0.00563584, 0.93894, 2.51852
4931.99, 0.920389, 0.00556946, 0.92359, 2.94709
4932, 0.906438, 0.00549876, 0.90773, 3.35979
4932.01, 0.89322, 0.00542956, 0.89259, 3.73545
4932.02, 0.881112, 0.00536877, 0.87953, 4.04762
4932.03, 0.870619, 0.00531744, 0.86979, 4.28571
4932.04, 0.863147, 0.00528011, 0.8643, 4.43386
4932.05, 0.861076, 0.00526697, 0.86354, 4.47619
4932.06, 0.864434, 0.00528065, 0.86749, 4.41799
4932.07, 0.871986, 0.00531807, 0.87564, 4.25926
4932.08, 0.883194, 0.00537244, 0.88711, 4.01587
4932.09, 0.897391, 0.00543894, 0.90082, 3.69312
4932.1, 0.913412, 0.0055165, 0.9156, 3.31217
4932.11, 0.929744, 0.00559679, 0.93039, 2.89418
4932.12, 0.944768, 0.00566831, 0.9443, 2.46561
4932.13, 0.957315, 0.00572843, 0.95668, 2.04762
4932.14, 0.967587, 0.00577975, 0.96715, 1.65079
4932.15, 0.977726, 0.00582868, 0.97559, 1.29101
4932.16, 0.986157, 0.00586704, 0.98207, 0.984127
4932.17, 0.989529, 0.00588091, 0.98683, 0.73545
4932.18, 0.990861, 0.00588592, 0.99019, 0.534392
4932.19, 0.99271, 0.0058946, 0.99246, 0.380952
4932.2, 0.992703, 0.00589456, 0.99396, 0.275132
4932.21, 0.990817, 0.00588388, 0.99494, 0.195767
4932.22, 0.989149, 0.00587118, 0.99557, 0.142857
4932.23, 0.987223, 0.00585866, 0.996, 0.111111
4932.24, 0.984947, 0.00584857, 0.9963, 0.0899471
4932.25, 0.985138, 0.00584827, 0.99653, 0.0740741
4932.26, 0.986638, 0.00585149, 0.99671, 0.0582011
4932.27, 0.985224, 0.00584296, 0.99686, 0.0582011
4932.28, 0.984867, 0.00584123, 0.99698, 0.047619
4932.29, 0.989364, 0.00586243, 0.99708, 0.047619
4932.3, 0.993202, 0.00588019, 0.99716, 0.042328
4932.31, 0.994883, 0.00588654, 0.99722, 0.042328
4932.32, 0.998322, 0.00589884, 0.99727, 0.031746
4932.33, 1.00264, 0.00591631, 0.99731, 0.026455
4932.34, 1.00547, 0.00593055, 0.99737, 0.021164
4932.35, 1.00703, 0.00593788, 1, 0
4932.36, 1.00782, 0.00593895, 1, 0
4932.37, 1.00802, 0.00593835, 1, 0
4932.38, 1.00794, 0.00593775, 1, 0
4932.39, 1.00795, 0.00593715, 1, 0
4932.4, 1.00797, 0.00593655, 1, 0
4932.41, 1.00798, 0.00593595, 1, 0
