wav, obs, sigma_obs, syn, weight
5051.81, 0.932111, 0.00549586, 1, 0
5051.82, 0.923694, 0.00545323, 1, 0
5051.83, 0.913005, 0.00539974, 1, 0
5051.84, 0.895081, 0.00531175, 1, 0
5051.85, 0.871771, 0.00519868, 1, 0
5051.86, 0.846828, 0.00507872, 1, 0
5051.87, 0.82354, 0.00496643, 1, 0
5051.88, 0.805212, 0.00487727, 0.8395, 0.0167408
5051.89, 0.795167, 0.00482806, 0.82475, 0.020089
5051.9, 0.795396, 0.00482819, 0.82025, 0.0267853
5051.91, 0.80638, 0.00487928, 0.82468, 0.0301335
5051.92, 0.825346, 0.00496856, 0.83635, 0.0334816
5051.93, 0.849188, 0.00508133, 0.85351, 0.040178
5051.94, 0.876571, 0.00520959, 0.87432, 0.0468743
5051.95, 0.904712, 0.0053397, 0.89664, 0.0535706
5051.96, 0.929036, 0.00545135, 0.91845, 0.0669633
5051.97, 0.948409, 0.00554042, 0.93797, 0.0803559
5051.98, 0.96353, 0.0056111, 0.95399, 0.100445
5051.99, 0.973195, 0.0056572, 0.96602, 0.130578
5052, 0.976977, 0.00567556, 0.97419, 0.177453
5052.01, 0.977515, 0.00567697, 0.97912, 0.244416
5052.02, 0.976571, 0.00566985, 0.98156, 0.341513
5052.03, 0.974441, 0.00565755, 0.98223, 0.472091
5052.04, 0.971503, 0.00564221, 0.98163, 0.646195
5052.05, 0.968143, 0.00562511, 0.98008, 0.863826
5052.06, 0.964372, 0.00560622, 0.97772, 1.13503
5052.07, 0.960174, 0.00558525, 0.9746, 1.45645
5052.08, 0.955691, 0.0055623, 0.97075, 1.81805
5052.09, 0.950967, 0.00553797, 0.96626, 2.20979
5052.1, 0.946046, 0.00551365, 0.96127, 2.62161
5052.11, 0.942089, 0.00549353, 0.956, 3.03344
5052.12, 0.940041, 0.00548048, 0.95074, 3.41847
5052.13, 0.937608, 0.00546611, 0.94586, 3.76334
5052.14, 0.934593, 0.00545111, 0.94172, 4.05128
5052.15, 0.936104, 0.00545762, 0.93868, 4.25886
5052.16, 0.941573, 0.0054824, 0.93703, 4.3727
5052.17, 0.945278, 0.00549919, 0.93695, 4.39614
5052.18, 0.948694, 0.00551311, 0.93848, 4.31913
5052.19, 0.955185, 0.00553863, 0.94154, 4.15172
5052.2, 0.961922, 0.00556756, 0.94589, 3.89726
5052.21, 0.966936, 0.00559266, 0.95122, 3.57919
5052.22, 0.972087, 0.00561706, 0.95714, 3.20754
5052.23, 0.977002, 0.00563783, 0.96328, 2.80576
5052.24, 0.979656, 0.00564843, 0.96927, 2.39394
5052.25, 0.982716, 0.00566098, 0.97482, 1.99216
5052.26, 0.98857, 0.00568563, 0.97972, 1.61381
5052.27, 0.991983, 0.0056993, 0.98387, 1.27565
5052.28, 0.991003, 0.00569373, 0.98724, 0.98436
5052.29, 0.99096, 0.00569299, 0.98987, 0.739944
5052.3, 0.992171, 0.00569775, 0.99185, 0.545751
5052.31, 0.991254, 0.00569165, 0.99329, 0.395083
5052.32, 0.989956, 0.00568322, 0.99433, 0.284594
5052.33, 0.990761, 0.00568483, 0.99505, 0.204238
5052.34, 0.992333, 0.0056909, 0.99556, 0.147319
5052.35, 0.993493, 0.00569562, 0.99593, 0.107141
5052.36, 0.994281, 0.00569755, 0.99619, 0.0837041
5052.37, 0.994884, 0.00569768, 0.99639, 0.0636151
5052.38, 0.995615, 0.00569878, 0.99654, 0.0502224
5052.39, 0.997274, 0.00570516, 0.99665, 0.0435261
5052.4, 1.0001, 0.00571753, 0.99671, 0.0368298
5052.41, 1.00249, 0.00572608, 0.99672, 0.0334816
5052.42, 1.00332, 0.0057255, 0.99669, 0.0301335
5052.43, 1.00255, 0.00571875, 0.99661, 0.0267853
5052.44, 1.00157, 0.00571372, 0.99652, 0.0234371
5052.45, 1.0019, 0.00571699, 0.99648, 0.020089
5052.46, 1.00168, 0.00571504, 0.9966, 0.0167408
5052.47, 0.999591, 0.00569993, 1, 0
5052.48, 0.997926, 0.00569007, 1, 0
5052.49, 0.997516, 0.00569057, 1, 0
5052.5, 0.997066, 0.00568854, 1, 0
5052.51, 0.996277, 0.00568185, 1, 0
5052.52, 0.995594, 0.00567662, 1, 0
5052.53, 0.994916, 0.00567143, 1, 0
