wav, obs, sigma_obs, syn, weight
5154.71, 0.86835, 0.00379589, 1, 0
5154.72, 0.865659, 0.0037854, 1, 0
5154.73, 0.866288, 0.00378647, 1, 0
5154.74, 0.8713, 0.00380364, 1, 0
5154.75, 0.878884, 0.00383204, 1, 0
5154.76, 0.887425, 0.00386322, 1, 0
5154.77, 0.896141, 0.00389153, 0.99763, 0.118976
5154.78, 0.905707, 0.00392103, 0.99725, 0.118976
5154.79, 0.915187, 0.00395251, 0.99683, 0.158635
5154.8, 0.922691, 0.00398246, 0.99636, 0.198293
5154.81, 0.929054, 0.00400606, 0.99588, 0.237952
5154.82, 0.934453, 0.00402112, 0.99542, 0.237952
5154.83, 0.937031, 0.00402955, 0.99501, 0.237952
5154.84, 0.93645, 0.00402938, 0.99469, 0.237952
5154.85, 0.933072, 0.0040177, 0.99444, 0.237952
5154.86, 0.926727, 0.00399549, 0.99428, 0.27761
5154.87, 0.918565, 0.00396775, 0.99416, 0.27761
5154.88, 0.91097, 0.00394217, 0.99406, 0.317269
5154.89, 0.905514, 0.00392352, 0.99396, 0.356928
5154.9, 0.903458, 0.00391613, 0.99385, 0.396586
5154.91, 0.905888, 0.00392468, 0.99369, 0.475904
5154.92, 0.912378, 0.00394689, 0.99346, 0.555221
5154.93, 0.921739, 0.00397774, 0.99314, 0.674197
5154.94, 0.933268, 0.00401738, 0.99265, 0.793173
5154.95, 0.945265, 0.00406019, 0.99194, 0.912149
5154.96, 0.955166, 0.00409479, 0.99088, 1.07078
5154.97, 0.962649, 0.0041207, 0.98937, 1.26908
5154.98, 0.968255, 0.00414039, 0.98724, 1.46737
5154.99, 0.972395, 0.00415352, 0.98429, 1.66566
5155, 0.974356, 0.00415903, 0.9802, 1.90361
5155.01, 0.972849, 0.00415511, 0.97439, 2.10191
5155.02, 0.967355, 0.00413802, 0.96588, 2.26054
5155.03, 0.957324, 0.00410384, 0.95323, 2.37952
5155.04, 0.941711, 0.00404863, 0.93463, 2.41918
5155.05, 0.917844, 0.00396601, 0.9084, 2.45884
5155.06, 0.883706, 0.00385071, 0.87364, 2.41918
5155.07, 0.84041, 0.00370281, 0.8309, 2.37952
5155.08, 0.790506, 0.00353013, 0.78266, 2.3002
5155.09, 0.737695, 0.00334669, 0.73327, 2.18122
5155.1, 0.687193, 0.00316964, 0.68846, 2.06225
5155.11, 0.646771, 0.0030269, 0.65433, 1.94327
5155.12, 0.626297, 0.00295644, 0.63613, 1.8243
5155.13, 0.628249, 0.00296539, 0.63693, 1.70532
5155.14, 0.650546, 0.00304382, 0.65679, 1.58635
5155.15, 0.68892, 0.00317779, 0.69272, 1.50703
5155.16, 0.736703, 0.00334437, 0.73948, 1.42771
5155.17, 0.785959, 0.00351541, 0.79082, 1.38805
5155.18, 0.831322, 0.00367248, 0.84077, 1.42771
5155.19, 0.870201, 0.00380661, 0.88472, 1.42771
5155.2, 0.903023, 0.00391892, 0.91996, 1.50703
5155.21, 0.929992, 0.00401138, 0.94581, 1.50703
5155.22, 0.951439, 0.00408588, 0.96319, 1.58635
5155.23, 0.968712, 0.00414419, 0.97396, 1.626
5155.24, 0.981894, 0.00418775, 0.98018, 1.58635
5155.25, 0.990151, 0.00421791, 0.9836, 1.58635
5155.26, 0.995071, 0.00423657, 0.98546, 1.58635
5155.27, 0.99798, 0.00424577, 0.98653, 1.54669
5155.28, 0.998511, 0.00424758, 0.98726, 1.50703
5155.29, 0.997334, 0.00424461, 0.98786, 1.42771
5155.3, 0.995618, 0.00423934, 0.98845, 1.42771
5155.31, 0.993854, 0.0042325, 0.98907, 1.34839
5155.32, 0.991587, 0.00422335, 0.98974, 1.26908
5155.33, 0.988104, 0.00421137, 0.99044, 1.18976
5155.34, 0.986096, 0.004204, 0.99115, 1.07078
5155.35, 0.9871, 0.00420607, 0.99184, 0.991466
5155.36, 0.988559, 0.00421266, 0.99248, 0.912149
5155.37, 0.99059, 0.00422164, 0.99304, 0.832831
5155.38, 0.994152, 0.00423218, 0.99347, 0.753514
5155.39, 0.996448, 0.00423989, 0.99373, 0.674197
5155.4, 0.996827, 0.00424359, 0.9938, 0.59488
5155.41, 0.997402, 0.00424582, 0.9937, 0.475904
5155.42, 0.997057, 0.00424388, 0.99348, 0.356928
5155.43, 0.994388, 0.00423438, 0.99331, 0.237952
5155.44, 0.989924, 0.00421681, 1, 0
5155.45, 0.98337, 0.00419303, 1, 0
5155.46, 0.974231, 0.0041652, 1, 0
5155.47, 0.963872, 0.00413161, 1, 0
5155.48, 0.953338, 0.00409284, 1, 0
5155.49, 0.942814, 0.00405448, 1, 0
