wav, obs, sigma_obs, syn, weight
5792.72, 1.00291, 0.00358295, 1, 0
5792.73, 1.00343, 0.0035853, 1, 0
5792.74, 1.004, 0.0035876, 1, 0
5792.75, 1.00465, 0.00358943, 1, 0
5792.76, 1.00448, 0.00358867, 1, 0
5792.77, 1.00305, 0.00358464, 1, 0
5792.78, 1.00214, 0.00358293, 1, 0
5792.79, 1.00235, 0.00358471, 0.99898, 0
5792.8, 1.00212, 0.00358375, 0.99886, 0
5792.81, 1.00141, 0.00358102, 0.99876, 0
5792.82, 1.00115, 0.00358176, 0.99866, 0.0290427
5792.83, 1.00088, 0.00358285, 0.99856, 0.0290427
5792.84, 1.00012, 0.00358064, 0.99846, 0
5792.85, 0.999635, 0.00357803, 0.99835, 0.0290427
5792.86, 0.999786, 0.00357749, 0.99823, 0.0580853
5792.87, 1.00012, 0.00357928, 0.99808, 0.0580853
5792.88, 1.0001, 0.0035809, 0.99788, 0.0580853
5792.89, 0.999316, 0.00357917, 0.9976, 0.0580853
5792.9, 0.998342, 0.0035765, 0.9972, 0.087128
5792.91, 0.997518, 0.00357474, 0.99659, 0.116171
5792.92, 0.995934, 0.00357035, 0.99563, 0.145213
5792.93, 0.993, 0.00356184, 0.9941, 0.174256
5792.94, 0.988753, 0.00355095, 0.99166, 0.232341
5792.95, 0.983636, 0.00353817, 0.98786, 0.261384
5792.96, 0.977893, 0.00352262, 0.98213, 0.348512
5792.97, 0.969907, 0.00350087, 0.97386, 0.43564
5792.98, 0.958384, 0.00346991, 0.9625, 0.551811
5792.99, 0.943833, 0.00342928, 0.94775, 0.667981
5793, 0.92654, 0.00338017, 0.92964, 0.784152
5793.01, 0.906345, 0.0033249, 0.90869, 0.958408
5793.02, 0.883278, 0.00326254, 0.88594, 1.19075
5793.03, 0.858103, 0.00319297, 0.86291, 1.45213
5793.04, 0.834039, 0.00312623, 0.84143, 1.74256
5793.05, 0.814235, 0.00307173, 0.82345, 2.09107
5793.06, 0.800545, 0.00303314, 0.81073, 2.46863
5793.07, 0.794356, 0.00301474, 0.8046, 2.84618
5793.08, 0.796607, 0.00302131, 0.80569, 3.19469
5793.09, 0.807186, 0.00305221, 0.81383, 3.54321
5793.1, 0.82513, 0.00310339, 0.82813, 3.80459
5793.11, 0.848201, 0.00316784, 0.84707, 4.06597
5793.12, 0.873588, 0.00323793, 0.86881, 4.21119
5793.13, 0.898101, 0.00330617, 0.89146, 4.32736
5793.14, 0.920255, 0.00336802, 0.91331, 4.3564
5793.15, 0.939921, 0.00342158, 0.93308, 4.29831
5793.16, 0.956364, 0.00346598, 0.94991, 4.18214
5793.17, 0.968795, 0.00350067, 0.9635, 4.00789
5793.18, 0.977076, 0.00352499, 0.97393, 3.7465
5793.19, 0.982291, 0.00354079, 0.98158, 3.42703
5793.2, 0.986966, 0.00355331, 0.98699, 3.07852
5793.21, 0.991448, 0.0035646, 0.99071, 2.70097
5793.22, 0.994627, 0.00357407, 0.99323, 2.29437
5793.23, 0.996508, 0.00358063, 0.99493, 1.91682
5793.24, 0.997603, 0.00358417, 0.99609, 1.53926
5793.25, 0.998654, 0.00358738, 0.99689, 1.21979
5793.26, 0.999726, 0.00359051, 0.99744, 0.958408
5793.27, 1.00008, 0.00359068, 0.99784, 0.726067
5793.28, 1.00005, 0.00358992, 0.99814, 0.551811
5793.29, 1.0004, 0.00359203, 0.99836, 0.43564
5793.3, 1.00062, 0.0035942, 0.99852, 0.319469
5793.31, 1.00018, 0.00359336, 0.99866, 0.232341
5793.32, 0.999274, 0.00359041, 0.99876, 0.174256
5793.33, 0.99789, 0.00358622, 0.99885, 0.145213
5793.34, 0.995791, 0.00358108, 0.99891, 0.087128
5793.35, 0.993653, 0.00357587, 0.99897, 0.087128
5793.36, 0.992452, 0.00357193, 0.99901, 0.087128
5793.37, 0.992335, 0.00357094, 0.99905, 0.0580853
5793.38, 0.993036, 0.00357325, 0.99908, 0.0580853
5793.39, 0.993914, 0.00357659, 0.99911, 0.0580853
5793.4, 0.994564, 0.00357941, 0.99914, 0.0580853
5793.41, 0.994917, 0.00358141, 0.99917, 0.0580853
5793.42, 0.995519, 0.00358412, 0.9992, 0.0290427
5793.43, 0.996865, 0.00358883, 0.99924, 0.0290427
5793.44, 0.998353, 0.00359312, 0.99928, 0.0290427
5793.45, 0.999354, 0.00359542, 0.99933, 0.0290427
5793.46, 0.999624, 0.00359666, 1, 0
5793.47, 0.99976, 0.0035978, 1, 0
5793.48, 1.00073, 0.00359947, 1, 0
5793.49, 1.00176, 0.00360121, 1, 0
5793.5, 1.00193, 0.00360244, 1, 0
5793.51, 1.0018, 0.00360349, 1, 0
5793.52, 1.00185, 0.00360465, 1, 0
