wav, obs, sigma_obs, syn, weight
5915.15, 0.996747, 0.00402995, 1, 0
5915.16, 0.997267, 0.00403176, 1, 0
5915.17, 0.997729, 0.00403349, 1, 0
5915.18, 0.9982, 0.00403523, 1, 0
5915.19, 0.999173, 0.00403768, 1, 0
5915.2, 0.999833, 0.00404001, 1, 0
5915.21, 0.999103, 0.0040407, 0.99901, 0
5915.22, 0.998458, 0.00403953, 0.99902, 0
5915.23, 0.998899, 0.00403846, 0.99904, 0
5915.24, 0.999494, 0.00404199, 0.99906, 0
5915.25, 0.999868, 0.00404703, 0.99908, 0
5915.26, 1.00009, 0.00404732, 0.99909, 1.16667
5915.27, 0.999952, 0.00404561, 0.9991, 1.16667
5915.28, 0.999652, 0.00404552, 0.9991, 1.16667
5915.29, 0.999999, 0.00404795, 0.9991, 1.16667
5915.3, 1.00046, 0.00405009, 0.9991, 1.16667
5915.31, 1.00008, 0.00404903, 0.9991, 1.16667
5915.32, 0.999913, 0.00405009, 0.9991, 2.33333
5915.33, 1.00043, 0.00405437, 0.9991, 2.33333
5915.34, 1.00062, 0.00405449, 0.9991, 2.33333
5915.35, 1.00045, 0.00405205, 0.99909, 2.33333
5915.36, 1.00047, 0.00405293, 0.99908, 2.33333
5915.37, 1.00088, 0.00405667, 0.99905, 2.33333
5915.38, 1.00129, 0.00405997, 0.999, 1.16667
5915.39, 1.00075, 0.00405822, 0.99888, 2.33333
5915.4, 0.99922, 0.00405281, 0.99867, 2.33333
5915.41, 0.997425, 0.00404818, 0.99828, 1.16667
5915.42, 0.996506, 0.00404729, 0.99759, 1.16667
5915.43, 0.996232, 0.00404781, 0.99643, 2.33333
5915.44, 0.994643, 0.00404202, 0.99462, 1.16667
5915.45, 0.991864, 0.00403237, 0.99199, 1.16667
5915.46, 0.988339, 0.0040229, 0.98843, 1.16667
5915.47, 0.981782, 0.00400472, 0.98393, 1.16667
5915.48, 0.971802, 0.00397494, 0.97863, 2.33333
5915.49, 0.960659, 0.00394037, 0.97271, 1.16667
5915.5, 0.94746, 0.00389907, 0.96642, 1.16667
5915.51, 0.930956, 0.00384817, 0.96003, 1.16667
5915.52, 0.913762, 0.00379573, 0.95385, 1.16667
5915.53, 0.898669, 0.00374983, 0.94838, 0
5915.54, 0.887769, 0.0037161, 0.94425, 1.16667
5915.55, 0.88254, 0.00369931, 0.94216, 1.16667
5915.56, 0.88373, 0.00370265, 0.94262, 1.16667
5915.57, 0.890828, 0.00372568, 0.94577, 1.16667
5915.58, 0.902892, 0.00376502, 0.95124, 1.16667
5915.59, 0.918514, 0.00381447, 0.95827, 1.16667
5915.6, 0.934601, 0.00386564, 0.96593, 1.16667
5915.61, 0.94848, 0.00391118, 0.97334, 1.16667
5915.62, 0.96027, 0.00394862, 0.97992, 2.33333
5915.63, 0.970021, 0.00397805, 0.98535, 1.16667
5915.64, 0.977464, 0.00400151, 0.9896, 1.16667
5915.65, 0.983492, 0.0040218, 0.99277, 1.16667
5915.66, 0.98884, 0.0040401, 0.99504, 1.16667
5915.67, 0.992862, 0.00405346, 0.9966, 1.16667
5915.68, 0.995593, 0.00406219, 0.99762, 1.16667
5915.69, 0.997741, 0.00406952, 0.99826, 0
5915.7, 0.999344, 0.00407518, 0.99864, 1.16667
5915.71, 1.00015, 0.00407796, 0.99887, 0
5915.72, 0.999866, 0.00407759, 1, 0
5915.73, 0.999546, 0.00407786, 1, 0
5915.74, 1.00067, 0.00408356, 1, 0
5915.75, 1.0013, 0.00408737, 1, 0
5915.76, 0.999898, 0.00408365, 1, 0
5915.77, 0.998229, 0.00407895, 1, 0
