wav, obs, sigma_obs, syn, weight
5937.41, 1.0031, 0.0037779, 1, 0
5937.42, 1.00257, 0.00377594, 1, 0
5937.43, 1.00191, 0.00377348, 1, 0
5937.44, 1.00136, 0.00377124, 1, 0
5937.45, 1.00145, 0.00377092, 1, 0
5937.46, 1.00206, 0.00377223, 1, 0
5937.47, 1.00239, 0.00377289, 1, 0
5937.48, 1.00243, 0.00377265, 1, 0
5937.49, 1.00297, 0.00377327, 0.99979, 6.84375
5937.5, 1.00387, 0.00377459, 0.99977, 6.84375
5937.51, 1.00405, 0.00377435, 0.99975, 6.84375
5937.52, 1.0035, 0.00377253, 0.99973, 6.84375
5937.53, 1.00339, 0.00377158, 0.99972, 4.5625
5937.54, 1.00412, 0.00377259, 0.99972, 4.5625
5937.55, 1.00519, 0.003775, 0.99972, 4.5625
5937.56, 1.00601, 0.00377736, 0.99973, 2.28125
5937.57, 1.00606, 0.00377743, 0.99974, 2.28125
5937.58, 1.00554, 0.00377552, 0.99975, 2.28125
5937.59, 1.00542, 0.00377477, 0.99976, 2.28125
5937.6, 1.00586, 0.00377564, 0.99977, 0
5937.61, 1.00594, 0.00377537, 0.99978, 0
5937.62, 1.00557, 0.00377354, 0.99978, 0
5937.63, 1.00556, 0.00377261, 0.99976, 0
5937.64, 1.00572, 0.00377221, 0.99973, 0
5937.65, 1.00458, 0.00376864, 0.99966, 0
5937.66, 1.00231, 0.00376235, 0.99951, 0
5937.67, 1.0011, 0.00375891, 0.99923, 0
5937.68, 1.00082, 0.00375771, 0.99868, 0
5937.69, 0.998478, 0.00375041, 0.99768, 0
5937.7, 0.99354, 0.00373561, 0.99594, 0
5937.71, 0.988708, 0.00372101, 0.99309, 2.28125
5937.72, 0.984383, 0.00370777, 0.98873, 2.28125
5937.73, 0.977861, 0.00368825, 0.98247, 2.28125
5937.74, 0.968395, 0.0036604, 0.97412, 0
5937.75, 0.957968, 0.00362993, 0.96379, 0
5937.76, 0.94712, 0.00359835, 0.95197, 0
5937.77, 0.934361, 0.00356113, 0.93961, 2.28125
5937.78, 0.920488, 0.00352063, 0.92797, 2.28125
5937.79, 0.909431, 0.00348856, 0.91846, 2.28125
5937.8, 0.903224, 0.0034706, 0.91236, 2.28125
5937.81, 0.901114, 0.00346364, 0.91054, 2.28125
5937.82, 0.902916, 0.0034672, 0.91327, 2.28125
5937.83, 0.909426, 0.00348502, 0.92014, 0
5937.84, 0.920239, 0.00351641, 0.93019, 2.28125
5937.85, 0.93323, 0.00355428, 0.94209, 0
5937.86, 0.94666, 0.00359291, 0.95445, 0
5937.87, 0.959487, 0.0036291, 0.96603, 0
5937.88, 0.970598, 0.00365992, 0.976, 0
5937.89, 0.978726, 0.00368264, 0.98393, 0
5937.9, 0.983733, 0.00369708, 0.98979, 0
5937.91, 0.987053, 0.00370654, 0.99382, 0
5937.92, 0.989619, 0.00371332, 0.9964, 0
5937.93, 0.99148, 0.00371795, 0.99794, 0
5937.94, 0.992577, 0.00372038, 0.99879, 0
5937.95, 0.9928, 0.00372005, 0.9992, 0
5937.96, 0.992575, 0.00371835, 0.99936, 0
5937.97, 0.99309, 0.00371946, 0.99936, 0
5937.98, 0.994403, 0.00372372, 0.99925, 0
5937.99, 0.99488, 0.00372558, 0.99906, 0
5938, 0.994029, 0.00372295, 0.9988, 0
5938.01, 0.993206, 0.00371937, 0.99851, 0
5938.02, 0.993112, 0.00371718, 0.9982, 0
5938.03, 0.993261, 0.00371633, 0.99792, 0
5938.04, 0.993399, 0.00371666, 0.99768, 0
5938.05, 0.993741, 0.00371814, 0.99754, 0
5938.06, 0.994474, 0.0037206, 1, 0
5938.07, 0.995672, 0.00372358, 1, 0
5938.08, 0.99707, 0.00372636, 1, 0
5938.09, 0.99792, 0.00372785, 1, 0
5938.1, 0.998113, 0.00372813, 1, 0
5938.11, 0.998552, 0.00372906, 1, 0
5938.12, 0.999679, 0.00373152, 1, 0
5938.13, 1.00101, 0.00373443, 1, 0
