wav, obs, sigma_obs, syn, weight
6585.87, 0.992658, 0.00298062, 1, 0
6585.88, 0.994131, 0.00298388, 1, 0
6585.89, 0.995602, 0.00298729, 1, 0
6585.9, 0.997075, 0.00299056, 1, 0
6585.91, 0.998553, 0.00299334, 1, 0
6585.92, 0.999937, 0.00299564, 1, 0
6585.93, 1.00104, 0.00299774, 1, 0
6585.94, 1.00193, 0.00299997, 1, 0
6585.95, 1.00298, 0.00300262, 0.99881, 0.144128
6585.96, 1.00425, 0.00300545, 0.99883, 0.288256
6585.97, 1.00505, 0.00300702, 0.99888, 0.288256
6585.98, 1.0049, 0.00300645, 0.99894, 0.288256
6585.99, 1.00435, 0.00300506, 0.99902, 0.144128
6586, 1.00398, 0.00300429, 0.9991, 0.288256
6586.01, 1.0038, 0.00300402, 0.99916, 0.288256
6586.02, 1.00363, 0.00300369, 0.99922, 0.288256
6586.03, 1.00342, 0.00300318, 0.99926, 0.288256
6586.04, 1.00321, 0.0030026, 0.99929, 0.432384
6586.05, 1.00303, 0.0030021, 0.99931, 0.432384
6586.06, 1.00292, 0.00300193, 0.99931, 0.432384
6586.07, 1.00289, 0.00300199, 0.9993, 0.432384
6586.08, 1.00294, 0.00300189, 0.99927, 0.576512
6586.09, 1.00299, 0.00300145, 0.99922, 0.576512
6586.1, 1.00291, 0.00300086, 0.99915, 0.576512
6586.11, 1.00268, 0.00300032, 0.99904, 0.864769
6586.12, 1.0025, 0.00299995, 0.99888, 1.0089
6586.13, 1.00245, 0.0029996, 0.99862, 1.29715
6586.14, 1.00204, 0.00299827, 0.99818, 1.58541
6586.15, 1.00077, 0.00299507, 0.9974, 1.72954
6586.16, 0.999046, 0.002991, 0.99601, 2.01779
6586.17, 0.997448, 0.00298745, 0.9936, 2.16192
6586.18, 0.995166, 0.00298248, 0.9896, 2.45018
6586.19, 0.990625, 0.00297235, 0.98327, 2.73843
6586.2, 0.982911, 0.00295484, 0.97379, 2.73843
6586.21, 0.971675, 0.00292909, 0.96034, 2.88256
6586.22, 0.95638, 0.00289405, 0.94236, 3.02669
6586.23, 0.936232, 0.00284845, 0.91964, 3.02669
6586.24, 0.910764, 0.0027912, 0.8926, 3.17082
6586.25, 0.880154, 0.0027216, 0.86226, 3.02669
6586.26, 0.845305, 0.00264098, 0.83035, 3.17082
6586.27, 0.809001, 0.00255651, 0.79912, 3.02669
6586.28, 0.774513, 0.00247655, 0.77111, 2.88256
6586.29, 0.745787, 0.00240995, 0.74887, 2.88256
6586.3, 0.726674, 0.00236521, 0.73459, 2.73843
6586.31, 0.719026, 0.00234698, 0.72973, 2.45018
6586.32, 0.723721, 0.00235794, 0.7348, 2.30605
6586.33, 0.740407, 0.00239717, 0.74928, 2.16192
6586.34, 0.767822, 0.0024612, 0.77169, 1.87367
6586.35, 0.802461, 0.00254157, 0.79982, 1.72954
6586.36, 0.838679, 0.00262515, 0.83114, 1.58541
6586.37, 0.872241, 0.00270212, 0.86309, 1.44128
6586.38, 0.901064, 0.00276779, 0.89341, 1.29715
6586.39, 0.923886, 0.00281938, 0.92042, 1.15302
6586.4, 0.940855, 0.00285742, 0.94307, 1.15302
6586.41, 0.95262, 0.00288363, 0.96097, 1.0089
6586.42, 0.960882, 0.0029022, 0.97432, 0.864769
6586.43, 0.967433, 0.0029174, 0.98371, 1.0089
6586.44, 0.973403, 0.00293143, 0.98995, 0.864769
6586.45, 0.979553, 0.00294551, 0.99387, 0.720641
6586.46, 0.985346, 0.00295856, 0.9962, 0.720641
6586.47, 0.989698, 0.00296854, 0.99754, 0.576512
6586.48, 0.99277, 0.00297565, 0.99827, 0.576512
6586.49, 0.995601, 0.00298164, 0.99867, 0.576512
6586.5, 0.998262, 0.00298672, 0.99889, 0.432384
6586.51, 0.999767, 0.00298945, 0.99902, 0.432384
6586.52, 0.99993, 0.00298978, 0.99909, 0.432384
6586.53, 0.999928, 0.00299007, 0.99913, 0.288256
6586.54, 1.00049, 0.00299166, 0.99914, 0.288256
6586.55, 1.00096, 0.00299294, 0.99912, 0.288256
6586.56, 1.00075, 0.00299247, 0.99907, 0.144128
6586.57, 1.00024, 0.00299108, 0.999, 0.144128
6586.58, 0.999882, 0.00298987, 0.99892, 0.144128
6586.59, 0.999441, 0.00298844, 0.99883, 0.144128
6586.6, 0.998509, 0.00298604, 1, 0
6586.61, 0.997383, 0.00298354, 1, 0
6586.62, 0.996706, 0.00298256, 1, 0
6586.63, 0.99653, 0.00298285, 1, 0
6586.64, 0.996448, 0.00298262, 1, 0
6586.65, 0.996255, 0.00298122, 1, 0
6586.66, 0.996027, 0.00297946, 1, 0
6586.67, 0.995834, 0.00297806, 1, 0
