wav, obs, sigma_obs, syn, weight
7112.75, 0.995236, 0.00285018, 1, 0
7112.76, 0.995726, 0.00285143, 1, 0
7112.77, 0.996217, 0.00285268, 1, 0
7112.78, 0.996754, 0.00285411, 1, 0
7112.79, 0.997274, 0.00285547, 1, 0
7112.8, 0.997653, 0.00285631, 1, 0
7112.81, 0.997848, 0.00285649, 1, 0
7112.82, 0.997916, 0.00285628, 1, 0
7112.83, 0.997944, 0.00285604, 1, 0
7112.84, 0.998143, 0.00285639, 0.99937, 0.0412681
7112.85, 0.998774, 0.00285798, 0.99926, 0.0550241
7112.86, 0.99977, 0.0028605, 0.99918, 0.0710728
7112.87, 1.0006, 0.00286221, 0.99911, 0.0871215
7112.88, 1.00087, 0.00286189, 0.99906, 0.10317
7112.89, 1.00097, 0.0028611, 0.99902, 0.121512
7112.9, 1.00147, 0.00286212, 0.99898, 0.139853
7112.91, 1.00245, 0.00286493, 0.99893, 0.160487
7112.92, 1.00355, 0.00286756, 0.99887, 0.187999
7112.93, 1.0044, 0.0028686, 0.99879, 0.217804
7112.94, 1.00471, 0.00286844, 0.99867, 0.256779
7112.95, 1.00422, 0.00286764, 0.99851, 0.302633
7112.96, 1.00324, 0.00286638, 0.99829, 0.362242
7112.97, 1.00231, 0.00286461, 0.99801, 0.431022
7112.98, 1.00167, 0.00286246, 0.99765, 0.515851
7112.99, 1.00107, 0.00286037, 0.99718, 0.616729
7113, 1.00024, 0.00285861, 0.99659, 0.731362
7113.01, 0.999105, 0.00285656, 0.99585, 0.864337
7113.02, 0.997659, 0.00285337, 0.99495, 1.01107
7113.03, 0.995944, 0.00284909, 0.99385, 1.17385
7113.04, 0.994055, 0.00284468, 0.99255, 1.35268
7113.05, 0.992049, 0.0028407, 0.99102, 1.54297
7113.06, 0.989863, 0.0028365, 0.98925, 1.74014
7113.07, 0.987432, 0.00283132, 0.98725, 1.94419
7113.08, 0.984855, 0.00282533, 0.98504, 2.14823
7113.09, 0.982324, 0.00281923, 0.98265, 2.34999
7113.1, 0.980017, 0.0028137, 0.98012, 2.54716
7113.11, 0.978079, 0.00280934, 0.97752, 2.73286
7113.12, 0.976591, 0.00280651, 0.97494, 2.90023
7113.13, 0.97531, 0.00280428, 0.97244, 3.04925
7113.14, 0.973895, 0.00280137, 0.97013, 3.17764
7113.15, 0.972358, 0.00279774, 0.96809, 3.27623
7113.16, 0.971073, 0.0027947, 0.9664, 3.34501
7113.17, 0.970332, 0.0027932, 0.96513, 3.38169
7113.18, 0.970119, 0.00279286, 0.96432, 3.38628
7113.19, 0.970344, 0.00279308, 0.96401, 3.35876
7113.2, 0.970783, 0.00279352, 0.96421, 3.29457
7113.21, 0.971129, 0.00279404, 0.96491, 3.20515
7113.22, 0.971379, 0.00279481, 0.96609, 3.08364
7113.23, 0.972084, 0.00279657, 0.9677, 2.9392
7113.24, 0.973699, 0.00279991, 0.96969, 2.77413
7113.25, 0.975773, 0.00280397, 0.97197, 2.59072
7113.26, 0.977546, 0.00280743, 0.97447, 2.40043
7113.27, 0.978912, 0.00281014, 0.97709, 2.20096
7113.28, 0.980472, 0.00281322, 0.97976, 1.99692
7113.29, 0.982631, 0.00281748, 0.98237, 1.79745
7113.3, 0.985002, 0.00282237, 0.98487, 1.60028
7113.31, 0.987085, 0.00282716, 0.98717, 1.41229
7113.32, 0.98897, 0.0028317, 0.98925, 1.23575
7113.33, 0.991131, 0.00283629, 0.99105, 1.07068
7113.34, 0.993695, 0.00284101, 0.99257, 0.921654
7113.35, 0.99611, 0.00284553, 0.99381, 0.786386
7113.36, 0.997854, 0.00284951, 0.99477, 0.664875
7113.37, 0.999095, 0.00285276, 0.99546, 0.559412
7113.38, 1.00025, 0.00285517, 0.99592, 0.467705
7113.39, 1.00137, 0.00285665, 0.99617, 0.394339
7113.4, 1.00206, 0.00285722, 0.99625, 0.330145
7113.41, 1.00208, 0.00285697, 0.99618, 0.277413
7113.42, 1.0018, 0.00285639, 0.99601, 0.233852
7113.43, 1.00169, 0.00285598, 0.99576, 0.19717
7113.44, 1.00155, 0.00285537, 0.99547, 0.169658
7113.45, 1.00076, 0.00285363, 0.99518, 0.146731
7113.46, 0.999039, 0.0028503, 0.99492, 0.126097
7113.47, 0.996833, 0.00284592, 0.99473, 0.110048
7113.48, 0.994639, 0.00284114, 0.99465, 0.0939995
7113.49, 0.992672, 0.00283648, 0.99471, 0.0802435
7113.5, 0.991038, 0.00283245, 0.99494, 0.0641948
7113.51, 0.98974, 0.0028293, 0.99536, 0.0504388
7113.52, 0.988669, 0.002827, 0.99596, 0.0389754
7113.53, 0.987754, 0.00282547, 1, 0
7113.54, 0.987092, 0.0028244, 1, 0
7113.55, 0.986824, 0.0028235, 1, 0
7113.56, 0.987208, 0.00282351, 1, 0
7113.57, 0.98858, 0.00282588, 1, 0
7113.58, 0.990896, 0.00283087, 1, 0
7113.59, 0.993322, 0.00283632, 1, 0
7113.6, 0.995056, 0.00284007, 1, 0
7113.61, 0.996149, 0.00284223, 1, 0
