wav, obs, sigma_obs, syn, weight
7860.52, 0.996916, 0.00283219, 1, 0
7860.53, 0.996573, 0.00283139, 1, 0
7860.54, 0.996133, 0.0028303, 1, 0
7860.55, 0.995756, 0.00282939, 1, 0
7860.56, 0.995622, 0.00282921, 1, 0
7860.57, 0.995741, 0.00282975, 1, 0
7860.58, 0.995855, 0.00283019, 1, 0
7860.59, 0.995718, 0.00282971, 1, 0
7860.6, 0.995473, 0.00282869, 1, 0
7860.61, 0.995465, 0.00282812, 0.99967, 0.071309
7860.62, 0.995809, 0.00282844, 0.99962, 0.10187
7860.63, 0.996184, 0.00282906, 0.99957, 0.142618
7860.64, 0.996268, 0.00282934, 0.9995, 0.188459
7860.65, 0.996152, 0.00282927, 0.99942, 0.239394
7860.66, 0.996125, 0.00282914, 0.99932, 0.300516
7860.67, 0.996311, 0.00282911, 0.9992, 0.366732
7860.68, 0.996529, 0.00282915, 0.99905, 0.443134
7860.69, 0.996577, 0.00282918, 0.99886, 0.529724
7860.7, 0.99633, 0.00282885, 0.99863, 0.6265
7860.71, 0.9957, 0.00282771, 0.99835, 0.738557
7860.72, 0.994883, 0.002826, 0.99801, 0.855708
7860.73, 0.994555, 0.00282512, 0.99761, 0.988138
7860.74, 0.995267, 0.00282626, 0.99714, 1.13076
7860.75, 0.996427, 0.00282831, 0.9966, 1.28865
7860.76, 0.996962, 0.00282923, 0.99599, 1.44655
7860.77, 0.99647, 0.00282821, 0.99532, 1.61464
7860.78, 0.995598, 0.00282643, 0.99458, 1.78272
7860.79, 0.99499, 0.00282507, 0.9938, 1.94572
7860.8, 0.994693, 0.00282436, 0.99298, 2.10871
7860.81, 0.994518, 0.00282414, 0.99216, 2.26151
7860.82, 0.994368, 0.00282418, 0.99135, 2.39904
7860.83, 0.994287, 0.00282419, 0.99058, 2.52128
7860.84, 0.994305, 0.00282392, 0.98986, 2.63334
7860.85, 0.994327, 0.00282346, 0.98923, 2.71993
7860.86, 0.99421, 0.00282301, 0.98868, 2.78614
7860.87, 0.993853, 0.00282248, 0.98821, 2.8218
7860.88, 0.993206, 0.00282134, 0.98781, 2.83708
7860.89, 0.992279, 0.00281927, 0.98744, 2.8218
7860.9, 0.991372, 0.00281706, 0.98704, 2.78614
7860.91, 0.990873, 0.00281587, 0.98655, 2.72502
7860.92, 0.990682, 0.00281554, 0.98588, 2.64352
7860.93, 0.990092, 0.00281435, 0.98494, 2.53656
7860.94, 0.988511, 0.00281084, 0.98367, 2.41432
7860.95, 0.986102, 0.00280553, 0.98201, 2.2717
7860.96, 0.98326, 0.00279948, 0.97996, 2.11889
7860.97, 0.980195, 0.00279319, 0.97755, 1.961
7860.98, 0.976909, 0.00278649, 0.97489, 1.79291
7860.99, 0.973422, 0.00277928, 0.97213, 1.62992
7861, 0.969891, 0.00277194, 0.96945, 1.46183
7861.01, 0.966517, 0.00276504, 0.96707, 1.29375
7861.02, 0.963606, 0.00275923, 0.96521, 1.14094
7861.03, 0.96158, 0.00275527, 0.96403, 0.993232
7861.04, 0.960784, 0.00275378, 0.96369, 0.855708
7861.05, 0.961226, 0.00275482, 0.96425, 0.733464
7861.06, 0.962825, 0.00275829, 0.96569, 0.621407
7861.07, 0.965499, 0.00276395, 0.96793, 0.519537
7861.08, 0.969166, 0.00277141, 0.97083, 0.432947
7861.09, 0.973617, 0.00278017, 0.9742, 0.356545
7861.1, 0.97819, 0.00278923, 0.97781, 0.290329
7861.11, 0.98214, 0.00279751, 0.98146, 0.234301
7861.12, 0.985268, 0.00280455, 0.98494, 0.178272
7861.13, 0.987863, 0.00281049, 0.98812, 0.132431
7861.14, 0.990209, 0.00281554, 0.99089, 0.0967764
7861.15, 0.992504, 0.00282018, 0.99322, 0.0662155
7861.16, 0.994901, 0.0028249, 1, 0
7861.17, 0.997155, 0.00282933, 1, 0
7861.18, 0.998682, 0.00283235, 1, 0
7861.19, 0.999149, 0.00283334, 1, 0
7861.2, 0.999017, 0.00283324, 1, 0
7861.21, 0.99887, 0.00283321, 1, 0
7861.22, 0.998907, 0.00283362, 1, 0
7861.23, 0.999021, 0.00283421, 1, 0
7861.24, 0.999055, 0.00283462, 1, 0
