wav, obs, sigma_obs, syn, weight
8334.64, 0.971268, 0.00437726, 1, 0
8334.65, 0.968845, 0.00437017, 1, 0
8334.66, 0.965359, 0.00435885, 1, 0
8334.67, 0.961681, 0.00434698, 1, 0
8334.68, 0.958761, 0.0043386, 1, 0
8334.69, 0.956904, 0.00433404, 1, 0
8334.7, 0.956189, 0.00433249, 1, 0
8334.71, 0.956904, 0.00433512, 1, 0
8334.72, 0.959393, 0.00434391, 0.99979, 0.00807455
8334.73, 0.963437, 0.00435817, 0.99956, 0.0141305
8334.74, 0.968428, 0.0043754, 0.99917, 0.025233
8334.75, 0.973663, 0.00439309, 0.99862, 0.0383541
8334.76, 0.978367, 0.00440872, 0.99791, 0.0524846
8334.77, 0.982138, 0.00442106, 0.99711, 0.0686337
8334.78, 0.98501, 0.00443031, 0.99629, 0.0827642
8334.79, 0.987067, 0.00443693, 0.99553, 0.0968946
8334.8, 0.988432, 0.00444163, 0.99484, 0.110016
8334.81, 0.989275, 0.00444515, 0.9942, 0.124146
8334.82, 0.989861, 0.00444813, 0.99355, 0.138277
8334.83, 0.99028, 0.00445058, 0.99284, 0.156444
8334.84, 0.990125, 0.00445073, 0.99199, 0.17764
8334.85, 0.98909, 0.00444744, 0.99097, 0.203882
8334.86, 0.987548, 0.00444297, 0.98972, 0.236181
8334.87, 0.985922, 0.00443954, 0.98818, 0.275544
8334.88, 0.984121, 0.00443555, 0.98631, 0.322982
8334.89, 0.981907, 0.00442859, 0.98406, 0.379504
8334.9, 0.979129, 0.00441917, 0.98139, 0.44511
8334.91, 0.975688, 0.00440886, 0.97825, 0.521818
8334.92, 0.971666, 0.0043977, 0.97461, 0.608619
8334.93, 0.967221, 0.00438486, 0.97046, 0.706523
8334.94, 0.962163, 0.00436937, 0.96577, 0.81452
8334.95, 0.956068, 0.00435027, 0.96056, 0.932611
8334.96, 0.949022, 0.00432794, 0.95483, 1.05979
8334.97, 0.941596, 0.00430407, 0.94863, 1.19503
8334.98, 0.93429, 0.00428049, 0.94198, 1.33735
8334.99, 0.927487, 0.00425911, 0.93495, 1.48572
8335, 0.921126, 0.00423983, 0.92759, 1.63812
8335.01, 0.914449, 0.00421935, 0.92, 1.79255
8335.02, 0.907035, 0.00419572, 0.91226, 1.949
8335.03, 0.89932, 0.00417051, 0.90445, 2.10342
8335.04, 0.891834, 0.00414574, 0.8967, 2.25684
8335.05, 0.885062, 0.00412355, 0.8891, 2.40622
8335.06, 0.879327, 0.00410534, 0.88176, 2.54954
8335.07, 0.874362, 0.00408972, 0.87482, 2.68479
8335.08, 0.869889, 0.00407525, 0.86837, 2.80994
8335.09, 0.866287, 0.00406373, 0.86254, 2.924
8335.1, 0.864085, 0.00405759, 0.85744, 3.02291
8335.11, 0.863404, 0.00405663, 0.85315, 3.10668
8335.12, 0.864191, 0.00405967, 0.84977, 3.1733
8335.13, 0.866419, 0.00406706, 0.84737, 3.22074
8335.14, 0.870025, 0.00407974, 0.84601, 3.24698
8335.15, 0.874262, 0.00409499, 0.8457, 3.25304
8335.16, 0.877911, 0.00410755, 0.84646, 3.23991
8335.17, 0.880368, 0.00411526, 0.84827, 3.2056
8335.18, 0.881612, 0.00411892, 0.8511, 3.15008
8335.19, 0.881226, 0.00411774, 0.85488, 3.07741
8335.2, 0.878296, 0.00410893, 0.85955, 2.98658
8335.21, 0.872944, 0.00409271, 0.86499, 2.88161
8335.22, 0.866994, 0.00407434, 0.87113, 2.76352
8335.23, 0.86243, 0.00405995, 0.87783, 2.63432
8335.24, 0.861249, 0.00405651, 0.88499, 2.49504
8335.25, 0.864544, 0.00406788, 0.89249, 2.34869
8335.26, 0.870914, 0.00408918, 0.90022, 2.1983
8335.27, 0.87922, 0.00411638, 0.90805, 2.04387
8335.28, 0.890834, 0.00415416, 0.91589, 1.88844
8335.29, 0.906859, 0.00420646, 0.92363, 1.73199
8335.3, 0.924259, 0.00426368, 0.93118, 1.57857
8335.31, 0.939294, 0.00431379, 0.93845, 1.42718
8335.32, 0.951958, 0.00435634, 0.94537, 1.28184
8335.33, 0.963566, 0.00439497, 0.95188, 1.14255
8335.34, 0.973589, 0.004428, 0.95792, 1.00932
8335.35, 0.980642, 0.00445126, 0.96347, 0.886182
8335.36, 0.984885, 0.00446545, 0.96849, 0.77112
8335.37, 0.98753, 0.00447456, 0.97297, 0.666151
8335.38, 0.989344, 0.00448116, 0.97693, 0.573293
8335.39, 0.990665, 0.00448644, 0.98036, 0.48952
8335.4, 0.991597, 0.0044906, 0.9833, 0.416849
8335.41, 0.992, 0.00449275, 0.98579, 0.35528
8335.42, 0.992078, 0.00449334, 0.98786, 0.301786
8335.43, 0.992551, 0.00449493, 0.98956, 0.257376
8335.44, 0.993474, 0.00449808, 0.99094, 0.221041
8335.45, 0.993551, 0.00449925, 0.99204, 0.190761
8335.46, 0.992398, 0.00449721, 0.99293, 0.166538
8335.47, 0.992278, 0.00449756, 0.99365, 0.146351
8335.48, 0.994759, 0.00450435, 0.99426, 0.130202
8335.49, 0.99781, 0.00451329, 0.9948, 0.116072
8335.5, 0.999254, 0.00451942, 0.99534, 0.10396
8335.51, 0.999493, 0.00452243, 0.99594, 0.091848
8335.52, 0.999573, 0.00452355, 0.99662, 0.0787269
8335.53, 1.00021, 0.00452572, 0.99735, 0.0645964
8335.54, 1.00184, 0.00453172, 0.99808, 0.050466
8335.55, 1.00363, 0.00453848, 0.99873, 0.0353262
8335.56, 1.0043, 0.00454076, 0.99924, 0.0232143
8335.57, 1.00397, 0.00453938, 0.99959, 0.0141305
8335.58, 1.00364, 0.00453869, 0.99981, 0.00807455
8335.59, 1.00361, 0.00453991, 1, 0
8335.6, 1.00361, 0.00454133, 1, 0
8335.61, 1.00354, 0.00454229, 1, 0
8335.62, 1.00347, 0.00454326, 1, 0
8335.63, 1.0034, 0.00454423, 1, 0
8335.64, 1.00333, 0.00454519, 1, 0
8335.65, 1.00326, 0.00454616, 1, 0
8335.66, 1.00319, 0.00454713, 1, 0
