wav, obs, sigma_obs, syn, weight
5557.52, 0.988524, 0.00426378, 1, 0
5557.53, 0.990491, 0.00426898, 1, 0
5557.54, 0.992451, 0.0042741, 1, 0
5557.55, 0.994472, 0.00427981, 1, 0
5557.56, 0.996354, 0.00428549, 1, 0
5557.57, 0.997528, 0.0042889, 1, 0
5557.58, 0.997973, 0.00428973, 1, 0
5557.59, 0.998322, 0.00429, 0.9987, 0.0334187
5557.6, 0.998531, 0.0042896, 0.99838, 0.0445583
5557.61, 0.997958, 0.00428654, 0.99792, 0.0556978
5557.62, 0.996905, 0.00428192, 0.99728, 0.0668374
5557.63, 0.996301, 0.0042789, 0.99647, 0.077977
5557.64, 0.996419, 0.00427857, 0.99553, 0.0891165
5557.65, 0.997063, 0.00428044, 0.99452, 0.100256
5557.66, 0.997365, 0.00428098, 0.99358, 0.111396
5557.67, 0.996659, 0.00427734, 0.99282, 0.111396
5557.68, 0.996812, 0.00427683, 0.99237, 0.111396
5557.69, 0.999351, 0.00428554, 0.99227, 0.122535
5557.7, 1.00125, 0.00429193, 0.99253, 0.133675
5557.71, 1.00013, 0.00428672, 0.99304, 0.144814
5557.72, 0.998767, 0.00427996, 0.99369, 0.144814
5557.73, 0.999272, 0.00427985, 0.99432, 0.167093
5557.74, 1.00016, 0.00428261, 0.99477, 0.178233
5557.75, 1.00009, 0.00428324, 0.99492, 0.200512
5557.76, 0.998794, 0.00427766, 0.99464, 0.233931
5557.77, 0.996591, 0.00426684, 0.99374, 0.278489
5557.78, 0.994407, 0.00425809, 0.99195, 0.334187
5557.79, 0.991977, 0.00425108, 0.98881, 0.401024
5557.8, 0.987821, 0.00423756, 0.98362, 0.50128
5557.81, 0.981259, 0.00421456, 0.97541, 0.634955
5557.82, 0.9722, 0.00418317, 0.96305, 0.824328
5557.83, 0.959528, 0.00413995, 0.94549, 1.08054
5557.84, 0.941728, 0.00407943, 0.92218, 1.39245
5557.85, 0.919154, 0.00400299, 0.89343, 1.78233
5557.86, 0.89319, 0.00391562, 0.86073, 2.20563
5557.87, 0.866069, 0.00382447, 0.82665, 2.6735
5557.88, 0.840054, 0.00373658, 0.79434, 3.14136
5557.89, 0.816248, 0.00365509, 0.76666, 3.58694
5557.9, 0.795595, 0.0035832, 0.74536, 3.97682
5557.91, 0.779516, 0.00352735, 0.7305, 4.31101
5557.92, 0.768508, 0.0034902, 0.72052, 4.57836
5557.93, 0.760633, 0.00346373, 0.71306, 4.75659
5557.94, 0.754404, 0.00344207, 0.70609, 4.83457
5557.95, 0.749838, 0.00342617, 0.69891, 4.84571
5557.96, 0.747649, 0.00341857, 0.69271, 4.76773
5557.97, 0.7493, 0.00342314, 0.69022, 4.5895
5557.98, 0.756106, 0.00344452, 0.69469, 4.33329
5557.99, 0.769108, 0.00348782, 0.70867, 3.9991
5558, 0.78848, 0.00355343, 0.73299, 3.58694
5558.01, 0.813555, 0.0036374, 0.7663, 3.1525
5558.02, 0.842214, 0.00373233, 0.80543, 2.68464
5558.03, 0.871492, 0.00382895, 0.84625, 2.22791
5558.04, 0.899069, 0.0039201, 0.88475, 1.81575
5558.05, 0.923128, 0.00400017, 0.91792, 1.44814
5558.06, 0.942961, 0.00406604, 0.9442, 1.13624
5558.07, 0.958484, 0.00411662, 0.96345, 0.902305
5558.08, 0.970562, 0.00415562, 0.97656, 0.712932
5558.09, 0.98002, 0.00418663, 0.98494, 0.556978
5558.1, 0.986668, 0.00420839, 0.99002, 0.445583
5558.11, 0.990495, 0.00422025, 0.99301, 0.356466
5558.12, 0.992447, 0.00422565, 0.99476, 0.289629
5558.13, 0.993515, 0.00422821, 0.99583, 0.233931
5558.14, 0.994495, 0.00423068, 0.99652, 0.200512
5558.15, 0.995566, 0.00423366, 0.99701, 0.167093
5558.16, 0.996087, 0.00423487, 0.99737, 0.155954
5558.17, 0.996098, 0.00423407, 0.99767, 0.122535
5558.18, 0.996423, 0.00423346, 0.99791, 0.111396
5558.19, 0.997221, 0.00423413, 0.99811, 0.100256
5558.2, 0.998046, 0.004236, 0.99828, 0.0891165
5558.21, 0.998363, 0.00423695, 0.99843, 0.0891165
5558.22, 0.997777, 0.00423442, 0.99856, 0.077977
5558.23, 0.997401, 0.00423247, 0.99867, 0.0668374
5558.24, 0.998615, 0.00423658, 0.99877, 0.0556978
5558.25, 0.999898, 0.00424067, 0.99885, 0.0556978
5558.26, 0.999377, 0.00423734, 0.99893, 0.0445583
5558.27, 0.998446, 0.00423248, 0.999, 0.0445583
5558.28, 0.998652, 0.00423253, 0.99906, 0.0445583
5558.29, 0.999079, 0.00423369, 0.99912, 0.0334187
5558.3, 0.998881, 0.00423228, 0.99917, 0.0222791
5558.31, 0.998616, 0.00423016, 0.99922, 0.0111396
5558.32, 0.99888, 0.00422957, 1, 0
5558.33, 0.999945, 0.00423194, 1, 0
5558.34, 1.00141, 0.00423619, 1, 0
5558.35, 1.00203, 0.00423794, 1, 0
5558.36, 1.00148, 0.004236, 1, 0
5558.37, 1.00085, 0.00423376, 1, 0
5558.38, 1.00042, 0.00423217, 1, 0
