wav, obs, sigma_obs, syn, weight
5556.7, 0.97852, 0.00430536, 1, 0
5556.71, 0.980492, 0.0043106, 1, 0
5556.72, 0.982464, 0.00431584, 1, 0
5556.73, 0.984297, 0.0043203, 1, 0
5556.74, 0.986311, 0.00432578, 1, 0
5556.75, 0.988866, 0.00433435, 1, 0
5556.76, 0.991281, 0.00434273, 1, 0
5556.77, 0.992636, 0.0043463, 0.99778, 0.0114979
5556.78, 0.99372, 0.0043484, 0.99712, 0.016097
5556.79, 0.995633, 0.00435395, 0.99653, 0.0252953
5556.8, 0.99758, 0.00435976, 0.99606, 0.0275949
5556.81, 0.998602, 0.00436185, 0.99572, 0.0344936
5556.82, 0.999378, 0.00436289, 0.99547, 0.0390928
5556.83, 1.00044, 0.0043652, 0.99531, 0.0436919
5556.84, 1.00073, 0.00436538, 0.9952, 0.0505906
5556.85, 0.999783, 0.00436185, 0.99513, 0.0597889
5556.86, 0.999108, 0.00435946, 0.99509, 0.0689872
5556.87, 0.999455, 0.00436036, 0.99506, 0.0827847
5556.88, 0.999742, 0.00436027, 0.99502, 0.103481
5556.89, 0.99929, 0.00435707, 0.99494, 0.137974
5556.9, 0.99824, 0.00435257, 0.99475, 0.183966
5556.91, 0.996651, 0.00434701, 0.9944, 0.255253
5556.92, 0.994421, 0.00433862, 0.99375, 0.361033
5556.93, 0.99152, 0.00432723, 0.9927, 0.503607
5556.94, 0.987992, 0.00431407, 0.99109, 0.699071
5556.95, 0.983966, 0.00429969, 0.98883, 0.947425
5556.96, 0.979618, 0.00428409, 0.98582, 1.25097
5556.97, 0.975022, 0.00426757, 0.98206, 1.6074
5556.98, 0.970311, 0.00425082, 0.97763, 2.00063
5556.99, 0.966391, 0.00423651, 0.9727, 2.41915
5557, 0.964082, 0.00422696, 0.9675, 2.83997
5557.01, 0.96202, 0.00421842, 0.96233, 3.2424
5557.02, 0.958708, 0.00420678, 0.95751, 3.60803
5557.03, 0.954985, 0.00419432, 0.95332, 3.91618
5557.04, 0.951893, 0.00418364, 0.95003, 4.15303
5557.05, 0.949303, 0.00417344, 0.94782, 4.3117
5557.06, 0.947233, 0.00416388, 0.94684, 4.38069
5557.07, 0.946563, 0.00416021, 0.94715, 4.36229
5557.08, 0.947715, 0.00416458, 0.94873, 4.25651
5557.09, 0.950064, 0.00417212, 0.9515, 4.07025
5557.1, 0.953773, 0.00418265, 0.95532, 3.8035
5557.11, 0.960211, 0.00420344, 0.95996, 3.47006
5557.12, 0.968503, 0.00423187, 0.96514, 3.08833
5557.13, 0.975295, 0.00425422, 0.97053, 2.6767
5557.14, 0.98035, 0.00426956, 0.97584, 2.25358
5557.15, 0.986097, 0.004288, 0.98076, 1.84196
5557.16, 0.992104, 0.00430812, 0.98508, 1.46023
5557.17, 0.996115, 0.00432109, 0.98868, 1.12219
5557.18, 0.998188, 0.00432695, 0.99151, 0.839345
5557.19, 0.999516, 0.00433016, 0.99361, 0.616286
5557.2, 1.00025, 0.00433162, 0.99508, 0.441518
5557.21, 1.0002, 0.00433092, 0.99603, 0.312742
5557.22, 0.999709, 0.00432863, 0.99659, 0.223059
5557.23, 0.999292, 0.00432586, 0.99686, 0.16097
5557.24, 0.999339, 0.00432465, 0.99693, 0.119578
5557.25, 0.999928, 0.00432591, 0.99686, 0.091983
5557.26, 1.00026, 0.00432653, 0.99669, 0.075886
5557.27, 0.999978, 0.00432472, 0.99642, 0.0620885
5557.28, 1.00003, 0.00432358, 0.99607, 0.0528902
5557.29, 1.00066, 0.00432413, 0.99566, 0.0482911
5557.3, 1.00047, 0.00432255, 0.99522, 0.0413923
5557.31, 0.999228, 0.00431797, 0.99482, 0.0367932
5557.32, 0.998496, 0.00431418, 0.99458, 0.032194
5557.33, 0.998779, 0.00431321, 0.99464, 0.0252953
5557.34, 0.999277, 0.00431463, 0.99509, 0.0183966
5557.35, 0.999231, 0.00431542, 0.99592, 0.0137974
5557.36, 0.998088, 0.00431107, 1, 0
5557.37, 0.996693, 0.0043046, 1, 0
5557.38, 0.996546, 0.00430299, 1, 0
5557.39, 0.996703, 0.00430301, 1, 0
5557.4, 0.995353, 0.00429763, 1, 0
5557.41, 0.993379, 0.00428998, 1, 0
5557.42, 0.992372, 0.00428588, 1, 0
