wav, obs, sigma_obs, syn, weight
6695.59, 1.00162, 0.00391897, 1, 0
6695.6, 1.00227, 0.00392177, 1, 0
6695.61, 1.00267, 0.00392396, 1, 0
6695.62, 1.00259, 0.00392459, 1, 0
6695.63, 1.00195, 0.0039231, 1, 0
6695.64, 1.00154, 0.00392265, 1, 0
6695.65, 1.00196, 0.00392555, 1, 0
6695.66, 1.00239, 0.00392796, 0.99861, 0.00657514
6695.67, 1.00209, 0.00392702, 0.99852, 0.0131503
6695.68, 1.00088, 0.00392343, 0.99844, 0.0211865
6695.69, 0.999723, 0.00392048, 0.99835, 0.0299534
6695.7, 1.00034, 0.00392286, 0.99826, 0.0401814
6695.71, 1.00187, 0.00392821, 0.99815, 0.0482177
6695.72, 1.00243, 0.00393122, 0.99804, 0.0547928
6695.73, 1.00207, 0.00393147, 0.99791, 0.0606374
6695.74, 1.00141, 0.00393027, 0.99776, 0.0657514
6695.75, 1.00101, 0.0039294, 0.9976, 0.0723265
6695.76, 1.00095, 0.00392951, 0.99742, 0.0789016
6695.77, 1.0007, 0.00392941, 0.99722, 0.0876685
6695.78, 1.00042, 0.00392936, 0.99699, 0.0978965
6695.79, 1.00073, 0.00393068, 0.99673, 0.111777
6695.8, 1.00085, 0.00393158, 0.99643, 0.130042
6695.81, 0.99963, 0.00392938, 0.99607, 0.154881
6695.82, 0.997465, 0.00392465, 0.99563, 0.190679
6695.83, 0.99516, 0.00391893, 0.99509, 0.240358
6695.84, 0.993367, 0.00391369, 0.99438, 0.308301
6695.85, 0.992213, 0.00390974, 0.99341, 0.398161
6695.86, 0.991108, 0.0039069, 0.99206, 0.514322
6695.87, 0.989231, 0.00390284, 0.99009, 0.658244
6695.88, 0.985708, 0.00389395, 0.98719, 0.831389
6695.89, 0.980429, 0.00387948, 0.98294, 1.0323
6695.9, 0.973515, 0.00385968, 0.97679, 1.25804
6695.91, 0.964547, 0.00383331, 0.96814, 1.50498
6695.92, 0.95303, 0.00379908, 0.95641, 1.76798
6695.93, 0.938613, 0.00375657, 0.94118, 2.04048
6695.94, 0.921061, 0.00370502, 0.9223, 2.31737
6695.95, 0.900304, 0.00364337, 0.90006, 2.59133
6695.96, 0.876968, 0.00357375, 0.87524, 2.85361
6695.97, 0.852151, 0.00350037, 0.8491, 3.09689
6695.98, 0.826695, 0.00342491, 0.82331, 3.31314
6695.99, 0.801952, 0.00335041, 0.79975, 3.49578
6696, 0.781569, 0.00328871, 0.78029, 3.63751
6696.01, 0.768167, 0.00324857, 0.76656, 3.73395
6696.02, 0.761271, 0.00322851, 0.75974, 3.78289
6696.03, 0.761024, 0.00322869, 0.76038, 3.78143
6696.04, 0.7686, 0.00325223, 0.76838, 3.73102
6696.05, 0.783728, 0.00329849, 0.78294, 3.63532
6696.06, 0.804969, 0.00336353, 0.80272, 3.49651
6696.07, 0.82987, 0.00343969, 0.82598, 3.3219
6696.08, 0.855777, 0.00351865, 0.85083, 3.11808
6696.09, 0.880587, 0.00359441, 0.87544, 2.89306
6696.1, 0.903038, 0.00366321, 0.89826, 2.65416
6696.11, 0.923128, 0.00372431, 0.91817, 2.40796
6696.12, 0.939871, 0.00377467, 0.93456, 2.16249
6696.13, 0.951441, 0.00380946, 0.94732, 1.92213
6696.14, 0.959189, 0.00383314, 0.9567, 1.69346
6696.15, 0.965828, 0.00385399, 0.96325, 1.48014
6696.16, 0.971243, 0.00387094, 0.96759, 1.28507
6696.17, 0.974753, 0.00388159, 0.97035, 1.11266
6696.18, 0.976715, 0.0038883, 0.97202, 0.963623
6696.19, 0.977659, 0.00389295, 0.97293, 0.838695
6696.2, 0.978078, 0.00389541, 0.97325, 0.734223
6696.21, 0.977927, 0.00389502, 0.97293, 0.648747
6696.22, 0.976783, 0.0038912, 0.97181, 0.579342
6696.23, 0.975115, 0.00388648, 0.96966, 0.520897
6696.24, 0.973367, 0.00388298, 0.96627, 0.471218
6696.25, 0.969775, 0.00387393, 0.96155, 0.426653
6696.26, 0.963173, 0.00385457, 0.95563, 0.386472
6696.27, 0.955307, 0.00383103, 0.9489, 0.348482
6696.28, 0.947614, 0.00380841, 0.94202, 0.312684
6696.29, 0.940549, 0.0037883, 0.93582, 0.279078
6696.3, 0.934757, 0.00377224, 0.93119, 0.246933
6696.31, 0.931029, 0.00376192, 0.92887, 0.21771
6696.32, 0.92971, 0.00375871, 0.92933, 0.188487
6696.33, 0.931092, 0.00376396, 0.93264, 0.158534
6696.34, 0.935994, 0.00377932, 0.93845, 0.126389
6696.35, 0.944316, 0.00380413, 0.94609, 0.0942436
6696.36, 0.953849, 0.00383288, 0.95473, 0.0635596
6696.37, 0.962988, 0.00386112, 0.96349, 0.0372591
6696.38, 0.971141, 0.00388649, 0.97168, 0.0197254
6696.39, 0.978024, 0.00390795, 1, 0
6696.4, 0.983528, 0.00392527, 1, 0
6696.41, 0.98763, 0.00393853, 1, 0
6696.42, 0.990494, 0.00394821, 1, 0
6696.43, 0.992755, 0.00395578, 1, 0
6696.44, 0.994908, 0.00396254, 1, 0
6696.45, 0.99705, 0.00396916, 1, 0
