wav, obs, sigma_obs, syn, weight
6698.27, 1.00034, 0.00412834, 1, 0
6698.28, 1.00062, 0.00413088, 1, 0
6698.29, 1.00076, 0.00413312, 1, 0
6698.3, 1.00029, 0.00413387, 1, 0
6698.31, 0.999821, 0.00413348, 1, 0
6698.32, 1.0002, 0.00413321, 1, 0
6698.33, 1.001, 0.0041352, 1, 0
6698.34, 1.00141, 0.004139, 0.99946, 0.00424795
6698.35, 1.00049, 0.0041382, 0.99941, 0.00849591
6698.36, 0.998816, 0.00413335, 0.99937, 0.0148678
6698.37, 0.998501, 0.004133, 0.99933, 0.0223018
6698.38, 0.999563, 0.00413713, 0.99929, 0.0297357
6698.39, 1.00075, 0.00414084, 0.99924, 0.0361076
6698.4, 1.00114, 0.00414264, 0.99918, 0.0414176
6698.41, 1.00041, 0.00414241, 0.99912, 0.0477895
6698.42, 0.999443, 0.00414071, 0.99904, 0.0530994
6698.43, 0.998842, 0.00413882, 0.99896, 0.0605334
6698.44, 0.998588, 0.0041386, 0.99886, 0.0700913
6698.45, 0.998222, 0.00413866, 0.99873, 0.0838971
6698.46, 0.997189, 0.00413614, 0.99859, 0.104075
6698.47, 0.996044, 0.00413328, 0.9984, 0.130625
6698.48, 0.995462, 0.0041329, 0.99815, 0.17098
6698.49, 0.995225, 0.00413378, 0.9978, 0.228328
6698.5, 0.994788, 0.00413358, 0.9973, 0.306915
6698.51, 0.993417, 0.00412971, 0.99655, 0.413114
6698.52, 0.991542, 0.00412418, 0.99542, 0.551172
6698.53, 0.990269, 0.00412165, 0.99371, 0.724276
6698.54, 0.988648, 0.0041181, 0.99116, 0.933488
6698.55, 0.985199, 0.00410764, 0.98744, 1.17775
6698.56, 0.979771, 0.00409114, 0.98223, 1.4528
6698.57, 0.972856, 0.00407075, 0.97519, 1.75441
6698.58, 0.965485, 0.00404815, 0.96611, 2.073
6698.59, 0.956926, 0.00402153, 0.95491, 2.39903
6698.6, 0.945093, 0.00398629, 0.94178, 2.72188
6698.61, 0.930924, 0.0039418, 0.92718, 3.03092
6698.62, 0.916333, 0.0038928, 0.91183, 3.31447
6698.63, 0.900938, 0.00385726, 0.89671, 3.56297
6698.64, 0.885286, 0.00383841, 0.88294, 3.76794
6698.65, 0.872892, 0.00380443, 0.87164, 3.92511
6698.66, 0.865464, 0.00375767, 0.86383, 4.02812
6698.67, 0.862439, 0.00373743, 0.86024, 4.07379
6698.68, 0.863546, 0.00374338, 0.8612, 4.06317
6698.69, 0.868845, 0.00375689, 0.86663, 3.99414
6698.7, 0.878845, 0.00378381, 0.87601, 3.86989
6698.71, 0.893071, 0.00382917, 0.88847, 3.6936
6698.72, 0.908553, 0.00388003, 0.90295, 3.47164
6698.73, 0.923851, 0.0039293, 0.91829, 3.20721
6698.74, 0.939566, 0.00397934, 0.93342, 2.91303
6698.75, 0.953896, 0.0040254, 0.94748, 2.59656
6698.76, 0.964244, 0.00405997, 0.95983, 2.27159
6698.77, 0.972369, 0.00408715, 0.97015, 1.94769
6698.78, 0.980141, 0.00411182, 0.97835, 1.63334
6698.79, 0.986066, 0.004131, 0.98459, 1.34129
6698.8, 0.98963, 0.00414375, 0.98913, 1.07792
6698.81, 0.992296, 0.00415345, 0.99231, 0.846405
6698.82, 0.994825, 0.0041624, 0.99448, 0.650999
6698.83, 0.997249, 0.00417129, 0.99592, 0.491701
6698.84, 0.998821, 0.00417697, 0.99686, 0.366386
6698.85, 0.999171, 0.00417775, 0.99749, 0.272931
6698.86, 0.999787, 0.00418009, 0.99791, 0.201778
6698.87, 1.00097, 0.00418546, 0.99821, 0.152926
6698.88, 1.00093, 0.00418643, 0.99843, 0.117881
6698.89, 1.00059, 0.00418605, 0.99859, 0.093455
6698.9, 1.00243, 0.00419345, 0.99871, 0.0764632
6698.91, 1.00389, 0.00419981, 0.99881, 0.0647813
6698.92, 1.00233, 0.00419539, 0.99889, 0.0562854
6698.93, 1.00116, 0.00419131, 0.99895, 0.0488515
6698.94, 1.00211, 0.00419415, 0.99899, 0.0435415
6698.95, 1.00236, 0.00419671, 0.99902, 0.0361076
6698.96, 1.00163, 0.00419742, 0.99904, 0.0297357
6698.97, 1.00182, 0.00419987, 0.99903, 0.0223018
6698.98, 1.00231, 0.00420174, 0.99901, 0.0159298
6698.99, 1.00189, 0.00420002, 0.99897, 0.00849591
6699, 1.00133, 0.00419869, 0.99893, 0.00424795
6699.01, 1.00122, 0.00420007, 1, 0
6699.02, 1.00103, 0.0042009, 1, 0
6699.03, 1.00045, 0.0041994, 1, 0
6699.04, 0.999457, 0.00419572, 1, 0
6699.05, 0.997806, 0.00419062, 1, 0
6699.06, 0.995284, 0.00418498, 1, 0
6699.07, 0.9924, 0.00417919, 1, 0
