wav, obs, sigma_obs, syn, weight
6905.88, 0.815612, 0.00267818, 1, 0
6905.89, 0.83298, 0.00271917, 1, 0
6905.9, 0.850349, 0.00276015, 1, 0
6905.91, 0.867717, 0.00280114, 1, 0
6905.92, 0.886185, 0.00284473, 1, 0
6905.93, 0.902654, 0.00288358, 1, 0
6905.94, 0.915459, 0.00291381, 1, 0
6905.95, 0.925773, 0.00293843, 1, 0
6905.96, 0.935235, 0.00296151, 0.99599, 0.0653573
6905.97, 0.943385, 0.00298125, 0.99597, 0.0989696
6905.98, 0.949347, 0.00299486, 0.99602, 0.136317
6905.99, 0.953937, 0.00300505, 0.99606, 0.175531
6906, 0.958378, 0.0030158, 0.99607, 0.207276
6906.01, 0.962573, 0.00302625, 0.99601, 0.237154
6906.02, 0.966025, 0.00303417, 0.99591, 0.259562
6906.03, 0.968972, 0.00304067, 0.99575, 0.280103
6906.04, 0.971867, 0.00304787, 0.99554, 0.302511
6906.05, 0.974468, 0.00305488, 0.99528, 0.326786
6906.06, 0.976322, 0.00305979, 0.99497, 0.356664
6906.07, 0.977827, 0.00306338, 0.9946, 0.392144
6906.08, 0.979691, 0.00306753, 0.99415, 0.43696
6906.09, 0.981756, 0.00307219, 0.9936, 0.491113
6906.1, 0.983437, 0.00307635, 0.99294, 0.558338
6906.11, 0.98444, 0.00307909, 0.99211, 0.640501
6906.12, 0.984692, 0.00307981, 0.99108, 0.737603
6906.13, 0.984767, 0.00308007, 0.98978, 0.855247
6906.14, 0.985517, 0.0030824, 0.98816, 0.991563
6906.15, 0.986608, 0.00308578, 0.98614, 1.15216
6906.16, 0.987008, 0.00308711, 0.98366, 1.32955
6906.17, 0.986395, 0.00308566, 0.98065, 1.52563
6906.18, 0.984886, 0.00308223, 0.97709, 1.73664
6906.19, 0.981911, 0.00307559, 0.97297, 1.95325
6906.2, 0.976496, 0.00306323, 0.96835, 2.17546
6906.21, 0.969104, 0.00304597, 0.96331, 2.39581
6906.22, 0.96127, 0.00302718, 0.95803, 2.60495
6906.23, 0.953702, 0.00300908, 0.95271, 2.79729
6906.24, 0.946451, 0.00299292, 0.94762, 2.96909
6906.25, 0.940275, 0.00297989, 0.94304, 3.11287
6906.26, 0.936524, 0.00297123, 0.93924, 3.22678
6906.27, 0.935633, 0.00296817, 0.93646, 3.30708
6906.28, 0.937142, 0.00297176, 0.93488, 3.35189
6906.29, 0.939993, 0.00297954, 0.93462, 3.35936
6906.3, 0.942614, 0.00298579, 0.93568, 3.32762
6906.31, 0.944551, 0.00298931, 0.93801, 3.26226
6906.32, 0.946538, 0.00299376, 0.94144, 3.16142
6906.33, 0.949073, 0.00300079, 0.94576, 3.02698
6906.34, 0.952321, 0.00300952, 0.95069, 2.86452
6906.35, 0.956182, 0.0030191, 0.95596, 2.67778
6906.36, 0.960271, 0.00302879, 0.9613, 2.47237
6906.37, 0.964354, 0.00303828, 0.96647, 2.25576
6906.38, 0.968403, 0.0030478, 0.97129, 2.03354
6906.39, 0.972391, 0.00305738, 0.97563, 1.80946
6906.4, 0.976261, 0.00306668, 0.97944, 1.59472
6906.41, 0.979769, 0.00307505, 0.98268, 1.38931
6906.42, 0.982407, 0.00308146, 0.98538, 1.20257
6906.43, 0.984302, 0.0030862, 0.9876, 1.03451
6906.44, 0.986541, 0.00309163, 0.98939, 0.885124
6906.45, 0.989403, 0.00309844, 0.99083, 0.758144
6906.46, 0.991757, 0.00310438, 0.99199, 0.647971
6906.47, 0.992907, 0.00310789, 0.99292, 0.558338
6906.48, 0.993094, 0.00310897, 0.99368, 0.483644
6906.49, 0.992776, 0.00310836, 0.9943, 0.422021
6906.5, 0.992634, 0.00310787, 0.99482, 0.371603
6906.51, 0.992928, 0.00310841, 0.99525, 0.328654
6906.52, 0.99308, 0.00310897, 0.99562, 0.295041
6906.53, 0.993018, 0.0031094, 0.99593, 0.267031
6906.54, 0.993866, 0.00311169, 0.9962, 0.240888
6906.55, 0.996095, 0.00311666, 0.99643, 0.220347
6906.56, 0.998489, 0.00312202, 0.99663, 0.197939
6906.57, 1.0001, 0.00312593, 0.9968, 0.175531
6906.58, 1.00105, 0.00312853, 0.99694, 0.151255
6906.59, 1.00157, 0.0031302, 0.99705, 0.125112
6906.6, 1.00177, 0.00313134, 0.99715, 0.0971022
6906.61, 1.00182, 0.00313229, 0.99725, 0.069092
6906.62, 1.00212, 0.00313338, 0.99738, 0.0448164
6906.63, 1.0028, 0.00313478, 1, 0
6906.64, 1.00317, 0.00313645, 1, 0
6906.65, 1.00271, 0.00313782, 1, 0
6906.66, 1.00181, 0.00313703, 1, 0
6906.67, 1.00072, 0.00313287, 1, 0
6906.68, 0.998938, 0.00312661, 1, 0
6906.69, 0.996085, 0.00311968, 1, 0
6906.7, 0.992655, 0.00311254, 1, 0
