wav, obs, sigma_obs, syn, weight
7083.54, 1.00024, 0.00394985, 1, 0
7083.55, 0.999201, 0.00394877, 1, 0
7083.56, 0.998045, 0.00394747, 1, 0
7083.57, 0.996793, 0.003946, 1, 0
7083.58, 0.996586, 0.00394637, 1, 0
7083.59, 0.997322, 0.00394828, 1, 0
7083.6, 0.997694, 0.00394918, 1, 0
7083.61, 0.997236, 0.00394839, 0.99807, 0.0186322
7083.62, 0.996397, 0.00394723, 0.9979, 0.0351942
7083.63, 0.996203, 0.00394822, 0.99774, 0.0600371
7083.64, 0.997713, 0.00395376, 0.99757, 0.0869503
7083.65, 0.999538, 0.00395984, 0.99738, 0.111793
7083.66, 0.999759, 0.00396114, 0.99718, 0.134566
7083.67, 0.999195, 0.00396002, 0.99697, 0.153198
7083.68, 0.99891, 0.00395951, 0.99676, 0.17183
7083.69, 0.998104, 0.00395729, 0.99655, 0.186322
7083.7, 0.996338, 0.0039522, 0.99635, 0.202884
7083.71, 0.994734, 0.00394769, 0.99616, 0.221516
7083.72, 0.993889, 0.00394596, 0.99599, 0.242219
7083.73, 0.993315, 0.00394626, 0.99581, 0.269132
7083.74, 0.992572, 0.00394651, 0.99561, 0.302256
7083.75, 0.991439, 0.00394388, 0.99538, 0.33952
7083.76, 0.990785, 0.00394157, 0.99507, 0.382995
7083.77, 0.991924, 0.0039458, 0.99466, 0.438892
7083.78, 0.993419, 0.00395172, 0.9941, 0.50721
7083.79, 0.993048, 0.0039511, 0.99333, 0.59002
7083.8, 0.991684, 0.00394676, 0.99228, 0.691462
7083.81, 0.990719, 0.00394368, 0.99087, 0.809466
7083.82, 0.989756, 0.00394148, 0.989, 0.948172
7083.83, 0.988136, 0.00393844, 0.98655, 1.10758
7083.84, 0.985493, 0.0039324, 0.98343, 1.28976
7083.85, 0.981671, 0.00392199, 0.97954, 1.48851
7083.86, 0.976782, 0.00390728, 0.97484, 1.70381
7083.87, 0.971142, 0.00389004, 0.96932, 1.92947
7083.88, 0.96521, 0.00387341, 0.96307, 2.16134
7083.89, 0.958657, 0.00385606, 0.95628, 2.3932
7083.9, 0.950772, 0.00383401, 0.94923, 2.61265
7083.91, 0.942859, 0.00381086, 0.94226, 2.82174
7083.92, 0.936846, 0.00379288, 0.93579, 3.01014
7083.93, 0.932165, 0.00377879, 0.93026, 3.17162
7083.94, 0.927832, 0.00376598, 0.92606, 3.30204
7083.95, 0.924635, 0.00375676, 0.92352, 3.39934
7083.96, 0.923564, 0.00375407, 0.92282, 3.45938
7083.97, 0.925098, 0.00375945, 0.92402, 3.48215
7083.98, 0.92917, 0.00377262, 0.92701, 3.46766
7083.99, 0.934932, 0.00379057, 0.93156, 3.41176
7084, 0.941424, 0.00381041, 0.93733, 3.32481
7084.01, 0.947722, 0.0038299, 0.94389, 3.2006
7084.02, 0.954072, 0.00384999, 0.95082, 3.04533
7084.03, 0.96142, 0.00387341, 0.95774, 2.86522
7084.04, 0.968534, 0.003896, 0.96431, 2.66234
7084.05, 0.973491, 0.00391144, 0.9703, 2.44496
7084.06, 0.977292, 0.00392285, 0.97555, 2.21723
7084.07, 0.981521, 0.00393541, 0.98002, 1.98537
7084.08, 0.9859, 0.00394912, 0.9837, 1.75971
7084.09, 0.989624, 0.00396194, 0.98666, 1.54233
7084.1, 0.991697, 0.00396976, 0.98899, 1.34152
7084.11, 0.992196, 0.00397209, 0.9908, 1.15727
7084.12, 0.993028, 0.00397492, 0.99217, 0.995788
7084.13, 0.994872, 0.00398068, 0.99321, 0.852941
7084.14, 0.996767, 0.00398682, 0.99396, 0.734937
7084.15, 0.997718, 0.00399033, 0.9945, 0.637636
7084.16, 0.99702, 0.00398882, 0.99484, 0.556896
7084.17, 0.99625, 0.00398716, 0.99504, 0.490648
7084.18, 0.997502, 0.00399194, 0.99511, 0.440962
7084.19, 0.998585, 0.00399649, 0.99508, 0.397487
7084.2, 0.996998, 0.00399302, 0.995, 0.366433
7084.21, 0.995035, 0.00398785, 0.99488, 0.341591
7084.22, 0.994666, 0.00398676, 0.99478, 0.318818
7084.23, 0.994194, 0.00398578, 0.99472, 0.304326
7084.24, 0.992762, 0.00398272, 0.99472, 0.291905
7084.25, 0.991833, 0.00398083, 0.99481, 0.281553
7084.26, 0.991965, 0.00398157, 0.99499, 0.269132
7084.27, 0.992446, 0.00398368, 0.99523, 0.25464
7084.28, 0.992983, 0.00398653, 0.99554, 0.229797
7084.29, 0.993651, 0.00398993, 0.99587, 0.196673
7084.3, 0.994433, 0.00399314, 0.99621, 0.157339
7084.31, 0.995292, 0.00399546, 0.99653, 0.109723
7084.32, 0.9964, 0.00399862, 0.99684, 0.0703883
7084.33, 0.997884, 0.00400428, 0.99715, 0.0372644
7084.34, 0.999428, 0.00401067, 1, 0
7084.35, 1.00068, 0.00401566, 1, 0
7084.36, 1.00145, 0.00401822, 1, 0
7084.37, 1.00173, 0.00401865, 1, 0
7084.38, 1.00172, 0.00401901, 1, 0
7084.39, 1.00159, 0.00402018, 1, 0
7084.4, 1.00146, 0.00402141, 1, 0
