wav, obs, sigma_obs, syn, weight
7834.84, 1.00225, 0.00302, 1, 0
7834.85, 1.00193, 0.00301925, 1, 0
7834.86, 1.00144, 0.00301813, 1, 0
7834.87, 1.00098, 0.00301708, 1, 0
7834.88, 1.00092, 0.00301689, 1, 0
7834.89, 1.00141, 0.0030179, 1, 0
7834.9, 1.00209, 0.00301932, 1, 0
7834.91, 1.00243, 0.00301998, 1, 0
7834.92, 1.00214, 0.00301923, 1, 0
7834.93, 1.00151, 0.00301775, 1, 0
7834.94, 1.00092, 0.00301636, 0.99713, 0.0504071
7834.95, 1.00054, 0.00301546, 0.99695, 0.0659875
7834.96, 1.0003, 0.00301499, 0.99676, 0.0815679
7834.97, 1.00013, 0.00301485, 0.99655, 0.0971483
7834.98, 1.00001, 0.00301489, 0.99632, 0.112729
7834.99, 0.999905, 0.00301493, 0.99606, 0.127393
7835, 0.999767, 0.00301474, 0.99576, 0.14114
7835.01, 0.999411, 0.00301397, 0.99542, 0.15672
7835.02, 0.998631, 0.00301221, 0.99504, 0.173217
7835.03, 0.997437, 0.00300954, 0.9946, 0.191547
7835.04, 0.996188, 0.00300677, 0.99411, 0.212626
7835.05, 0.995244, 0.00300471, 0.99355, 0.239205
7835.06, 0.994602, 0.00300334, 0.99293, 0.271282
7835.07, 0.993988, 0.00300198, 0.99222, 0.308858
7835.08, 0.993153, 0.00300009, 0.9914, 0.356516
7835.09, 0.992023, 0.00299776, 0.99044, 0.414255
7835.1, 0.990581, 0.00299532, 0.98928, 0.483908
7835.11, 0.988839, 0.00299301, 0.98785, 0.567309
7835.12, 0.986866, 0.00299083, 0.98606, 0.66629
7835.13, 0.984731, 0.0029887, 0.9838, 0.780852
7835.14, 0.982225, 0.00298533, 0.9809, 0.91466
7835.15, 0.978847, 0.00297814, 0.97722, 1.06405
7835.16, 0.974137, 0.00296489, 0.97256, 1.22902
7835.17, 0.968057, 0.00294689, 0.96675, 1.41048
7835.18, 0.960781, 0.00292717, 0.95963, 1.60386
7835.19, 0.952401, 0.00290776, 0.95107, 1.80732
7835.2, 0.942717, 0.00288712, 0.94103, 2.0172
7835.21, 0.931477, 0.00286299, 0.92955, 2.22983
7835.22, 0.918685, 0.00283455, 0.91681, 2.44062
7835.23, 0.904742, 0.00280314, 0.90312, 2.64408
7835.24, 0.890087, 0.00277026, 0.88889, 2.83746
7835.25, 0.87525, 0.00273716, 0.87469, 3.01526
7835.26, 0.860823, 0.0027049, 0.86115, 3.1729
7835.27, 0.847452, 0.00267474, 0.84894, 3.30671
7835.28, 0.836046, 0.0026488, 0.83871, 3.41394
7835.29, 0.827593, 0.00262948, 0.83105, 3.49184
7835.3, 0.822811, 0.00261857, 0.82639, 3.53858
7835.31, 0.821829, 0.00261647, 0.82503, 3.55141
7835.32, 0.824687, 0.00262337, 0.82705, 3.53308
7835.33, 0.831178, 0.00263865, 0.83231, 3.48084
7835.34, 0.84085, 0.00266081, 0.8405, 3.39836
7835.35, 0.853182, 0.0026883, 0.85115, 3.28654
7835.36, 0.867215, 0.00271921, 0.86365, 3.14815
7835.37, 0.881791, 0.00275145, 0.87734, 2.98777
7835.38, 0.895954, 0.00278323, 0.89156, 2.80722
7835.39, 0.909393, 0.00281355, 0.90569, 2.61384
7835.4, 0.921921, 0.0028416, 0.91919, 2.40854
7835.41, 0.933368, 0.00286685, 0.93165, 2.19775
7835.42, 0.943584, 0.00288915, 0.94281, 1.98696
7835.43, 0.952429, 0.00290839, 0.95251, 1.77891
7835.44, 0.959846, 0.00292458, 0.96072, 1.57912
7835.45, 0.965833, 0.00293778, 0.96752, 1.38849
7835.46, 0.970471, 0.00294822, 0.97302, 1.21252
7835.47, 0.974209, 0.00295673, 0.97738, 1.05122
7835.48, 0.977604, 0.00296435, 0.98079, 0.906412
7835.49, 0.98093, 0.00297161, 0.98341, 0.778103
7835.5, 0.983917, 0.00297808, 0.98541, 0.668123
7835.51, 0.986241, 0.00298323, 0.98691, 0.574641
7835.52, 0.987857, 0.00298694, 0.98804, 0.495823
7835.53, 0.988967, 0.00298941, 0.98888, 0.429835
7835.54, 0.989765, 0.00299088, 0.98953, 0.375762
7835.55, 0.990317, 0.00299158, 0.99003, 0.332687
7835.56, 0.990635, 0.00299174, 0.99044, 0.298777
7835.57, 0.990737, 0.00299156, 0.9908, 0.269449
7835.58, 0.990648, 0.00299111, 0.99114, 0.247453
7835.59, 0.990403, 0.00299045, 0.99148, 0.228207
7835.6, 0.990189, 0.00298994, 0.99182, 0.212626
7835.61, 0.990387, 0.00299034, 0.99218, 0.197962
7835.62, 0.991335, 0.00299227, 0.99255, 0.185132
7835.63, 0.992778, 0.00299517, 0.99291, 0.170468
7835.64, 0.994121, 0.00299779, 0.99327, 0.154887
7835.65, 0.994907, 0.00299915, 0.9936, 0.137474
7835.66, 0.995266, 0.00299962, 0.99391, 0.117311
7835.67, 0.995475, 0.00299991, 0.99419, 0.0962318
7835.68, 0.995748, 0.00300047, 0.99444, 0.0751524
7835.69, 0.996189, 0.00300135, 1, 0
7835.7, 0.996874, 0.00300256, 1, 0
7835.71, 0.997656, 0.00300385, 1, 0
7835.72, 0.998203, 0.00300478, 1, 0
7835.73, 0.998248, 0.00300498, 1, 0
7835.74, 0.997919, 0.00300453, 1, 0
7835.75, 0.997489, 0.00300368, 1, 0
7835.76, 0.997146, 0.00300263, 1, 0
7835.77, 0.996874, 0.00300146, 1, 0
7835.78, 0.996602, 0.0030003, 1, 0
