wav, obs, sigma_obs, syn, weight
7835.63, 0.992519, 0.00299385, 1, 0
7835.64, 0.992994, 0.00299459, 1, 0
7835.65, 0.993511, 0.00299537, 1, 0
7835.66, 0.994011, 0.00299613, 1, 0
7835.67, 0.994423, 0.00299683, 1, 0
7835.68, 0.994733, 0.00299745, 1, 0
7835.69, 0.995082, 0.00299816, 1, 0
7835.7, 0.995646, 0.00299917, 1, 0
7835.71, 0.996423, 0.00300046, 1, 0
7835.72, 0.997087, 0.00300157, 1, 0
7835.73, 0.997303, 0.00300204, 0.9945, 0.0659168
7835.74, 0.997061, 0.00300177, 0.99426, 0.0845286
7835.75, 0.996625, 0.00300099, 0.99404, 0.10314
7835.76, 0.996234, 0.00299991, 0.99383, 0.120977
7835.77, 0.995939, 0.00299873, 0.9936, 0.135711
7835.78, 0.995722, 0.00299769, 0.99334, 0.150445
7835.79, 0.995558, 0.00299688, 0.99305, 0.162853
7835.8, 0.995414, 0.00299619, 0.99272, 0.17371
7835.81, 0.995251, 0.00299549, 0.99234, 0.185342
7835.82, 0.994971, 0.00299459, 0.99191, 0.196975
7835.83, 0.994403, 0.00299324, 0.99144, 0.210934
7835.84, 0.993404, 0.00299124, 0.99091, 0.226443
7835.85, 0.992084, 0.00298864, 0.99033, 0.245055
7835.86, 0.990682, 0.00298561, 0.98968, 0.267545
7835.87, 0.989372, 0.00298234, 0.98895, 0.294687
7835.88, 0.988099, 0.00297895, 0.98812, 0.327257
7835.89, 0.986758, 0.00297554, 0.98715, 0.367583
7835.9, 0.98527, 0.00297206, 0.98599, 0.416439
7835.91, 0.983601, 0.0029682, 0.98459, 0.476152
7835.92, 0.981711, 0.00296361, 0.98285, 0.546721
7835.93, 0.979429, 0.00295799, 0.98068, 0.630475
7835.94, 0.976499, 0.00295106, 0.97794, 0.729737
7835.95, 0.972707, 0.00294256, 0.97449, 0.843735
7835.96, 0.968088, 0.0029324, 0.97015, 0.974017
7835.97, 0.962749, 0.0029205, 0.96473, 1.11981
7835.98, 0.956598, 0.00290654, 0.95806, 1.28111
7835.99, 0.949126, 0.00288956, 0.94997, 1.4556
7836, 0.939797, 0.00286858, 0.94034, 1.64249
7836.01, 0.928636, 0.00284367, 0.9291, 1.83714
7836.02, 0.916201, 0.0028159, 0.91628, 2.03954
7836.03, 0.902963, 0.00278618, 0.90199, 2.24427
7836.04, 0.888634, 0.00275386, 0.88647, 2.44823
7836.05, 0.872601, 0.00271768, 0.87008, 2.64908
7836.06, 0.854702, 0.00267735, 0.85329, 2.83985
7836.07, 0.836075, 0.00263546, 0.83666, 3.01899
7836.08, 0.818087, 0.00259512, 0.8208, 3.18107
7836.09, 0.801798, 0.00255868, 0.80636, 3.32143
7836.1, 0.78789, 0.00252754, 0.79398, 3.4393
7836.11, 0.777, 0.00250302, 0.78424, 3.52849
7836.12, 0.769614, 0.00248624, 0.77759, 3.5882
7836.13, 0.766123, 0.00247823, 0.77436, 3.61689
7836.14, 0.766823, 0.00247975, 0.77473, 3.61379
7836.15, 0.771616, 0.00249053, 0.77867, 3.57812
7836.16, 0.780307, 0.00251007, 0.78598, 3.51143
7836.17, 0.79246, 0.0025373, 0.79631, 3.41604
7836.18, 0.807234, 0.00257034, 0.80916, 3.29429
7836.19, 0.823753, 0.00260718, 0.82396, 3.1485
7836.2, 0.841221, 0.00264607, 0.84004, 2.98176
7836.21, 0.858907, 0.00268542, 0.85678, 2.8003
7836.22, 0.876092, 0.00272367, 0.87357, 2.60643
7836.23, 0.892142, 0.00275932, 0.88985, 2.40402
7836.24, 0.906448, 0.00279092, 0.90518, 2.19852
7836.25, 0.918749, 0.00281786, 0.91925, 1.99301
7836.26, 0.929575, 0.00284146, 0.93182, 1.79139
7836.27, 0.93955, 0.00286328, 0.94281, 1.59751
7836.28, 0.948729, 0.00288349, 0.95221, 1.41217
7836.29, 0.95658, 0.00290091, 0.96011, 1.23924
7836.3, 0.962648, 0.00291446, 0.96662, 1.08026
7836.31, 0.967254, 0.00292471, 0.97193, 0.936018
7836.32, 0.971089, 0.00293302, 0.97621, 0.808062
7836.33, 0.974664, 0.00294041, 0.97964, 0.696391
7836.34, 0.977925, 0.00294694, 0.98238, 0.599455
7836.35, 0.98071, 0.00295249, 0.98457, 0.516477
7836.36, 0.983004, 0.00295715, 0.98634, 0.447459
7836.37, 0.984997, 0.0029613, 0.98777, 0.390072
7836.38, 0.986867, 0.0029653, 0.98893, 0.341216
7836.39, 0.988546, 0.00296893, 0.98989, 0.301666
7836.4, 0.989808, 0.00297161, 0.99068, 0.269096
7836.41, 0.990542, 0.00297304, 0.99133, 0.241953
7836.42, 0.991135, 0.00297422, 0.99186, 0.218689
7836.43, 0.992105, 0.00297649, 0.99227, 0.198526
7836.44, 0.993589, 0.00298016, 0.99259, 0.18224
7836.45, 0.995034, 0.0029837, 0.99281, 0.166731
7836.46, 0.995848, 0.00298549, 0.99293, 0.153547
7836.47, 0.99601, 0.00298547, 0.99297, 0.139588
7836.48, 0.995972, 0.00298481, 0.99291, 0.127181
7836.49, 0.996134, 0.00298462, 0.9928, 0.112446
7836.5, 0.996519, 0.00298505, 0.99263, 0.0977119
7836.51, 0.997018, 0.00298594, 0.99245, 0.0829776
7836.52, 0.997511, 0.00298701, 0.99229, 0.0666923
7836.53, 0.997862, 0.00298773, 0.99223, 0.0511824
7836.54, 0.997942, 0.00298754, 1, 0
7836.55, 0.997807, 0.0029866, 1, 0
7836.56, 0.997714, 0.00298581, 1, 0
7836.57, 0.997892, 0.00298601, 1, 0
7836.58, 0.998257, 0.00298693, 1, 0
7836.59, 0.998577, 0.00298782, 1, 0
7836.6, 0.998686, 0.00298812, 1, 0
7836.61, 0.998638, 0.00298797, 1, 0
7836.62, 0.998572, 0.00298777, 1, 0
7836.63, 0.998576, 0.00298777, 1, 0
