4485.67
4490.08
4490.76
4492.68
4493.37
4502.59
4508.69
4509.73
4517.52
4523.4
4525.86
4527.78
4531.63
4537.67
4541.94
4551.65
4556.92
4561.2
4561.44
4572.86
4574.22
4575.78
4598.73
4607.09
4612.56
4630.12
4631.49
4633.7
4635.85
4636.67
4638.54
4650.31
4657.59
4658.29
4661.32
4661.54
4661.97
4663.18
4665.26
4681.44
4685.02
4696.02
4700.19
4701.05
4705.46
4720.56
4720.96
4726.14
4742.55
4772.8
4779.44
4780.81
4781.74
4785.96
4793.96
4794.35
4799.41
4809.93
4813.72
4822.33
4832.04
4832.68
4835.87
4844.01
4845.61
4848.88
4869.46
4874.35
4875.03
4877.6
4905.13
4908.6
4912.5
4916.66
4923.16
4952.61
4960.31
4962.57
4977.65
4979.54
4991.87
4993.75
4999.11
5007.73
5008.64
5031.91
5036.92
5054.64
5060.04
5071.51
5086.23
5088.15
5108.4
5119.9
5143.72
5150.12
5177.23
5178.8
5213.34
5214.61
5231.4
5236.2
5256.99
5257.58
5279.66
5285.13
5290.8
5293.03
5294.55
5295.31
5318.73
5320.04
5321.11
5326.81
5374.77
5376.83
5385.58
5386.96
5387.48
5395.22
5398.81
5401.27
5406.34
5406.78
5443.41
5452.09
5456.57
5460.87
5464.28
5475.48
5477.77
5478.46
5487.15
5491.84
5499.59
5508.41
5516.28
5521.29
5522.45
5531.98
5536.58
5539.28
5539.82
5546.51
5546.99
5549.95
5557.9
5559.6
5561.24
5566.72
5574.39
5577.03
5579.34
5584.77
5592.65
5603.74
5607.66
5608.97
5611.36
5611.67
5613.71
5619.6
5622.95
5626.84
5635.79
5636.24
5636.7
5639.32
5642.75
5645.83
5649.63
5649.99
5650.71
5651.47
5652.32
5653.87
5659.58
5661.97
5665.64
5677.68
5678.38
5678.6
5680.24
5691.5
5696.09
5702.35
5704.73
5707.05
5709.93
5714.55
5720.84
5721.71
5724.45
5730.85
5732.3
5734.56
5738.23
5741.85
5742.96
5743.93
5759.51
5767.97
5773.45
5773.97
5778.45
5791.52
5793.92
5805.76
5809.16
5811.92
5815.22
5821.89
5826.64
5827.45
5827.84
5833.93
5835.1
5835.42
5837.7
5838.37
5844.92
5845.29
5852.22
5853.15
5855.08
5856.09
5858.27
5861.11
5873.21
5876.14
5877.79
5879.49
5881.2
5881.75
5902.47
5927.79
5929.68
5933.8
5978.89
5995.91
6007.96
6012.21
6018.27
6019.37
6027.05
6034.04
6035.29
6057.25
6062.85
6079.01
6085.26
6093.64
6094.37
6098.24
6100.24
6105.13
6120.25
6127.91
6139.64
6156.37
6156.81
6159.37
6165.36
6186.72
6187.4
6198.57
6202.31
6208.21
6220.78
6221.37
6226.73
6229.23
6236.55
6251.21
6303.75
6351.27
6364.36
6383.71
6385.72
6392.54
6416.93
6436.41
6509.62
6551.68
6556.79
6571.17
6591.31
6608.03
6625.02
6627.54
6646.93
6653.85
6667.71
6699.14
6704.48
6705.1
6710.32
6711.82
6713.05
6713.74
6715.34
6725.36
6732.07
6733.15
6737.27
6737.99
6745.96
6746.95
6777.41
6783.7
6786.43
6786.86
6793.24
6794.62
6796.05
6824.83
6837.01
6839.83
6842.68
6847.6
6851.64
6855.71
6857.25
6859.48
6862.49
6864.31
6880.63
6898.29
6932.18
6960.32
6971.93
6981.6
7000.62
7008.83
7010.35
7011.34
7022.39
7024.06
7031.39
7038.77
7044.64
7066.17
7069.53
7072.8
7079.35
7082.15
7083.4
7086.73
7093.08
7094.29
7095.41
7103.15
7107.46
7114.55
7118.1
7120.02
7124.99
7148.73
7155.63
7162.34
7180.0
7212.44
7268.57
7285.28
7300.53
7347.15
7367.71
7381.33
7418.67
7421.56
7427.56
7430.79
7431.92
7435.59
7440.91
7443.02
7447.39
7449.38
7461.52
7463.38
7464.29
7482.22
7484.3
7498.53
7504.27
7512.12
7514.2
7528.15
7537.43
7540.43
7547.9
7563.01
7696.81
7719.05
7745.51
7802.47
7832.2
7855.4
7869.57
7879.76
7941.09
7955.69
8046.05
8075.15
8085.16
8089.35
8112.16
8204.94
8300.0
8424.14
8481.98
8571.8
8616.25
8679.63
15621.654
15631.948
