4782.99
4921.73
4947.61
5418.04
5517.53
5665.56
5684.48
5690.43
5701.1
5793.07
5873.76
5948.54
6087.7
6091.92
6138.52
6155.13
6194.42
6195.43
6220.21
6254.19
6279.34
6299.58
6310.28
6350.55
6394.24
6407.29
6414.98
6426.29
6437.7
6452.3
6467.0
6518.73
6526.63
6527.2
6555.46
6583.71
6635.69
6721.85
6741.63
6762.18
6800.6
6953.06
6976.51
6992.88
7003.57
7005.88
7017.65
7026.6
7034.9
7055.93
7087.29
7097.12
7109.02
7165.55
7186.38
7218.47
7226.21
7235.82
7250.14
7250.63
7275.29
7290.27
7330.11
7330.88
7343.23
7373.0
7375.25
7395.52
7405.77
7409.93
7415.35
7415.95
7423.5
7424.61
7430.91
7504.93
7557.69
7669.71
7680.27
7688.4
7689.02
7742.72
7760.63
7797.56
7849.97
7925.85
7932.35
7944.0
7970.31
8035.62
8046.8
8069.72
8070.59
8073.03
8093.23
8215.12
8338.33
8412.36
8443.97
8444.41
8510.25
8556.78
8595.96
8597.05
8646.37
8648.47
8686.35
