4492.53
4503.76
4534.78
4548.11
4559.92
4562.63
4570.9
4572.77
4617.27
4681.91
4686.86
4696.93
4715.3
4722.61
4747.67
4758.12
4778.23
4781.71
4820.41
4832.04
4836.12
4840.87
4870.13
4880.9
4893.05
4915.23
4921.76
4925.4
4926.15
4928.34
4964.72
4981.73
4989.14
5009.66
5013.28
5024.84
5025.57
5043.58
5062.1
5064.01
5071.47
5120.42
5147.48
5152.18
5193.88
5201.08
5212.24
5219.7
5223.62
5238.54
5248.38
5259.97
5295.78
5351.07
5384.63
5426.25
5436.69
5438.3
5449.15
5460.5
5471.19
5472.69
5477.69
5488.19
5490.13
5490.7
5511.78
5514.34
5565.47
5648.57
5679.92
5689.46
5715.12
5716.45
5720.44
5739.47
5766.36
5804.26
5823.69
5852.25
5866.45
5903.32
5918.54
5937.81
5940.65
5965.83
5978.54
6064.63
6091.17
6098.66
6121.0
6126.22
6221.3
6258.71
6261.1
6312.24
6336.1
6554.22
6556.06
6575.01
6599.11
6743.12
6745.55
7008.37
7038.81
7138.9
7188.57
7216.18
7251.71
7271.51
7299.68
7337.73
7344.7
7347.22
7357.73
7489.58
7496.1
7580.26
7949.15
7978.82
7996.44
8068.24
8364.24
8382.53
8382.78
8396.9
8412.36
8434.99
8435.65
8438.92
8450.89
8518.35
8550.54
8675.37
8682.98
8692.33
