GENERIC
TEFF=5443  GRAVITY=4.53 LTE 
NTAU          64
5000
  1.0000e-11  3.3078e+03  1.0000e-06  8.6037e-10
  1.0000e-10  3.3078e+03  5.6137e-02  2.2601e-06
  1.5615e-10  3.2994e+03  8.7266e-02  3.4310e-06
  2.4384e-10  3.2899e+03  1.3447e-01  5.1411e-06
  3.8075e-10  3.2826e+03  2.0516e-01  7.6092e-06
  5.9456e-10  3.2756e+03  3.0939e-01  1.1134e-05
  9.2841e-10  3.2656e+03  4.6058e-01  1.6090e-05
  1.4497e-09  3.2520e+03  6.7664e-01  2.2944e-05
  2.2638e-09  3.2414e+03  9.8179e-01  3.2324e-05
  3.5350e-09  3.2362e+03  1.4094e+00  4.5125e-05
  5.5200e-09  3.2359e+03  2.0057e+00  6.2575e-05
  8.6195e-09  3.2403e+03  2.8357e+00  8.6398e-05
  1.3460e-08  3.2495e+03  3.9908e+00  1.1905e-04
  2.1017e-08  3.2629e+03  5.5988e+00  1.6402e-04
  3.2819e-08  3.2802e+03  7.8363e+00  2.2624e-04
  5.1248e-08  3.3016e+03  1.0945e+01  3.1266e-04
  8.0025e-08  3.3274e+03  1.5247e+01  4.3303e-04
  1.2496e-07  3.3579e+03  2.1169e+01  6.0096e-04
  1.9513e-07  3.3935e+03  2.9255e+01  8.3515e-04
  3.0470e-07  3.4340e+03  4.0197e+01  1.1609e-03
  4.7579e-07  3.4789e+03  5.4857e+01  1.6112e-03
  7.4296e-07  3.5273e+03  7.4315e+01  2.2286e-03
  1.1602e-06  3.5782e+03  9.9923e+01  3.0672e-03
  1.8116e-06  3.6309e+03  1.3340e+02  4.1950e-03
  2.8289e-06  3.6843e+03  1.7691e+02  5.6975e-03
  4.4173e-06  3.7377e+03  2.3326e+02  7.6817e-03
  6.8978e-06  3.7905e+03  3.0603e+02  1.0281e-02
  1.0771e-05  3.8420e+03  3.9978e+02  1.3665e-02
  1.6819e-05  3.8921e+03  5.2037e+02  1.8045e-02
  2.6264e-05  3.9407e+03  6.7525e+02  2.3692e-02
  4.1011e-05  3.9880e+03  8.7396e+02  3.0954e-02
  6.4040e-05  4.0341e+03  1.1287e+03  4.0275e-02
  1.0000e-04  4.0793e+03  1.4550e+03  5.2216e-02
  1.5615e-04  4.1235e+03  1.8727e+03  6.7485e-02
  2.4384e-04  4.1668e+03  2.4074e+03  8.6961e-02
  3.8075e-04  4.2088e+03  3.0913e+03  1.1173e-01
  5.9456e-04  4.2494e+03  3.9659e+03  1.4314e-01
  9.2841e-04  4.2885e+03  5.0844e+03  1.8285e-01
  1.4497e-03  4.3259e+03  6.5144e+03  2.3293e-01
  2.2638e-03  4.3619e+03  8.3427e+03  2.9601e-01
  3.5350e-03  4.3970e+03  1.0681e+04  3.7550e-01
  5.5200e-03  4.4321e+03  1.3671e+04  4.7593e-01
  8.6195e-03  4.4683e+03  1.7496e+04  6.0346e-01
  1.3460e-02  4.5072e+03  2.2389e+04  7.6675e-01
  2.1017e-02  4.5510e+03  2.8648e+04  9.7839e-01
  3.2819e-02  4.6026e+03  3.6651e+04  1.2573e+00
  5.1248e-02  4.6660e+03  4.6874e+04  1.6332e+00
  8.0025e-02  4.7468e+03  5.9915e+04  2.1546e+00
  1.2496e-01  4.8526e+03  7.6511e+04  2.9054e+00
  1.9513e-01  4.9936e+03  9.7526e+04  4.0427e+00
  3.0470e-01  5.1807e+03  1.2375e+05  5.9166e+00
  4.7579e-01  5.4260e+03  1.5501e+05  9.5464e+00
  7.4296e-01  5.7372e+03  1.8874e+05  1.8156e+01
  1.1602e+00  6.1743e+03  2.1836e+05  4.6200e+01
  1.8116e+00  6.6297e+03  2.4139e+05  1.1785e+02
  2.8289e+00  7.0251e+03  2.6056e+05  2.5049e+02
  4.4173e+00  7.3707e+03  2.7854e+05  4.6024e+02
  6.8978e+00  7.6854e+03  2.9681e+05  7.7021e+02
  1.0771e+01  7.9821e+03  3.1630e+05  1.2138e+03
  1.6819e+01  8.2675e+03  3.3771e+05  1.8346e+03
  2.6264e+01  8.5454e+03  3.6173e+05  2.6874e+03
  4.1011e+01  8.8177e+03  3.8908e+05  3.8395e+03
  6.4040e+01  9.0856e+03  4.2059e+05  5.3738e+03
  1.0000e+02  9.3498e+03  4.5724e+05  7.3926e+03
1.50
NATOMS         8	-0.43
8 8.41    10 7.65    12 7.32    14 7.23    16 6.84    18 6.12    20 6.06    22 4.67    
NMOL           20
606.0 106.0 607.0 608.0 107.0 108.0 112.0 707.0 708.0 808.0 12.1 60808.0 10108.0 101.0 6.1 7.1 8.1 822.0 22.1 126.0
