wav, obs, sigma_obs, syn, weight
4551.5, 1.00006, 0.0089084, 1, 0
4551.51, 1.00071, 0.00889605, 1, 0
4551.52, 1.00138, 0.00888357, 1, 0
4551.53, 0.998863, 0.00889357, 1, 0
4551.54, 0.996879, 0.00890487, 1, 0
4551.55, 0.997177, 0.0088999, 0.99422, 0
4551.56, 0.995723, 0.00888097, 0.99186, 0
4551.57, 0.988429, 0.008836, 0.98674, 0.0186667
4551.58, 0.977418, 0.00874946, 0.97643, 0.056
4551.59, 0.960455, 0.00859603, 0.95788, 0.056
4551.6, 0.929087, 0.00835394, 0.92859, 0.0933333
4551.61, 0.888296, 0.00805462, 0.88874, 0.112
4551.62, 0.842028, 0.00770188, 0.84292, 0.130667
4551.63, 0.799316, 0.00735675, 0.80009, 0.149333
4551.64, 0.776475, 0.00716925, 0.77092, 0.130667
4551.65, 0.772174, 0.00714495, 0.76359, 0.112
4551.66, 0.789418, 0.00729326, 0.78024, 0.0746667
4551.67, 0.828909, 0.00759244, 0.81593, 0.0373333
4551.68, 0.875436, 0.00792461, 0.86094, 0.0373333
4551.69, 0.912945, 0.0082392, 0.90479, 0.168
4551.7, 0.942834, 0.0084977, 0.94016, 0.336
4551.71, 0.970048, 0.00867209, 0.96442, 0.597333
4551.72, 0.982199, 0.00877738, 0.97881, 0.933333
4551.73, 0.987992, 0.00884045, 0.98634, 1.36267
4551.74, 0.992443, 0.00888192, 0.98987, 1.86667
4551.75, 0.992798, 0.00890443, 0.99131, 2.42667
4551.76, 0.993801, 0.00889573, 0.9916, 3.00533
4551.77, 0.995668, 0.00889622, 0.99104, 3.528
4551.78, 0.994496, 0.00889303, 0.98969, 4.01333
4551.79, 0.988931, 0.00884464, 0.9876, 4.368
4551.8, 0.98762, 0.00883302, 0.98493, 4.592
4551.81, 0.986117, 0.0088235, 0.98209, 4.68533
4551.82, 0.980581, 0.00879522, 0.97968, 4.62933
4551.83, 0.977396, 0.00879995, 0.97838, 4.44267
4551.84, 0.98365, 0.00881575, 0.97868, 4.10667
4551.85, 0.985607, 0.00881396, 0.98062, 3.67733
4551.86, 0.982907, 0.00882332, 0.98375, 3.15467
4551.87, 0.994884, 0.00889253, 0.98731, 2.59467
4551.88, 0.99492, 0.00890397, 0.99056, 2.016
4551.89, 0.990772, 0.00890033, 0.99305, 1.512
4551.9, 0.995885, 0.00894009, 0.9947, 1.08267
4551.91, 0.994766, 0.00894323, 0.99564, 0.746667
4551.92, 0.993662, 0.00893672, 0.99612, 0.504
4551.93, 0.996005, 0.00894365, 0.99632, 0.354667
4551.94, 0.998132, 0.00894818, 0.99639, 0.242667
4551.95, 0.996659, 0.00892445, 0.9964, 0.186667
4551.96, 0.994174, 0.00890973, 0.99638, 0.149333
4551.97, 0.990517, 0.00889711, 0.99636, 0.112
4551.98, 0.985809, 0.00886816, 0.99633, 0.0933333
4551.99, 0.985928, 0.00886639, 0.9963, 0.0933333
4552, 0.987552, 0.00886817, 0.99626, 0.0746667
4552.01, 0.983819, 0.00884185, 0.99621, 0.0746667
4552.02, 0.974532, 0.00879458, 0.99616, 0.056
4552.03, 0.971331, 0.00877227, 0.99609, 0.056
4552.04, 0.968531, 0.00874936, 0.99601, 0.056
4552.05, 0.963402, 0.00871115, 0.99589, 0.0373333
4552.06, 0.96008, 0.00867124, 0.99574, 0.0373333
4552.07, 0.954904, 0.00861655, 0.99553, 0.0186667
4552.08, 0.945125, 0.00854159, 1, 0
4552.09, 0.928834, 0.00842472, 1, 0
4552.1, 0.905919, 0.00824565, 1, 0
4552.11, 0.882579, 0.0080624, 1, 0
4552.12, 0.859647, 0.00788317, 1, 0
