wav, obs, sigma_obs, syn, weight
4782.58, 0.993067, 0.00627897, 1, 0
4782.59, 0.991929, 0.0062703, 1, 0
4782.6, 0.993989, 0.00627494, 1, 0
4782.61, 0.997258, 0.00628889, 1, 0
4782.62, 0.998812, 0.00629851, 1, 0
4782.63, 0.99726, 0.00629035, 1, 0
4782.64, 0.995587, 0.00628213, 0.99594, 0.0143437
4782.65, 0.995946, 0.00628749, 0.99558, 0.0222328
4782.66, 0.994381, 0.00627964, 0.99553, 0.0294046
4782.67, 0.991231, 0.00625892, 0.99558, 0.0351421
4782.68, 0.989181, 0.00624309, 0.99545, 0.0401624
4782.69, 0.984922, 0.0062209, 0.99491, 0.0437484
4782.7, 0.978466, 0.00619116, 0.99377, 0.0473343
4782.71, 0.974903, 0.00617133, 0.99189, 0.0509202
4782.72, 0.973934, 0.00616203, 0.98927, 0.0545062
4782.73, 0.973382, 0.00615669, 0.98602, 0.0595265
4782.74, 0.972306, 0.00615036, 0.98244, 0.0645468
4782.75, 0.973021, 0.00615228, 0.97887, 0.0710015
4782.76, 0.977455, 0.00617106, 0.97571, 0.0774561
4782.77, 0.979464, 0.00618271, 0.97326, 0.0867796
4782.78, 0.979102, 0.00618482, 0.97173, 0.0975374
4782.79, 0.982948, 0.00619924, 0.97122, 0.111881
4782.8, 0.985956, 0.00620998, 0.97174, 0.129811
4782.81, 0.98459, 0.00620692, 0.97323, 0.153478
4782.82, 0.984718, 0.00621135, 0.97549, 0.187186
4782.83, 0.98513, 0.0062105, 0.97824, 0.236672
4782.84, 0.982582, 0.00619141, 0.98105, 0.309825
4782.85, 0.981209, 0.00619831, 0.9834, 0.416685
4782.86, 0.975768, 0.00616234, 0.98474, 0.569446
4782.87, 0.956898, 0.00597236, 0.98455, 0.780299
4782.88, 0.944569, 0.00588003, 0.98234, 1.05642
4782.89, 0.945986, 0.00597384, 0.97771, 1.3978
4782.9, 0.938105, 0.00596155, 0.97036, 1.79799
4782.91, 0.921613, 0.00585335, 0.96018, 2.24838
4782.92, 0.907183, 0.00577764, 0.94737, 2.73033
4782.93, 0.896774, 0.00573126, 0.9325, 3.22662
4782.94, 0.88964, 0.00569774, 0.91651, 3.71287
4782.95, 0.884791, 0.00567138, 0.90067, 4.16757
4782.96, 0.884834, 0.0056674, 0.88636, 4.56202
4782.97, 0.889203, 0.00568693, 0.8749, 4.8697
4782.98, 0.892922, 0.00570904, 0.86734, 5.07051
4782.99, 0.897691, 0.0057369, 0.8644, 5.14725
4783, 0.905799, 0.00577699, 0.86632, 5.09561
4783.01, 0.914443, 0.00581951, 0.87291, 4.91775
4783.02, 0.921538, 0.00585666, 0.8835, 4.62944
4783.03, 0.926874, 0.00588735, 0.89709, 4.24933
4783.04, 0.933308, 0.00592316, 0.91237, 3.80467
4783.05, 0.940994, 0.00596238, 0.92798, 3.32057
4783.06, 0.946887, 0.00598922, 0.94263, 2.825
4783.07, 0.951179, 0.00600993, 0.95537, 2.33731
4783.08, 0.95486, 0.00603138, 0.96562, 1.87975
4783.09, 0.958125, 0.00604765, 0.97325, 1.46808
4783.1, 0.961394, 0.00606316, 0.97846, 1.11523
4783.11, 0.964459, 0.00608126, 0.98164, 0.826199
4783.12, 0.964894, 0.0060831, 0.98324, 0.604588
4783.13, 0.962584, 0.00606736, 0.9836, 0.440353
4783.14, 0.959698, 0.0060507, 0.98291, 0.325603
4783.15, 0.957065, 0.00603819, 0.98122, 0.247429
4783.16, 0.954161, 0.00602421, 0.97851, 0.195075
4783.17, 0.949269, 0.00599478, 0.97474, 0.158498
4783.18, 0.942003, 0.00595146, 0.96996, 0.131962
4783.19, 0.933326, 0.00590387, 0.96436, 0.112598
4783.2, 0.92547, 0.00586039, 0.95819, 0.0968202
4783.21, 0.917079, 0.00581375, 0.95175, 0.084628
4783.22, 0.905087, 0.00575014, 0.94528, 0.0738702
4783.23, 0.89143, 0.00567806, 0.93889, 0.065264
4783.24, 0.876665, 0.00559885, 0.93255, 0.0573749
4783.25, 0.85821, 0.0054991, 0.92594, 0.0509202
4783.26, 0.834377, 0.00537186, 0.91833, 0.0437484
4783.27, 0.803386, 0.00520706, 0.90838, 0.0380109
4783.28, 0.762597, 0.00498426, 0.89409, 0.0329906
4783.29, 0.711707, 0.00470513, 0.87306, 0.0279703
4783.3, 0.651691, 0.00438124, 0.84442, 0.0222328
4783.31, 0.582579, 0.0040076, 0.80948, 0.0172125
4783.32, 0.507033, 0.00359516, 0.77492, 0.0129094
4783.33, 0.43082, 0.00317541, 0.7532, 0.00860624
4783.34, 0.360641, 0.00278334, 0.75789, 0.00502031
4783.35, 0.298453, 0.00242976, 1, 0
4783.36, 0.236433, 0.00207699, 1, 0
4783.37, 0.173668, 0.00172062, 1, 0
4783.38, 0.110902, 0.00136425, 1, 0
4783.39, 0.0481369, 0.00100788, 1, 0
4783.4, -0.0146285, 0.000651511, 1, 0
