wav, obs, sigma_obs, syn, weight
4866.52, 0.975354, 0.00512548, 1, 0
4866.53, 0.973736, 0.00511785, 1, 0
4866.54, 0.971796, 0.00510993, 1, 0
4866.55, 0.971406, 0.00510288, 1, 0
4866.56, 0.968849, 0.00509459, 1, 0
4866.57, 0.964992, 0.00508514, 1, 0
4866.58, 0.964617, 0.00507738, 0.98788, 0.00955087
4866.59, 0.964553, 0.00507364, 0.98865, 0.0150085
4866.6, 0.963043, 0.00507275, 0.99022, 0.0218306
4866.61, 0.962467, 0.00507096, 0.99204, 0.0272882
4866.62, 0.962938, 0.00507328, 0.99371, 0.030017
4866.63, 0.965029, 0.00508384, 0.99505, 0.0341102
4866.64, 0.970486, 0.00509953, 0.99601, 0.0382035
4866.65, 0.974177, 0.0051095, 0.99661, 0.0409323
4866.66, 0.972542, 0.00510821, 0.99691, 0.0463899
4866.67, 0.970842, 0.00510599, 0.99694, 0.053212
4866.68, 0.971353, 0.00510788, 0.99673, 0.0586696
4866.69, 0.972974, 0.00511197, 0.99626, 0.0668561
4866.7, 0.972434, 0.00511066, 0.99557, 0.0805002
4866.71, 0.972071, 0.00511204, 0.9947, 0.0968731
4866.72, 0.976015, 0.00512799, 0.99372, 0.12689
4866.73, 0.980974, 0.00514611, 0.99275, 0.170551
4866.74, 0.985031, 0.00516236, 0.99187, 0.2415
4866.75, 0.988664, 0.00518143, 0.99116, 0.350653
4866.76, 0.991915, 0.00519721, 0.9906, 0.515747
4866.77, 0.994425, 0.00520569, 0.9901, 0.749061
4866.78, 0.99563, 0.00520813, 0.98948, 1.06015
4866.79, 0.995409, 0.00520553, 0.98851, 1.45037
4866.8, 0.993629, 0.00519696, 0.98691, 1.9129
4866.81, 0.990048, 0.00518021, 0.98448, 2.42728
4866.82, 0.985025, 0.00516048, 0.98115, 2.9635
4866.83, 0.97905, 0.0051403, 0.97706, 3.49152
4866.84, 0.972571, 0.00511443, 0.97258, 3.97316
4866.85, 0.96734, 0.00509055, 0.96822, 4.37975
4866.86, 0.964353, 0.00507568, 0.96459, 4.68811
4866.87, 0.961928, 0.00506261, 0.96219, 4.87776
4866.88, 0.961014, 0.00505768, 0.96139, 4.94189
4866.89, 0.963144, 0.00506867, 0.96234, 4.87776
4866.9, 0.966661, 0.00508301, 0.96493, 4.68811
4866.91, 0.970576, 0.00509821, 0.96886, 4.38248
4866.92, 0.974893, 0.00511906, 0.97364, 3.97589
4866.93, 0.979816, 0.00514081, 0.97874, 3.49425
4866.94, 0.984081, 0.00515801, 0.98363, 2.96759
4866.95, 0.986003, 0.00516844, 0.98793, 2.43138
4866.96, 0.987882, 0.00517814, 0.9914, 1.917
4866.97, 0.990292, 0.0051864, 0.994, 1.45582
4866.98, 0.991043, 0.00518507, 0.99582, 1.06287
4866.99, 0.990079, 0.00517985, 0.99702, 0.75179
4867, 0.988966, 0.00517752, 0.99777, 0.518476
4867.01, 0.989738, 0.00517895, 0.99823, 0.354746
4867.02, 0.989642, 0.00517911, 0.99851, 0.244229
4867.03, 0.988248, 0.00517839, 0.99869, 0.17328
4867.04, 0.991365, 0.00518787, 0.99881, 0.128254
4867.05, 0.995109, 0.00519826, 0.99889, 0.100966
4867.06, 0.995137, 0.00520113, 0.99896, 0.0818646
4867.07, 0.996676, 0.005211, 0.99901, 0.0695849
4867.08, 0.999109, 0.00522232, 0.99905, 0.060034
4867.09, 0.999474, 0.00522395, 0.99909, 0.053212
4867.1, 1.00008, 0.00522711, 0.99912, 0.0477543
4867.11, 1.00133, 0.00523167, 0.99914, 0.0422967
4867.12, 1.00195, 0.00523003, 0.99916, 0.0382035
4867.13, 1.00212, 0.00522726, 0.99918, 0.0354746
4867.14, 1.0011, 0.00522444, 0.99919, 0.0313814
4867.15, 0.998351, 0.00521925, 0.99921, 0.0259238
4867.16, 0.998577, 0.00521985, 0.99923, 0.0218306
4867.17, 1.0016, 0.00522608, 0.99926, 0.0163729
4867.18, 1.00176, 0.00522783, 0.99931, 0.0109153
4867.19, 1.00077, 0.00522746, 1, 0
4867.2, 1.00073, 0.00522831, 1, 0
4867.21, 1.00061, 0.00522905, 1, 0
4867.22, 1.00043, 0.00522971, 1, 0
4867.23, 1.00025, 0.00523038, 1, 0
4867.24, 1.00007, 0.00523104, 1, 0
