wav, obs, sigma_obs, syn, weight
4921.34, 0.95426, 0.00593134, 1, 0
4921.35, 0.952807, 0.00592825, 1, 0
4921.36, 0.952732, 0.00593608, 1, 0
4921.37, 0.955132, 0.00595609, 1, 0
4921.38, 0.957417, 0.00596772, 1, 0
4921.39, 0.957201, 0.00596006, 0.97899, 0
4921.4, 0.957614, 0.00596519, 0.9781, 0
4921.41, 0.960931, 0.00598311, 0.97809, 0
4921.42, 0.964999, 0.00599923, 0.9784, 0
4921.43, 0.965354, 0.0060048, 0.9788, 0
4921.44, 0.964634, 0.00600835, 0.9792, 0.01305
4921.45, 0.965815, 0.00601467, 0.97958, 0.01305
4921.46, 0.96882, 0.00602276, 0.97995, 0.01305
4921.47, 0.970053, 0.00603106, 0.98031, 0.01305
4921.48, 0.969762, 0.00604348, 0.98065, 0.0261001
4921.49, 0.96906, 0.00605207, 0.98097, 0.0391501
4921.5, 0.968351, 0.00604403, 0.98127, 0.0522001
4921.51, 0.96839, 0.00603892, 0.98155, 0.0522001
4921.52, 0.969486, 0.0060481, 0.98179, 0.0652501
4921.53, 0.971152, 0.00606477, 0.982, 0.0913502
4921.54, 0.972197, 0.00607062, 0.98215, 0.1044
4921.55, 0.972199, 0.00606964, 0.98224, 0.11745
4921.56, 0.973025, 0.00607425, 0.98224, 0.1566
4921.57, 0.976186, 0.00608833, 0.98215, 0.2088
4921.58, 0.976746, 0.00609255, 0.98197, 0.300151
4921.59, 0.97557, 0.00608782, 0.98169, 0.430651
4921.6, 0.975554, 0.00608611, 0.98133, 0.652501
4921.61, 0.976049, 0.00609111, 0.9809, 0.965702
4921.62, 0.976202, 0.0060937, 0.98034, 1.4094
4921.63, 0.975439, 0.00608824, 0.97953, 1.9575
4921.64, 0.973326, 0.00607787, 0.97812, 2.5839
4921.65, 0.969333, 0.00606831, 0.97539, 3.26251
4921.66, 0.964005, 0.00604752, 0.97001, 3.92806
4921.67, 0.957222, 0.00600633, 0.9599, 4.50226
4921.68, 0.94625, 0.00594823, 0.94236, 4.95901
4921.69, 0.925205, 0.00584631, 0.91469, 5.27221
4921.7, 0.891275, 0.00567775, 0.87513, 5.44186
4921.71, 0.844725, 0.00543695, 0.82394, 5.48101
4921.72, 0.785554, 0.00513333, 0.76391, 5.36356
4921.73, 0.719037, 0.00478971, 0.70037, 5.14171
4921.74, 0.653951, 0.00444669, 0.6406, 4.78936
4921.75, 0.600432, 0.00416258, 0.59277, 4.30651
4921.76, 0.569046, 0.00399659, 0.56438, 3.70621
4921.77, 0.5641, 0.00396993, 0.56041, 3.06676
4921.78, 0.584496, 0.00407704, 0.5818, 2.4012
4921.79, 0.627527, 0.00431254, 0.62513, 1.7748
4921.8, 0.684627, 0.0046204, 0.68357, 1.2528
4921.81, 0.747532, 0.00494739, 0.74876, 0.848252
4921.82, 0.810555, 0.00526855, 0.81256, 0.561151
4921.83, 0.864724, 0.00554665, 0.86845, 0.404551
4921.84, 0.905406, 0.00576392, 0.91248, 0.313201
4921.85, 0.933726, 0.00592329, 0.94356, 0.24795
4921.86, 0.954484, 0.00603586, 0.96317, 0.2088
4921.87, 0.969927, 0.00610924, 0.97423, 0.19575
4921.88, 0.979163, 0.00615178, 0.97988, 0.16965
4921.89, 0.982012, 0.0061761, 0.9826, 0.1566
4921.9, 0.986647, 0.00619769, 0.98395, 0.11745
4921.91, 0.989444, 0.00621113, 0.98474, 0.1044
4921.92, 0.987509, 0.00621355, 0.98529, 0.0913502
4921.93, 0.990985, 0.00622467, 0.98572, 0.0652501
4921.94, 0.991511, 0.00623271, 0.98606, 0.0652501
4921.95, 0.98827, 0.00623224, 0.98633, 0.0652501
4921.96, 0.98973, 0.00623333, 0.98652, 0.0522001
4921.97, 0.990387, 0.0062381, 0.98664, 0.0522001
4921.98, 0.990577, 0.00624233, 0.98669, 0.0522001
4921.99, 0.992023, 0.00624248, 0.98666, 0.0522001
4922, 0.991663, 0.00623939, 0.98654, 0.0522001
4922.01, 0.988756, 0.00623149, 0.98635, 0.0522001
4922.02, 0.988136, 0.00623349, 0.98607, 0.0522001
4922.03, 0.992122, 0.00624903, 0.98571, 0.0391501
4922.04, 0.98877, 0.00622788, 0.98533, 0.0261001
4922.05, 0.982514, 0.00619961, 0.9851, 0.0261001
4922.06, 0.978066, 0.00618415, 0.98545, 0.01305
4922.07, 0.969898, 0.00614359, 1, 0
4922.08, 0.959218, 0.00609281, 1, 0
4922.09, 0.946169, 0.0060287, 1, 0
4922.1, 0.930092, 0.00593886, 1, 0
4922.11, 0.914011, 0.00584899, 1, 0
