wav, obs, sigma_obs, syn, weight
4947.21, 0.995399, 0.00496156, 1, 0
4947.22, 0.997282, 0.00496415, 1, 0
4947.23, 0.999165, 0.00496674, 1, 0
4947.24, 1.00096, 0.00496836, 1, 0
4947.25, 1.00305, 0.00497356, 1, 0
4947.26, 1.00436, 0.00497966, 1, 0
4947.27, 1.00274, 0.00497756, 0.9986, 0.0139286
4947.28, 1.00128, 0.00497486, 0.99832, 0.0213026
4947.29, 1.0023, 0.00497687, 0.99805, 0.029496
4947.3, 1.00323, 0.00497446, 0.99781, 0.0352313
4947.31, 1.00204, 0.00496885, 0.99762, 0.0393279
4947.32, 0.999321, 0.00496537, 0.99749, 0.0434246
4947.33, 0.999724, 0.00496494, 0.99744, 0.0475213
4947.34, 1.00124, 0.00496474, 0.99748, 0.0516179
4947.35, 0.999758, 0.00496204, 0.99759, 0.0565339
4947.36, 0.998418, 0.00496008, 0.99776, 0.0622692
4947.37, 0.998523, 0.0049599, 0.99795, 0.0688239
4947.38, 0.998717, 0.0049594, 0.99814, 0.0761979
4947.39, 0.997557, 0.00495536, 0.99828, 0.0860299
4947.4, 0.995942, 0.00495006, 0.99836, 0.0966812
4947.41, 0.996107, 0.00494892, 0.99838, 0.11061
4947.42, 0.995025, 0.00494363, 0.99834, 0.129454
4947.43, 0.992557, 0.0049345, 0.99823, 0.154034
4947.44, 0.993134, 0.00493462, 0.99806, 0.190085
4947.45, 0.992624, 0.00493112, 0.9978, 0.241703
4947.46, 0.988962, 0.00491854, 0.99741, 0.31954
4947.47, 0.988451, 0.00491824, 0.9968, 0.435065
4947.48, 0.990168, 0.00492648, 0.99582, 0.598932
4947.49, 0.990634, 0.00492973, 0.99424, 0.823429
4947.5, 0.989547, 0.00492364, 0.99172, 1.11429
4947.51, 0.987062, 0.00491101, 0.98785, 1.47398
4947.52, 0.983133, 0.00489565, 0.98216, 1.89348
4947.53, 0.977076, 0.00487387, 0.97433, 2.36132
4947.54, 0.968222, 0.00483869, 0.96422, 2.85783
4947.55, 0.95638, 0.00478628, 0.95211, 3.36008
4947.56, 0.94268, 0.00472905, 0.93871, 3.84103
4947.57, 0.928254, 0.0046727, 0.92515, 4.27528
4947.58, 0.914252, 0.00461556, 0.91285, 4.63414
4947.59, 0.903149, 0.00456892, 0.90326, 4.89715
4947.6, 0.896953, 0.00454197, 0.8976, 5.04545
4947.61, 0.896428, 0.00453679, 0.89665, 5.07085
4947.62, 0.901219, 0.00455658, 0.90052, 4.97007
4947.63, 0.910499, 0.00459928, 0.90869, 4.75213
4947.64, 0.923304, 0.00465461, 0.92009, 4.42931
4947.65, 0.938586, 0.00471745, 0.93332, 4.0221
4947.66, 0.954597, 0.00478253, 0.94693, 3.5559
4947.67, 0.968456, 0.00483944, 0.95965, 3.05939
4947.68, 0.978907, 0.0048828, 0.97059, 2.55714
4947.69, 0.986408, 0.00491366, 0.97933, 2.07537
4947.7, 0.992895, 0.00493993, 0.98584, 1.63457
4947.71, 0.997613, 0.00495888, 0.9904, 1.24948
4947.72, 0.999074, 0.00496471, 0.99342, 0.930761
4947.73, 1.00004, 0.00496827, 0.99535, 0.680046
4947.74, 1.00127, 0.00497392, 0.99656, 0.492419
4947.75, 1.0015, 0.00497787, 0.99731, 0.359687
4947.76, 1.00185, 0.00497931, 0.99779, 0.267922
4947.77, 1.0028, 0.00498067, 0.99812, 0.207291
4947.78, 1.00357, 0.00498544, 0.99835, 0.166324
4947.79, 1.00385, 0.00498839, 0.99852, 0.137648
4947.8, 1.00383, 0.00498718, 0.99865, 0.117165
4947.81, 1.00396, 0.00498633, 0.99875, 0.101597
4947.82, 1.00361, 0.00498371, 0.99884, 0.0901265
4947.83, 1.00236, 0.00497697, 0.99889, 0.0794752
4947.84, 1.00081, 0.0049683, 0.99892, 0.0712819
4947.85, 0.998275, 0.00495883, 0.99888, 0.0647272
4947.86, 0.994677, 0.00494902, 0.99873, 0.0581726
4947.87, 0.992526, 0.00493966, 0.99835, 0.0532566
4947.88, 0.991407, 0.00493197, 0.99758, 0.0491599
4947.89, 0.98959, 0.00492624, 0.99622, 0.0442439
4947.9, 0.987384, 0.00491967, 0.99406, 0.0409666
4947.91, 0.985138, 0.00491132, 0.99097, 0.0368699
4947.92, 0.98301, 0.00490184, 0.98707, 0.031954
4947.93, 0.981221, 0.00489082, 0.98276, 0.0262186
4947.94, 0.977828, 0.00487426, 0.97888, 0.0188446
4947.95, 0.970601, 0.00484865, 0.97672, 0.01229
4947.96, 0.964923, 0.00482616, 1, 0
4947.97, 0.962806, 0.00481352, 1, 0
4947.98, 0.960972, 0.00480801, 1, 0
4947.99, 0.962201, 0.00481723, 1, 0
4948, 0.967911, 0.00484244, 1, 0
4948.01, 0.973407, 0.0048669, 1, 0
