wav, obs, sigma_obs, syn, weight
5517.16, 0.993058, 0.00372934, 1, 0
5517.17, 0.99553, 0.00373651, 1, 0
5517.18, 0.997089, 0.00374113, 1, 0
5517.19, 0.997993, 0.00374397, 1, 0
5517.2, 0.998582, 0.00374585, 1, 0
5517.21, 0.999028, 0.00374668, 1, 0
5517.22, 0.999573, 0.00374706, 1, 0
5517.23, 1.00053, 0.00374856, 0.99859, 0.00926818
5517.24, 1.00137, 0.00375033, 0.99858, 0.0129755
5517.25, 1.00113, 0.00375024, 0.99866, 0.0185364
5517.26, 1.001, 0.00375046, 0.99878, 0.0222436
5517.27, 1.00235, 0.0037536, 0.99891, 0.0278046
5517.28, 1.0033, 0.00375549, 0.99903, 0.0333655
5517.29, 1.00238, 0.00375294, 0.99912, 0.0352191
5517.3, 1.00112, 0.00374914, 0.99919, 0.0426336
5517.31, 1.00062, 0.00374681, 0.99922, 0.0481946
5517.32, 1.00091, 0.00374667, 0.99922, 0.0556091
5517.33, 1.00142, 0.00374746, 0.9992, 0.0648773
5517.34, 1.00128, 0.00374672, 0.99915, 0.0778527
5517.35, 1.00051, 0.00374455, 0.99906, 0.0982428
5517.36, 0.999629, 0.00374229, 0.99892, 0.129755
5517.37, 0.999432, 0.0037415, 0.99871, 0.174242
5517.38, 0.999992, 0.00374215, 0.99837, 0.24468
5517.39, 0.99952, 0.0037402, 0.99784, 0.34663
5517.4, 0.997642, 0.00373479, 0.99699, 0.493067
5517.41, 0.99628, 0.00373012, 0.99568, 0.691407
5517.42, 0.995198, 0.00372589, 0.99372, 0.945355
5517.43, 0.992457, 0.00371818, 0.9909, 1.26047
5517.44, 0.98862, 0.00370786, 0.98706, 1.62935
5517.45, 0.984994, 0.00369708, 0.98211, 2.04271
5517.46, 0.980409, 0.00368272, 0.97607, 2.48017
5517.47, 0.973762, 0.00366231, 0.96914, 2.92504
5517.48, 0.965897, 0.00363895, 0.96169, 3.35138
5517.49, 0.957801, 0.00361547, 0.95423, 3.73508
5517.5, 0.950211, 0.00359307, 0.94736, 4.05946
5517.51, 0.943643, 0.00357338, 0.94168, 4.30971
5517.52, 0.938491, 0.00355855, 0.93773, 4.47653
5517.53, 0.935635, 0.00355031, 0.9359, 4.55253
5517.54, 0.936018, 0.00355027, 0.93636, 4.53214
5517.55, 0.939711, 0.00356025, 0.93907, 4.42092
5517.56, 0.946033, 0.00357939, 0.94376, 4.22258
5517.57, 0.953052, 0.00359988, 0.94998, 3.94083
5517.58, 0.959902, 0.00361826, 0.95716, 3.58864
5517.59, 0.967542, 0.00363912, 0.96467, 3.18826
5517.6, 0.975415, 0.00366186, 0.97196, 2.75265
5517.61, 0.981683, 0.00368117, 0.97856, 2.30963
5517.62, 0.986316, 0.00369567, 0.98418, 1.87773
5517.63, 0.990091, 0.00370612, 0.98869, 1.48106
5517.64, 0.992941, 0.00371324, 0.99211, 1.13257
5517.65, 0.994844, 0.0037182, 0.99458, 0.839697
5517.66, 0.99653, 0.00372332, 0.99627, 0.607993
5517.67, 0.997952, 0.00372795, 0.9974, 0.431897
5517.68, 0.9978, 0.00372702, 0.99813, 0.302143
5517.69, 0.996632, 0.00372227, 0.99859, 0.215022
5517.7, 0.996482, 0.00372098, 0.9989, 0.155705
5517.71, 0.996632, 0.00372148, 0.9991, 0.114925
5517.72, 0.995518, 0.00371892, 0.99924, 0.0889746
5517.73, 0.994584, 0.00371622, 0.99934, 0.0704382
5517.74, 0.995242, 0.00371682, 0.99942, 0.06117
5517.75, 0.996461, 0.0037194, 0.99948, 0.0500482
5517.76, 0.997392, 0.00372229, 0.99953, 0.0444873
5517.77, 0.99809, 0.00372453, 0.99957, 0.0389264
5517.78, 0.998937, 0.00372667, 0.9996, 0.0352191
5517.79, 1.00043, 0.00373033, 0.99963, 0.0296582
5517.8, 1.00195, 0.00373428, 0.99965, 0.0259509
5517.81, 1.00265, 0.00373643, 0.99968, 0.02039
5517.82, 1.00314, 0.00373764, 0.9997, 0.0148291
5517.83, 1.0039, 0.00373867, 0.99973, 0.0111218
5517.84, 1.0038, 0.00373787, 1, 0
5517.85, 1.00271, 0.00373532, 1, 0
5517.86, 1.00222, 0.00373415, 1, 0
5517.87, 1.00275, 0.00373509, 1, 0
5517.88, 1.00321, 0.00373587, 1, 0
5517.89, 1.00355, 0.00373643, 1, 0
5517.9, 1.0039, 0.00373699, 1, 0
