wav, obs, sigma_obs, syn, weight
5645.19, 1.00228, 0.00437365, 1, 0
5645.2, 1.00044, 0.00436842, 1, 0
5645.21, 0.998656, 0.00436337, 1, 0
5645.22, 0.999605, 0.00436651, 1, 0
5645.23, 1.00096, 0.00437161, 1, 0
5645.24, 0.999958, 0.00437064, 1, 0
5645.25, 1.00006, 0.00437176, 0.99929, 0.0115699
5645.26, 1.0015, 0.00437624, 0.99917, 0.0204175
5645.27, 1.00132, 0.00437762, 0.99909, 0.0313068
5645.28, 0.999994, 0.00437488, 0.99904, 0.0415155
5645.29, 0.998846, 0.00437082, 0.99902, 0.0490019
5645.3, 0.998883, 0.00437049, 0.99899, 0.0544466
5645.31, 1.00003, 0.00437474, 0.99898, 0.0585301
5645.32, 1.00096, 0.00437944, 0.99896, 0.0632942
5645.33, 0.999198, 0.00437584, 0.99894, 0.0673777
5645.34, 0.997343, 0.00437141, 0.99892, 0.0721418
5645.35, 0.998871, 0.0043768, 0.99889, 0.0775864
5645.36, 0.999768, 0.0043798, 0.99885, 0.0850728
5645.37, 0.999046, 0.00437746, 0.99879, 0.0932398
5645.38, 0.999105, 0.00437743, 0.99872, 0.102768
5645.39, 0.998414, 0.00437663, 0.99861, 0.115018
5645.4, 0.99692, 0.00437437, 0.99848, 0.130672
5645.41, 0.997598, 0.00437646, 0.9983, 0.151089
5645.42, 0.998139, 0.00437828, 0.99807, 0.180354
5645.43, 0.996061, 0.00437398, 0.99776, 0.22187
5645.44, 0.99354, 0.0043656, 0.99733, 0.282442
5645.45, 0.991461, 0.00435789, 0.9967, 0.369556
5645.46, 0.989419, 0.00435381, 0.99572, 0.492061
5645.47, 0.986896, 0.00434731, 0.99417, 0.656082
5645.48, 0.983416, 0.00433524, 0.9917, 0.86434
5645.49, 0.978693, 0.00431903, 0.98788, 1.11616
5645.5, 0.973069, 0.00430023, 0.98216, 1.40608
5645.51, 0.96677, 0.00427973, 0.97401, 1.72596
5645.52, 0.959489, 0.00425685, 0.96303, 2.06693
5645.53, 0.950054, 0.00422651, 0.94906, 2.42015
5645.54, 0.937266, 0.00418349, 0.93228, 2.77882
5645.55, 0.920694, 0.00412659, 0.91333, 3.13476
5645.56, 0.900454, 0.0040572, 0.89321, 3.47846
5645.57, 0.877717, 0.00398021, 0.87328, 3.79833
5645.58, 0.855972, 0.00390688, 0.85505, 4.07873
5645.59, 0.83766, 0.00384438, 0.84006, 4.30332
5645.6, 0.823961, 0.0037962, 0.82966, 4.45645
5645.61, 0.817052, 0.00377289, 0.82483, 4.52724
5645.62, 0.818596, 0.00378128, 0.82602, 4.50954
5645.63, 0.828763, 0.00381883, 0.83312, 4.40405
5645.64, 0.845263, 0.00387567, 0.84545, 4.22029
5645.65, 0.865609, 0.00394364, 0.86185, 3.9712
5645.66, 0.888915, 0.00402341, 0.88086, 3.67242
5645.67, 0.911884, 0.00410453, 0.90093, 3.34166
5645.68, 0.930947, 0.0041732, 0.92054, 2.99116
5645.69, 0.947056, 0.00423035, 0.93842, 2.63317
5645.7, 0.960577, 0.00427702, 0.9536, 2.27519
5645.71, 0.970541, 0.0043116, 0.96546, 1.92537
5645.72, 0.976429, 0.0043325, 0.97373, 1.59052
5645.73, 0.979158, 0.00434278, 0.97837, 1.28018
5645.74, 0.981036, 0.00435047, 0.97956, 1.00386
5645.75, 0.981526, 0.00435317, 0.9776, 0.767017
5645.76, 0.979684, 0.00434696, 0.97294, 0.575092
5645.77, 0.976264, 0.00433427, 0.96619, 0.426725
5645.78, 0.970649, 0.00431509, 0.95812, 0.317832
5645.79, 0.962381, 0.00428959, 0.94962, 0.240926
5645.8, 0.954418, 0.00426435, 0.94163, 0.187841
5645.81, 0.947819, 0.00424208, 0.935, 0.150409
5645.82, 0.942022, 0.00422304, 0.93043, 0.124547
5645.83, 0.939675, 0.00421719, 0.92837, 0.106851
5645.84, 0.941704, 0.0042261, 0.92904, 0.0918786
5645.85, 0.945851, 0.00423869, 0.9324, 0.0816699
5645.86, 0.952077, 0.00425854, 0.93815, 0.0728223
5645.87, 0.960211, 0.00428852, 0.94577, 0.0660165
5645.88, 0.968024, 0.00431835, 0.95454, 0.0605718
5645.89, 0.974938, 0.00434428, 0.96364, 0.0558078
5645.9, 0.981386, 0.00436715, 0.9723, 0.0524049
5645.91, 0.987359, 0.00438678, 0.97988, 0.0490019
5645.92, 0.991877, 0.0044022, 0.98601, 0.0449185
5645.93, 0.993891, 0.00441271, 0.99061, 0.0401544
5645.94, 0.995306, 0.00442049, 0.99382, 0.0340291
5645.95, 0.997133, 0.00442597, 0.99592, 0.0251816
5645.96, 0.998432, 0.00442742, 0.99726, 0.0170146
5645.97, 0.998955, 0.00442943, 0.99813, 0.00952816
5645.98, 0.998842, 0.00443379, 1, 0
5645.99, 0.998289, 0.00443358, 1, 0
5646, 0.997064, 0.00442851, 1, 0
5646.01, 0.994988, 0.00442201, 1, 0
5646.02, 0.992634, 0.00441618, 1, 0
5646.03, 0.990303, 0.00441132, 1, 0
