wav, obs, sigma_obs, syn, weight
5665.16, 1.00297, 0.00385783, 1, 0
5665.17, 1.00197, 0.00385361, 1, 0
5665.18, 1.0009, 0.00384916, 1, 0
5665.19, 0.999451, 0.0038436, 1, 0
5665.2, 0.999343, 0.003842, 1, 0
5665.21, 1.00082, 0.00384525, 1, 0
5665.22, 1.00207, 0.00384856, 1, 0
5665.23, 1.00195, 0.00384847, 0.99362, 0.0270137
5665.24, 1.00088, 0.0038451, 0.99359, 0.0381917
5665.25, 0.99963, 0.00384042, 0.9939, 0.0484383
5665.26, 0.999093, 0.00383813, 0.99447, 0.0558903
5665.27, 0.999157, 0.00383808, 0.99518, 0.0624109
5665.28, 0.998823, 0.00383667, 0.99593, 0.0652054
5665.29, 0.998508, 0.00383483, 0.99664, 0.0670684
5665.3, 0.999445, 0.00383624, 0.99724, 0.0679999
5665.31, 1.0005, 0.00383799, 0.9977, 0.0707944
5665.32, 0.999651, 0.00383466, 0.99801, 0.0745204
5665.33, 0.997898, 0.00382914, 0.99818, 0.0782465
5665.34, 0.997073, 0.00382646, 0.99825, 0.08663
5665.35, 0.996742, 0.00382475, 0.99821, 0.0978081
5665.36, 0.996101, 0.00382134, 0.99809, 0.115507
5665.37, 0.995573, 0.00381862, 0.99789, 0.141589
5665.38, 0.995453, 0.00381831, 0.99757, 0.182575
5665.39, 0.994932, 0.00381732, 0.9971, 0.244986
5665.4, 0.993561, 0.00381343, 0.99635, 0.335342
5665.41, 0.991984, 0.00380777, 0.99518, 0.462958
5665.42, 0.990259, 0.00380075, 0.9933, 0.634355
5665.43, 0.987373, 0.00379109, 0.99037, 0.856985
5665.44, 0.982744, 0.0037775, 0.9859, 1.13178
5665.45, 0.976396, 0.00375891, 0.97937, 1.45594
5665.46, 0.968336, 0.00373461, 0.97028, 1.82389
5665.47, 0.95847, 0.00370408, 0.95825, 2.22537
5665.48, 0.946007, 0.00366557, 0.94318, 2.64641
5665.49, 0.929854, 0.00361679, 0.92538, 3.06838
5665.5, 0.91032, 0.00355837, 0.9056, 3.47265
5665.51, 0.888572, 0.00349297, 0.88502, 3.8406
5665.52, 0.866663, 0.00342669, 0.86514, 4.15638
5665.53, 0.846777, 0.00336633, 0.84758, 4.4023
5665.54, 0.830212, 0.00331624, 0.83381, 4.56717
5665.55, 0.818191, 0.00328027, 0.82489, 4.64449
5665.56, 0.812487, 0.00326272, 0.82135, 4.62865
5665.57, 0.814154, 0.00326631, 0.82308, 4.52339
5665.58, 0.82224, 0.00328968, 0.82947, 4.33057
5665.59, 0.835505, 0.00332969, 0.83953, 4.06136
5665.6, 0.8527, 0.00338118, 0.85213, 3.72789
5665.61, 0.872161, 0.00343866, 0.86624, 3.3469
5665.62, 0.891696, 0.00349656, 0.88098, 2.93517
5665.63, 0.909693, 0.00355008, 0.89574, 2.51134
5665.64, 0.925259, 0.00359559, 0.91015, 2.09496
5665.65, 0.938724, 0.00363451, 0.92395, 1.70186
5665.66, 0.951205, 0.00367156, 0.937, 1.34509
5665.67, 0.962416, 0.0037051, 0.94911, 1.0349
5665.68, 0.971361, 0.00373048, 0.96008, 0.775944
5665.69, 0.977959, 0.00374844, 0.96968, 0.570081
5665.7, 0.98268, 0.00376206, 0.97773, 0.41452
5665.71, 0.98672, 0.00377401, 0.98416, 0.301808
5665.72, 0.990883, 0.00378541, 0.98902, 0.22263
5665.73, 0.99361, 0.00379222, 0.99248, 0.169534
5665.74, 0.993988, 0.0037925, 0.99483, 0.135068
5665.75, 0.99441, 0.00379354, 0.99633, 0.111781
5665.76, 0.996262, 0.00379929, 0.99725, 0.0959451
5665.77, 0.997752, 0.00380377, 0.99781, 0.084767
5665.78, 0.997959, 0.00380375, 0.99815, 0.077315
5665.79, 0.997855, 0.003802, 0.99836, 0.0717259
5665.8, 0.998028, 0.00380082, 0.99851, 0.0670684
5665.81, 0.998436, 0.00380132, 0.99861, 0.0624109
5665.82, 0.99907, 0.00380315, 0.9987, 0.0586849
5665.83, 0.999942, 0.00380482, 0.99877, 0.0558903
5665.84, 1.00066, 0.00380571, 0.99882, 0.0530958
5665.85, 1.0007, 0.00380593, 0.99887, 0.0493698
5665.86, 1.00066, 0.00380661, 0.99891, 0.0437808
5665.87, 1.00139, 0.00380863, 0.99894, 0.0372602
5665.88, 1.00186, 0.00380884, 0.99899, 0.0288767
5665.89, 1.00089, 0.00380433, 0.99905, 0.0204931
5665.9, 0.999536, 0.00379951, 1, 0
5665.91, 0.999057, 0.00379869, 1, 0
5665.92, 0.999491, 0.00380012, 1, 0
5665.93, 1.00026, 0.00380095, 1, 0
5665.94, 0.999961, 0.00379859, 1, 0
5665.95, 0.997998, 0.00379233, 1, 0
5665.96, 0.995638, 0.00378514, 1, 0
