wav, obs, sigma_obs, syn, weight
5666.2, 1.00226, 0.0037935, 1, 0
5666.21, 1.00241, 0.00379338, 1, 0
5666.22, 1.00245, 0.00379266, 1, 0
5666.23, 1.00222, 0.00379039, 1, 0
5666.24, 1.00199, 0.00378839, 1, 0
5666.25, 1.00205, 0.00378862, 1, 0
5666.26, 1.00183, 0.00378826, 1, 0
5666.27, 1.00092, 0.00378495, 0.99656, 0.0320906
5666.28, 1.00072, 0.00378345, 0.9962, 0.046043
5666.29, 1.00194, 0.00378662, 0.99603, 0.0599954
5666.3, 1.0025, 0.00378817, 0.99603, 0.071855
5666.31, 1.00148, 0.00378505, 0.99615, 0.080924
5666.32, 1.00106, 0.00378315, 0.99638, 0.0892955
5666.33, 1.00195, 0.00378465, 0.99667, 0.0962717
5666.34, 1.00245, 0.00378524, 0.99699, 0.10255
5666.35, 1.00214, 0.00378383, 0.99731, 0.110224
5666.36, 1.00214, 0.00378304, 0.9976, 0.118596
5666.37, 1.0023, 0.00378269, 0.99784, 0.126967
5666.38, 1.00166, 0.0037806, 0.99802, 0.136734
5666.39, 1.00069, 0.0037777, 0.99813, 0.147896
5666.4, 1.0005, 0.0037763, 0.99817, 0.159755
5666.41, 1.00057, 0.0037754, 0.99817, 0.173708
5666.42, 0.999981, 0.00377322, 0.99811, 0.189753
5666.43, 0.999356, 0.00377123, 0.998, 0.208589
5666.44, 0.999324, 0.00377072, 0.99786, 0.230215
5666.45, 0.998903, 0.00376871, 0.99768, 0.256027
5666.46, 0.997498, 0.00376358, 0.99746, 0.286722
5666.47, 0.996374, 0.00375954, 0.99718, 0.325789
5666.48, 0.996173, 0.00375868, 0.99683, 0.373925
5666.49, 0.995871, 0.00375753, 0.99638, 0.435315
5666.5, 0.994977, 0.00375429, 0.9958, 0.514844
5666.51, 0.993958, 0.00375014, 0.99501, 0.615999
5666.52, 0.992945, 0.00374588, 0.99393, 0.744361
5666.53, 0.99166, 0.00374157, 0.99243, 0.903419
5666.54, 0.989931, 0.00373673, 0.99034, 1.09666
5666.55, 0.987673, 0.00373048, 0.98745, 1.32339
5666.56, 0.984735, 0.00372184, 0.98354, 1.5843
5666.57, 0.980866, 0.00370978, 0.97838, 1.87241
5666.58, 0.975434, 0.00369303, 0.97181, 2.18286
5666.59, 0.9679, 0.00367073, 0.96377, 2.50934
5666.6, 0.958887, 0.00364411, 0.95436, 2.84211
5666.61, 0.949039, 0.0036145, 0.94385, 3.17208
5666.62, 0.937952, 0.0035816, 0.93274, 3.4895
5666.63, 0.925949, 0.00354683, 0.92165, 3.7825
5666.64, 0.91557, 0.00351652, 0.91134, 4.03992
5666.65, 0.908447, 0.00349473, 0.90256, 4.24921
5666.66, 0.904095, 0.00348042, 0.89602, 4.40059
5666.67, 0.902352, 0.00347394, 0.89223, 4.485
5666.68, 0.903716, 0.00347789, 0.89151, 4.49896
5666.69, 0.908356, 0.00349222, 0.89389, 4.44105
5666.7, 0.916014, 0.00351423, 0.89915, 4.31409
5666.71, 0.925502, 0.00354075, 0.90682, 4.12573
5666.72, 0.93508, 0.00356837, 0.91626, 3.88435
5666.73, 0.943758, 0.00359375, 0.92673, 3.60391
5666.74, 0.951001, 0.00361409, 0.93749, 3.29417
5666.75, 0.95667, 0.00362963, 0.94788, 2.96698
5666.76, 0.960904, 0.00364177, 0.9574, 2.63352
5666.77, 0.964396, 0.00365187, 0.9657, 2.30354
5666.78, 0.96782, 0.00366128, 0.97265, 1.98543
5666.79, 0.971368, 0.00367121, 0.97828, 1.68754
5666.8, 0.975047, 0.00368201, 0.9827, 1.41547
5666.81, 0.978671, 0.00369229, 0.98614, 1.17479
5666.82, 0.98213, 0.00370134, 0.98879, 0.968298
5666.83, 0.985467, 0.00370989, 0.99085, 0.795985
5666.84, 0.98872, 0.00371841, 0.99246, 0.657159
5666.85, 0.991895, 0.00372692, 0.99374, 0.546237
5666.86, 0.994834, 0.00373489, 0.99475, 0.459732
5666.87, 0.997212, 0.00374131, 0.99553, 0.392063
5666.88, 0.998304, 0.00374425, 0.99612, 0.339044
5666.89, 0.997415, 0.00374192, 0.99656, 0.297884
5666.9, 0.995894, 0.00373749, 0.99687, 0.264398
5666.91, 0.995565, 0.00373538, 0.99708, 0.237191
5666.92, 0.995936, 0.00373517, 0.99723, 0.21417
5666.93, 0.996013, 0.00373506, 0.99735, 0.194636
5666.94, 0.995697, 0.00373389, 0.99744, 0.178591
5666.95, 0.995068, 0.0037313, 0.99752, 0.163941
5666.96, 0.994129, 0.00372844, 0.99758, 0.150686
5666.97, 0.992801, 0.00372531, 0.99763, 0.140222
5666.98, 0.99088, 0.00371939, 0.99761, 0.129757
5666.99, 0.988428, 0.00371054, 0.99747, 0.121386
5667, 0.985866, 0.00370207, 0.99706, 0.112317
5667.01, 0.983036, 0.00369388, 0.99618, 0.105341
5667.02, 0.979222, 0.00368241, 0.99455, 0.0976669
5667.03, 0.974284, 0.00366729, 0.99178, 0.0906907
5667.04, 0.96841, 0.00365013, 0.98743, 0.0830169
5667.05, 0.96071, 0.00362785, 0.98141, 0.0746454
5667.06, 0.949873, 0.00359559, 0.97374, 0.0648787
5667.07, 0.935568, 0.00355293, 0.96524, 0.0530192
5667.08, 0.91804, 0.00350148, 0.95752, 0.0411596
5667.09, 0.898392, 0.00344391, 0.95276, 0.0286025
5667.1, 0.877905, 0.00338342, 1, 0
5667.11, 0.857689, 0.00332375, 1, 0
5667.12, 0.840067, 0.003272, 1, 0
5667.13, 0.829995, 0.00324215, 1, 0
5667.14, 0.828619, 0.00323724, 1, 0
5667.15, 0.829056, 0.00323754, 1, 0
5667.16, 0.827715, 0.00323274, 1, 0
