wav, obs, sigma_obs, syn, weight
5684.03, 0.996998, 0.00361741, 1, 0
5684.04, 0.99653, 0.0036177, 1, 0
5684.05, 0.996053, 0.00361763, 1, 0
5684.06, 0.995472, 0.00361583, 1, 0
5684.07, 0.994276, 0.00361215, 1, 0
5684.08, 0.99171, 0.00360592, 1, 0
5684.09, 0.986884, 0.00359311, 1, 0
5684.1, 0.979117, 0.00357074, 0.98256, 0.016866
5684.11, 0.967992, 0.00353826, 0.97267, 0.0249616
5684.12, 0.951644, 0.00349172, 0.95901, 0.031708
5684.13, 0.927741, 0.00342572, 0.9414, 0.0364305
5684.14, 0.897724, 0.00334246, 0.92024, 0.0404783
5684.15, 0.864285, 0.0032477, 0.89663, 0.0425022
5684.16, 0.829885, 0.00314939, 0.8723, 0.0438515
5684.17, 0.79767, 0.00305723, 0.84941, 0.0465501
5684.18, 0.771766, 0.00298298, 0.83031, 0.0499233
5684.19, 0.757436, 0.00294201, 0.81714, 0.0546457
5684.2, 0.758968, 0.00294689, 0.81146, 0.0600429
5684.21, 0.773919, 0.00299007, 0.81394, 0.0681385
5684.22, 0.798588, 0.00306055, 0.82425, 0.0782581
5684.23, 0.830185, 0.00315061, 0.84111, 0.0904016
5684.24, 0.86495, 0.00324963, 0.86254, 0.105244
5684.25, 0.898287, 0.00334445, 0.8862, 0.122784
5684.26, 0.926574, 0.00342507, 0.90982, 0.145722
5684.27, 0.947623, 0.00348546, 0.93148, 0.173382
5684.28, 0.962293, 0.00352752, 0.94984, 0.209813
5684.29, 0.971861, 0.00355457, 0.9642, 0.257037
5684.3, 0.977328, 0.00356975, 0.97447, 0.321128
5684.31, 0.979175, 0.00357519, 0.98098, 0.409506
5684.32, 0.977598, 0.00357208, 0.98426, 0.527568
5684.33, 0.973085, 0.00356007, 0.98475, 0.68206
5684.34, 0.966494, 0.00354042, 0.98265, 0.875006
5684.35, 0.959242, 0.00351895, 0.97776, 1.10573
5684.36, 0.951599, 0.00349751, 0.96955, 1.36952
5684.37, 0.942505, 0.00347294, 0.95719, 1.65826
5684.38, 0.930641, 0.00344049, 0.93981, 1.96117
5684.39, 0.914696, 0.00339555, 0.91678, 2.27286
5684.4, 0.893742, 0.00333643, 0.88793, 2.58454
5684.41, 0.867006, 0.00326122, 0.85376, 2.89285
5684.42, 0.834008, 0.00316721, 0.81552, 3.19441
5684.43, 0.797092, 0.00306132, 0.77519, 3.48383
5684.44, 0.760212, 0.00295602, 0.73529, 3.75436
5684.45, 0.723681, 0.00285092, 0.69869, 3.99454
5684.46, 0.688815, 0.00274892, 0.66832, 4.19086
5684.47, 0.663002, 0.00267364, 0.64682, 4.32848
5684.48, 0.650619, 0.00263856, 0.63616, 4.3973
5684.49, 0.651218, 0.00264097, 0.63736, 4.3892
5684.5, 0.664534, 0.00267969, 0.65031, 4.30689
5684.51, 0.690056, 0.00275356, 0.67378, 4.15577
5684.52, 0.725063, 0.00285495, 0.70563, 3.94934
5684.53, 0.765568, 0.00297227, 0.74315, 3.70309
5684.54, 0.806424, 0.00309, 0.78337, 3.42716
5684.55, 0.844673, 0.00319934, 0.82349, 3.13572
5684.56, 0.879333, 0.00329771, 0.86108, 2.83213
5684.57, 0.908664, 0.00338104, 0.89429, 2.52315
5684.58, 0.931347, 0.0034461, 0.92204, 2.21079
5684.59, 0.948343, 0.00349449, 0.94397, 1.90046
5684.6, 0.961037, 0.00353, 0.96041, 1.60024
5684.61, 0.970741, 0.00355791, 0.97211, 1.31622
5684.62, 0.977843, 0.00357926, 0.98009, 1.05986
5684.63, 0.982425, 0.0035932, 0.98536, 0.836552
5684.64, 0.985963, 0.00360361, 0.98879, 0.65305
5684.65, 0.989495, 0.00361339, 0.99103, 0.508678
5684.66, 0.992288, 0.00362057, 0.99254, 0.399386
5684.67, 0.994128, 0.00362541, 0.9936, 0.320453
5684.68, 0.995496, 0.0036305, 0.99437, 0.263109
5684.69, 0.99656, 0.00363466, 0.99497, 0.220607
5684.7, 0.997321, 0.00363609, 0.99546, 0.190248
5684.71, 0.997764, 0.00363683, 0.99586, 0.166636
5684.72, 0.997899, 0.00363812, 0.9962, 0.148421
5684.73, 0.997781, 0.00363879, 0.9965, 0.133578
5684.74, 0.997437, 0.00363855, 0.99677, 0.120086
5684.75, 0.996984, 0.00363801, 0.99701, 0.109966
5684.76, 0.99716, 0.00363886, 0.99723, 0.100521
5684.77, 0.998318, 0.00364183, 0.99744, 0.0917509
5684.78, 0.999488, 0.00364469, 0.99762, 0.0850045
5684.79, 0.999999, 0.00364567, 0.9978, 0.0796074
5684.8, 0.999855, 0.0036445, 0.99795, 0.072861
5684.81, 1.00032, 0.00364569, 0.99808, 0.0681385
5684.82, 1.00239, 0.00365273, 0.9982, 0.0613921
5684.83, 1.00381, 0.00365699, 0.99829, 0.0546457
5684.84, 1.00355, 0.00365503, 0.99836, 0.0445262
5684.85, 1.00352, 0.00365567, 0.99842, 0.0344066
5684.86, 1.00399, 0.00365928, 0.99849, 0.0236124
5684.87, 1.00396, 0.00366013, 1, 0
5684.88, 1.00386, 0.00365955, 1, 0
5684.89, 1.0041, 0.00365977, 1, 0
5684.9, 1.00377, 0.00365894, 1, 0
5684.91, 1.00257, 0.00365638, 1, 0
5684.92, 1.00139, 0.00365385, 1, 0
5684.93, 1.00031, 0.00365151, 1, 0
