wav, obs, sigma_obs, syn, weight
5690.03, 1.00382, 0.00384881, 1, 0
5690.04, 1.0022, 0.00384428, 1, 0
5690.05, 1.00077, 0.00384031, 1, 0
5690.06, 0.999988, 0.00383816, 1, 0
5690.07, 1.00001, 0.00383876, 1, 0
5690.08, 1.00032, 0.00384046, 1, 0
5690.09, 0.999435, 0.00383795, 0.99862, 0.00782594
5690.1, 0.997414, 0.00383226, 0.99854, 0.0140867
5690.11, 0.995051, 0.00382712, 0.99852, 0.02113
5690.12, 0.991766, 0.00381871, 0.99853, 0.0281734
5690.13, 0.987131, 0.00380457, 0.99853, 0.0344341
5690.14, 0.981531, 0.00378754, 0.99852, 0.0391297
5690.15, 0.975394, 0.00376978, 0.99848, 0.0430426
5690.16, 0.969506, 0.00375356, 0.99842, 0.0469556
5690.17, 0.966183, 0.00374475, 0.99834, 0.0516512
5690.18, 0.966916, 0.00374719, 0.99823, 0.0571293
5690.19, 0.971149, 0.00375976, 0.99809, 0.0641727
5690.2, 0.976801, 0.00377665, 0.99793, 0.0719986
5690.21, 0.981653, 0.00379139, 0.99774, 0.0829549
5690.22, 0.986451, 0.00380597, 0.9975, 0.0970416
5690.23, 0.991233, 0.00382041, 0.99721, 0.117389
5690.24, 0.993994, 0.00382906, 0.99682, 0.146345
5690.25, 0.99528, 0.00383321, 0.9963, 0.19017
5690.26, 0.99653, 0.0038369, 0.99554, 0.255126
5690.27, 0.995822, 0.00383611, 0.9944, 0.348254
5690.28, 0.992274, 0.00382798, 0.99261, 0.480512
5690.29, 0.987738, 0.00381451, 0.98975, 0.655031
5690.3, 0.98293, 0.00379865, 0.98525, 0.878853
5690.31, 0.977114, 0.00378111, 0.97834, 1.14963
5690.32, 0.96732, 0.00375266, 0.9682, 1.46423
5690.33, 0.952454, 0.00370934, 0.95403, 1.81562
5690.34, 0.934697, 0.00365758, 0.93532, 2.19439
5690.35, 0.913431, 0.0035942, 0.91203, 2.58882
5690.36, 0.887041, 0.00351352, 0.88475, 2.98559
5690.37, 0.857133, 0.00342393, 0.85478, 3.37141
5690.38, 0.825485, 0.00333118, 0.82405, 3.72906
5690.39, 0.793321, 0.00323407, 0.795, 4.0421
5690.4, 0.764724, 0.00314615, 0.77024, 4.29409
5690.41, 0.74461, 0.00308594, 0.75224, 4.47096
5690.42, 0.734768, 0.0030573, 0.7429, 4.56252
5690.43, 0.735879, 0.00306112, 0.74326, 4.56409
5690.44, 0.747934, 0.00309826, 0.75326, 4.47565
5690.45, 0.769601, 0.00316426, 0.77181, 4.30192
5690.46, 0.798461, 0.00325125, 0.79693, 4.05305
5690.47, 0.830864, 0.00334979, 0.82616, 3.74315
5690.48, 0.863331, 0.00344937, 0.85687, 3.38785
5690.49, 0.893115, 0.00353928, 0.88667, 3.00359
5690.5, 0.918805, 0.00361604, 0.91367, 2.60682
5690.51, 0.939957, 0.00368007, 0.93663, 2.21083
5690.52, 0.956965, 0.0037316, 0.95501, 1.83049
5690.53, 0.970339, 0.00377194, 0.96889, 1.47675
5690.54, 0.980443, 0.00380335, 0.9788, 1.15902
5690.55, 0.986996, 0.00382441, 0.98554, 0.885113
5690.56, 0.990249, 0.00383474, 0.98993, 0.659726
5690.57, 0.993074, 0.00384322, 0.99272, 0.482078
5690.58, 0.996372, 0.00385333, 0.99447, 0.350602
5690.59, 0.998331, 0.00386041, 0.99559, 0.255908
5690.6, 0.9996, 0.00386491, 0.99634, 0.19017
5690.61, 1.00131, 0.0038689, 0.99687, 0.146345
5690.62, 1.00225, 0.00387135, 0.99726, 0.117389
5690.63, 1.00259, 0.00387363, 0.99756, 0.0978242
5690.64, 1.00416, 0.00387942, 0.9978, 0.0837375
5690.65, 1.00545, 0.00388381, 0.99801, 0.0727812
5690.66, 1.00478, 0.00388195, 0.99818, 0.0649553
5690.67, 1.00434, 0.00388042, 0.99832, 0.0586945
5690.68, 1.005, 0.00388217, 0.99845, 0.0532164
5690.69, 1.00548, 0.00388428, 0.99856, 0.0485208
5690.7, 1.00549, 0.00388586, 0.99866, 0.0446078
5690.71, 1.00522, 0.00388676, 0.99874, 0.0406949
5690.72, 1.005, 0.00388614, 0.99882, 0.0359993
5690.73, 1.0049, 0.00388478, 0.99888, 0.0320863
5690.74, 1.00461, 0.00388431, 0.99894, 0.0266082
5690.75, 1.00284, 0.00388045, 0.99899, 0.0195648
5690.76, 0.998934, 0.00386978, 0.99904, 0.0133041
5690.77, 0.994664, 0.00385708, 0.99912, 0.00704334
5690.78, 0.991212, 0.00384653, 1, 0
5690.79, 0.988783, 0.00384006, 1, 0
5690.8, 0.987332, 0.00383674, 1, 0
5690.81, 0.986622, 0.00383487, 1, 0
5690.82, 0.986041, 0.00383322, 1, 0
5690.83, 0.985356, 0.0038314, 1, 0
