wav, obs, sigma_obs, syn, weight
5700.71, 1.00594, 0.00465581, 1, 0
5700.72, 1.00401, 0.00465086, 1, 0
5700.73, 1.00403, 0.00465206, 1, 0
5700.74, 1.00568, 0.00465801, 1, 0
5700.75, 1.00548, 0.00465718, 1, 0
5700.76, 1.00458, 0.00465422, 1, 0
5700.77, 1.00453, 0.00465522, 0.99893, 0.00551522
5700.78, 1.00388, 0.00465531, 0.99875, 0.0101112
5700.79, 1.00275, 0.00465312, 0.99864, 0.0156265
5700.8, 1.00202, 0.00465033, 0.99857, 0.0211417
5700.81, 1.00152, 0.00464902, 0.99852, 0.0257377
5700.82, 1.0009, 0.00464958, 0.99845, 0.0303337
5700.83, 1.00011, 0.00465094, 0.99838, 0.0321721
5700.84, 1.00019, 0.00465185, 0.99828, 0.0358489
5700.85, 1.0007, 0.00465159, 0.99816, 0.0395257
5700.86, 1.00005, 0.00465004, 0.99801, 0.0441218
5700.87, 0.998847, 0.00464736, 0.99784, 0.049637
5700.88, 0.997794, 0.00464404, 0.99765, 0.0560714
5700.89, 0.996739, 0.00464084, 0.99744, 0.0643442
5700.9, 0.995608, 0.00463747, 0.9972, 0.0753747
5700.91, 0.994539, 0.00463469, 0.99692, 0.0919203
5700.92, 0.993926, 0.00463535, 0.99657, 0.113981
5700.93, 0.993887, 0.00463789, 0.99612, 0.150749
5700.94, 0.994035, 0.00463889, 0.99546, 0.204063
5700.95, 0.993257, 0.00463658, 0.99444, 0.286791
5700.96, 0.991125, 0.00463091, 0.99281, 0.405369
5700.97, 0.988, 0.00462249, 0.9902, 0.569906
5700.98, 0.984867, 0.0046107, 0.98611, 0.787757
5700.99, 0.980735, 0.00459379, 0.97993, 1.05984
5701, 0.973291, 0.00456935, 0.97104, 1.38432
5701.01, 0.962929, 0.00453542, 0.95892, 1.75568
5701.02, 0.949781, 0.0044896, 0.94334, 2.16105
5701.03, 0.932965, 0.00442943, 0.92443, 2.58572
5701.04, 0.912795, 0.00435669, 0.90281, 3.01499
5701.05, 0.890281, 0.00427514, 0.87958, 3.42771
5701.06, 0.866736, 0.00418906, 0.85625, 3.8055
5701.07, 0.842936, 0.004102, 0.83458, 4.12906
5701.08, 0.820926, 0.00402225, 0.81643, 4.3846
5701.09, 0.805682, 0.00396754, 0.8035, 4.55741
5701.1, 0.79903, 0.00394455, 0.79705, 4.64106
5701.11, 0.800548, 0.00395192, 0.79773, 4.63095
5701.12, 0.809739, 0.00398769, 0.80548, 4.52891
5701.13, 0.825658, 0.00404794, 0.81949, 4.33772
5701.14, 0.846973, 0.00412725, 0.8384, 4.06839
5701.15, 0.872193, 0.00422024, 0.86045, 3.73013
5701.16, 0.898131, 0.00431568, 0.8838, 3.34314
5701.17, 0.920571, 0.00439867, 0.9067, 2.92582
5701.18, 0.938983, 0.00446693, 0.92772, 2.49564
5701.19, 0.953823, 0.00452194, 0.94587, 2.07372
5701.2, 0.965269, 0.00456474, 0.96062, 1.67387
5701.21, 0.973301, 0.00459588, 0.97191, 1.31078
5701.22, 0.97789, 0.00461474, 0.98008, 0.996416
5701.23, 0.979271, 0.00461997, 0.98565, 0.735363
5701.24, 0.979058, 0.00461943, 0.98925, 0.529461
5701.25, 0.977653, 0.0046165, 0.99146, 0.374116
5701.26, 0.971371, 0.00459446, 0.99275, 0.263811
5701.27, 0.961735, 0.00455908, 0.99345, 0.187517
5701.28, 0.952847, 0.00452753, 0.99377, 0.13788
5701.29, 0.944418, 0.00449821, 0.99385, 0.104789
5701.3, 0.938163, 0.00447691, 0.99373, 0.0836475
5701.31, 0.937379, 0.00447572, 0.99343, 0.0698594
5701.32, 0.941387, 0.00449177, 0.99293, 0.058829
5701.33, 0.949302, 0.00452133, 0.9922, 0.0523946
5701.34, 0.960445, 0.00456189, 0.99119, 0.0468794
5701.35, 0.970197, 0.00459876, 0.98985, 0.0413641
5701.36, 0.975637, 0.00462217, 0.98809, 0.0367681
5701.37, 0.978312, 0.00463548, 0.98574, 0.0330913
5701.38, 0.979786, 0.00464143, 0.98249, 0.0303337
5701.39, 0.980238, 0.00464041, 0.97793, 0.0257377
5701.4, 0.977764, 0.00463029, 0.97168, 0.0202225
5701.41, 0.972878, 0.00461327, 0.96419, 0.0147073
5701.42, 0.966341, 0.0045907, 0.95756, 0.0101112
5701.43, 0.955951, 0.00455551, 0.95532, 0.00459602
5701.44, 0.940968, 0.00450229, 1, 0
5701.45, 0.920895, 0.00442646, 1, 0
5701.46, 0.891571, 0.00431911, 1, 0
5701.47, 0.849512, 0.00416758, 1, 0
5701.48, 0.794419, 0.00396514, 1, 0
5701.49, 0.735441, 0.00374715, 1, 0
