wav, obs, sigma_obs, syn, weight
5747.13, 0.999139, 0.00398587, 1, 0
5747.14, 0.999284, 0.0039877, 1, 0
5747.15, 0.999455, 0.00399032, 1, 0
5747.16, 0.999553, 0.00399075, 1, 0
5747.17, 0.999353, 0.00398811, 1, 0
5747.18, 0.998413, 0.00398614, 1, 0
5747.19, 0.997067, 0.00398511, 0.98026, 0.0198726
5747.2, 0.996234, 0.00398286, 0.97862, 0.0351083
5747.21, 0.996374, 0.00398218, 0.9791, 0.0523312
5747.22, 0.997255, 0.0039848, 0.98107, 0.0695542
5747.23, 0.99777, 0.00398786, 0.98377, 0.0828026
5747.24, 0.997676, 0.00398898, 0.98664, 0.0940637
5747.25, 0.99735, 0.00398756, 0.98934, 0.102013
5747.26, 0.997055, 0.0039873, 0.99167, 0.108637
5747.27, 0.997106, 0.00399003, 0.99357, 0.115924
5747.28, 0.997789, 0.00399334, 0.99505, 0.121885
5747.29, 0.997983, 0.00399382, 0.99617, 0.129172
5747.3, 0.996852, 0.00399056, 0.99698, 0.137784
5747.31, 0.996698, 0.00399129, 0.99754, 0.146395
5747.32, 0.997732, 0.00399567, 0.9979, 0.155669
5747.33, 0.99753, 0.00399428, 0.99812, 0.165605
5747.34, 0.996513, 0.00399057, 0.99821, 0.176866
5747.35, 0.995895, 0.00399041, 0.99822, 0.189452
5747.36, 0.995674, 0.00399166, 0.99815, 0.202701
5747.37, 0.995706, 0.00399286, 0.99802, 0.217936
5747.38, 0.9958, 0.00399401, 0.99784, 0.235159
5747.39, 0.995371, 0.00399365, 0.9976, 0.25437
5747.4, 0.994373, 0.00399157, 0.99732, 0.276229
5747.41, 0.993914, 0.00399068, 0.99701, 0.301401
5747.42, 0.993751, 0.00399001, 0.99667, 0.329223
5747.43, 0.992942, 0.00398695, 0.99632, 0.363007
5747.44, 0.992122, 0.00398441, 0.99595, 0.402752
5747.45, 0.991892, 0.00398458, 0.99557, 0.449121
5747.46, 0.992008, 0.0039859, 0.99517, 0.506752
5747.47, 0.990521, 0.00398236, 0.99474, 0.576306
5747.48, 0.986547, 0.00397143, 0.99423, 0.663746
5747.49, 0.985408, 0.0039689, 0.9936, 0.77172
5747.5, 0.987058, 0.0039741, 0.99274, 0.905529
5747.51, 0.984948, 0.00396676, 0.99155, 1.06848
5747.52, 0.98172, 0.00395583, 0.98982, 1.26191
5747.53, 0.981071, 0.00395393, 0.98733, 1.48448
5747.54, 0.978881, 0.00394941, 0.98376, 1.73157
5747.55, 0.973287, 0.00393505, 0.97877, 1.99654
5747.56, 0.965772, 0.00391237, 0.97201, 2.27343
5747.57, 0.958616, 0.00388956, 0.9632, 2.55363
5747.58, 0.952248, 0.00386973, 0.95218, 2.83251
5747.59, 0.94334, 0.00384284, 0.93903, 3.10543
5747.6, 0.931167, 0.00380639, 0.92412, 3.36841
5747.61, 0.917166, 0.00376436, 0.90808, 3.61748
5747.62, 0.902552, 0.0037203, 0.89185, 3.84734
5747.63, 0.888466, 0.00367734, 0.87653, 4.05004
5747.64, 0.875995, 0.00363829, 0.86329, 4.21697
5747.65, 0.865846, 0.00360642, 0.85325, 4.33952
5747.66, 0.858824, 0.00358531, 0.84729, 4.40775
5747.67, 0.856655, 0.00357853, 0.84594, 4.41768
5747.68, 0.859656, 0.00358728, 0.84931, 4.36668
5747.69, 0.86654, 0.00361024, 0.85705, 4.26003
5747.7, 0.87767, 0.00364709, 0.86841, 4.10502
5747.71, 0.892589, 0.00369415, 0.88231, 3.91027
5747.72, 0.90723, 0.00373913, 0.89753, 3.68505
5747.73, 0.920746, 0.00378072, 0.91282, 3.43863
5747.74, 0.934896, 0.00382588, 0.92707, 3.17697
5747.75, 0.947417, 0.00386694, 0.93941, 2.90405
5747.76, 0.955873, 0.0038952, 0.94933, 2.62451
5747.77, 0.960161, 0.0039095, 0.95666, 2.34166
5747.78, 0.962234, 0.00391594, 0.96155, 2.06145
5747.79, 0.964215, 0.0039218, 0.96436, 1.78986
5747.8, 0.963991, 0.00392172, 0.96559, 1.5335
5747.81, 0.961036, 0.00391414, 0.9657, 1.30033
5747.82, 0.958151, 0.00390625, 0.96501, 1.09366
5747.83, 0.954908, 0.00389662, 0.9636, 0.91679
5747.84, 0.950105, 0.00388188, 0.96127, 0.769733
5747.85, 0.945617, 0.00386752, 0.95759, 0.647847
5747.86, 0.941699, 0.003855, 0.95198, 0.549809
5747.87, 0.936492, 0.00384004, 0.94389, 0.468994
5747.88, 0.929745, 0.00382027, 0.93302, 0.403414
5747.89, 0.920911, 0.00379259, 0.91949, 0.349758
5747.9, 0.907438, 0.00375074, 0.90396, 0.305376
5747.91, 0.889128, 0.00369435, 0.88757, 0.267618
5747.92, 0.868174, 0.00362925, 0.87188, 0.235822
5747.93, 0.847841, 0.0035659, 0.85853, 0.209987
5747.94, 0.831516, 0.00351541, 0.84911, 0.187465
5747.95, 0.822229, 0.00348741, 0.84478, 0.168917
5747.96, 0.822227, 0.0034882, 0.84619, 0.153682
5747.97, 0.83248, 0.00352011, 0.85336, 0.141096
5747.98, 0.851137, 0.00357847, 0.86564, 0.131822
5747.99, 0.875594, 0.00365604, 0.88186, 0.124535
5748, 0.90283, 0.00374333, 0.90045, 0.119236
5748.01, 0.927926, 0.0038237, 0.91972, 0.115261
5748.02, 0.947318, 0.00388503, 0.93809, 0.113274
5748.03, 0.963087, 0.00393491, 0.95431, 0.111949
5748.04, 0.975534, 0.00397453, 0.96763, 0.110624
5748.05, 0.983091, 0.00399837, 0.97779, 0.108637
5748.06, 0.987915, 0.00401383, 0.98499, 0.107312
5748.07, 0.991952, 0.00402731, 0.98971, 0.105325
5748.08, 0.994275, 0.00403487, 0.99257, 0.102013
5748.09, 0.99464, 0.00403604, 0.99415, 0.0980383
5748.1, 0.993808, 0.00403421, 0.99492, 0.0914141
5748.11, 0.993654, 0.00403492, 0.99525, 0.0828026
5748.12, 0.99462, 0.00403913, 0.9954, 0.0695542
5748.13, 0.994885, 0.00404095, 0.99555, 0.0529937
5748.14, 0.994053, 0.00403861, 0.99586, 0.0351083
5748.15, 0.992881, 0.00403419, 0.99642, 0.0198726
5748.16, 0.992916, 0.00403345, 1, 0
5748.17, 0.993526, 0.00403588, 1, 0
5748.18, 0.992263, 0.00403492, 1, 0
5748.19, 0.990777, 0.00403272, 1, 0
5748.2, 0.990975, 0.00403269, 1, 0
5748.21, 0.991445, 0.00403303, 1, 0
