wav, obs, sigma_obs, syn, weight
5792.67, 1.0034, 0.00358091, 1, 0
5792.68, 1.00331, 0.00358199, 1, 0
5792.69, 1.00332, 0.00358319, 1, 0
5792.7, 1.00356, 0.00358453, 1, 0
5792.71, 1.00341, 0.00358415, 1, 0
5792.72, 1.00252, 0.00358137, 1, 0
5792.73, 1.00215, 0.00358059, 1, 0
5792.74, 1.00279, 0.00358327, 0.99929, 0.0109832
5792.75, 1.0036, 0.00358583, 0.99922, 0.0155595
5792.76, 1.00365, 0.00358562, 0.99915, 0.0210511
5792.77, 1.00235, 0.00358186, 0.99908, 0.0265427
5792.78, 1.0012, 0.00357928, 0.999, 0.0302037
5792.79, 1.0013, 0.00358083, 0.99891, 0.0329495
5792.8, 1.00125, 0.00358072, 0.99882, 0.0366106
5792.81, 1.00054, 0.00357783, 0.99872, 0.0402716
5792.82, 1.00018, 0.00357784, 0.99861, 0.044848
5792.83, 0.999982, 0.00357934, 0.9985, 0.0494243
5792.84, 0.999284, 0.00357768, 0.99839, 0.0558311
5792.85, 0.998679, 0.00357486, 0.99828, 0.0631533
5792.86, 0.998732, 0.00357385, 0.99814, 0.0732212
5792.87, 0.999074, 0.00357525, 0.99798, 0.0869501
5792.88, 0.999168, 0.00357724, 0.99777, 0.106171
5792.89, 0.998523, 0.00357617, 0.99749, 0.13729
5792.9, 0.99752, 0.00357336, 0.99707, 0.181222
5792.91, 0.996719, 0.00357161, 0.99643, 0.248952
5792.92, 0.995366, 0.00356805, 0.99542, 0.346885
5792.93, 0.992709, 0.00356025, 0.99382, 0.482344
5792.94, 0.988711, 0.00354974, 0.99127, 0.665397
5792.95, 0.983719, 0.00353737, 0.98729, 0.899705
5792.96, 0.97818, 0.00352259, 0.98131, 1.18435
5792.97, 0.970818, 0.00350243, 0.97269, 1.51751
5792.98, 0.96, 0.00347342, 0.96089, 1.89002
5792.99, 0.946018, 0.00343475, 0.94559, 2.29182
5793, 0.929302, 0.00338718, 0.92684, 2.70827
5793.01, 0.909714, 0.00333313, 0.9052, 3.12288
5793.02, 0.887232, 0.00327245, 0.88175, 3.51919
5793.03, 0.862314, 0.00320388, 0.85803, 3.87706
5793.04, 0.837751, 0.00313565, 0.83592, 4.18276
5793.05, 0.816948, 0.0030784, 0.81741, 4.4189
5793.06, 0.801921, 0.00303639, 0.8043, 4.57632
5793.07, 0.794152, 0.00301355, 0.79792, 4.64588
5793.08, 0.794682, 0.00301496, 0.79894, 4.62392
5793.09, 0.803634, 0.00304122, 0.80719, 4.51317
5793.1, 0.820235, 0.00308877, 0.82175, 4.3173
5793.11, 0.842462, 0.00315112, 0.84109, 4.04638
5793.12, 0.867619, 0.00322063, 0.86334, 3.71414
5793.13, 0.892495, 0.00328969, 0.88658, 3.33431
5793.14, 0.915106, 0.00335293, 0.90907, 2.92793
5793.15, 0.935284, 0.0034082, 0.92948, 2.51057
5793.16, 0.952434, 0.00345442, 0.94694, 2.09962
5793.17, 0.965682, 0.00349107, 0.9611, 1.71063
5793.18, 0.974771, 0.00351747, 0.97203, 1.35551
5793.19, 0.980394, 0.00353454, 0.98011, 1.04523
5793.2, 0.985028, 0.00354737, 0.98586, 0.784382
5793.21, 0.989646, 0.00355893, 0.98985, 0.575701
5793.22, 0.993121, 0.00356882, 0.99259, 0.41553
5793.23, 0.995227, 0.00357606, 0.99445, 0.297461
5793.24, 0.996421, 0.00358003, 0.99572, 0.215087
5793.25, 0.997429, 0.00358309, 0.9966, 0.159256
5793.26, 0.998556, 0.00358647, 0.99722, 0.122645
5793.27, 0.999081, 0.00358732, 0.99767, 0.0979333
5793.28, 0.999046, 0.00358633, 0.998, 0.0805433
5793.29, 0.999316, 0.00358789, 0.99824, 0.0686448
5793.3, 0.999634, 0.00359042, 0.99843, 0.0604075
5793.31, 0.999323, 0.00359017, 0.99857, 0.0530853
5793.32, 0.998491, 0.00358755, 0.99869, 0.048509
5793.33, 0.997229, 0.00358359, 0.99878, 0.0439327
5793.34, 0.995262, 0.0035786, 0.99885, 0.0402716
5793.35, 0.99304, 0.00357331, 0.9989, 0.0356953
5793.36, 0.991617, 0.00356899, 0.99895, 0.0320343
5793.37, 0.991291, 0.00356728, 0.99899, 0.0274579
5793.38, 0.991873, 0.00356908, 0.99903, 0.0228816
5793.39, 0.992765, 0.00357239, 0.99907, 0.01739
5793.4, 0.993474, 0.00357536, 0.99913, 0.0118984
5793.41, 0.993859, 0.00357747, 1, 0
5793.42, 0.994347, 0.00357985, 1, 0
5793.43, 0.995601, 0.00358427, 1, 0
5793.44, 0.997075, 0.00358886, 1, 0
5793.45, 0.998085, 0.00359143, 1, 0
5793.46, 0.998927, 0.00359332, 1, 0
5793.47, 0.999875, 0.00359564, 1, 0
