wav, obs, sigma_obs, syn, weight
5948.07, 0.998614, 0.00349203, 1, 0
5948.08, 0.998805, 0.00349279, 1, 0
5948.09, 0.999083, 0.00349374, 1, 0
5948.1, 1.00003, 0.00349623, 1, 0
5948.11, 1.00141, 0.00349962, 1, 0
5948.12, 1.00248, 0.00350205, 1, 0
5948.13, 1.00287, 0.00350276, 1, 0
5948.14, 1.00255, 0.00350196, 0.99823, 0.0271634
5948.15, 1.00207, 0.00350078, 0.99788, 0.039387
5948.16, 1.00208, 0.00350059, 0.99759, 0.0509314
5948.17, 1.00225, 0.00350069, 0.99736, 0.0604386
5948.18, 1.00188, 0.00349976, 0.99716, 0.0699458
5948.19, 1.00104, 0.00349764, 0.99696, 0.0767367
5948.2, 1.00008, 0.00349491, 0.99676, 0.0828484
5948.21, 0.999654, 0.00349359, 0.99654, 0.0889602
5948.22, 1.00002, 0.00349459, 0.9963, 0.0957511
5948.23, 0.999931, 0.00349426, 0.99603, 0.102542
5948.24, 0.998738, 0.00349068, 0.99573, 0.11137
5948.25, 0.997908, 0.00348833, 0.99539, 0.120198
5948.26, 0.998003, 0.00348896, 0.99502, 0.130384
5948.27, 0.997284, 0.00348745, 0.9946, 0.141929
5948.28, 0.995315, 0.00348223, 0.99412, 0.154832
5948.29, 0.99395, 0.00347806, 0.99358, 0.17113
5948.3, 0.993426, 0.00347591, 0.99294, 0.190144
5948.31, 0.991907, 0.00347184, 0.99219, 0.213233
5948.32, 0.989377, 0.00346558, 0.99128, 0.242434
5948.33, 0.987505, 0.00346032, 0.99015, 0.279783
5948.34, 0.985716, 0.0034547, 0.98868, 0.330036
5948.35, 0.981929, 0.00344433, 0.98672, 0.397265
5948.36, 0.976507, 0.0034301, 0.984, 0.486904
5948.37, 0.971082, 0.00341563, 0.98014, 0.603707
5948.38, 0.965602, 0.00340068, 0.97463, 0.753106
5948.39, 0.959104, 0.00338296, 0.96685, 0.935101
5948.4, 0.949928, 0.00335839, 0.95608, 1.14969
5948.41, 0.936722, 0.00332362, 0.94166, 1.39145
5948.42, 0.92067, 0.00328126, 0.92304, 1.65222
5948.43, 0.90283, 0.00323355, 0.89993, 1.92521
5948.44, 0.881407, 0.00317562, 0.8724, 2.20092
5948.45, 0.85476, 0.00310317, 0.84089, 2.47595
5948.46, 0.823304, 0.00301745, 0.8062, 2.74554
5948.47, 0.787969, 0.00292113, 0.76949, 3.00631
5948.48, 0.750065, 0.00281795, 0.73216, 3.25689
5948.49, 0.711037, 0.00271154, 0.69586, 3.49254
5948.5, 0.672504, 0.00260518, 0.66238, 3.70781
5948.51, 0.636919, 0.00250553, 0.63356, 3.89388
5948.52, 0.607747, 0.0024235, 0.61116, 4.0392
5948.53, 0.587755, 0.00236752, 0.59665, 4.13495
5948.54, 0.578892, 0.00234304, 0.59104, 4.17162
5948.55, 0.582438, 0.00235335, 0.59474, 4.1465
5948.56, 0.598951, 0.00239952, 0.60749, 4.06161
5948.57, 0.626555, 0.00247635, 0.62838, 3.92444
5948.58, 0.661915, 0.00257478, 0.65602, 3.74448
5948.59, 0.70218, 0.00268622, 0.68869, 3.53396
5948.6, 0.744738, 0.00280256, 0.72455, 3.30104
5948.61, 0.786927, 0.00291706, 0.76181, 3.05317
5948.62, 0.826133, 0.00302355, 0.79877, 2.79376
5948.63, 0.860093, 0.003116, 0.83398, 2.5262
5948.64, 0.887427, 0.00319044, 0.86622, 2.25185
5948.65, 0.909553, 0.00325014, 0.89461, 1.97614
5948.66, 0.927959, 0.0032989, 0.91864, 1.70315
5948.67, 0.942638, 0.00333765, 0.93816, 1.43898
5948.68, 0.953709, 0.00336732, 0.95341, 1.19451
5948.69, 0.962097, 0.00338988, 0.96488, 0.974488
5948.7, 0.968649, 0.00340725, 0.97322, 0.785702
5948.71, 0.973911, 0.00342101, 0.97914, 0.629512
5948.72, 0.978024, 0.00343182, 0.9833, 0.507277
5948.73, 0.980673, 0.00343925, 0.98622, 0.412884
5948.74, 0.982153, 0.00344376, 0.98831, 0.342259
5948.75, 0.983349, 0.00344671, 0.98986, 0.288611
5948.76, 0.984147, 0.00344816, 0.99105, 0.249224
5948.77, 0.983658, 0.00344707, 0.99199, 0.218666
5948.78, 0.981547, 0.00344198, 0.99276, 0.194218
5948.79, 0.977964, 0.00343179, 0.99341, 0.175204
5948.8, 0.97407, 0.00342022, 0.99396, 0.158227
5948.81, 0.97128, 0.00341241, 0.99443, 0.143966
5948.82, 0.969542, 0.00340791, 0.99485, 0.131743
5948.83, 0.96849, 0.00340502, 0.99521, 0.121556
5948.84, 0.968866, 0.00340589, 0.99554, 0.112728
5948.85, 0.971345, 0.00341266, 0.99583, 0.1039
5948.86, 0.97527, 0.00342354, 0.99609, 0.0964302
5948.87, 0.979757, 0.00343599, 0.99632, 0.0903184
5948.88, 0.984097, 0.00344762, 0.99653, 0.0842066
5948.89, 0.988112, 0.00345781, 0.99673, 0.0774158
5948.9, 0.992633, 0.0034694, 0.99692, 0.0706249
5948.91, 0.997381, 0.00348205, 0.99712, 0.0617968
5948.92, 1.00017, 0.00348985, 0.99735, 0.0516105
5948.93, 1.00066, 0.0034915, 0.99765, 0.039387
5948.94, 1.00091, 0.00349188, 0.99803, 0.0278425
5948.95, 1.00154, 0.00349261, 1, 0
5948.96, 1.00171, 0.00349197, 1, 0
5948.97, 1.00169, 0.00349125, 1, 0
5948.98, 1.00254, 0.00349381, 1, 0
5948.99, 1.00423, 0.00349936, 1, 0
5949, 1.00579, 0.00350444, 1, 0
5949.01, 1.00726, 0.00350921, 1, 0
