wav, obs, sigma_obs, syn, weight
6087.4, 1.00068, 0.00629544, 1, 0
6087.41, 0.999861, 0.00628676, 1, 0
6087.42, 1.00057, 0.00628364, 1, 0
6087.43, 1.00255, 0.00629586, 1, 0
6087.44, 1.00271, 0.00630261, 1, 0
6087.45, 0.999741, 0.00628986, 1, 0
6087.46, 0.998617, 0.00628219, 1, 0
6087.47, 1.00034, 0.00628766, 0.9957, 0.0207877
6087.48, 1.00017, 0.00628785, 0.99492, 0.0341512
6087.49, 0.998342, 0.00628241, 0.99427, 0.0519692
6087.5, 0.997914, 0.00628128, 0.99382, 0.0683024
6087.51, 0.997717, 0.00627802, 0.99363, 0.0861204
6087.52, 0.996361, 0.006268, 0.99373, 0.099484
6087.53, 0.995786, 0.00626635, 0.99407, 0.114332
6087.54, 0.996794, 0.00627701, 0.99456, 0.127696
6087.55, 0.997926, 0.00628484, 0.99509, 0.144029
6087.56, 0.998779, 0.0062876, 0.99554, 0.164817
6087.57, 0.999575, 0.00629132, 0.99584, 0.188574
6087.58, 0.998893, 0.00628802, 0.9959, 0.216786
6087.59, 0.996018, 0.00627287, 0.99571, 0.252422
6087.6, 0.994146, 0.00626583, 0.99524, 0.292513
6087.61, 0.994297, 0.00627207, 0.99449, 0.340027
6087.62, 0.993337, 0.00626905, 0.99346, 0.396451
6087.63, 0.991436, 0.00625731, 0.99217, 0.463269
6087.64, 0.991047, 0.00625389, 0.99064, 0.544935
6087.65, 0.990343, 0.00625023, 0.98892, 0.642934
6087.66, 0.987368, 0.00623581, 0.98708, 0.76172
6087.67, 0.98554, 0.00622866, 0.98518, 0.89981
6087.68, 0.986316, 0.00623477, 0.98326, 1.06314
6087.69, 0.986303, 0.00623212, 0.98134, 1.24726
6087.7, 0.984232, 0.00621634, 0.97933, 1.45365
6087.71, 0.98103, 0.0061995, 0.97711, 1.67638
6087.72, 0.977471, 0.00618615, 0.97452, 1.90801
6087.73, 0.974034, 0.00617565, 0.97141, 2.14113
6087.74, 0.970498, 0.00616187, 0.96769, 2.36534
6087.75, 0.966272, 0.00614101, 0.96342, 2.57173
6087.76, 0.9605, 0.00611558, 0.95879, 2.75585
6087.77, 0.954592, 0.00609094, 0.95418, 2.90434
6087.78, 0.951493, 0.00607326, 0.95006, 3.01719
6087.79, 0.949445, 0.00605885, 0.9469, 3.08846
6087.8, 0.945861, 0.00604306, 0.94508, 3.11815
6087.81, 0.943708, 0.00603558, 0.94483, 3.10331
6087.82, 0.945001, 0.00604249, 0.94614, 3.04391
6087.83, 0.947576, 0.00605676, 0.94878, 2.94294
6087.84, 0.95033, 0.00607187, 0.95241, 2.80337
6087.85, 0.953678, 0.00608454, 0.95662, 2.62667
6087.86, 0.95827, 0.00610323, 0.96104, 2.41731
6087.87, 0.96428, 0.00613612, 0.96539, 2.17825
6087.88, 0.969631, 0.00616645, 0.9695, 1.90653
6087.89, 0.972669, 0.00618078, 0.97329, 1.60065
6087.9, 0.973755, 0.00618486, 0.97672, 1.26805
6087.91, 0.974397, 0.00618777, 0.9798, 0.925052
6087.92, 0.976714, 0.00619824, 0.98254, 0.608782
6087.93, 0.979762, 0.00621152, 0.98495, 0.353391
6087.94, 0.981478, 0.00621853, 1, 0
6087.95, 0.982171, 0.00622288, 1, 0
6087.96, 0.982801, 0.00622973, 1, 0
6087.97, 0.984318, 0.00624029, 1, 0
6087.98, 0.986845, 0.00625385, 1, 0
6087.99, 0.989354, 0.00626735, 1, 0
6088, 0.991747, 0.00628052, 1, 0
