wav, obs, sigma_obs, syn, weight
6091.5, 1.00086, 0.00650496, 1, 0
6091.51, 0.999762, 0.00649851, 1, 0
6091.52, 0.998661, 0.00649206, 1, 0
6091.53, 0.997596, 0.00648528, 1, 0
6091.54, 0.996469, 0.00647908, 1, 0
6091.55, 0.995303, 0.00647505, 1, 0
6091.56, 0.995068, 0.00647503, 1, 0
6091.57, 0.996518, 0.00648053, 0.99796, 0.0216695
6091.58, 0.999198, 0.0064917, 0.99765, 0.0365673
6091.59, 1.00108, 0.00650132, 0.99728, 0.0555281
6091.6, 0.999359, 0.00649725, 0.99678, 0.0731346
6091.61, 0.99669, 0.00648844, 0.99609, 0.0880324
6091.62, 0.996721, 0.00648851, 0.99513, 0.100221
6091.63, 0.997141, 0.00649134, 0.99381, 0.111056
6091.64, 0.995954, 0.00648844, 0.99206, 0.120537
6091.65, 0.993638, 0.0064751, 0.98986, 0.130017
6091.66, 0.990996, 0.00645783, 0.98726, 0.142206
6091.67, 0.988645, 0.00644762, 0.98438, 0.157104
6091.68, 0.985718, 0.00643664, 0.98142, 0.17471
6091.69, 0.981869, 0.00641831, 0.97864, 0.195026
6091.7, 0.978995, 0.00640297, 0.9763, 0.219404
6091.71, 0.976953, 0.00639092, 0.97463, 0.251908
6091.72, 0.973549, 0.006372, 0.97376, 0.291184
6091.73, 0.970483, 0.0063588, 0.97371, 0.33994
6091.74, 0.970416, 0.00636663, 0.97439, 0.404949
6091.75, 0.972308, 0.0063795, 0.97557, 0.487564
6091.76, 0.974319, 0.00638461, 0.97692, 0.593203
6091.77, 0.974818, 0.00638526, 0.97806, 0.724574
6091.78, 0.974997, 0.00638917, 0.97858, 0.887095
6091.79, 0.977005, 0.00640156, 0.9781, 1.08483
6091.8, 0.976981, 0.00640212, 0.97629, 1.31371
6091.81, 0.972078, 0.00637724, 0.97291, 1.5751
6091.82, 0.966366, 0.00634791, 0.9678, 1.86222
6091.83, 0.961025, 0.00632054, 0.96095, 2.16966
6091.84, 0.95345, 0.00628259, 0.95245, 2.48522
6091.85, 0.944076, 0.00623824, 0.94258, 2.79943
6091.86, 0.934307, 0.00619516, 0.9318, 3.09739
6091.87, 0.923302, 0.00614226, 0.92072, 3.37096
6091.88, 0.911346, 0.00607918, 0.91011, 3.60526
6091.89, 0.901126, 0.00602751, 0.9008, 3.79623
6091.9, 0.893776, 0.00599412, 0.89358, 3.93708
6091.91, 0.889257, 0.00597467, 0.8891, 4.02105
6091.92, 0.888175, 0.00596996, 0.88779, 4.04407
6091.93, 0.890832, 0.00598088, 0.88978, 4.00886
6091.94, 0.896369, 0.00600462, 0.89487, 3.91405
6091.95, 0.90471, 0.0060445, 0.90261, 3.76508
6091.96, 0.91633, 0.00610733, 0.91229, 3.56463
6091.97, 0.928108, 0.00617184, 0.92313, 3.32085
6091.98, 0.937082, 0.00621628, 0.93431, 3.04321
6091.99, 0.946777, 0.00626369, 0.94515, 2.73984
6092, 0.957887, 0.00632023, 0.95508, 2.42834
6092.01, 0.965211, 0.00635504, 0.96377, 2.11413
6092.02, 0.969218, 0.0063733, 0.97106, 1.81211
6092.03, 0.973768, 0.00640012, 0.97698, 1.53041
6092.04, 0.977775, 0.00642078, 0.98163, 1.27715
6092.05, 0.979794, 0.00642329, 0.98521, 1.05368
6092.06, 0.981053, 0.00642869, 0.98794, 0.86678
6092.07, 0.982269, 0.00644267, 0.99, 0.711031
6092.08, 0.983356, 0.00645272, 0.99157, 0.585077
6092.09, 0.984772, 0.006459, 0.99278, 0.484855
6092.1, 0.986654, 0.00646588, 0.99373, 0.406303
6092.11, 0.987299, 0.00647113, 0.99449, 0.345358
6092.12, 0.987155, 0.00647579, 0.9951, 0.296601
6092.13, 0.989843, 0.0064867, 0.99562, 0.260034
6092.14, 0.993939, 0.00650106, 0.99605, 0.228884
6092.15, 0.995563, 0.00651087, 0.99641, 0.204506
6092.16, 0.99595, 0.0065156, 0.99673, 0.184191
6092.17, 0.996642, 0.00651844, 0.997, 0.166584
6092.18, 0.996748, 0.00652512, 0.99724, 0.151687
6092.19, 0.996498, 0.00653316, 0.99745, 0.138143
6092.2, 0.997216, 0.00653389, 0.99764, 0.127308
6092.21, 0.998446, 0.00653194, 0.9978, 0.116474
6092.22, 0.999385, 0.00653524, 0.99795, 0.104285
6092.23, 1.0005, 0.006544, 0.99809, 0.0907411
6092.24, 1.00179, 0.00655452, 0.99821, 0.0744889
6092.25, 1.00248, 0.00656042, 0.99832, 0.0568825
6092.26, 1.00255, 0.00656115, 0.99843, 0.0379216
6092.27, 1.00243, 0.00656003, 0.99856, 0.0216695
6092.28, 1.00206, 0.00656065, 1, 0
6092.29, 1.00149, 0.00656272, 1, 0
6092.3, 1.00109, 0.00655916, 1, 0
6092.31, 1.00116, 0.00655335, 1, 0
6092.32, 1.00176, 0.00655623, 1, 0
6092.33, 1.00264, 0.00656506, 1, 0
6092.34, 1.00342, 0.00657154, 1, 0
