wav, obs, sigma_obs, syn, weight
6106.07, 1.00039, 0.00572705, 1, 0
6106.08, 1.00016, 0.00572798, 1, 0
6106.09, 0.999993, 0.00573065, 1, 0
6106.1, 0.99973, 0.00573057, 1, 0
6106.11, 0.99933, 0.00572567, 1, 0
6106.12, 0.999231, 0.0057205, 1, 0
6106.13, 0.999974, 0.00572157, 1, 0
6106.14, 1.00088, 0.00572451, 1, 0
6106.15, 1.00052, 0.00571827, 0.99963, 0.0141034
6106.16, 0.999162, 0.00570562, 0.99959, 0.0211551
6106.17, 0.998791, 0.00570336, 0.99955, 0.0258562
6106.18, 1.00002, 0.00571494, 0.99952, 0.0329079
6106.19, 1.00119, 0.00572205, 0.99949, 0.037609
6106.2, 1.00112, 0.00571366, 0.99946, 0.0446607
6106.21, 1.00022, 0.00570088, 0.99943, 0.0517124
6106.22, 0.999177, 0.00569503, 0.99939, 0.0611147
6106.23, 0.99881, 0.00569558, 0.99933, 0.0716922
6106.24, 0.999733, 0.00569909, 0.99927, 0.0869709
6106.25, 1.00101, 0.00570187, 0.99917, 0.108126
6106.26, 1.00123, 0.00570053, 0.99904, 0.136333
6106.27, 1.00034, 0.00569565, 0.99887, 0.172767
6106.28, 0.999103, 0.00569018, 0.99862, 0.218603
6106.29, 0.998167, 0.00568653, 0.99829, 0.275016
6106.3, 0.998037, 0.00568651, 0.99785, 0.343183
6106.31, 0.998639, 0.0056894, 0.99729, 0.420751
6106.32, 0.999097, 0.00569102, 0.9966, 0.505372
6106.33, 0.998836, 0.00568853, 0.99577, 0.598219
6106.34, 0.998056, 0.00568259, 0.99484, 0.692241
6106.35, 0.996981, 0.00567421, 0.99382, 0.786264
6106.36, 0.995584, 0.00566411, 0.99275, 0.876761
6106.37, 0.993865, 0.00565332, 0.9917, 0.960206
6106.38, 0.992247, 0.00564518, 0.99072, 1.03425
6106.39, 0.991187, 0.00564283, 0.98985, 1.09654
6106.4, 0.990203, 0.00564097, 0.98914, 1.14825
6106.41, 0.988401, 0.00563064, 0.98861, 1.18939
6106.42, 0.986384, 0.00561586, 0.98827, 1.22229
6106.43, 0.98592, 0.00561087, 0.98809, 1.24933
6106.44, 0.987125, 0.00561753, 0.98802, 1.27518
6106.45, 0.988064, 0.00562231, 0.98798, 1.30456
6106.46, 0.987767, 0.00561867, 0.98787, 1.34335
6106.47, 0.987294, 0.00561488, 0.98757, 1.39624
6106.48, 0.987462, 0.00561674, 0.98697, 1.4691
6106.49, 0.987727, 0.00561809, 0.98595, 1.56548
6106.5, 0.987503, 0.00561303, 0.98445, 1.68771
6106.51, 0.987148, 0.0056067, 0.98243, 1.83227
6106.52, 0.987131, 0.00560593, 0.97993, 2.00033
6106.53, 0.986679, 0.00560586, 0.97704, 2.18485
6106.54, 0.984549, 0.00559699, 0.97388, 2.37642
6106.55, 0.980769, 0.00557939, 0.97064, 2.56564
6106.56, 0.976251, 0.0055597, 0.96755, 2.74546
6106.57, 0.971587, 0.00554056, 0.96482, 2.90647
6106.58, 0.967024, 0.00552027, 0.96266, 3.03576
6106.59, 0.963302, 0.00550079, 0.96124, 3.12978
6106.6, 0.961987, 0.00549023, 0.9607, 3.18149
6106.61, 0.963708, 0.00549303, 0.96108, 3.18502
6106.62, 0.966618, 0.00550309, 0.96236, 3.13448
6106.63, 0.969022, 0.00551393, 0.96447, 3.02518
6106.64, 0.971273, 0.00552369, 0.96728, 2.85006
6106.65, 0.974145, 0.0055323, 0.97062, 2.6009
6106.66, 0.977892, 0.00554396, 0.97429, 2.27887
6106.67, 0.982463, 0.0055634, 0.97813, 1.89573
6106.68, 0.986722, 0.00558393, 0.98198, 1.47851
6106.69, 0.988983, 0.00559266, 0.98569, 1.06951
6106.7, 0.989445, 0.00559032, 1, 0
6106.71, 0.989988, 0.00558975, 1, 0
6106.72, 0.991412, 0.00559609, 1, 0
6106.73, 0.992974, 0.00560343, 1, 0
6106.74, 0.994151, 0.00560769, 1, 0
6106.75, 0.995115, 0.00561027, 1, 0
6106.76, 0.996222, 0.00561398, 1, 0
6106.77, 0.997329, 0.00561769, 1, 0
