wav, obs, sigma_obs, syn, weight
6112.54, 1.00138, 0.00493008, 1, 0
6112.55, 1.00136, 0.00493121, 1, 0
6112.56, 1.00148, 0.00493332, 1, 0
6112.57, 1.00126, 0.00493293, 1, 0
6112.58, 1.00065, 0.00492929, 1, 0
6112.59, 1.00055, 0.00492769, 1, 0
6112.6, 1.00171, 0.00493276, 1, 0
6112.61, 1.00272, 0.00493718, 1, 0
6112.62, 1.0018, 0.00493142, 0.9997, 0.019064
6112.63, 0.999842, 0.00492111, 0.99965, 0.0269139
6112.64, 0.998863, 0.00491779, 0.99961, 0.0336423
6112.65, 0.99893, 0.00491984, 0.99958, 0.0414922
6112.66, 0.998945, 0.00491791, 0.99955, 0.0482206
6112.67, 0.99855, 0.00491161, 0.99951, 0.0549491
6112.68, 0.998023, 0.0049079, 0.99946, 0.0616776
6112.69, 0.997659, 0.00490873, 0.99941, 0.0695274
6112.7, 0.997746, 0.00491031, 0.99935, 0.0784987
6112.71, 0.998089, 0.00491018, 0.99927, 0.0908342
6112.72, 0.997809, 0.00490827, 0.99916, 0.106534
6112.73, 0.996674, 0.00490499, 0.99903, 0.128962
6112.74, 0.995829, 0.0049014, 0.99885, 0.156997
6112.75, 0.995991, 0.00489832, 0.9986, 0.19849
6112.76, 0.996356, 0.00489581, 0.99826, 0.252317
6112.77, 0.996118, 0.00489379, 0.9978, 0.324088
6112.78, 0.995334, 0.00489201, 0.99715, 0.418286
6112.79, 0.994292, 0.00489022, 0.99628, 0.539398
6112.8, 0.993452, 0.00488825, 0.99511, 0.685182
6112.81, 0.993195, 0.0048859, 0.99359, 0.860122
6112.82, 0.993032, 0.00488228, 0.99166, 1.05973
6112.83, 0.992158, 0.00487632, 0.98929, 1.28065
6112.84, 0.990254, 0.00486779, 0.98649, 1.51727
6112.85, 0.987313, 0.00485693, 0.98332, 1.76174
6112.86, 0.983884, 0.00484436, 0.97988, 2.00508
6112.87, 0.980883, 0.00483096, 0.97634, 2.23609
6112.88, 0.978225, 0.00481719, 0.97288, 2.44692
6112.89, 0.974866, 0.00480307, 0.96971, 2.63083
6112.9, 0.970721, 0.00478933, 0.96702, 2.77886
6112.91, 0.966987, 0.00477757, 0.965, 2.88763
6112.92, 0.964662, 0.00476925, 0.96378, 2.95492
6112.93, 0.964261, 0.00476542, 0.96344, 2.97847
6112.94, 0.965921, 0.00476719, 0.96398, 2.9594
6112.95, 0.96904, 0.00477586, 0.96536, 2.90109
6112.96, 0.972782, 0.00479069, 0.96746, 2.80689
6112.97, 0.975928, 0.00480464, 0.9701, 2.68241
6112.98, 0.977688, 0.00481199, 0.97306, 2.53551
6112.99, 0.979376, 0.00481784, 0.97613, 2.37627
6113, 0.982425, 0.00482829, 0.97906, 2.21254
6113.01, 0.985798, 0.00483915, 0.98166, 2.0533
6113.02, 0.987786, 0.00484359, 0.98379, 1.90752
6113.03, 0.988361, 0.00484313, 0.98534, 1.7808
6113.04, 0.988284, 0.00484289, 0.98631, 1.67763
6113.05, 0.98816, 0.00484367, 0.98673, 1.59689
6113.06, 0.988445, 0.00484361, 0.98671, 1.5397
6113.07, 0.988833, 0.00484209, 0.98637, 1.50045
6113.08, 0.988416, 0.00483962, 0.98586, 1.47578
6113.09, 0.987426, 0.00483767, 0.98533, 1.46008
6113.1, 0.987333, 0.00483865, 0.9849, 1.44662
6113.11, 0.988232, 0.0048414, 0.98466, 1.4298
6113.12, 0.988166, 0.00483959, 0.9847, 1.40513
6113.13, 0.986661, 0.00483242, 0.98503, 1.37148
6113.14, 0.986356, 0.00483028, 0.98567, 1.32214
6113.15, 0.988736, 0.00483879, 0.98656, 1.25934
6113.16, 0.991484, 0.00484816, 0.98765, 1.18197
6113.17, 0.992599, 0.00485, 0.98882, 1.09001
6113.18, 0.993189, 0.00484885, 0.98995, 0.984598
6113.19, 0.994595, 0.00485055, 0.99092, 0.869093
6113.2, 0.996168, 0.00485428, 0.99161, 0.743495
6113.21, 0.996846, 0.00485747, 0.99197, 0.613412
6113.22, 0.996637, 0.00485888, 0.99204, 0.482206
6113.23, 0.995942, 0.00485782, 0.992, 0.356609
6113.24, 0.994943, 0.00485448, 0.9921, 0.244467
6113.25, 0.993681, 0.00484937, 1, 0
6113.26, 0.991863, 0.00484169, 1, 0
6113.27, 0.989001, 0.00482985, 1, 0
6113.28, 0.985148, 0.0048143, 1, 0
6113.29, 0.980838, 0.0047973, 1, 0
6113.3, 0.976406, 0.00478015, 1, 0
6113.31, 0.971946, 0.00476298, 1, 0
6113.32, 0.967515, 0.00474584, 1, 0
