wav, obs, sigma_obs, syn, weight
6124.54, 0.997323, 0.00433954, 1, 0
6124.55, 0.997839, 0.00433986, 1, 0
6124.56, 0.998221, 0.00433936, 1, 0
6124.57, 0.999031, 0.00434143, 1, 0
6124.58, 1.00031, 0.00434656, 1, 0
6124.59, 1.00116, 0.00435018, 1, 0
6124.6, 1.001, 0.00434931, 1, 0
6124.61, 1.00073, 0.004348, 1, 0
6124.62, 1.00102, 0.00434933, 0.99867, 0.0341679
6124.63, 1.00109, 0.0043499, 0.99853, 0.0471517
6124.64, 1.00033, 0.00434706, 0.99839, 0.0608189
6124.65, 0.999322, 0.00434375, 0.99826, 0.0738027
6124.66, 0.998664, 0.00434252, 0.99811, 0.0840531
6124.67, 0.998398, 0.00434189, 0.99795, 0.0929368
6124.68, 0.998504, 0.00434073, 0.99779, 0.101137
6124.69, 0.999105, 0.00434117, 0.99764, 0.109337
6124.7, 1.00002, 0.0043441, 0.9975, 0.116854
6124.71, 1.00008, 0.00434482, 0.99738, 0.125738
6124.72, 0.998726, 0.00434046, 0.99728, 0.135988
6124.73, 0.997723, 0.00433688, 0.99721, 0.147605
6124.74, 0.998317, 0.00433828, 0.99715, 0.160589
6124.75, 0.998705, 0.00433879, 0.9971, 0.174256
6124.76, 0.997503, 0.00433397, 0.99705, 0.19134
6124.77, 0.996432, 0.00432983, 0.99698, 0.211841
6124.78, 0.996798, 0.00433088, 0.99687, 0.235759
6124.79, 0.996739, 0.00433069, 0.99671, 0.26446
6124.8, 0.994855, 0.00432437, 0.99646, 0.300678
6124.81, 0.99315, 0.00431871, 0.99612, 0.345779
6124.82, 0.993211, 0.00431904, 0.99567, 0.403181
6124.83, 0.993164, 0.00431866, 0.99509, 0.476301
6124.84, 0.991393, 0.00431196, 0.99435, 0.569238
6124.85, 0.989296, 0.00430447, 0.99339, 0.685409
6124.86, 0.988227, 0.00430136, 0.99212, 0.826864
6124.87, 0.98748, 0.00429969, 0.99043, 0.995653
6124.88, 0.986097, 0.00429551, 0.98812, 1.19109
6124.89, 0.983638, 0.00428707, 0.985, 1.41182
6124.9, 0.97999, 0.00427394, 0.9808, 1.65236
6124.91, 0.975761, 0.0042587, 0.9753, 1.9093
6124.92, 0.971257, 0.00424293, 0.9683, 2.17718
6124.93, 0.96532, 0.00422309, 0.95973, 2.45189
6124.94, 0.95689, 0.00419571, 0.94965, 2.7266
6124.95, 0.946207, 0.00416096, 0.93831, 2.99653
6124.96, 0.933883, 0.00412035, 0.92617, 3.2562
6124.97, 0.92087, 0.00407743, 0.91386, 3.49743
6124.98, 0.908114, 0.00403561, 0.90213, 3.71132
6124.99, 0.896302, 0.00399657, 0.8918, 3.89173
6125, 0.886191, 0.00396239, 0.88365, 4.02976
6125.01, 0.878956, 0.00393758, 0.87833, 4.11792
6125.02, 0.875813, 0.00392685, 0.87628, 4.1514
6125.03, 0.877833, 0.00393378, 0.87768, 4.12954
6125.04, 0.885252, 0.00395887, 0.88241, 4.05232
6125.05, 0.895642, 0.00399315, 0.8901, 3.92453
6125.06, 0.906796, 0.00402872, 0.90014, 3.75232
6125.07, 0.919059, 0.00406779, 0.91176, 3.54458
6125.08, 0.932707, 0.0041124, 0.92416, 3.30814
6125.09, 0.946035, 0.0041571, 0.93656, 3.05256
6125.1, 0.957405, 0.00419607, 0.94829, 2.784
6125.11, 0.966776, 0.00422736, 0.95885, 2.50929
6125.12, 0.974409, 0.00425072, 0.96793, 2.23527
6125.13, 0.980491, 0.00426882, 0.97542, 1.96534
6125.14, 0.985212, 0.00428415, 0.98135, 1.70566
6125.15, 0.988828, 0.00429654, 0.98589, 1.46102
6125.16, 0.991523, 0.00430535, 0.98926, 1.23688
6125.17, 0.993211, 0.00431006, 0.9917, 1.03597
6125.18, 0.993973, 0.00431113, 0.99343, 0.861032
6125.19, 0.994638, 0.00431203, 0.99467, 0.71411
6125.2, 0.995866, 0.00431556, 0.99555, 0.592472
6125.21, 0.997257, 0.00432022, 0.99619, 0.495435
6125.22, 0.998284, 0.004324, 0.99667, 0.417532
6125.23, 0.998724, 0.00432601, 0.99704, 0.356713
6125.24, 0.998612, 0.00432612, 0.99733, 0.309561
6125.25, 0.998633, 0.00432596, 0.99757, 0.271293
6125.26, 0.999216, 0.0043267, 0.99776, 0.240542
6125.27, 0.999528, 0.0043269, 0.99793, 0.215941
6125.28, 0.99893, 0.00432541, 0.99807, 0.195441
6125.29, 0.99824, 0.00432386, 0.99819, 0.178357
6125.3, 0.998126, 0.00432338, 0.99829, 0.162639
6125.31, 0.997826, 0.00432169, 0.99838, 0.149656
6125.32, 0.996791, 0.0043175, 0.99846, 0.138038
6125.33, 0.996071, 0.00431488, 0.99852, 0.127788
6125.34, 0.996609, 0.00431721, 0.99856, 0.118904
6125.35, 0.998007, 0.00432237, 0.99858, 0.110704
6125.36, 0.999547, 0.00432723, 0.99858, 0.103187
6125.37, 1.00034, 0.0043289, 0.99855, 0.0943035
6125.38, 1, 0.00432645, 0.9985, 0.0854198
6125.39, 0.999876, 0.00432501, 0.99842, 0.0744861
6125.4, 1.00085, 0.00432798, 0.99833, 0.0621856
6125.41, 1.00144, 0.00432989, 0.99825, 0.0485185
6125.42, 1.00055, 0.00432669, 0.99822, 0.0348513
6125.43, 0.999729, 0.00432389, 1, 0
6125.44, 1.00025, 0.00432605, 1, 0
6125.45, 1.00113, 0.00432913, 1, 0
6125.46, 1.00132, 0.00432923, 1, 0
6125.47, 1.00101, 0.0043278, 1, 0
6125.48, 1.00054, 0.00432668, 1, 0
6125.49, 1.00001, 0.00432584, 1, 0
6125.5, 0.999506, 0.00432483, 1, 0
