wav, obs, sigma_obs, syn, weight
6131.13, 1.00867, 0.0042831, 1, 0
6131.14, 1.00715, 0.00427972, 1, 0
6131.15, 1.00653, 0.00427784, 1, 0
6131.16, 1.00649, 0.00427673, 1, 0
6131.17, 1.00544, 0.00427336, 1, 0
6131.18, 1.00344, 0.00426815, 1, 0
6131.19, 1.00235, 0.00426527, 1, 0
6131.2, 1.0022, 0.00426431, 0.99931, 0.012033
6131.21, 1.00126, 0.00426048, 0.99924, 0.018909
6131.22, 0.999561, 0.00425465, 0.99918, 0.027504
6131.23, 0.998545, 0.00425206, 0.99912, 0.0352395
6131.24, 0.997757, 0.00425057, 0.99907, 0.0425453
6131.25, 0.995537, 0.00424339, 0.99901, 0.048132
6131.26, 0.992635, 0.00423308, 0.99896, 0.053289
6131.27, 0.991092, 0.00422728, 0.99891, 0.0580163
6131.28, 0.99073, 0.00422594, 0.99887, 0.0623138
6131.29, 0.990353, 0.00422538, 0.99883, 0.067041
6131.3, 0.990206, 0.00422562, 0.9988, 0.0730576
6131.31, 0.991021, 0.00422804, 0.99875, 0.0790741
6131.32, 0.992398, 0.00423158, 0.99871, 0.0863798
6131.33, 0.993624, 0.00423461, 0.99865, 0.0949748
6131.34, 0.994705, 0.00423781, 0.99857, 0.105289
6131.35, 0.995816, 0.0042421, 0.99847, 0.118611
6131.36, 0.996813, 0.0042461, 0.99834, 0.134942
6131.37, 0.997579, 0.00424842, 0.99817, 0.155999
6131.38, 0.998449, 0.00425024, 0.99796, 0.183933
6131.39, 0.999538, 0.0042524, 0.99768, 0.220892
6131.4, 0.999905, 0.00425301, 0.9973, 0.268594
6131.41, 0.998954, 0.00425076, 0.99678, 0.330048
6131.42, 0.997583, 0.00424746, 0.99604, 0.406974
6131.43, 0.996437, 0.00424427, 0.99498, 0.501519
6131.44, 0.994999, 0.00423959, 0.99348, 0.613254
6131.45, 0.992816, 0.00423227, 0.99135, 0.742609
6131.46, 0.989873, 0.00422271, 0.98841, 0.887434
6131.47, 0.986187, 0.00421115, 0.98447, 1.04429
6131.48, 0.981743, 0.00419725, 0.97937, 1.21104
6131.49, 0.976307, 0.00417983, 0.97304, 1.38208
6131.5, 0.969353, 0.00415667, 0.96554, 1.55441
6131.51, 0.960799, 0.00412789, 0.9571, 1.72115
6131.52, 0.951143, 0.0040965, 0.94813, 1.87801
6131.53, 0.941127, 0.00406508, 0.93919, 2.01854
6131.54, 0.931702, 0.00403553, 0.93098, 2.13758
6131.55, 0.923699, 0.00401011, 0.92417, 2.23083
6131.56, 0.917814, 0.0039913, 0.91942, 2.29358
6131.57, 0.914568, 0.00398085, 0.91719, 2.32409
6131.58, 0.914336, 0.00397987, 0.91768, 2.32108
6131.59, 0.917325, 0.00398903, 0.92085, 2.28541
6131.6, 0.923527, 0.00400843, 0.92636, 2.21923
6131.61, 0.931837, 0.00403471, 0.93367, 2.12597
6131.62, 0.940714, 0.00406311, 0.94211, 2.0108
6131.63, 0.950012, 0.00409331, 0.95095, 1.87973
6131.64, 0.959984, 0.00412608, 0.95955, 1.7392
6131.65, 0.969063, 0.0041556, 0.96738, 1.59695
6131.66, 0.975453, 0.00417537, 0.9741, 1.45986
6131.67, 0.980195, 0.00418983, 0.97951, 1.33523
6131.68, 0.984812, 0.00420511, 0.98358, 1.22952
6131.69, 0.98861, 0.0042179, 0.98635, 1.14915
6131.7, 0.990672, 0.00422413, 0.98793, 1.09887
6131.71, 0.991662, 0.00422707, 0.98839, 1.08254
6131.72, 0.992132, 0.00422935, 0.98778, 1.10016
6131.73, 0.991068, 0.00422578, 0.98606, 1.15173
6131.74, 0.987777, 0.00421315, 0.98315, 1.23381
6131.75, 0.983259, 0.00419769, 0.97895, 1.34254
6131.76, 0.978344, 0.00418372, 0.97337, 1.47104
6131.77, 0.97285, 0.00416778, 0.96637, 1.61328
6131.78, 0.966349, 0.00414665, 0.95809, 1.76198
6131.79, 0.958219, 0.00411964, 0.9488, 1.91067
6131.8, 0.948572, 0.00408817, 0.93899, 2.05163
6131.81, 0.938729, 0.00405653, 0.9293, 2.17883
6131.82, 0.929544, 0.00402721, 0.92049, 2.28541
6131.83, 0.92111, 0.00400001, 0.91334, 2.36621
6131.84, 0.914451, 0.00397844, 0.90852, 2.41692
6131.85, 0.911671, 0.00397037, 0.90653, 2.43411
6131.86, 0.913238, 0.00397671, 0.90758, 2.41305
6131.87, 0.917949, 0.00399149, 0.91158, 2.3503
6131.88, 0.924961, 0.00401231, 0.91816, 2.23814
6131.89, 0.933771, 0.00403985, 0.92668, 2.06624
6131.9, 0.943549, 0.00407207, 0.93639, 1.82601
6131.91, 0.953273, 0.00410491, 0.94654, 1.52046
6131.92, 0.962413, 0.00413517, 0.95642, 1.1715
6131.93, 0.970746, 0.00416054, 0.96552, 0.821683
6131.94, 0.97806, 0.00418175, 0.97354, 0.51656
6131.95, 0.984168, 0.00420074, 1, 0
6131.96, 0.989023, 0.00421701, 1, 0
6131.97, 0.992688, 0.00422935, 1, 0
6131.98, 0.995519, 0.00423848, 1, 0
6131.99, 0.997941, 0.00424574, 1, 0
6132, 1.00019, 0.00425211, 1, 0
6132.01, 1.00251, 0.00425889, 1, 0
