wav, obs, sigma_obs, syn, weight
6141.99, 0.982729, 0.0043044, 1, 0
6142, 0.983096, 0.00430368, 1, 0
6142.01, 0.983278, 0.00430374, 1, 0
6142.02, 0.983113, 0.00430442, 1, 0
6142.03, 0.982483, 0.00430458, 1, 0
6142.04, 0.982305, 0.00430608, 1, 0
6142.05, 0.984189, 0.0043129, 1, 0
6142.06, 0.986662, 0.00432013, 0.97441, 0.0556412
6142.07, 0.987041, 0.00431983, 0.97402, 0.0944024
6142.08, 0.98717, 0.00431964, 0.97502, 0.144417
6142.09, 0.989328, 0.00432822, 0.97672, 0.200683
6142.1, 0.990393, 0.00433362, 0.97852, 0.260076
6142.11, 0.988344, 0.00432758, 0.98006, 0.320093
6142.12, 0.987154, 0.00432344, 0.98121, 0.38011
6142.13, 0.988762, 0.00432826, 0.98191, 0.437627
6142.14, 0.990462, 0.00433396, 0.98222, 0.493268
6142.15, 0.990456, 0.00433434, 0.98223, 0.545783
6142.16, 0.988484, 0.00432726, 0.98205, 0.593922
6142.17, 0.986309, 0.00431924, 0.9818, 0.63581
6142.18, 0.986459, 0.0043204, 0.98157, 0.670195
6142.19, 0.987323, 0.00432459, 0.98144, 0.697703
6142.2, 0.986382, 0.00432201, 0.98148, 0.717083
6142.21, 0.985261, 0.00431847, 0.98173, 0.728337
6142.22, 0.985858, 0.00432097, 0.98218, 0.732713
6142.23, 0.987658, 0.00432789, 0.98282, 0.730212
6142.24, 0.989645, 0.00433563, 0.98361, 0.723335
6142.25, 0.990674, 0.0043399, 0.98449, 0.712082
6142.26, 0.990431, 0.00433906, 0.98538, 0.700829
6142.27, 0.989585, 0.00433482, 0.98623, 0.692076
6142.28, 0.989161, 0.00433223, 0.98695, 0.691451
6142.29, 0.990123, 0.00433716, 0.98749, 0.703954
6142.3, 0.991133, 0.00434261, 0.98777, 0.734588
6142.31, 0.99033, 0.00433876, 0.98773, 0.788979
6142.32, 0.988746, 0.00433222, 0.98727, 0.872128
6142.33, 0.987569, 0.0043301, 0.98627, 0.986536
6142.34, 0.985793, 0.00432586, 0.98457, 1.13158
6142.35, 0.982758, 0.0043151, 0.98193, 1.306
6142.36, 0.979206, 0.0043022, 0.97809, 1.50544
6142.37, 0.974857, 0.00428753, 0.9728, 1.7255
6142.38, 0.968111, 0.00426572, 0.96579, 1.95994
6142.39, 0.959297, 0.00423776, 0.95694, 2.20314
6142.4, 0.950073, 0.00420896, 0.94626, 2.44884
6142.41, 0.93947, 0.00417499, 0.93395, 2.69391
6142.42, 0.92576, 0.00412897, 0.92049, 2.93085
6142.43, 0.910501, 0.00407747, 0.90653, 3.15467
6142.44, 0.895863, 0.0040291, 0.89294, 3.35722
6142.45, 0.882512, 0.00398492, 0.88069, 3.52978
6142.46, 0.870885, 0.00394568, 0.87072, 3.66544
6142.47, 0.861588, 0.00391471, 0.86387, 3.75609
6142.48, 0.856051, 0.00389727, 0.86073, 3.7986
6142.49, 0.856608, 0.00390025, 0.86161, 3.78798
6142.5, 0.863013, 0.00392189, 0.86643, 3.72671
6142.51, 0.872963, 0.00395384, 0.87476, 3.61668
6142.52, 0.885872, 0.00399566, 0.88592, 3.46538
6142.53, 0.901725, 0.00404939, 0.899, 3.2797
6142.54, 0.918243, 0.00410619, 0.91305, 3.06777
6142.55, 0.93287, 0.00415567, 0.92712, 2.83582
6142.56, 0.944767, 0.00419511, 0.94043, 2.59263
6142.57, 0.954288, 0.00422621, 0.95238, 2.34318
6142.58, 0.963484, 0.0042564, 0.96261, 2.09186
6142.59, 0.972391, 0.00428606, 0.97101, 1.84491
6142.6, 0.978189, 0.00430556, 0.97762, 1.60484
6142.61, 0.980975, 0.00431528, 0.98265, 1.37727
6142.62, 0.983398, 0.00432426, 0.98636, 1.16784
6142.63, 0.986154, 0.00433445, 0.98904, 0.979034
6142.64, 0.988759, 0.00434362, 0.99096, 0.813986
6142.65, 0.990654, 0.00434987, 0.99232, 0.675196
6142.66, 0.991528, 0.00435247, 0.99331, 0.560163
6142.67, 0.992025, 0.00435413, 0.99403, 0.468261
6142.68, 0.992736, 0.00435688, 0.99458, 0.395115
6142.69, 0.993681, 0.00435967, 0.995, 0.338848
6142.7, 0.994642, 0.00436224, 0.99534, 0.293835
6142.71, 0.995197, 0.00436585, 0.99561, 0.258825
6142.72, 0.995463, 0.00436984, 0.99583, 0.230692
6142.73, 0.995974, 0.00437192, 0.99602, 0.20756
6142.74, 0.996482, 0.00437184, 0.99618, 0.18818
6142.75, 0.996503, 0.00437097, 0.99632, 0.171925
6142.76, 0.996876, 0.00437292, 0.99645, 0.158171
6142.77, 0.998231, 0.00437923, 0.99657, 0.145667
6142.78, 0.998759, 0.00438133, 0.9967, 0.135039
6142.79, 0.997546, 0.00437542, 0.99682, 0.126287
6142.8, 0.996789, 0.00437298, 0.99694, 0.117534
6142.81, 0.997283, 0.00437735, 0.99705, 0.110032
6142.82, 0.997387, 0.00437833, 0.99716, 0.10378
6142.83, 0.99704, 0.00437576, 0.99727, 0.0975283
6142.84, 0.997581, 0.00437829, 0.99736, 0.0912765
6142.85, 0.998574, 0.00438339, 0.99744, 0.0831491
6142.86, 0.998741, 0.00438351, 0.99751, 0.0737714
6142.87, 0.998054, 0.00438063, 0.99757, 0.0612678
6142.88, 0.997218, 0.00437959, 0.99765, 0.0475138
6142.89, 0.997885, 0.00438289, 0.99778, 0.0331346
6142.9, 1.00026, 0.00438944, 0.99798, 0.020631
6142.91, 1.00103, 0.00439159, 1, 0
6142.92, 0.999274, 0.00438759, 1, 0
6142.93, 0.997957, 0.00438472, 1, 0
6142.94, 0.998032, 0.00438531, 1, 0
6142.95, 0.998046, 0.00438575, 1, 0
6142.96, 0.997883, 0.00438575, 1, 0
6142.97, 0.99772, 0.00438575, 1, 0
