wav, obs, sigma_obs, syn, weight
6144.51, 0.999256, 0.00448554, 1, 0
6144.52, 1.00023, 0.00448894, 1, 0
6144.53, 1.00096, 0.00449168, 1, 0
6144.54, 1.00054, 0.00449111, 1, 0
6144.55, 0.999598, 0.00448903, 1, 0
6144.56, 0.999353, 0.00448885, 1, 0
6144.57, 0.999698, 0.00448997, 1, 0
6144.58, 1.00016, 0.00449095, 0.99937, 0.0230087
6144.59, 1.0006, 0.00449233, 0.9993, 0.0378968
6144.6, 1.00078, 0.00449386, 0.99925, 0.054815
6144.61, 1.00013, 0.00449327, 0.99921, 0.0710564
6144.62, 0.999203, 0.00449167, 0.99917, 0.0852677
6144.63, 0.999625, 0.00449386, 0.99913, 0.0960953
6144.64, 1.00061, 0.00449693, 0.99909, 0.10557
6144.65, 0.999985, 0.00449381, 0.99904, 0.112337
6144.66, 0.998376, 0.0044879, 0.99899, 0.120458
6144.67, 0.997246, 0.00448536, 0.99893, 0.128578
6144.68, 0.996365, 0.00448475, 0.99887, 0.136699
6144.69, 0.99539, 0.00448371, 0.99879, 0.146173
6144.7, 0.994708, 0.00448236, 0.99871, 0.156324
6144.71, 0.994457, 0.00448118, 0.99862, 0.168505
6144.72, 0.994303, 0.00448074, 0.99851, 0.181363
6144.73, 0.994402, 0.00448206, 0.9984, 0.196251
6144.74, 0.995223, 0.004486, 0.99827, 0.212493
6144.75, 0.995909, 0.00448888, 0.99812, 0.231441
6144.76, 0.995458, 0.00448686, 0.99795, 0.253773
6144.77, 0.995678, 0.0044874, 0.99775, 0.280165
6144.78, 0.99771, 0.00449541, 0.99751, 0.311295
6144.79, 0.998279, 0.00449848, 0.99723, 0.348515
6144.8, 0.996173, 0.00449182, 0.99689, 0.395209
6144.81, 0.994916, 0.00448842, 0.99645, 0.454084
6144.82, 0.995509, 0.00449173, 0.99589, 0.527848
6144.83, 0.995935, 0.00449385, 0.99514, 0.620559
6144.84, 0.995092, 0.0044908, 0.99414, 0.735603
6144.85, 0.99281, 0.0044824, 0.99276, 0.876362
6144.86, 0.990553, 0.00447459, 0.99088, 1.04351
6144.87, 0.989586, 0.0044724, 0.9883, 1.23638
6144.88, 0.988361, 0.00446968, 0.98476, 1.45158
6144.89, 0.985167, 0.00445981, 0.97999, 1.68573
6144.9, 0.979223, 0.00444009, 0.97367, 1.93206
6144.91, 0.970861, 0.00441175, 0.96554, 2.18718
6144.92, 0.961511, 0.00437976, 0.95541, 2.44502
6144.93, 0.950803, 0.00434351, 0.94326, 2.70285
6144.94, 0.937244, 0.00429868, 0.92929, 2.95527
6144.95, 0.921383, 0.00424563, 0.91395, 3.19957
6144.96, 0.904549, 0.00418731, 0.89794, 3.43169
6144.97, 0.887423, 0.00412828, 0.88216, 3.6435
6144.98, 0.87088, 0.00407294, 0.86765, 3.82893
6144.99, 0.856646, 0.00402437, 0.85547, 3.98051
6145, 0.846059, 0.00398665, 0.84661, 4.08811
6145.01, 0.839753, 0.00396549, 0.84181, 4.14766
6145.02, 0.838759, 0.00396455, 0.8415, 4.15376
6145.03, 0.844271, 0.00398512, 0.84571, 4.10706
6145.04, 0.855413, 0.00402388, 0.85412, 4.01029
6145.05, 0.870248, 0.00407518, 0.86601, 3.86818
6145.06, 0.887014, 0.00413375, 0.88044, 3.6902
6145.07, 0.904264, 0.00419467, 0.89634, 3.48379
6145.08, 0.921253, 0.00425382, 0.91263, 3.25641
6145.09, 0.936986, 0.00430712, 0.92835, 3.01415
6145.1, 0.949902, 0.00435057, 0.94274, 2.7624
6145.11, 0.959744, 0.00438434, 0.9553, 2.50592
6145.12, 0.967566, 0.00441251, 0.96577, 2.24741
6145.13, 0.974024, 0.0044362, 0.97415, 1.99161
6145.14, 0.9794, 0.00445465, 0.98059, 1.7419
6145.15, 0.98342, 0.00446752, 0.98538, 1.50437
6145.16, 0.98602, 0.00447604, 0.98886, 1.28375
6145.17, 0.988456, 0.00448592, 0.99133, 1.08547
6145.18, 0.991133, 0.00449832, 0.99308, 0.912229
6145.19, 0.992437, 0.0045044, 0.99433, 0.765379
6145.2, 0.992689, 0.00450481, 0.99523, 0.644245
6145.21, 0.99441, 0.0045111, 0.99589, 0.546119
6145.22, 0.996959, 0.00452164, 0.99639, 0.468296
6145.23, 0.997905, 0.00452679, 0.99678, 0.406037
6145.24, 0.997896, 0.00452702, 0.99709, 0.356636
6145.25, 0.998482, 0.00452684, 0.99733, 0.317385
6145.26, 0.99984, 0.00453028, 0.9975, 0.284226
6145.27, 1.0013, 0.00453707, 0.99759, 0.257157
6145.28, 1.00108, 0.00453845, 0.99756, 0.233471
6145.29, 0.999255, 0.00453303, 0.99739, 0.213846
6145.3, 0.998212, 0.00452977, 0.99699, 0.196251
6145.31, 0.99813, 0.00453001, 0.9963, 0.180686
6145.32, 0.997574, 0.0045293, 0.99526, 0.167152
6145.33, 0.996668, 0.00452708, 0.99382, 0.154971
6145.34, 0.995963, 0.0045241, 0.99199, 0.144143
6145.35, 0.994708, 0.00451881, 0.98984, 0.133992
6145.36, 0.992341, 0.0045105, 0.98751, 0.125195
6145.37, 0.98957, 0.00450196, 0.98518, 0.117074
6145.38, 0.986947, 0.0044948, 0.98305, 0.10963
6145.39, 0.984558, 0.0044883, 0.9813, 0.102863
6145.4, 0.982813, 0.00448349, 0.98008, 0.0960953
6145.41, 0.982332, 0.00448266, 0.97945, 0.0872979
6145.42, 0.982952, 0.00448564, 0.97944, 0.0778237
6145.43, 0.984204, 0.00449104, 0.98, 0.0642891
6145.44, 0.986095, 0.00449796, 0.98108, 0.0494011
6145.45, 0.98862, 0.00450592, 0.98267, 0.0338364
6145.46, 0.991389, 0.00451529, 0.9848, 0.0203018
6145.47, 0.993874, 0.00452512, 1, 0
6145.48, 0.995481, 0.00453247, 1, 0
6145.49, 0.99643, 0.00453702, 1, 0
6145.5, 0.997616, 0.00454087, 1, 0
6145.51, 0.999158, 0.00454478, 1, 0
6145.52, 1.0006, 0.00454867, 1, 0
6145.53, 1.00204, 0.00455257, 1, 0
