wav, obs, sigma_obs, syn, weight
6154.49, 0.994277, 0.00507621, 1, 0
6154.5, 0.994897, 0.00507992, 1, 0
6154.51, 0.995363, 0.00508338, 1, 0
6154.52, 0.996214, 0.00508753, 1, 0
6154.53, 0.997277, 0.00509258, 1, 0
6154.54, 0.998088, 0.00509767, 1, 0
6154.55, 0.99846, 0.00509941, 1, 0
6154.56, 0.998508, 0.00509819, 0.9981, 0.026808
6154.57, 0.998671, 0.0051005, 0.99768, 0.0458714
6154.58, 0.998743, 0.00510432, 0.99746, 0.0673178
6154.59, 0.998268, 0.00510318, 0.99741, 0.0875727
6154.6, 0.998078, 0.00510289, 0.99745, 0.103658
6154.61, 0.998623, 0.00510771, 0.9975, 0.115572
6154.62, 0.998552, 0.00510934, 0.99754, 0.123912
6154.63, 0.997643, 0.00510613, 0.99754, 0.130466
6154.64, 0.99698, 0.00510434, 0.99751, 0.136423
6154.65, 0.99662, 0.00510332, 0.99746, 0.141784
6154.66, 0.996203, 0.0051006, 0.9974, 0.148337
6154.67, 0.995756, 0.00509944, 0.99732, 0.154891
6154.68, 0.995644, 0.00510192, 0.99724, 0.161444
6154.69, 0.996473, 0.00510645, 0.99715, 0.168592
6154.7, 0.99715, 0.00510857, 0.99704, 0.176933
6154.71, 0.996145, 0.00510453, 0.99693, 0.185273
6154.72, 0.995601, 0.00510288, 0.9968, 0.194209
6154.73, 0.997143, 0.00510986, 0.99666, 0.204336
6154.74, 0.998986, 0.005119, 0.99651, 0.214464
6154.75, 1.00007, 0.00512499, 0.99634, 0.226974
6154.76, 1.00046, 0.00512589, 0.99615, 0.239485
6154.77, 1.00018, 0.00512446, 0.99594, 0.253186
6154.78, 0.999491, 0.00512421, 0.99571, 0.26808
6154.79, 0.999358, 0.00512486, 0.99546, 0.285356
6154.8, 0.999793, 0.00512551, 0.99518, 0.303228
6154.81, 0.999452, 0.00512537, 0.99487, 0.324079
6154.82, 0.998597, 0.00512459, 0.99453, 0.346121
6154.83, 0.998126, 0.00512329, 0.99416, 0.371142
6154.84, 0.997053, 0.00511897, 0.99374, 0.399141
6154.85, 0.995263, 0.00511263, 0.99326, 0.430119
6154.86, 0.995096, 0.00511268, 0.99273, 0.464672
6154.87, 0.995915, 0.00511644, 0.99212, 0.50399
6154.88, 0.99489, 0.00511325, 0.99142, 0.549861
6154.89, 0.993331, 0.00510804, 0.9906, 0.601094
6154.9, 0.992859, 0.00510694, 0.98963, 0.660668
6154.91, 0.991513, 0.00510278, 0.98846, 0.730369
6154.92, 0.989048, 0.00509434, 0.98702, 0.811984
6154.93, 0.987679, 0.0050892, 0.98521, 0.907897
6154.94, 0.986563, 0.00508525, 0.98287, 1.01989
6154.95, 0.983719, 0.00507632, 0.97979, 1.14798
6154.96, 0.979678, 0.0050626, 0.97569, 1.29334
6154.97, 0.975058, 0.00504511, 0.9702, 1.45299
6154.98, 0.969615, 0.00502373, 0.96289, 1.62099
6154.99, 0.962957, 0.00499786, 0.95332, 1.79435
6155, 0.954575, 0.00496615, 0.94109, 1.96532
6155.01, 0.943611, 0.00492475, 0.9259, 2.13094
6155.02, 0.929458, 0.00487066, 0.90765, 2.28583
6155.03, 0.912345, 0.0048048, 0.88645, 2.42642
6155.04, 0.891899, 0.00472539, 0.86265, 2.55331
6155.05, 0.867139, 0.00462806, 0.83684, 2.6665
6155.06, 0.838262, 0.00451484, 0.8098, 2.76658
6155.07, 0.806101, 0.00438994, 0.78247, 2.85416
6155.08, 0.771685, 0.00425441, 0.75596, 2.9322
6155.09, 0.737184, 0.00411608, 0.73142, 3.00071
6155.1, 0.706251, 0.0039928, 0.71007, 3.05968
6155.11, 0.681355, 0.00389428, 0.69302, 3.10615
6155.12, 0.664076, 0.00382504, 0.68128, 3.13832
6155.13, 0.65588, 0.00379246, 0.67555, 3.15441
6155.14, 0.657773, 0.00380134, 0.67619, 3.15262
6155.15, 0.669853, 0.0038496, 0.68316, 3.13296
6155.16, 0.690977, 0.00393368, 0.69602, 3.09781
6155.17, 0.718756, 0.00404744, 0.71401, 3.04896
6155.18, 0.749332, 0.00417195, 0.73609, 2.98879
6155.19, 0.779178, 0.00428967, 0.76111, 2.9185
6155.2, 0.807233, 0.00440082, 0.78787, 2.83867
6155.21, 0.83321, 0.00450616, 0.81522, 2.74931
6155.22, 0.85715, 0.00460329, 0.84209, 2.64684
6155.23, 0.878101, 0.00468737, 0.86755, 2.53186
6155.24, 0.895137, 0.00475465, 0.89087, 2.40259
6155.25, 0.909554, 0.00481027, 0.9115, 2.25842
6155.26, 0.922393, 0.00485936, 0.92914, 2.10234
6155.27, 0.933469, 0.00490361, 0.94373, 1.93613
6155.28, 0.943109, 0.00494312, 0.95541, 1.76397
6155.29, 0.951995, 0.00497773, 0.96449, 1.59239
6155.3, 0.96015, 0.00501061, 0.97141, 1.42559
6155.31, 0.967002, 0.00504119, 0.97659, 1.2701
6155.32, 0.971252, 0.0050588, 0.98047, 1.12951
6155.33, 0.973888, 0.00506769, 0.98338, 1.00441
6155.34, 0.977696, 0.00508485, 0.98559, 0.896578
6155.35, 0.981104, 0.00510141, 0.98732, 0.804835
6155.36, 0.982202, 0.00510562, 0.9887, 0.726794
6155.37, 0.98403, 0.00511276, 0.98982, 0.660668
6155.38, 0.98749, 0.00512774, 0.99075, 0.604073
6155.39, 0.989695, 0.0051365, 0.99154, 0.555223
6155.4, 0.990522, 0.00513961, 0.99221, 0.513522
6155.41, 0.99137, 0.00514463, 0.99278, 0.477182
6155.42, 0.992299, 0.00514827, 0.99328, 0.445012
6155.43, 0.993186, 0.00514931, 0.99371, 0.417609
6155.44, 0.994178, 0.00515468, 0.99408, 0.393184
6155.45, 0.994968, 0.00516223, 0.99439, 0.372929
6155.46, 0.995083, 0.00516397, 0.99466, 0.355057
6155.47, 0.995261, 0.00516407, 0.99488, 0.340759
6155.48, 0.995926, 0.0051666, 0.99504, 0.32944
6155.49, 0.995794, 0.00516547, 0.99516, 0.322887
6155.5, 0.995197, 0.00516317, 0.99522, 0.320504
6155.51, 0.996106, 0.00517058, 0.99522, 0.324079
6155.52, 0.997939, 0.00518154, 0.99512, 0.335993
6155.53, 0.999068, 0.00518521, 0.99489, 0.358035
6155.54, 0.998568, 0.00518223, 0.9945, 0.391992
6155.55, 0.997149, 0.00517804, 0.99387, 0.441438
6155.56, 0.997278, 0.00518035, 0.99294, 0.506969
6155.57, 0.997939, 0.00518393, 0.99165, 0.590371
6155.58, 0.996703, 0.00517889, 0.98994, 0.690454
6155.59, 0.994892, 0.00517091, 0.98777, 0.806027
6155.6, 0.993899, 0.00516648, 0.98517, 0.934109
6155.61, 0.993364, 0.00516574, 0.98218, 1.06934
6155.62, 0.992133, 0.00516359, 0.97891, 1.20576
6155.63, 0.989021, 0.00515336, 0.97552, 1.33265
6155.64, 0.985585, 0.00514072, 0.97222, 1.43452
6155.65, 0.983149, 0.00513118, 0.96929, 1.48278
6155.66, 0.980196, 0.00511932, 0.96711, 1.44406
6155.67, 0.977211, 0.00510837, 0.96627, 1.29214
6155.68, 0.976764, 0.00510982, 0.96748, 1.03538
6155.69, 0.977544, 0.00511455, 0.97119, 0.725007
6155.7, 0.977509, 0.0051114, 0.97713, 0.435481
6155.71, 0.978333, 0.00511444, 1, 0
6155.72, 0.980756, 0.00512884, 1, 0
6155.73, 0.983357, 0.00514178, 1, 0
6155.74, 0.98608, 0.00515251, 1, 0
6155.75, 0.989588, 0.00516692, 1, 0
6155.76, 0.993455, 0.00518325, 1, 0
6155.77, 0.997149, 0.00519865, 1, 0
