wav, obs, sigma_obs, syn, weight
6194.05, 0.998567, 0.00374355, 1, 0
6194.06, 0.999155, 0.00374509, 1, 0
6194.07, 1.00004, 0.00374754, 1, 0
6194.08, 1.00057, 0.00374892, 1, 0
6194.09, 0.999966, 0.00374677, 1, 0
6194.1, 0.999339, 0.00374445, 1, 0
6194.11, 1.00052, 0.00374751, 1, 0
6194.12, 1.00215, 0.00375226, 1, 0
6194.13, 1.00167, 0.00375131, 0.99868, 0.0447132
6194.14, 1.00009, 0.00374716, 0.99862, 0.063876
6194.15, 0.999711, 0.00374598, 0.9986, 0.0830388
6194.16, 1.00017, 0.00374743, 0.99859, 0.105395
6194.17, 1.00022, 0.00374872, 0.99856, 0.124558
6194.18, 0.999852, 0.00374872, 0.99849, 0.140527
6194.19, 0.999444, 0.00374714, 0.99839, 0.162884
6194.2, 0.998884, 0.00374472, 0.99824, 0.18524
6194.21, 0.998006, 0.00374242, 0.99804, 0.210791
6194.22, 0.997073, 0.00374059, 0.99778, 0.245923
6194.23, 0.996313, 0.00373906, 0.99744, 0.29383
6194.24, 0.995356, 0.00373638, 0.99701, 0.351318
6194.25, 0.993821, 0.00373137, 0.99644, 0.427969
6194.26, 0.991791, 0.00372482, 0.99569, 0.530171
6194.27, 0.989559, 0.00371809, 0.99471, 0.654729
6194.28, 0.987751, 0.00371286, 0.99341, 0.811225
6194.29, 0.986717, 0.00370999, 0.99175, 0.999659
6194.3, 0.985933, 0.00370806, 0.98965, 1.21684
6194.31, 0.984803, 0.00370523, 0.98708, 1.46276
6194.32, 0.982882, 0.00369974, 0.98402, 1.73423
6194.33, 0.980049, 0.00369114, 0.9805, 2.02168
6194.34, 0.976764, 0.00368159, 0.97662, 2.30912
6194.35, 0.973189, 0.00367185, 0.97251, 2.59656
6194.36, 0.968844, 0.00365975, 0.96836, 2.86484
6194.37, 0.963845, 0.00364536, 0.9644, 3.10437
6194.38, 0.959304, 0.00363266, 0.96085, 3.30878
6194.39, 0.955926, 0.00362373, 0.95793, 3.46847
6194.4, 0.953747, 0.00361768, 0.95582, 3.58344
6194.41, 0.952615, 0.00361396, 0.95468, 3.64093
6194.42, 0.952235, 0.0036127, 0.95456, 3.64732
6194.43, 0.952924, 0.00361504, 0.95549, 3.59941
6194.44, 0.9556, 0.00362297, 0.95739, 3.5004
6194.45, 0.960096, 0.00363588, 0.96014, 3.3471
6194.46, 0.965212, 0.0036507, 0.96357, 3.15228
6194.47, 0.969808, 0.0036637, 0.96745, 2.91913
6194.48, 0.972957, 0.00367122, 0.97157, 2.66044
6194.49, 0.975605, 0.00367715, 0.97569, 2.37619
6194.5, 0.979767, 0.00368971, 0.97961, 2.08555
6194.51, 0.98436, 0.00370456, 0.98319, 1.8013
6194.52, 0.986694, 0.00371087, 0.98632, 1.52983
6194.53, 0.987607, 0.00371184, 0.98895, 1.27752
6194.54, 0.989559, 0.00371718, 0.99108, 1.05715
6194.55, 0.992119, 0.00372532, 0.99273, 0.86552
6194.56, 0.9937, 0.00373017, 0.99395, 0.70583
6194.57, 0.994506, 0.00373231, 0.9948, 0.574884
6194.58, 0.995363, 0.00373469, 0.99535, 0.472682
6194.59, 0.996288, 0.00373739, 0.99564, 0.392837
6194.6, 0.997012, 0.0037395, 0.99573, 0.332155
6194.61, 0.997374, 0.00374059, 0.99569, 0.287442
6194.62, 0.997344, 0.00374064, 0.99554, 0.25231
6194.63, 0.997321, 0.00374062, 0.99535, 0.22676
6194.64, 0.997665, 0.00374146, 0.99515, 0.207597
6194.65, 0.99812, 0.0037427, 0.99497, 0.191628
6194.66, 0.998482, 0.00374394, 0.99485, 0.178853
6194.67, 0.999185, 0.00374594, 0.9948, 0.166078
6194.68, 1.00046, 0.00374912, 0.99485, 0.146915
6194.69, 1.00157, 0.00375208, 0.99502, 0.124558
6194.7, 1.00195, 0.00375358, 0.99534, 0.0990078
6194.71, 1.00178, 0.00375354, 0.99583, 0.0734574
6194.72, 1.00138, 0.00375241, 1, 0
6194.73, 1.00117, 0.00375153, 1, 0
6194.74, 1.0012, 0.00375127, 1, 0
6194.75, 1.00087, 0.00375009, 1, 0
6194.76, 1.00008, 0.00374774, 1, 0
6194.77, 0.999613, 0.00374639, 1, 0
6194.78, 0.999819, 0.00374692, 1, 0
6194.79, 1.00017, 0.00374786, 1, 0
