wav, obs, sigma_obs, syn, weight
6195.06, 0.999574, 0.00374608, 1, 0
6195.07, 0.998973, 0.00374401, 1, 0
6195.08, 0.998937, 0.00374323, 1, 0
6195.09, 0.999676, 0.00374466, 1, 0
6195.1, 1.00029, 0.00374643, 1, 0
6195.11, 1.00006, 0.00374665, 1, 0
6195.12, 0.999167, 0.00374447, 1, 0
6195.13, 0.998057, 0.00374046, 0.99774, 0.0339828
6195.14, 0.997406, 0.00373773, 0.99732, 0.0522812
6195.15, 0.997434, 0.00373772, 0.99691, 0.0731937
6195.16, 0.997503, 0.00373829, 0.99653, 0.0993343
6195.17, 0.997241, 0.00373791, 0.9962, 0.117633
6195.18, 0.996832, 0.00373654, 0.99595, 0.135931
6195.19, 0.99656, 0.00373517, 0.9958, 0.151615
6195.2, 0.996764, 0.00373581, 0.99575, 0.1673
6195.21, 0.997196, 0.00373782, 0.99579, 0.185598
6195.22, 0.996967, 0.0037376, 0.99589, 0.206511
6195.23, 0.996197, 0.00373508, 0.99601, 0.235265
6195.24, 0.995973, 0.00373374, 0.99611, 0.271862
6195.25, 0.996262, 0.00373406, 0.99613, 0.321529
6195.26, 0.996096, 0.00373398, 0.99603, 0.384267
6195.27, 0.995574, 0.0037333, 0.99576, 0.467917
6195.28, 0.995488, 0.00373312, 0.99526, 0.575093
6195.29, 0.995193, 0.00373203, 0.99447, 0.70841
6195.3, 0.993325, 0.00372739, 0.99333, 0.87571
6195.31, 0.990578, 0.00372056, 0.99174, 1.07176
6195.32, 0.988539, 0.00371465, 0.9896, 1.29919
6195.33, 0.986871, 0.00370911, 0.98683, 1.55275
6195.34, 0.984428, 0.0037018, 0.98337, 1.83246
6195.35, 0.980765, 0.00369137, 0.97918, 2.12262
6195.36, 0.975828, 0.00367717, 0.97432, 2.41278
6195.37, 0.970174, 0.00366077, 0.96895, 2.6951
6195.38, 0.964427, 0.00364412, 0.96332, 2.9565
6195.39, 0.958579, 0.00362772, 0.95776, 3.18915
6195.4, 0.952648, 0.0036119, 0.9527, 3.37998
6195.41, 0.947493, 0.00359794, 0.94853, 3.52637
6195.42, 0.944051, 0.00358764, 0.94565, 3.6257
6195.43, 0.94283, 0.00358367, 0.94431, 3.66753
6195.44, 0.943897, 0.00358709, 0.94465, 3.65707
6195.45, 0.94634, 0.00359406, 0.94663, 3.59172
6195.46, 0.949537, 0.00360215, 0.95007, 3.47409
6195.47, 0.953946, 0.00361421, 0.95465, 3.3094
6195.48, 0.959572, 0.00363098, 0.95997, 3.10028
6195.49, 0.965196, 0.00364742, 0.9656, 2.85194
6195.5, 0.970191, 0.00366111, 0.97117, 2.58269
6195.51, 0.975186, 0.00367523, 0.97637, 2.29253
6195.52, 0.980154, 0.00369, 0.98099, 2.00237
6195.53, 0.983953, 0.00370071, 0.98491, 1.71482
6195.54, 0.986424, 0.00370687, 0.98812, 1.44558
6195.55, 0.988716, 0.00371365, 0.99066, 1.19724
6195.56, 0.990989, 0.0037215, 0.99263, 0.982887
6195.57, 0.992306, 0.00372564, 0.99411, 0.797288
6195.58, 0.992835, 0.00372649, 0.99523, 0.643059
6195.59, 0.993744, 0.00372917, 0.99606, 0.520198
6195.6, 0.995119, 0.0037338, 0.99669, 0.423478
6195.61, 0.996216, 0.00373678, 0.99716, 0.345056
6195.62, 0.997075, 0.00373847, 0.99753, 0.287547
6195.63, 0.998199, 0.00374164, 0.99783, 0.245722
6195.64, 0.99929, 0.00374486, 0.99807, 0.209125
6195.65, 0.999666, 0.00374481, 0.99826, 0.18037
6195.66, 0.999337, 0.00374257, 0.99843, 0.159458
6195.67, 0.998687, 0.00374106, 0.99857, 0.141159
6195.68, 0.998289, 0.00374109, 0.99869, 0.122861
6195.69, 0.998624, 0.00374244, 0.99879, 0.104562
6195.7, 0.999227, 0.00374412, 0.99889, 0.0836499
6195.71, 0.999444, 0.0037451, 0.99897, 0.0653515
6195.72, 0.999267, 0.0037452, 0.99906, 0.044439
6195.73, 0.998931, 0.00374466, 0.99915, 0.0287547
6195.74, 0.998859, 0.00374419, 1, 0
6195.75, 0.999316, 0.00374442, 1, 0
6195.76, 0.99987, 0.00374536, 1, 0
6195.77, 1.00014, 0.00374682, 1, 0
6195.78, 1.00026, 0.0037485, 1, 0
6195.79, 1.00047, 0.00375005, 1, 0
6195.8, 1.00068, 0.00375161, 1, 0
