wav, obs, sigma_obs, syn, weight
6219.84, 0.993619, 0.00470961, 1, 0
6219.85, 0.992469, 0.0047065, 1, 0
6219.86, 0.991175, 0.0047029, 1, 0
6219.87, 0.989087, 0.00469659, 1, 0
6219.88, 0.986746, 0.00468918, 1, 0
6219.89, 0.984816, 0.00468277, 1, 0
6219.9, 0.982727, 0.00467589, 1, 0
6219.91, 0.980181, 0.00466804, 0.97748, 0.0194372
6219.92, 0.977625, 0.00466103, 0.97101, 0.0305442
6219.93, 0.975865, 0.00465569, 0.96635, 0.044428
6219.94, 0.975719, 0.00465314, 0.96391, 0.0610885
6219.95, 0.97726, 0.00465829, 0.96342, 0.077749
6219.96, 0.97977, 0.00467048, 0.9644, 0.0916327
6219.97, 0.981646, 0.00467862, 0.96645, 0.105516
6219.98, 0.983341, 0.00468395, 0.96927, 0.124954
6219.99, 0.986307, 0.004695, 0.97266, 0.144391
6220, 0.988643, 0.00470532, 0.97636, 0.169382
6220.01, 0.989126, 0.00470926, 0.98014, 0.199926
6220.02, 0.990195, 0.00471312, 0.98373, 0.2388
6220.03, 0.991903, 0.00471883, 0.98687, 0.288782
6220.04, 0.991934, 0.00472246, 0.98939, 0.358201
6220.05, 0.99008, 0.00471849, 0.99115, 0.447057
6220.06, 0.987417, 0.00470622, 0.99213, 0.560903
6220.07, 0.985948, 0.00469887, 0.99231, 0.702518
6220.08, 0.985801, 0.00469955, 0.99176, 0.88023
6220.09, 0.985023, 0.00469833, 0.99053, 1.09126
6220.1, 0.983761, 0.00469559, 0.98868, 1.33284
6220.11, 0.982688, 0.00469445, 0.98629, 1.60774
6220.12, 0.980496, 0.00468841, 0.98345, 1.90207
6220.13, 0.977124, 0.00467634, 0.98027, 2.20752
6220.14, 0.974609, 0.00466667, 0.97688, 2.51573
6220.15, 0.972399, 0.00465878, 0.97346, 2.81007
6220.16, 0.968782, 0.00464738, 0.97017, 3.07942
6220.17, 0.964372, 0.00463337, 0.96718, 3.31544
6220.18, 0.960308, 0.00461987, 0.96467, 3.50703
6220.19, 0.957545, 0.00461099, 0.96275, 3.65143
6220.2, 0.956507, 0.00460852, 0.96152, 3.74028
6220.21, 0.957077, 0.00461176, 0.96104, 3.77638
6220.22, 0.958365, 0.00461657, 0.96134, 3.75139
6220.23, 0.960224, 0.00462262, 0.96239, 3.67364
6220.24, 0.964455, 0.00463924, 0.96416, 3.54036
6220.25, 0.970308, 0.00466323, 0.96654, 3.35987
6220.26, 0.974918, 0.00468103, 0.96941, 3.1294
6220.27, 0.978369, 0.00469351, 0.97261, 2.86561
6220.28, 0.981662, 0.00470582, 0.97596, 2.57405
6220.29, 0.985037, 0.00471873, 0.97927, 2.27138
6220.3, 0.988138, 0.00473055, 0.98234, 1.96316
6220.31, 0.990189, 0.00473825, 0.98497, 1.66605
6220.32, 0.991268, 0.00474312, 0.98694, 1.3856
6220.33, 0.991741, 0.00474705, 0.98804, 1.13847
6220.34, 0.991548, 0.00474707, 0.98805, 0.919104
6220.35, 0.990484, 0.00474247, 0.98672, 0.733062
6220.36, 0.988323, 0.00473643, 0.98386, 0.585894
6220.37, 0.985384, 0.00472858, 0.97934, 0.466494
6220.38, 0.981954, 0.00471641, 0.97319, 0.369308
6220.39, 0.976957, 0.00469779, 0.96558, 0.297112
6220.4, 0.969185, 0.00467035, 0.95688, 0.241577
6220.41, 0.95789, 0.00463159, 0.94762, 0.197149
6220.42, 0.944271, 0.00458412, 0.93839, 0.161051
6220.43, 0.930392, 0.00453346, 0.92981, 0.136061
6220.44, 0.91617, 0.0044822, 0.92241, 0.113847
6220.45, 0.903067, 0.00443701, 0.91668, 0.0971862
6220.46, 0.896324, 0.00441289, 0.91305, 0.0833025
6220.47, 0.895904, 0.00440996, 0.91206, 0.066642
6220.48, 0.898019, 0.00441809, 0.91452, 0.0527582
6220.49, 0.904357, 0.00444328, 0.92138, 0.0360977
6220.5, 0.916354, 0.00448903, 0.93305, 0.0249907
6220.51, 0.9305, 0.00454042, 0.9485, 0.0166605
6220.52, 0.94407, 0.00458845, 1, 0
6220.53, 0.955877, 0.00463217, 1, 0
6220.54, 0.965462, 0.00466913, 1, 0
6220.55, 0.973031, 0.0046983, 1, 0
6220.56, 0.9801, 0.00472546, 1, 0
6220.57, 0.987499, 0.00475394, 1, 0
6220.58, 0.994897, 0.00478242, 1, 0
