wav, obs, sigma_obs, syn, weight
6236.73, 0.999747, 0.00384683, 1, 0
6236.74, 1.0001, 0.00384725, 1, 0
6236.75, 1.00033, 0.0038466, 1, 0
6236.76, 1.00047, 0.00384546, 1, 0
6236.77, 1.00066, 0.00384516, 1, 0
6236.78, 1.00075, 0.00384549, 1, 0
6236.79, 1.00032, 0.00384464, 1, 0
6236.8, 0.999547, 0.00384256, 1, 0
6236.81, 0.999652, 0.00384233, 0.99924, 0.0499609
6236.82, 1.00106, 0.00384522, 0.9991, 0.0675147
6236.83, 1.00198, 0.00384714, 0.99898, 0.0850685
6236.84, 1.001, 0.00384479, 0.99889, 0.101272
6236.85, 0.999668, 0.00384142, 0.99882, 0.114775
6236.86, 0.999884, 0.00384108, 0.99875, 0.125577
6236.87, 1.00094, 0.0038427, 0.99869, 0.134354
6236.88, 1.00128, 0.00384342, 0.99863, 0.142456
6236.89, 1.00101, 0.00384314, 0.99856, 0.150558
6236.9, 1.00124, 0.00384338, 0.99849, 0.157984
6236.91, 1.00198, 0.0038441, 0.99842, 0.166761
6236.92, 1.00218, 0.00384382, 0.99833, 0.174863
6236.93, 1.00168, 0.00384254, 0.99824, 0.18499
6236.94, 1.00152, 0.00384224, 0.99815, 0.195793
6236.95, 1.00214, 0.00384357, 0.99804, 0.20727
6236.96, 1.0025, 0.00384407, 0.99792, 0.220098
6236.97, 1.00185, 0.003842, 0.99779, 0.233601
6236.98, 1.00093, 0.00383927, 0.99765, 0.249129
6236.99, 1.00057, 0.00383791, 0.9975, 0.265333
6237, 1.00046, 0.00383663, 0.99732, 0.284237
6237.01, 0.999969, 0.00383347, 0.99713, 0.304491
6237.02, 0.99906, 0.00382938, 0.99691, 0.328121
6237.03, 0.997957, 0.00382659, 0.99666, 0.354452
6237.04, 0.996841, 0.00382503, 0.99638, 0.383483
6237.05, 0.995856, 0.00382287, 0.99606, 0.417241
6237.06, 0.995085, 0.00381954, 0.99569, 0.456399
6237.07, 0.994544, 0.00381592, 0.99525, 0.500959
6237.08, 0.99417, 0.0038128, 0.99472, 0.554295
6237.09, 0.993781, 0.00381074, 0.99408, 0.617084
6237.1, 0.993196, 0.00380969, 0.99329, 0.6927
6237.11, 0.99228, 0.00380796, 0.99226, 0.78182
6237.12, 0.990936, 0.00380403, 0.99092, 0.887818
6237.13, 0.989199, 0.003798, 0.98913, 1.01272
6237.14, 0.987093, 0.00379031, 0.98671, 1.1572
6237.15, 0.984346, 0.00378102, 0.98343, 1.31924
6237.16, 0.980627, 0.00377005, 0.97901, 1.49815
6237.17, 0.976197, 0.0037577, 0.97315, 1.68922
6237.18, 0.971614, 0.00374437, 0.96555, 1.88839
6237.19, 0.966299, 0.00372832, 0.95594, 2.09025
6237.2, 0.958661, 0.00370584, 0.94415, 2.29077
6237.21, 0.947927, 0.00367479, 0.93012, 2.48386
6237.22, 0.934484, 0.00363512, 0.91397, 2.66953
6237.23, 0.918558, 0.00358721, 0.896, 2.84372
6237.24, 0.899887, 0.00353183, 0.87671, 3.0071
6237.25, 0.878383, 0.00346969, 0.85676, 3.15766
6237.26, 0.854683, 0.00340098, 0.83693, 3.29607
6237.27, 0.829793, 0.003327, 0.81811, 3.42097
6237.28, 0.805836, 0.00325495, 0.80121, 3.52899
6237.29, 0.785207, 0.00319342, 0.78711, 3.61744
6237.3, 0.769707, 0.00314778, 0.77657, 3.68428
6237.31, 0.760794, 0.00312174, 0.77018, 3.72478
6237.32, 0.759063, 0.00311676, 0.76833, 3.73626
6237.33, 0.764475, 0.00313268, 0.77111, 3.71871
6237.34, 0.776495, 0.00316786, 0.77836, 3.67347
6237.35, 0.79407, 0.00321908, 0.78966, 3.60326
6237.36, 0.815492, 0.00328132, 0.80439, 3.51009
6237.37, 0.838061, 0.00334687, 0.82173, 3.39869
6237.38, 0.85972, 0.00340987, 0.84081, 3.27176
6237.39, 0.880183, 0.00346959, 0.86072, 3.12998
6237.4, 0.899178, 0.00352518, 0.88058, 2.9774
6237.41, 0.915523, 0.00357258, 0.89963, 2.81199
6237.42, 0.928245, 0.00360845, 0.91724, 2.63442
6237.43, 0.938842, 0.00363796, 0.93295, 2.44741
6237.44, 0.94941, 0.00366833, 0.94652, 2.25229
6237.45, 0.959125, 0.00369684, 0.95784, 2.05177
6237.46, 0.965696, 0.00371573, 0.96701, 1.84923
6237.47, 0.969374, 0.00372538, 0.97422, 1.65208
6237.48, 0.972491, 0.00373288, 0.97975, 1.46237
6237.49, 0.976006, 0.00374152, 0.98391, 1.28615
6237.5, 0.979115, 0.00374974, 0.987, 1.12749
6237.51, 0.981452, 0.00375672, 0.98927, 0.987064
6237.52, 0.983646, 0.0037636, 0.99096, 0.865538
6237.53, 0.986015, 0.0037706, 0.99223, 0.762916
6237.54, 0.987708, 0.00377474, 0.99319, 0.676497
6237.55, 0.988097, 0.00377406, 0.99394, 0.603581
6237.56, 0.988385, 0.00377339, 0.99453, 0.543493
6237.57, 0.989974, 0.0037782, 0.995, 0.491507
6237.58, 0.992243, 0.0037858, 0.99538, 0.447622
6237.59, 0.993829, 0.00379051, 0.99569, 0.409814
6237.6, 0.99452, 0.00379174, 0.99595, 0.377407
6237.61, 0.994828, 0.00379206, 0.99616, 0.349051
6237.62, 0.995083, 0.00379257, 0.99635, 0.323395
6237.63, 0.995436, 0.00379301, 0.99651, 0.301115
6237.64, 0.995889, 0.00379338, 0.99666, 0.280861
6237.65, 0.996256, 0.00379409, 0.99681, 0.262632
6237.66, 0.996534, 0.00379539, 0.99695, 0.245753
6237.67, 0.997134, 0.00379703, 0.9971, 0.231575
6237.68, 0.998159, 0.00379843, 0.99725, 0.218072
6237.69, 0.998604, 0.00379803, 0.9974, 0.205245
6237.7, 0.99768, 0.00379498, 0.99755, 0.194442
6237.71, 0.996736, 0.00379277, 0.99771, 0.18364
6237.72, 0.997444, 0.00379531, 0.99785, 0.174863
6237.73, 0.998877, 0.00379935, 0.99799, 0.165411
6237.74, 0.999052, 0.00379884, 0.99812, 0.157984
6237.75, 0.998036, 0.00379462, 0.99824, 0.150558
6237.76, 0.997293, 0.00379221, 0.99834, 0.142456
6237.77, 0.997361, 0.003793, 0.99844, 0.135029
6237.78, 0.997797, 0.00379411, 0.99852, 0.125577
6237.79, 0.998296, 0.00379408, 0.9986, 0.11545
6237.8, 0.998824, 0.00379388, 0.99869, 0.101947
6237.81, 0.999338, 0.00379425, 0.9988, 0.0857436
6237.82, 0.999707, 0.00379491, 0.99893, 0.0681898
6237.83, 0.999873, 0.00379561, 0.9991, 0.0499609
6237.84, 1.00006, 0.00379674, 1, 0
6237.85, 1.00047, 0.00379853, 1, 0
6237.86, 1.00087, 0.00379985, 1, 0
6237.87, 1.0009, 0.00379932, 1, 0
6237.88, 1.00084, 0.00379806, 1, 0
6237.89, 1.00118, 0.00379834, 1, 0
6237.9, 1.00198, 0.00380044, 1, 0
6237.91, 1.00284, 0.00380278, 1, 0
