wav, obs, sigma_obs, syn, weight
6243.3, 0.994234, 0.00358546, 1, 0
6243.31, 0.9941, 0.00358546, 1, 0
6243.32, 0.993607, 0.00358456, 1, 0
6243.33, 0.992609, 0.00358234, 1, 0
6243.34, 0.991936, 0.00358051, 1, 0
6243.35, 0.992518, 0.00358109, 1, 0
6243.36, 0.993939, 0.00358363, 1, 0
6243.37, 0.995308, 0.00358673, 1, 0
6243.38, 0.996395, 0.0035896, 0.99834, 0.0346746
6243.39, 0.997324, 0.00359181, 0.99837, 0.0483491
6243.4, 0.998205, 0.00359362, 0.99841, 0.0610468
6243.41, 0.999126, 0.0035957, 0.99846, 0.0727678
6243.42, 0.999969, 0.00359779, 0.99848, 0.0825353
6243.43, 1.00043, 0.00359882, 0.99848, 0.0908376
6243.44, 1.00051, 0.00359872, 0.99845, 0.0971865
6243.45, 1.00054, 0.00359858, 0.9984, 0.103535
6243.46, 1.00065, 0.00359876, 0.99832, 0.109884
6243.47, 1.00063, 0.00359836, 0.99821, 0.116721
6243.48, 1.00032, 0.00359697, 0.99809, 0.123559
6243.49, 0.999837, 0.00359533, 0.99794, 0.131373
6243.5, 0.999262, 0.00359397, 0.99779, 0.140163
6243.51, 0.998618, 0.00359244, 0.99762, 0.149931
6243.52, 0.997893, 0.00359028, 0.99745, 0.161164
6243.53, 0.996988, 0.00358764, 0.99727, 0.173373
6243.54, 0.995866, 0.00358479, 0.99709, 0.187536
6243.55, 0.99486, 0.00358188, 0.99691, 0.203164
6243.56, 0.994363, 0.00357914, 0.99672, 0.22221
6243.57, 0.994418, 0.00357749, 0.99653, 0.244676
6243.58, 0.994908, 0.00357793, 0.99631, 0.271536
6243.59, 0.995538, 0.00357975, 0.99605, 0.304257
6243.6, 0.995936, 0.00358137, 0.99573, 0.344792
6243.61, 0.995964, 0.0035818, 0.99533, 0.394606
6243.62, 0.995652, 0.00358046, 0.9948, 0.45663
6243.63, 0.99518, 0.00357824, 0.99409, 0.533305
6243.64, 0.994841, 0.00357713, 0.99311, 0.625119
6243.65, 0.994356, 0.00357642, 0.99174, 0.733538
6243.66, 0.992808, 0.00357229, 0.9898, 0.859051
6243.67, 0.98975, 0.00356314, 0.98707, 0.999214
6243.68, 0.985478, 0.00355088, 0.98325, 1.15256
6243.69, 0.98008, 0.00353632, 0.978, 1.31568
6243.7, 0.973132, 0.00351759, 0.97095, 1.48466
6243.71, 0.96412, 0.00349272, 0.9618, 1.65705
6243.72, 0.952448, 0.0034602, 0.95032, 1.82994
6243.73, 0.937792, 0.00341939, 0.93648, 1.9994
6243.74, 0.920783, 0.00337243, 0.92051, 2.16496
6243.75, 0.902194, 0.00332169, 0.90291, 2.3232
6243.76, 0.882551, 0.00326807, 0.88451, 2.47117
6243.77, 0.862386, 0.00321245, 0.86637, 2.60548
6243.78, 0.842684, 0.00315784, 0.84973, 2.72073
6243.79, 0.824757, 0.00310838, 0.83584, 2.81304
6243.8, 0.811222, 0.00307125, 0.82585, 2.87799
6243.81, 0.805067, 0.00305437, 0.82061, 2.91218
6243.82, 0.806359, 0.00305791, 0.82059, 2.91266
6243.83, 0.813388, 0.00307726, 0.82579, 2.88092
6243.84, 0.825423, 0.0031104, 0.83574, 2.81792
6243.85, 0.842487, 0.00315726, 0.84958, 2.72806
6243.86, 0.863179, 0.00321388, 0.86617, 2.61524
6243.87, 0.884615, 0.00327223, 0.88425, 2.48485
6243.88, 0.904652, 0.00332644, 0.90259, 2.34176
6243.89, 0.92224, 0.00337373, 0.92011, 2.19036
6243.9, 0.937061, 0.0034134, 0.936, 2.0331
6243.91, 0.949927, 0.00344788, 0.94974, 1.8734
6243.92, 0.961188, 0.00347826, 0.96111, 1.71517
6243.93, 0.969912, 0.00350181, 0.97013, 1.56182
6243.94, 0.975618, 0.00351714, 0.97701, 1.41726
6243.95, 0.979648, 0.00352809, 0.98204, 1.28687
6243.96, 0.983291, 0.00353828, 0.98556, 1.17552
6243.97, 0.986303, 0.0035466, 0.98789, 1.08859
6243.98, 0.988225, 0.00355138, 0.98925, 1.02803
6243.99, 0.989374, 0.00355385, 0.98983, 0.99726
6244, 0.990217, 0.00355577, 0.98972, 0.99433
6244.01, 0.990528, 0.00355648, 0.98899, 1.01875
6244.02, 0.989865, 0.00355446, 0.98766, 1.06514
6244.03, 0.988557, 0.00355061, 0.98576, 1.12912
6244.04, 0.987285, 0.00354692, 0.98335, 1.20384
6244.05, 0.985852, 0.00354281, 0.98053, 1.28345
6244.06, 0.983499, 0.00353605, 0.97746, 1.36256
6244.07, 0.980725, 0.00352811, 0.97436, 1.43533
6244.08, 0.979138, 0.00352372, 0.97147, 1.49833
6244.09, 0.97894, 0.0035233, 0.96904, 1.54668
6244.1, 0.978681, 0.00352224, 0.96732, 1.57891
6244.11, 0.977893, 0.00351919, 0.96648, 1.59259
6244.12, 0.977699, 0.00351803, 0.9666, 1.58771
6244.13, 0.97877, 0.00352092, 0.96768, 1.56377
6244.14, 0.980669, 0.00352581, 0.96962, 1.52177
6244.15, 0.982839, 0.00353077, 0.97222, 1.46268
6244.16, 0.984746, 0.00353536, 0.97526, 1.38845
6244.17, 0.986164, 0.00353969, 0.97848, 1.30298
6244.18, 0.987871, 0.00354499, 0.98163, 1.20824
6244.19, 0.990415, 0.00355184, 0.98452, 1.10714
6244.2, 0.992477, 0.00355695, 0.98702, 1.00312
6244.21, 0.992704, 0.0035572, 0.98904, 0.89519
6244.22, 0.99235, 0.00355609, 0.99056, 0.783352
6244.23, 0.99324, 0.00355846, 0.99161, 0.664678
6244.24, 0.994568, 0.0035619, 0.99226, 0.539654
6244.25, 0.994547, 0.00356126, 0.99261, 0.413653
6244.26, 0.993693, 0.00355804, 0.99279, 0.294978
6244.27, 0.993749, 0.00355721, 1, 0
6244.28, 0.99446, 0.00355835, 1, 0
6244.29, 0.99411, 0.003557, 1, 0
6244.3, 0.992254, 0.00355197, 1, 0
6244.31, 0.989693, 0.0035452, 1, 0
6244.32, 0.986948, 0.00353797, 1, 0
6244.33, 0.984162, 0.00353064, 1, 0
6244.34, 0.981417, 0.00352341, 1, 0
