wav, obs, sigma_obs, syn, weight
6243.93, 0.968411, 0.00349508, 1, 0
6243.94, 0.973517, 0.00350881, 1, 0
6243.95, 0.977986, 0.00352107, 1, 0
6243.96, 0.981511, 0.00353095, 1, 0
6243.97, 0.98403, 0.00353777, 1, 0
6243.98, 0.985638, 0.00354157, 1, 0
6243.99, 0.986711, 0.00354388, 1, 0
6244, 0.987455, 0.00354564, 1, 0
6244.01, 0.987491, 0.0035456, 0.99033, 0.497106
6244.02, 0.986558, 0.00354282, 0.98858, 0.691539
6244.03, 0.985209, 0.00353886, 0.9866, 0.88998
6244.04, 0.983973, 0.00353529, 0.98436, 1.07239
6244.05, 0.982336, 0.0035306, 0.98187, 1.22923
6244.06, 0.979714, 0.00352306, 0.97926, 1.35552
6244.07, 0.97714, 0.00351573, 0.97667, 1.45474
6244.08, 0.97608, 0.00351289, 0.97429, 1.5304
6244.09, 0.976023, 0.00351278, 0.97233, 1.58453
6244.1, 0.975545, 0.0035109, 0.97094, 1.6191
6244.11, 0.974806, 0.00350797, 0.97027, 1.63363
6244.12, 0.97499, 0.00350807, 0.97037, 1.62862
6244.13, 0.976364, 0.00351181, 0.97125, 1.60457
6244.14, 0.978395, 0.00351682, 0.97282, 1.56097
6244.15, 0.980536, 0.00352169, 0.97494, 1.50034
6244.16, 0.982267, 0.00352612, 0.97746, 1.42417
6244.17, 0.983665, 0.00353057, 0.98016, 1.33647
6244.18, 0.985635, 0.00353642, 0.98285, 1.24026
6244.19, 0.988217, 0.00354317, 0.98538, 1.14004
6244.2, 0.98978, 0.00354693, 0.9876, 1.04082
6244.21, 0.989606, 0.00354616, 0.98945, 0.946606
6244.22, 0.989501, 0.00354577, 0.99086, 0.861918
6244.23, 0.990728, 0.00354905, 0.99185, 0.791761
6244.24, 0.991791, 0.00355167, 0.99243, 0.740147
6244.25, 0.991329, 0.00354971, 0.99262, 0.708576
6244.26, 0.990596, 0.00354677, 0.99246, 0.700057
6244.27, 0.991032, 0.00354703, 0.99194, 0.716093
6244.28, 0.991587, 0.00354783, 0.99107, 0.758187
6244.29, 0.990657, 0.00354499, 0.98979, 0.825336
6244.3, 0.988523, 0.00353929, 0.98801, 0.915537
6244.31, 0.986149, 0.00353327, 0.98557, 1.02779
6244.32, 0.983398, 0.00352604, 0.98227, 1.15858
6244.33, 0.979572, 0.00351504, 0.97782, 1.3029
6244.34, 0.974716, 0.00350101, 0.97192, 1.45724
6244.35, 0.969337, 0.00348672, 0.96424, 1.6166
6244.36, 0.962602, 0.00346956, 0.95452, 1.77846
6244.37, 0.95253, 0.00344226, 0.94261, 1.93881
6244.38, 0.938789, 0.00340367, 0.92854, 2.09566
6244.39, 0.922963, 0.00335984, 0.91257, 2.2475
6244.4, 0.905837, 0.00331345, 0.89523, 2.39232
6244.41, 0.886895, 0.0032618, 0.8773, 2.52762
6244.42, 0.866546, 0.00320545, 0.85975, 2.6504
6244.43, 0.847095, 0.00315177, 0.84371, 2.75713
6244.44, 0.83079, 0.00310751, 0.8303, 2.84333
6244.45, 0.819256, 0.00307619, 0.82054, 2.90496
6244.46, 0.813626, 0.00306025, 0.81522, 2.93854
6244.47, 0.81379, 0.0030602, 0.81478, 2.94104
6244.48, 0.819419, 0.00307589, 0.81926, 2.91348
6244.49, 0.830271, 0.00310597, 0.82832, 2.85686
6244.5, 0.845896, 0.00314839, 0.84125, 2.77467
6244.51, 0.864626, 0.00319911, 0.85706, 2.67044
6244.52, 0.884462, 0.00325342, 0.87465, 2.54867
6244.53, 0.903907, 0.00330672, 0.89288, 2.41387
6244.54, 0.921741, 0.0033547, 0.91072, 2.26805
6244.55, 0.93729, 0.00339577, 0.92734, 2.1147
6244.56, 0.950213, 0.00342988, 0.94212, 1.95435
6244.57, 0.960634, 0.00345757, 0.95474, 1.78998
6244.58, 0.968988, 0.00347981, 0.96509, 1.62261
6244.59, 0.975602, 0.00349748, 0.97329, 1.45574
6244.6, 0.980708, 0.0035114, 0.97957, 1.29137
6244.61, 0.984632, 0.00352219, 0.98426, 1.13402
6244.62, 0.987808, 0.00353022, 0.98768, 0.986194
6244.63, 0.990442, 0.00353611, 0.99015, 0.851895
6244.64, 0.992414, 0.0035409, 0.99193, 0.733131
6244.65, 0.993823, 0.00354528, 0.99322, 0.629901
6244.66, 0.995203, 0.00354944, 0.99417, 0.543209
6244.67, 0.996793, 0.0035532, 0.99488, 0.471549
6244.68, 0.99806, 0.00355589, 0.99544, 0.412919
6244.69, 0.99863, 0.00355713, 0.99588, 0.364812
6244.7, 0.998931, 0.00355771, 0.99624, 0.325725
6244.71, 0.999359, 0.00355835, 0.99654, 0.293152
6244.72, 0.999645, 0.00355871, 0.9968, 0.266092
6244.73, 0.999503, 0.00355843, 0.99701, 0.243542
6244.74, 0.999382, 0.00355855, 0.99719, 0.223497
6244.75, 0.999836, 0.0035602, 0.99735, 0.206459
6244.76, 1.00063, 0.00356234, 0.99748, 0.191426
6244.77, 1.00125, 0.00356324, 0.9976, 0.178397
6244.78, 1.00157, 0.00356294, 0.99769, 0.166871
6244.79, 1.00168, 0.00356232, 0.99776, 0.155847
6244.8, 1.00165, 0.00356184, 0.99781, 0.146827
6244.81, 1.00156, 0.00356164, 0.99783, 0.138308
6244.82, 1.00155, 0.00356168, 0.99782, 0.13029
6244.83, 1.00175, 0.00356175, 0.99777, 0.123274
6244.84, 1.00205, 0.00356176, 0.99768, 0.11676
6244.85, 1.00201, 0.00356168, 0.99754, 0.110746
6244.86, 1.00164, 0.00356162, 0.99733, 0.105234
6244.87, 1.00149, 0.00356182, 0.99707, 0.0987196
6244.88, 1.00166, 0.00356207, 0.99675, 0.0922051
6244.89, 1.0015, 0.00356146, 0.9964, 0.0841873
6244.9, 1.00074, 0.0035598, 0.99605, 0.0746661
6244.91, 1.00017, 0.00355863, 0.99574, 0.0626394
6244.92, 1.0003, 0.00355878, 0.99553, 0.0491093
6244.93, 1.00063, 0.00355866, 0.99551, 0.0360803
6244.94, 1.0006, 0.00355697, 1, 0
6244.95, 1.00021, 0.00355475, 1, 0
6244.96, 0.999593, 0.00355326, 1, 0
6244.97, 0.999144, 0.00355269, 1, 0
6244.98, 0.99924, 0.00355288, 1, 0
6244.99, 0.999736, 0.00355353, 1, 0
6245, 1.00013, 0.00355406, 1, 0
6245.01, 1.00049, 0.00355455, 1, 0
