wav, obs, sigma_obs, syn, weight
6253.62, 0.997169, 0.00341774, 1, 0
6253.63, 0.9975, 0.00341824, 1, 0
6253.64, 0.997814, 0.0034188, 1, 0
6253.65, 0.998256, 0.00341988, 1, 0
6253.66, 0.999004, 0.00342199, 1, 0
6253.67, 0.99968, 0.00342409, 1, 0
6253.68, 0.999649, 0.00342437, 1, 0
6253.69, 0.999036, 0.00342299, 1, 0
6253.7, 0.99838, 0.00342117, 0.9944, 0.0785769
6253.71, 0.997701, 0.00341915, 0.99365, 0.107351
6253.72, 0.996649, 0.00341639, 0.99227, 0.133913
6253.73, 0.994341, 0.00341055, 0.98996, 0.153834
6253.74, 0.989657, 0.00339844, 0.98629, 0.168221
6253.75, 0.982665, 0.00338027, 0.98082, 0.178181
6253.76, 0.974148, 0.00335826, 0.97316, 0.184822
6253.77, 0.964294, 0.00333272, 0.9632, 0.190355
6253.78, 0.952955, 0.00330292, 0.95126, 0.196996
6253.79, 0.940779, 0.00327076, 0.93823, 0.204743
6253.8, 0.928975, 0.00323994, 0.92551, 0.214703
6253.81, 0.919082, 0.00321435, 0.9148, 0.22577
6253.82, 0.912794, 0.00319787, 0.90773, 0.240157
6253.83, 0.911, 0.0031928, 0.90546, 0.256758
6253.84, 0.913956, 0.00320011, 0.90834, 0.275572
6253.85, 0.920982, 0.00321827, 0.91581, 0.297707
6253.86, 0.930746, 0.00324387, 0.92659, 0.323161
6253.87, 0.94188, 0.00327318, 0.93899, 0.350829
6253.88, 0.953034, 0.00330229, 0.95132, 0.382924
6253.89, 0.963228, 0.00332867, 0.96229, 0.419445
6253.9, 0.971768, 0.00335081, 0.97112, 0.460394
6253.91, 0.978157, 0.00336736, 0.9776, 0.505769
6253.92, 0.982103, 0.00337728, 0.98192, 0.557785
6253.93, 0.984287, 0.00338248, 0.98448, 0.615334
6253.94, 0.986051, 0.00338689, 0.98574, 0.683951
6253.95, 0.987557, 0.00339107, 0.9861, 0.762528
6253.96, 0.988085, 0.00339304, 0.98583, 0.854385
6253.97, 0.987722, 0.00339271, 0.98513, 0.965057
6253.98, 0.987168, 0.00339145, 0.98407, 1.09786
6253.99, 0.986497, 0.00338946, 0.98269, 1.25612
6254, 0.985284, 0.00338595, 0.98094, 1.44758
6254.01, 0.983274, 0.00338031, 0.97873, 1.66893
6254.02, 0.98037, 0.00337215, 0.97587, 1.92458
6254.03, 0.976583, 0.00336187, 0.97211, 2.20901
6254.04, 0.971979, 0.00335034, 0.96705, 2.51778
6254.05, 0.966097, 0.00333597, 0.96013, 2.83983
6254.06, 0.958072, 0.00331522, 0.95064, 3.16521
6254.07, 0.94769, 0.0032875, 0.93771, 3.47841
6254.08, 0.935256, 0.00325461, 0.92043, 3.76837
6254.09, 0.920242, 0.0032155, 0.89803, 4.0207
6254.1, 0.901445, 0.00316672, 0.87008, 4.22655
6254.11, 0.878649, 0.00310732, 0.83679, 4.37374
6254.12, 0.85251, 0.00303862, 0.79902, 4.45564
6254.13, 0.823621, 0.00296229, 0.75821, 4.47224
6254.14, 0.792475, 0.00288015, 0.71608, 4.41912
6254.15, 0.759269, 0.00279267, 0.67412, 4.30181
6254.16, 0.72396, 0.0026992, 0.6333, 4.12363
6254.17, 0.686915, 0.0026004, 0.59394, 3.88789
6254.18, 0.648814, 0.002498, 0.55597, 3.60347
6254.19, 0.609163, 0.00239041, 0.51934, 3.28031
6254.2, 0.566497, 0.00227331, 0.48444, 2.92837
6254.21, 0.521635, 0.00214867, 0.45223, 2.56094
6254.22, 0.477546, 0.00202443, 0.42404, 2.19351
6254.23, 0.437467, 0.00191001, 0.40128, 1.84158
6254.24, 0.404862, 0.00181615, 0.38516, 1.51731
6254.25, 0.384335, 0.00175675, 0.37668, 1.23288
6254.26, 0.381415, 0.00174818, 0.3769, 0.996045
6254.27, 0.398749, 0.00179815, 0.38715, 0.80901
6254.28, 0.436121, 0.00190572, 0.40917, 0.672884
6254.29, 0.491071, 0.00206212, 0.44473, 0.584346
6254.3, 0.559021, 0.00225132, 0.49472, 0.535651
6254.31, 0.633487, 0.00245447, 0.55803, 0.520157
6254.32, 0.706353, 0.00265059, 0.63084, 0.52901
6254.33, 0.772193, 0.00282593, 0.70691, 0.553358
6254.34, 0.828304, 0.00297402, 0.77907, 0.58324
6254.35, 0.873113, 0.00309141, 0.84123, 0.617548
6254.36, 0.906142, 0.00317755, 0.89001, 0.649642
6254.37, 0.929078, 0.00323741, 0.92507, 0.676204
6254.38, 0.945609, 0.00328096, 0.94839, 0.696125
6254.39, 0.957589, 0.00331273, 0.963, 0.707192
6254.4, 0.965019, 0.00333182, 0.97186, 0.708298
6254.41, 0.968947, 0.003341, 0.97725, 0.701658
6254.42, 0.971483, 0.00334679, 0.98069, 0.683951
6254.43, 0.973712, 0.00335237, 0.98306, 0.659603
6254.44, 0.975644, 0.00335748, 0.98484, 0.629722
6254.45, 0.977262, 0.00336199, 0.98625, 0.59652
6254.46, 0.978568, 0.00336602, 0.98741, 0.562212
6254.47, 0.979684, 0.00336957, 0.98837, 0.527904
6254.48, 0.980843, 0.00337245, 0.98916, 0.496916
6254.49, 0.982129, 0.00337488, 0.98978, 0.468141
6254.5, 0.983477, 0.00337749, 0.99026, 0.442687
6254.51, 0.98498, 0.00338092, 0.99058, 0.419445
6254.52, 0.986883, 0.00338578, 0.99074, 0.400631
6254.53, 0.988869, 0.00339113, 0.99073, 0.385137
6254.54, 0.990093, 0.00339458, 0.99056, 0.37407
6254.55, 0.990643, 0.00339624, 0.99028, 0.365216
6254.56, 0.991539, 0.00339873, 0.98992, 0.36079
6254.57, 0.992819, 0.00340211, 0.98958, 0.359683
6254.58, 0.993516, 0.00340376, 0.98933, 0.361896
6254.59, 0.993507, 0.00340347, 0.98924, 0.368537
6254.6, 0.993556, 0.00340345, 0.98934, 0.379604
6254.61, 0.993981, 0.00340455, 0.98962, 0.390671
6254.62, 0.994602, 0.00340604, 0.99001, 0.401738
6254.63, 0.99512, 0.00340715, 0.99044, 0.408378
6254.64, 0.995159, 0.00340715, 0.99081, 0.403951
6254.65, 0.994721, 0.00340606, 0.99107, 0.382924
6254.66, 0.994184, 0.00340457, 0.99118, 0.340869
6254.67, 0.993707, 0.00340306, 0.99116, 0.278893
6254.68, 0.993208, 0.00340155, 0.99102, 0.206956
6254.69, 0.992666, 0.00340004, 1, 0
6254.7, 0.992131, 0.00339854, 1, 0
6254.71, 0.991728, 0.00339744, 1, 0
6254.72, 0.991638, 0.00339743, 1, 0
6254.73, 0.991855, 0.00339853, 1, 0
6254.74, 0.992113, 0.00339977, 1, 0
6254.75, 0.992305, 0.00340078, 1, 0
6254.76, 0.992496, 0.00340179, 1, 0
