wav, obs, sigma_obs, syn, weight
6309.92, 0.964322, 0.0032643, 1, 0
6309.93, 0.97275, 0.00328539, 1, 0
6309.94, 0.980327, 0.00330407, 1, 0
6309.95, 0.986539, 0.00331931, 1, 0
6309.96, 0.990881, 0.00333031, 1, 0
6309.97, 0.993371, 0.00333707, 1, 0
6309.98, 0.994513, 0.00334028, 1, 0
6309.99, 0.994558, 0.00334027, 1, 0
6310, 0.993417, 0.0033369, 0.98393, 0.117959
6310.01, 0.991419, 0.00333123, 0.98901, 0.160555
6310.02, 0.989605, 0.00332641, 0.99252, 0.196598
6310.03, 0.988625, 0.00332419, 0.99477, 0.226087
6310.04, 0.988128, 0.00332302, 0.9961, 0.2523
6310.05, 0.98789, 0.00332181, 0.9968, 0.268684
6310.06, 0.988418, 0.00332216, 0.99709, 0.288343
6310.07, 0.990139, 0.00332562, 0.99711, 0.308003
6310.08, 0.992664, 0.00333161, 0.99693, 0.334216
6310.09, 0.995346, 0.00333873, 0.99657, 0.373536
6310.1, 0.99721, 0.00334391, 0.996, 0.419408
6310.11, 0.997358, 0.00334413, 0.99516, 0.484941
6310.12, 0.996183, 0.00334062, 0.99393, 0.566857
6310.13, 0.994584, 0.00333626, 0.99221, 0.671709
6310.14, 0.992748, 0.00333147, 0.98986, 0.802774
6310.15, 0.990448, 0.00332523, 0.98678, 0.960052
6310.16, 0.987363, 0.00331697, 0.98293, 1.14354
6310.17, 0.983136, 0.00330645, 0.9784, 1.34997
6310.18, 0.978102, 0.00329425, 0.97337, 1.57933
6310.19, 0.973256, 0.00328177, 0.96814, 1.82508
6310.2, 0.968811, 0.00326943, 0.96307, 2.07738
6310.21, 0.96394, 0.00325641, 0.9585, 2.32968
6310.22, 0.958604, 0.00324316, 0.9547, 2.56888
6310.23, 0.954201, 0.00323232, 0.95184, 2.79169
6310.24, 0.951685, 0.00322574, 0.94997, 2.98501
6310.25, 0.950723, 0.00322293, 0.94909, 3.14229
6310.26, 0.950966, 0.00322335, 0.94916, 3.26025
6310.27, 0.952526, 0.00322713, 0.95017, 3.33888
6310.28, 0.955578, 0.00323456, 0.9521, 3.36837
6310.29, 0.960222, 0.00324601, 0.95492, 3.35199
6310.3, 0.966349, 0.00326135, 0.95852, 3.28973
6310.31, 0.972816, 0.00327771, 0.96273, 3.18488
6310.32, 0.978318, 0.00329169, 0.96732, 3.03743
6310.33, 0.982824, 0.00330299, 0.97202, 2.85394
6310.34, 0.986829, 0.00331264, 0.97656, 2.63769
6310.35, 0.990389, 0.00332112, 0.98073, 2.39849
6310.36, 0.993313, 0.00332854, 0.98438, 2.14947
6310.37, 0.995492, 0.00333436, 0.98746, 1.89389
6310.38, 0.996897, 0.00333756, 0.98996, 1.64159
6310.39, 0.997743, 0.00333873, 0.99192, 1.40567
6310.4, 0.998472, 0.00333997, 0.99343, 1.18614
6310.41, 0.999128, 0.00334173, 0.99455, 0.992818
6310.42, 0.999244, 0.00334232, 0.99535, 0.82571
6310.43, 0.998493, 0.00334053, 0.99589, 0.681539
6310.44, 0.996834, 0.00333616, 0.99621, 0.566857
6310.45, 0.994094, 0.00332884, 0.99632, 0.471834
6310.46, 0.989763, 0.00331759, 0.99627, 0.396472
6310.47, 0.981292, 0.00329608, 0.99609, 0.337493
6310.48, 0.960454, 0.00324303, 0.99584, 0.285067
6310.49, 0.922731, 0.00314667, 0.99557, 0.249024
6310.5, 0.881554, 0.00304154, 0.99538, 0.216257
6310.51, 0.852044, 0.00296648, 0.99532, 0.190044
6310.52, 0.836165, 0.00292591, 0.99543, 0.163831
6310.53, 0.832231, 0.0029149, 0.99572, 0.137618
6310.54, 0.842277, 0.0029396, 0.99616, 0.111405
6310.55, 0.868957, 0.00300819, 0.99669, 0.088469
6310.56, 0.905901, 0.0031038, 0.99725, 0.0622559
6310.57, 0.942062, 0.00319656, 1, 0
6310.58, 0.970571, 0.00326867, 1, 0
6310.59, 0.987834, 0.00331163, 1, 0
6310.6, 0.995083, 0.00332912, 1, 0
6310.61, 0.997881, 0.00333562, 1, 0
6310.62, 0.999654, 0.00333995, 1, 0
6310.63, 1.00121, 0.00334383, 1, 0
6310.64, 1.00299, 0.00334817, 1, 0
