wav, obs, sigma_obs, syn, weight
6384.42, 0.993121, 0.00310435, 1, 0
6384.43, 0.992711, 0.00310338, 1, 0
6384.44, 0.991997, 0.00310185, 1, 0
6384.45, 0.991558, 0.00310083, 1, 0
6384.46, 0.992307, 0.00310193, 1, 0
6384.47, 0.993668, 0.00310426, 1, 0
6384.48, 0.994066, 0.00310516, 1, 0
6384.49, 0.993447, 0.00310438, 1, 0
6384.5, 0.993184, 0.00310395, 0.99856, 0.0543205
6384.51, 0.993624, 0.00310453, 0.99818, 0.0746907
6384.52, 0.993967, 0.00310528, 0.99756, 0.098456
6384.53, 0.993636, 0.0031051, 0.99653, 0.122221
6384.54, 0.992383, 0.00310278, 0.99486, 0.139196
6384.55, 0.989986, 0.00309742, 0.99222, 0.156172
6384.56, 0.986226, 0.00308861, 0.98828, 0.173147
6384.57, 0.980948, 0.00307612, 0.98268, 0.193517
6384.58, 0.974095, 0.00305982, 0.97514, 0.217282
6384.59, 0.965555, 0.00303944, 0.96559, 0.251232
6384.6, 0.955113, 0.00301428, 0.9542, 0.295368
6384.61, 0.942725, 0.00298435, 0.94146, 0.356478
6384.62, 0.928707, 0.00295103, 0.92819, 0.437959
6384.63, 0.914127, 0.00291709, 0.91548, 0.543205
6384.64, 0.901632, 0.00288793, 0.90449, 0.679007
6384.65, 0.893288, 0.00286782, 0.89633, 0.841968
6384.66, 0.889176, 0.00285728, 0.89187, 1.03888
6384.67, 0.88929, 0.00285677, 0.89156, 1.26295
6384.68, 0.894261, 0.00286823, 0.89535, 1.51418
6384.69, 0.904183, 0.00289207, 0.90273, 1.78579
6384.7, 0.917061, 0.00292282, 0.91281, 2.06079
6384.71, 0.930801, 0.00295499, 0.92446, 2.34257
6384.72, 0.944522, 0.00298741, 0.93654, 2.61078
6384.73, 0.957483, 0.0030191, 0.94803, 2.85522
6384.74, 0.968353, 0.00304565, 0.95821, 3.0759
6384.75, 0.976129, 0.00306336, 0.96667, 3.25584
6384.76, 0.982159, 0.00307659, 0.97333, 3.39503
6384.77, 0.988047, 0.00309063, 0.97835, 3.4867
6384.78, 0.992958, 0.00310271, 0.98203, 3.53083
6384.79, 0.99557, 0.00310843, 0.98475, 3.52404
6384.8, 0.996763, 0.00311054, 0.98682, 3.46293
6384.81, 0.998035, 0.00311381, 0.98852, 3.3509
6384.82, 0.999207, 0.00311744, 0.99, 3.19812
6384.83, 0.999494, 0.00311864, 0.99135, 3.00121
6384.84, 0.999242, 0.00311812, 0.99262, 2.77374
6384.85, 0.999265, 0.00311812, 0.99378, 2.51911
6384.86, 0.999568, 0.0031188, 0.99483, 2.24412
6384.87, 0.999739, 0.00311923, 0.99574, 1.97251
6384.88, 0.999737, 0.00311914, 0.99652, 1.70431
6384.89, 0.999729, 0.00311863, 0.99717, 1.44968
6384.9, 0.999544, 0.00311762, 0.99768, 1.21882
6384.91, 0.998816, 0.00311589, 0.99809, 1.01172
6384.92, 0.997868, 0.00311427, 0.99841, 0.835178
6384.93, 0.997518, 0.00311425, 0.99865, 0.685797
6384.94, 0.997798, 0.0031155, 0.99884, 0.563575
6384.95, 0.998058, 0.00311617, 0.99899, 0.468515
6384.96, 0.998046, 0.00311562, 0.9991, 0.387034
6384.97, 0.997917, 0.00311438, 0.99919, 0.329318
6384.98, 0.99788, 0.00311359, 0.99927, 0.278393
6384.99, 0.998169, 0.00311488, 0.99933, 0.241047
6385, 0.998624, 0.00311743, 0.99938, 0.207097
6385.01, 0.998614, 0.00311754, 0.99942, 0.183332
6385.02, 0.998165, 0.00311496, 0.99944, 0.159567
6385.03, 0.998197, 0.00311424, 0.99944, 0.132406
6385.04, 0.998875, 0.00311666, 0.99942, 0.108641
6385.05, 0.999132, 0.00311806, 0.99937, 0.0814808
6385.06, 0.998552, 0.00311653, 0.9993, 0.0577156
6385.07, 0.997977, 0.00311462, 1, 0
6385.08, 0.997904, 0.00311402, 1, 0
6385.09, 0.997965, 0.003114, 1, 0
6385.1, 0.997909, 0.00311394, 1, 0
6385.11, 0.997932, 0.00311405, 1, 0
6385.12, 0.998178, 0.00311448, 1, 0
6385.13, 0.998529, 0.00311507, 1, 0
6385.14, 0.998813, 0.00311556, 1, 0
