wav, obs, sigma_obs, syn, weight
6406.89, 1.00581, 0.0036211, 1, 0
6406.9, 1.00498, 0.00361689, 1, 0
6406.91, 1.00448, 0.00361474, 1, 0
6406.92, 1.00442, 0.00361575, 1, 0
6406.93, 1.00416, 0.00361696, 1, 0
6406.94, 1.00355, 0.00361675, 1, 0
6406.95, 1.00358, 0.00361724, 1, 0
6406.96, 1.00384, 0.00361763, 0.99607, 0.142221
6406.97, 1.00236, 0.0036137, 0.99509, 0.23614
6406.98, 0.999437, 0.00360624, 0.99393, 0.347501
6406.99, 0.996885, 0.00359951, 0.99256, 0.465571
6407, 0.995061, 0.00359471, 0.99099, 0.575591
6407.01, 0.993565, 0.00359121, 0.98927, 0.66951
6407.02, 0.991681, 0.00358671, 0.98749, 0.745987
6407.03, 0.989097, 0.00357997, 0.98574, 0.810389
6407.04, 0.986782, 0.00357359, 0.98415, 0.862716
6407.05, 0.985344, 0.00356953, 0.98286, 0.904308
6407.06, 0.984483, 0.00356767, 0.98196, 0.935168
6407.07, 0.984145, 0.00356784, 0.98151, 0.959318
6407.08, 0.984562, 0.00356988, 0.98154, 0.974077
6407.09, 0.985478, 0.00357291, 0.982, 0.986152
6407.1, 0.986311, 0.00357556, 0.98278, 0.992861
6407.11, 0.986476, 0.0035764, 0.98373, 1.00091
6407.12, 0.985778, 0.00357495, 0.98466, 1.01433
6407.13, 0.98549, 0.0035746, 0.98534, 1.0358
6407.14, 0.986168, 0.00357682, 0.98552, 1.07202
6407.15, 0.985997, 0.00357684, 0.98495, 1.12971
6407.16, 0.983943, 0.00357189, 0.98338, 1.2129
6407.17, 0.980509, 0.00356312, 0.98061, 1.32426
6407.18, 0.975964, 0.00355105, 0.97648, 1.46514
6407.19, 0.970277, 0.00353545, 0.97095, 1.63554
6407.2, 0.963496, 0.00351676, 0.9641, 1.82874
6407.21, 0.955712, 0.00349572, 0.95616, 2.03939
6407.22, 0.947006, 0.00347248, 0.94751, 2.25809
6407.23, 0.937762, 0.00344792, 0.93866, 2.47544
6407.24, 0.929343, 0.00342574, 0.9302, 2.67938
6407.25, 0.922551, 0.00340783, 0.92275, 2.86051
6407.26, 0.916771, 0.00339177, 0.91691, 3.01347
6407.27, 0.912212, 0.00337857, 0.91313, 3.12885
6407.28, 0.910208, 0.00337364, 0.91173, 3.20399
6407.29, 0.911426, 0.0033784, 0.91279, 3.23485
6407.3, 0.915854, 0.00339097, 0.91619, 3.22143
6407.31, 0.922481, 0.00340909, 0.92162, 3.1624
6407.32, 0.92997, 0.00343033, 0.92863, 3.06043
6407.33, 0.937561, 0.00345227, 0.93667, 2.91821
6407.34, 0.945195, 0.00347411, 0.94518, 2.73976
6407.35, 0.954187, 0.00349925, 0.95365, 2.53045
6407.36, 0.964186, 0.00352691, 0.96162, 2.29834
6407.37, 0.97195, 0.00354889, 0.96879, 2.05012
6407.38, 0.976872, 0.0035634, 0.97497, 1.79788
6407.39, 0.981081, 0.00357541, 0.98007, 1.54698
6407.4, 0.985028, 0.00358617, 0.98413, 1.30816
6407.41, 0.988089, 0.00359453, 0.98726, 1.08812
6407.42, 0.98996, 0.00359978, 0.98957, 0.893575
6407.43, 0.990788, 0.00360231, 0.99124, 0.72452
6407.44, 0.991885, 0.00360571, 0.99241, 0.584983
6407.45, 0.993815, 0.00361162, 0.99321, 0.470938
6407.46, 0.995035, 0.00361617, 0.99376, 0.379702
6407.47, 0.995115, 0.00361764, 0.99415, 0.309934
6407.48, 0.995357, 0.00361799, 0.99445, 0.257607
6407.49, 0.995653, 0.00361794, 0.99469, 0.216014
6407.5, 0.994909, 0.00361728, 0.99491, 0.185155
6407.51, 0.994289, 0.00361769, 0.99513, 0.159663
6407.52, 0.995368, 0.00362064, 0.99533, 0.140879
6407.53, 0.996079, 0.00362169, 0.99551, 0.12612
6407.54, 0.99475, 0.00361814, 0.99564, 0.112703
6407.55, 0.993946, 0.00361736, 0.9957, 0.101969
6407.56, 0.994752, 0.00362165, 0.99568, 0.0925776
6407.57, 0.994531, 0.00362205, 0.99556, 0.0805022
6407.58, 0.992883, 0.00361723, 0.99535, 0.0697686
6407.59, 0.991981, 0.00361457, 0.99507, 0.0576933
6407.6, 0.99169, 0.00361402, 0.99477, 0.0429345
6407.61, 0.99057, 0.00361123, 0.99452, 0.0308592
6407.62, 0.989166, 0.00360767, 0.99444, 0.0187839
6407.63, 0.988444, 0.00360614, 1, 0
6407.64, 0.987908, 0.00360556, 1, 0
6407.65, 0.986981, 0.00360425, 1, 0
6407.66, 0.985678, 0.00360132, 1, 0
6407.67, 0.984125, 0.00359679, 1, 0
6407.68, 0.982546, 0.00359208, 1, 0
6407.69, 0.981006, 0.00358764, 1, 0
