wav, obs, sigma_obs, syn, weight
6414.53, 0.970018, 0.00396463, 1, 0
6414.54, 0.960472, 0.0039355, 1, 0
6414.55, 0.950791, 0.00390607, 1, 0
6414.56, 0.940518, 0.00387545, 1, 0
6414.57, 0.931103, 0.00384707, 1, 0
6414.58, 0.924787, 0.00382697, 1, 0
6414.59, 0.923267, 0.00382293, 1, 0
6414.6, 0.926764, 0.00383648, 0.92701, 0.0173675
6414.61, 0.933027, 0.00385691, 0.92656, 0.0292505
6414.62, 0.94112, 0.00388089, 0.93141, 0.0438757
6414.63, 0.951374, 0.0039124, 0.93959, 0.0585009
6414.64, 0.962062, 0.00394661, 0.94928, 0.071298
6414.65, 0.970994, 0.00397591, 0.95911, 0.0822669
6414.66, 0.978022, 0.00399878, 0.96818, 0.0923218
6414.67, 0.983384, 0.00401576, 0.97588, 0.100548
6414.68, 0.987177, 0.00402852, 0.98197, 0.109689
6414.69, 0.989502, 0.00403704, 0.98641, 0.119744
6414.7, 0.990507, 0.0040402, 0.98937, 0.131627
6414.71, 0.990568, 0.00404006, 0.99109, 0.144424
6414.72, 0.9902, 0.00403967, 0.99186, 0.159049
6414.73, 0.990043, 0.00404059, 0.99193, 0.174589
6414.74, 0.989855, 0.00404129, 0.99153, 0.195612
6414.75, 0.988103, 0.00403636, 0.9908, 0.218464
6414.76, 0.985726, 0.00402882, 0.98988, 0.247715
6414.77, 0.985164, 0.00402704, 0.98884, 0.284278
6414.78, 0.984727, 0.00402683, 0.9877, 0.329982
6414.79, 0.982341, 0.00402202, 0.98648, 0.390311
6414.8, 0.979883, 0.00401606, 0.98512, 0.466179
6414.81, 0.978404, 0.00401156, 0.98353, 0.563985
6414.82, 0.976722, 0.00400728, 0.98155, 0.685558
6414.83, 0.974642, 0.00400255, 0.97898, 0.835466
6414.84, 0.972571, 0.00399691, 0.97553, 1.01645
6414.85, 0.969358, 0.0039872, 0.97089, 1.22669
6414.86, 0.963924, 0.00397096, 0.96475, 1.46709
6414.87, 0.956959, 0.00395019, 0.9568, 1.734
6414.88, 0.94854, 0.00392497, 0.94687, 2.02011
6414.89, 0.937623, 0.00389205, 0.93491, 2.31993
6414.9, 0.924201, 0.00385113, 0.92108, 2.62523
6414.91, 0.909024, 0.0038042, 0.9058, 2.92687
6414.92, 0.892848, 0.00375406, 0.88968, 3.21389
6414.93, 0.876236, 0.00370286, 0.87355, 3.47715
6414.94, 0.859335, 0.00365073, 0.8584, 3.70841
6414.95, 0.843671, 0.00360237, 0.84523, 3.89671
6414.96, 0.832231, 0.00356748, 0.83501, 4.03656
6414.97, 0.825272, 0.00354639, 0.82854, 4.12249
6414.98, 0.821954, 0.00353589, 0.82635, 4.15265
6414.99, 0.824214, 0.00354314, 0.82862, 4.1234
6415, 0.833299, 0.00357274, 0.83518, 4.03748
6415.01, 0.847234, 0.00361744, 0.84551, 3.89854
6415.02, 0.863602, 0.00366932, 0.85881, 3.71024
6415.03, 0.880192, 0.00372211, 0.87414, 3.4808
6415.04, 0.896993, 0.00377566, 0.89047, 3.21755
6415.05, 0.914523, 0.00383126, 0.90685, 2.93053
6415.06, 0.93074, 0.00388283, 0.92243, 2.6298
6415.07, 0.944231, 0.00392611, 0.93661, 2.32541
6415.08, 0.955933, 0.00396358, 0.94899, 2.02468
6415.09, 0.965486, 0.00399385, 0.9594, 1.73857
6415.1, 0.971477, 0.0040125, 0.96786, 1.47258
6415.11, 0.975766, 0.00402567, 0.97453, 1.23218
6415.12, 0.98069, 0.00404112, 0.97969, 1.02102
6415.13, 0.984839, 0.00405483, 0.9836, 0.840037
6415.14, 0.98728, 0.00406394, 0.98654, 0.690128
6415.15, 0.989192, 0.0040717, 0.98876, 0.567642
6415.16, 0.991275, 0.0040799, 0.99045, 0.47075
6415.17, 0.993545, 0.0040882, 0.99176, 0.393967
6415.18, 0.995176, 0.00409366, 0.99278, 0.334552
6415.19, 0.995701, 0.00409491, 0.9936, 0.287934
6415.2, 0.996691, 0.00409825, 0.99427, 0.250457
6415.21, 0.998281, 0.00410435, 0.99483, 0.221207
6415.22, 0.998228, 0.00410449, 0.99531, 0.197441
6415.23, 0.99739, 0.00410144, 0.99571, 0.178245
6415.24, 0.99833, 0.0041045, 0.99606, 0.161792
6415.25, 0.999838, 0.00411016, 0.99637, 0.147166
6415.26, 1.00032, 0.00411318, 0.99663, 0.136197
6415.27, 1.00063, 0.00411557, 0.99687, 0.125229
6415.28, 1.00127, 0.00411858, 0.99708, 0.115174
6415.29, 1.00193, 0.00412111, 0.99726, 0.106947
6415.3, 1.00227, 0.00412247, 0.99743, 0.0987203
6415.31, 1.00213, 0.00412262, 0.99758, 0.0895795
6415.32, 1.0019, 0.00412253, 0.99771, 0.0795247
6415.33, 1.00179, 0.00412271, 0.99783, 0.0648995
6415.34, 1.00121, 0.00412197, 0.99796, 0.0502742
6415.35, 1.0001, 0.00412007, 0.9981, 0.0329068
6415.36, 0.998986, 0.00411802, 0.9983, 0.0201097
6415.37, 0.998501, 0.00411749, 1, 0
6415.38, 0.998886, 0.0041192, 1, 0
6415.39, 0.998729, 0.00411894, 1, 0
6415.4, 0.997406, 0.00411506, 1, 0
6415.41, 0.996422, 0.00411265, 1, 0
6415.42, 0.996257, 0.00411321, 1, 0
6415.43, 0.996007, 0.00411346, 1, 0
