wav, obs, sigma_obs, syn, weight
6451.95, 0.99932, 0.00304677, 1, 0
6451.96, 1.00022, 0.00304864, 1, 0
6451.97, 1.00044, 0.00304902, 1, 0
6451.98, 0.999895, 0.00304781, 1, 0
6451.99, 0.999454, 0.00304714, 1, 0
6452, 0.999677, 0.0030482, 1, 0
6452.01, 1.00006, 0.00304914, 1, 0
6452.02, 1.0001, 0.00304847, 1, 0
6452.03, 0.999803, 0.00304707, 0.99883, 0.0739776
6452.04, 0.99929, 0.00304598, 0.99884, 0.104802
6452.05, 0.998716, 0.00304514, 0.99886, 0.135626
6452.06, 0.998158, 0.00304414, 0.99887, 0.15412
6452.07, 0.997293, 0.00304234, 0.99887, 0.178779
6452.08, 0.99583, 0.00303925, 0.99885, 0.191109
6452.09, 0.994264, 0.00303563, 0.99882, 0.215768
6452.1, 0.993279, 0.0030327, 0.99877, 0.240427
6452.11, 0.99311, 0.00303184, 0.99868, 0.277416
6452.12, 0.993753, 0.00303408, 0.99853, 0.32057
6452.13, 0.994768, 0.00303741, 0.99831, 0.388382
6452.14, 0.99554, 0.00303872, 0.99798, 0.480854
6452.15, 0.995872, 0.00303826, 0.99749, 0.597986
6452.16, 0.995782, 0.003038, 0.99679, 0.752106
6452.17, 0.994999, 0.00303719, 0.99584, 0.93705
6452.18, 0.993108, 0.00303341, 0.99457, 1.15898
6452.19, 0.990482, 0.00302712, 0.99295, 1.4179
6452.2, 0.988086, 0.003021, 0.99092, 1.69532
6452.21, 0.986091, 0.00301581, 0.98848, 1.99123
6452.22, 0.983922, 0.00301045, 0.98563, 2.28714
6452.23, 0.981392, 0.00300455, 0.98239, 2.57689
6452.24, 0.978768, 0.00299864, 0.97883, 2.84814
6452.25, 0.976066, 0.00299257, 0.97504, 3.0824
6452.26, 0.972949, 0.00298529, 0.97117, 3.28584
6452.27, 0.969426, 0.0029768, 0.96739, 3.43379
6452.28, 0.96607, 0.00296886, 0.96392, 3.5386
6452.29, 0.963216, 0.0029624, 0.96098, 3.59408
6452.3, 0.96069, 0.00295663, 0.95879, 3.59408
6452.31, 0.958525, 0.00295143, 0.95755, 3.5386
6452.32, 0.957315, 0.00294863, 0.95738, 3.42763
6452.33, 0.957586, 0.00294966, 0.95834, 3.27351
6452.34, 0.9595, 0.0029544, 0.96037, 3.07007
6452.35, 0.962979, 0.0029623, 0.96336, 2.82964
6452.36, 0.967389, 0.00297219, 0.9671, 2.55839
6452.37, 0.972171, 0.00298314, 0.97133, 2.26248
6452.38, 0.977421, 0.00299553, 0.97577, 1.96657
6452.39, 0.983163, 0.0030094, 0.98015, 1.67066
6452.4, 0.988435, 0.00302205, 0.98424, 1.39324
6452.41, 0.992252, 0.00303071, 0.98786, 1.13432
6452.42, 0.99492, 0.00303634, 0.99092, 0.906226
6452.43, 0.99708, 0.00304089, 0.99337, 0.715117
6452.44, 0.998784, 0.00304451, 0.99526, 0.554832
6452.45, 0.999912, 0.00304679, 0.99664, 0.431536
6452.46, 1.00078, 0.00304855, 0.9976, 0.339064
6452.47, 1.00184, 0.00305096, 0.99825, 0.265086
6452.48, 1.00289, 0.00305351, 0.99867, 0.215768
6452.49, 1.00343, 0.00305484, 0.99894, 0.172614
6452.5, 1.00349, 0.0030551, 0.99911, 0.147955
6452.51, 1.00342, 0.00305528, 0.99921, 0.129461
6452.52, 1.00332, 0.00305536, 0.99928, 0.110966
6452.53, 1.00306, 0.00305455, 0.99932, 0.0986368
6452.54, 1.00261, 0.00305295, 0.99935, 0.0801424
6452.55, 1.00208, 0.00305148, 0.99937, 0.061648
6452.56, 1.00156, 0.00305051, 0.99938, 0.0554832
6452.57, 1.00119, 0.00304988, 0.99938, 0.0369888
6452.58, 1.00094, 0.0030494, 1, 0
6452.59, 1.00067, 0.00304895, 1, 0
6452.6, 1.00033, 0.00304846, 1, 0
6452.61, 1.00009, 0.00304796, 1, 0
6452.62, 1.00003, 0.00304748, 1, 0
6452.63, 1.00003, 0.00304699, 1, 0
6452.64, 0.999986, 0.0030465, 1, 0
6452.65, 0.999938, 0.00304602, 1, 0
