wav, obs, sigma_obs, syn, weight
6466.6, 0.995108, 0.00320279, 1, 0
6466.61, 0.995107, 0.00320279, 1, 0
6466.62, 0.995107, 0.00320279, 1, 0
6466.63, 0.995106, 0.00320279, 1, 0
6466.64, 0.995106, 0.00320279, 1, 0
6466.65, 0.995105, 0.00320279, 1, 0
6466.66, 0.995104, 0.00320277, 1, 0
6466.67, 0.995101, 0.00320271, 0.99933, 0.0453504
6466.68, 0.995106, 0.00320287, 0.99878, 0.0721484
6466.69, 0.995043, 0.00320305, 0.99804, 0.101008
6466.7, 0.994693, 0.00320244, 0.99715, 0.131929
6466.71, 0.993945, 0.00320084, 0.99621, 0.158727
6466.72, 0.992897, 0.0031991, 0.9953, 0.183463
6466.73, 0.992153, 0.00319835, 0.99447, 0.204077
6466.74, 0.992842, 0.00319994, 0.99373, 0.222629
6466.75, 0.99441, 0.0032029, 0.99306, 0.243243
6466.76, 0.99472, 0.00320419, 0.99241, 0.263857
6466.77, 0.993678, 0.0032033, 0.99179, 0.288594
6466.78, 0.99276, 0.00320172, 0.99116, 0.319514
6466.79, 0.991509, 0.00319837, 0.9905, 0.352497
6466.8, 0.988332, 0.00319075, 0.98981, 0.391663
6466.81, 0.983357, 0.0031793, 0.98907, 0.437013
6466.82, 0.977642, 0.0031661, 0.98823, 0.492671
6466.83, 0.972121, 0.00315323, 0.98729, 0.558635
6466.84, 0.967627, 0.0031427, 0.98622, 0.639029
6466.85, 0.964782, 0.00313603, 0.98498, 0.731791
6466.86, 0.964053, 0.0031344, 0.98357, 0.838983
6466.87, 0.965545, 0.00313809, 0.98197, 0.964727
6466.88, 0.968926, 0.00314638, 0.9802, 1.1049
6466.89, 0.972671, 0.00315586, 0.97827, 1.26157
6466.9, 0.975457, 0.00316343, 0.97621, 1.42854
6466.91, 0.97731, 0.00316865, 0.97407, 1.60376
6466.92, 0.977857, 0.00317027, 0.97192, 1.78104
6466.93, 0.975288, 0.0031642, 0.96981, 1.95625
6466.94, 0.969037, 0.00314919, 0.96782, 2.12529
6466.95, 0.961193, 0.00313011, 0.96601, 2.27783
6466.96, 0.953791, 0.00311206, 0.96444, 2.41388
6466.97, 0.948337, 0.00309943, 0.96317, 2.52519
6466.98, 0.945506, 0.00309374, 0.96225, 2.61177
6466.99, 0.945021, 0.0030931, 0.96169, 2.66743
6467, 0.94664, 0.00309685, 0.96152, 2.69423
6467.01, 0.95019, 0.00310564, 0.96175, 2.69011
6467.02, 0.955101, 0.00311823, 0.96237, 2.65506
6467.03, 0.96047, 0.00313185, 0.96338, 2.59116
6467.04, 0.96534, 0.00314413, 0.96475, 2.50046
6467.05, 0.968873, 0.00315329, 0.96643, 2.38708
6467.06, 0.971613, 0.00316052, 0.96839, 2.25103
6467.07, 0.974629, 0.00316808, 0.97055, 2.10261
6467.08, 0.977536, 0.0031752, 0.97283, 1.94388
6467.09, 0.979597, 0.00318039, 0.97514, 1.78104
6467.1, 0.981534, 0.00318566, 0.97741, 1.62025
6467.11, 0.984234, 0.00319322, 0.97955, 1.46977
6467.12, 0.987161, 0.00320121, 0.98148, 1.33165
6467.13, 0.989611, 0.00320744, 0.98315, 1.21415
6467.14, 0.991586, 0.00321243, 0.98451, 1.11521
6467.15, 0.993105, 0.00321665, 0.98555, 1.03894
6467.16, 0.993838, 0.0032191, 0.98624, 0.985341
6467.17, 0.993914, 0.00321981, 0.9866, 0.954421
6467.18, 0.994558, 0.00322157, 0.98664, 0.944114
6467.19, 0.99591, 0.00322481, 0.9864, 0.956482
6467.2, 0.996045, 0.00322547, 0.98591, 0.981219
6467.21, 0.994798, 0.00322324, 0.98523, 1.02038
6467.22, 0.99464, 0.0032235, 0.98442, 1.0678
6467.23, 0.995865, 0.00322675, 0.98354, 1.12139
6467.24, 0.996219, 0.00322781, 0.9827, 1.17705
6467.25, 0.99542, 0.00322623, 0.98202, 1.22858
6467.26, 0.994979, 0.00322577, 0.98168, 1.26775
6467.27, 0.994856, 0.00322606, 0.98194, 1.28012
6467.28, 0.993978, 0.00322403, 0.98305, 1.25126
6467.29, 0.992841, 0.00322112, 0.98513, 1.1688
6467.3, 0.992653, 0.00322086, 0.98803, 1.01832
6467.31, 0.992806, 0.00322177, 0.9913, 0.816308
6467.32, 0.99207, 0.00322063, 0.99437, 0.593678
6467.33, 0.990668, 0.00321794, 0.9968, 0.381356
6467.34, 0.989224, 0.00321517, 1, 0
6467.35, 0.987641, 0.00321168, 1, 0
6467.36, 0.985511, 0.00320622, 1, 0
6467.37, 0.98205, 0.0031977, 1, 0
6467.38, 0.976647, 0.0031852, 1, 0
6467.39, 0.969445, 0.00316825, 1, 0
6467.4, 0.961442, 0.0031487, 1, 0
