wav, obs, sigma_obs, syn, weight
6518.36, 0.476155, 0.00177481, 1, 0
6518.37, 0.4945, 0.00181904, 1, 0
6518.38, 0.512845, 0.00186327, 1, 0
6518.39, 0.53119, 0.0019075, 1, 0
6518.4, 0.549535, 0.00195173, 1, 0
6518.41, 0.56788, 0.00199596, 1, 0
6518.42, 0.586225, 0.00204019, 1, 0
6518.43, 0.598942, 0.00207117, 1, 0
6518.44, 0.62064, 0.00212329, 0.90789, 0.0405595
6518.45, 0.659937, 0.00221677, 0.91412, 0.0540794
6518.46, 0.711396, 0.00233839, 0.92594, 0.0757111
6518.47, 0.764527, 0.00246295, 0.94012, 0.0946389
6518.48, 0.814327, 0.00257879, 0.95386, 0.113567
6518.49, 0.858859, 0.00268177, 0.96538, 0.135198
6518.5, 0.896226, 0.00276779, 0.974, 0.15683
6518.51, 0.924627, 0.00283287, 0.97988, 0.181166
6518.52, 0.94435, 0.00287798, 0.98327, 0.213614
6518.53, 0.957719, 0.00290886, 0.98477, 0.251469
6518.54, 0.966883, 0.0029304, 0.98485, 0.300141
6518.55, 0.973643, 0.0029461, 0.98382, 0.359628
6518.56, 0.978937, 0.00295783, 0.98185, 0.440747
6518.57, 0.982271, 0.00296485, 0.97893, 0.53809
6518.58, 0.983529, 0.00296731, 0.97501, 0.662473
6518.59, 0.983798, 0.00296799, 0.96994, 0.813895
6518.6, 0.983886, 0.00296882, 0.96356, 0.989653
6518.61, 0.983214, 0.00296798, 0.95576, 1.20056
6518.62, 0.981142, 0.00296352, 0.94646, 1.4304
6518.63, 0.977914, 0.002956, 0.93569, 1.68457
6518.64, 0.973989, 0.0029466, 0.92361, 1.95227
6518.65, 0.969685, 0.00293628, 0.91051, 2.22537
6518.66, 0.965013, 0.0029253, 0.8968, 2.49576
6518.67, 0.95785, 0.00290883, 0.88302, 2.74994
6518.68, 0.945297, 0.00288013, 0.8698, 2.98248
6518.69, 0.927497, 0.0028393, 0.85779, 3.18528
6518.7, 0.906622, 0.00279098, 0.84764, 3.34751
6518.71, 0.885781, 0.00274251, 0.83991, 3.46649
6518.72, 0.868788, 0.00270323, 0.83508, 3.5395
6518.73, 0.857606, 0.00267778, 0.83343, 3.56383
6518.74, 0.85209, 0.00266542, 0.83507, 3.5422
6518.75, 0.852264, 0.0026659, 0.83989, 3.46649
6518.76, 0.858556, 0.0026802, 0.84761, 3.34751
6518.77, 0.870137, 0.00270658, 0.85777, 3.18528
6518.78, 0.883657, 0.00273796, 0.86979, 2.98248
6518.79, 0.896391, 0.00276823, 0.88304, 2.74994
6518.8, 0.908022, 0.00279559, 0.89685, 2.49576
6518.81, 0.918612, 0.00281935, 0.91061, 2.22537
6518.82, 0.92818, 0.00284039, 0.92377, 1.95227
6518.83, 0.936782, 0.00285976, 0.93592, 1.68728
6518.84, 0.944683, 0.00287784, 0.94676, 1.4304
6518.85, 0.952173, 0.00289478, 0.95615, 1.20056
6518.86, 0.959263, 0.00291068, 0.96406, 0.992357
6518.87, 0.96581, 0.00292552, 0.97055, 0.813895
6518.88, 0.971311, 0.00293811, 0.97577, 0.662473
6518.89, 0.975122, 0.00294681, 0.9799, 0.540794
6518.9, 0.977398, 0.00295205, 0.98313, 0.440747
6518.91, 0.978856, 0.00295574, 0.98564, 0.362332
6518.92, 0.980096, 0.00295903, 0.98758, 0.300141
6518.93, 0.981573, 0.0029623, 0.9891, 0.254173
6518.94, 0.983105, 0.00296509, 0.9903, 0.216318
6518.95, 0.983738, 0.00296587, 0.99126, 0.186574
6518.96, 0.983479, 0.00296514, 0.99204, 0.162238
6518.97, 0.983955, 0.00296663, 0.9927, 0.140606
6518.98, 0.98597, 0.00297194, 0.99327, 0.121679
6518.99, 0.988279, 0.00297745, 0.9938, 0.102751
6519, 0.989843, 0.00298032, 0.99433, 0.0838231
6519.01, 0.990959, 0.00298198, 0.99491, 0.0621913
6519.02, 0.992094, 0.00298424, 0.99557, 0.0459675
6519.03, 0.993451, 0.00298761, 1, 0
6519.04, 0.995072, 0.00299196, 1, 0
6519.05, 0.996495, 0.00299557, 1, 0
6519.06, 0.997193, 0.00299657, 1, 0
6519.07, 0.99735, 0.00299607, 1, 0
6519.08, 0.997435, 0.00299626, 1, 0
6519.09, 0.997672, 0.00299743, 1, 0
6519.1, 0.998123, 0.00299879, 1, 0
