wav, obs, sigma_obs, syn, weight
6526.22, 1.0057, 0.00303349, 1, 0
6526.23, 1.00452, 0.00303101, 1, 0
6526.24, 1.00346, 0.00302875, 1, 0
6526.25, 1.00229, 0.00302629, 1, 0
6526.26, 1.00068, 0.00302296, 1, 0
6526.27, 0.998771, 0.00301888, 1, 0
6526.28, 0.996994, 0.0030147, 1, 0
6526.29, 0.995408, 0.00301074, 1, 0
6526.3, 0.993737, 0.003007, 0.99377, 0.277428
6526.31, 0.992017, 0.00300351, 0.99228, 0.393204
6526.32, 0.990589, 0.00300038, 0.99068, 0.510074
6526.33, 0.989439, 0.00299746, 0.989, 0.620389
6526.34, 0.988167, 0.00299436, 0.9873, 0.713229
6526.35, 0.986605, 0.00299089, 0.98568, 0.787501
6526.36, 0.984877, 0.00298719, 0.98421, 0.844297
6526.37, 0.983201, 0.00298359, 0.983, 0.886895
6526.38, 0.981879, 0.00298069, 0.9821, 0.917477
6526.39, 0.980841, 0.00297838, 0.98156, 0.936045
6526.4, 0.979498, 0.00297551, 0.98138, 0.946967
6526.41, 0.977649, 0.00297158, 0.98153, 0.94806
6526.42, 0.975737, 0.00296719, 0.98195, 0.944783
6526.43, 0.974188, 0.00296328, 0.98254, 0.93823
6526.44, 0.973311, 0.00296118, 0.98321, 0.931676
6526.45, 0.973334, 0.00296167, 0.98382, 0.930584
6526.46, 0.974363, 0.00296435, 0.98428, 0.939322
6526.47, 0.976287, 0.00296861, 0.98445, 0.965535
6526.48, 0.978597, 0.0029737, 0.98423, 1.01141
6526.49, 0.980721, 0.00297866, 0.9835, 1.0835
6526.5, 0.982061, 0.00298211, 0.98215, 1.18617
6526.51, 0.982078, 0.00298264, 0.98006, 1.31723
6526.52, 0.980384, 0.00297873, 0.97715, 1.47889
6526.53, 0.976975, 0.00297022, 0.97337, 1.66566
6526.54, 0.972767, 0.00296041, 0.9687, 1.87318
6526.55, 0.968376, 0.00295137, 0.96322, 2.09054
6526.56, 0.96315, 0.0029402, 0.9571, 2.31226
6526.57, 0.956568, 0.00292465, 0.95058, 2.52634
6526.58, 0.949208, 0.00290712, 0.94403, 2.72513
6526.59, 0.941905, 0.00289053, 0.93786, 2.89879
6526.6, 0.935656, 0.00287654, 0.9325, 3.04187
6526.61, 0.931253, 0.00286626, 0.92836, 3.14782
6526.62, 0.928595, 0.00285973, 0.92579, 3.21226
6526.63, 0.927525, 0.00285702, 0.92502, 3.23301
6526.64, 0.928507, 0.00285948, 0.92613, 3.21008
6526.65, 0.931992, 0.00286822, 0.92905, 3.14454
6526.66, 0.937668, 0.00288183, 0.93356, 3.03532
6526.67, 0.944963, 0.00289835, 0.93933, 2.89005
6526.68, 0.953063, 0.00291636, 0.94595, 2.70983
6526.69, 0.961096, 0.00293457, 0.95298, 2.50231
6526.7, 0.968249, 0.00295145, 0.96001, 2.27512
6526.71, 0.973939, 0.00296573, 0.96668, 2.03702
6526.72, 0.97882, 0.00297786, 0.97273, 1.79345
6526.73, 0.983753, 0.00298868, 0.97799, 1.55643
6526.74, 0.988022, 0.00299748, 0.9824, 1.33143
6526.75, 0.990531, 0.00300323, 0.98598, 1.12282
6526.76, 0.991967, 0.00300708, 0.98879, 0.937137
6526.77, 0.993628, 0.00301095, 0.99096, 0.775487
6526.78, 0.995555, 0.00301499, 0.9926, 0.641142
6526.79, 0.997234, 0.00301858, 0.99384, 0.528642
6526.8, 0.998434, 0.00302138, 0.99477, 0.439078
6526.81, 0.999063, 0.00302315, 0.99549, 0.368083
6526.82, 0.99897, 0.00302335, 0.99604, 0.312379
6526.83, 0.99805, 0.0030215, 0.99646, 0.270874
6526.84, 0.997062, 0.00301927, 0.99679, 0.237015
6526.85, 0.997124, 0.0030193, 0.99703, 0.211894
6526.86, 0.997569, 0.00302019, 0.99717, 0.192233
6526.87, 0.99674, 0.00301836, 0.9972, 0.17585
6526.88, 0.995145, 0.00301483, 0.9971, 0.163835
6526.89, 0.994675, 0.00301364, 0.99685, 0.152913
6526.9, 0.995378, 0.00301511, 0.99642, 0.144175
6526.91, 0.995966, 0.0030169, 0.99583, 0.135437
6526.92, 0.996229, 0.00301829, 0.99511, 0.126699
6526.93, 0.996802, 0.0030199, 0.9943, 0.113592
6526.94, 0.997433, 0.00302108, 0.99351, 0.0961166
6526.95, 0.997121, 0.00302014, 0.99289, 0.0775487
6526.96, 0.995895, 0.00301736, 0.99259, 0.055704
6526.97, 0.994731, 0.00301479, 1, 0
6526.98, 0.993891, 0.00301295, 1, 0
6526.99, 0.992902, 0.00301079, 1, 0
6527, 0.991694, 0.00300818, 1, 0
6527.01, 0.990655, 0.003006, 1, 0
6527.02, 0.989919, 0.00300453, 1, 0
6527.03, 0.989247, 0.00300322, 1, 0
6527.04, 0.9885, 0.00300173, 1, 0
