wav, obs, sigma_obs, syn, weight
6526.8, 0.995656, 0.00301258, 1, 0
6526.81, 0.995771, 0.00301324, 1, 0
6526.82, 0.996051, 0.0030143, 1, 0
6526.83, 0.995683, 0.00301377, 1, 0
6526.84, 0.994596, 0.00301142, 1, 0
6526.85, 0.993963, 0.00300995, 1, 0
6526.86, 0.994409, 0.00301083, 1, 0
6526.87, 0.994441, 0.00301084, 1, 0
6526.88, 0.993036, 0.00300776, 0.99479, 0.0820992
6526.89, 0.991753, 0.00300486, 0.99453, 0.110986
6526.9, 0.991963, 0.00300514, 0.99417, 0.138352
6526.91, 0.992754, 0.00300702, 0.99363, 0.159637
6526.92, 0.993121, 0.00300855, 0.99289, 0.173321
6526.93, 0.993457, 0.00300998, 0.99198, 0.182443
6526.94, 0.994172, 0.0030116, 0.99096, 0.188524
6526.95, 0.994488, 0.003012, 0.98991, 0.194606
6526.96, 0.993658, 0.00301001, 0.98894, 0.202207
6526.97, 0.992349, 0.00300709, 0.98815, 0.21285
6526.98, 0.991381, 0.00300497, 0.98761, 0.231094
6526.99, 0.990533, 0.00300311, 0.98733, 0.252379
6527, 0.989406, 0.00300063, 0.98731, 0.284307
6527.01, 0.988232, 0.00299814, 0.98744, 0.325356
6527.02, 0.987363, 0.00299645, 0.9876, 0.381609
6527.03, 0.9867, 0.0029951, 0.98763, 0.456107
6527.04, 0.985912, 0.00299308, 0.98731, 0.55341
6527.05, 0.984231, 0.00298885, 0.98644, 0.675038
6527.06, 0.980938, 0.00298117, 0.98479, 0.828594
6527.07, 0.976703, 0.00297156, 0.98214, 1.01104
6527.08, 0.972557, 0.00296223, 0.97829, 1.22389
6527.09, 0.968145, 0.00295214, 0.97303, 1.46714
6527.1, 0.962554, 0.00293907, 0.96623, 1.73169
6527.11, 0.955164, 0.00292214, 0.95783, 2.01447
6527.12, 0.945598, 0.0029012, 0.9479, 2.30638
6527.13, 0.934403, 0.00287642, 0.93668, 2.59373
6527.14, 0.922519, 0.00284831, 0.92457, 2.87195
6527.15, 0.910279, 0.00281858, 0.91218, 3.12585
6527.16, 0.897778, 0.00278954, 0.90025, 3.34934
6527.17, 0.886034, 0.00276319, 0.8896, 3.53331
6527.18, 0.876528, 0.00274133, 0.88104, 3.67166
6527.19, 0.870029, 0.00272595, 0.87526, 3.75984
6527.2, 0.866886, 0.00271903, 0.87275, 3.79633
6527.21, 0.867697, 0.00272189, 0.87369, 3.77808
6527.22, 0.873106, 0.00273515, 0.87799, 3.70815
6527.23, 0.882172, 0.00275632, 0.88523, 3.58652
6527.24, 0.892929, 0.00278098, 0.8948, 3.41776
6527.25, 0.904711, 0.00280788, 0.9059, 3.20795
6527.26, 0.917761, 0.002838, 0.91775, 2.96317
6527.27, 0.930871, 0.0028684, 0.92958, 2.69255
6527.28, 0.941776, 0.00289333, 0.9408, 2.4052
6527.29, 0.950445, 0.00291285, 0.95098, 2.11177
6527.3, 0.958705, 0.0029319, 0.95987, 1.82291
6527.31, 0.966676, 0.00295077, 0.9674, 1.54924
6527.32, 0.972924, 0.00296554, 0.97363, 1.29534
6527.33, 0.977268, 0.0029756, 0.97869, 1.06881
6527.34, 0.980785, 0.00298365, 0.98275, 0.874205
6527.35, 0.984018, 0.00299113, 0.98599, 0.710006
6527.36, 0.986907, 0.00299798, 0.98855, 0.574695
6527.37, 0.989394, 0.00300402, 0.99056, 0.46827
6527.38, 0.991462, 0.003009, 0.99212, 0.38465
6527.39, 0.993043, 0.00301263, 0.99332, 0.320795
6527.4, 0.994023, 0.00301459, 0.99422, 0.272144
6527.41, 0.99453, 0.0030154, 0.9949, 0.237176
6527.42, 0.994999, 0.00301663, 0.99539, 0.209809
6527.43, 0.995617, 0.00301874, 0.99576, 0.188524
6527.44, 0.996225, 0.00302063, 0.99603, 0.173321
6527.45, 0.996815, 0.00302199, 0.99623, 0.158117
6527.46, 0.997623, 0.00302375, 0.99639, 0.147475
6527.47, 0.998602, 0.00302599, 0.99653, 0.136832
6527.48, 0.999255, 0.00302731, 0.99666, 0.123149
6527.49, 0.999479, 0.00302753, 0.9968, 0.109466
6527.5, 0.99985, 0.00302858, 0.99694, 0.0912214
6527.51, 1.00054, 0.0030309, 0.99711, 0.0714567
6527.52, 1.00095, 0.00303221, 0.99731, 0.0516921
6527.53, 1.00082, 0.0030316, 1, 0
6527.54, 1.00063, 0.00303108, 1, 0
6527.55, 1.00077, 0.00303194, 1, 0
6527.56, 1.00129, 0.00303345, 1, 0
6527.57, 1.00197, 0.00303472, 1, 0
6527.58, 1.00215, 0.00303506, 1, 0
6527.59, 1.0015, 0.00303423, 1, 0
6527.6, 1.00048, 0.0030329, 1, 0
