wav, obs, sigma_obs, syn, weight
6555.05, 1.00538, 0.00427129, 1, 0
6555.06, 1.00431, 0.00426895, 1, 0
6555.07, 1.0032, 0.00426645, 1, 0
6555.08, 1.00203, 0.00426371, 1, 0
6555.09, 1.00136, 0.00426301, 1, 0
6555.1, 1.00098, 0.0042633, 1, 0
6555.11, 1.00006, 0.00426096, 1, 0
6555.12, 0.998696, 0.00425697, 0.99749, 0.0243178
6555.13, 0.997512, 0.00425441, 0.99731, 0.0421509
6555.14, 0.997286, 0.00425395, 0.99713, 0.059984
6555.15, 0.998052, 0.0042555, 0.99694, 0.0810594
6555.16, 0.99837, 0.00425872, 0.99673, 0.0972713
6555.17, 0.997944, 0.00426169, 0.99651, 0.111862
6555.18, 0.997654, 0.00426162, 0.99625, 0.124832
6555.19, 0.997578, 0.00425989, 0.99597, 0.13618
6555.2, 0.997537, 0.00425953, 0.99565, 0.149149
6555.21, 0.99788, 0.00426215, 0.99529, 0.165361
6555.22, 0.998443, 0.0042663, 0.99487, 0.181573
6555.23, 0.998086, 0.00426627, 0.9944, 0.201027
6555.24, 0.996836, 0.00426254, 0.99384, 0.226966
6555.25, 0.995632, 0.00426006, 0.9932, 0.257769
6555.26, 0.99453, 0.00425755, 0.99243, 0.295056
6555.27, 0.992959, 0.00425175, 0.99151, 0.343692
6555.28, 0.989605, 0.00424125, 0.99038, 0.406918
6555.29, 0.984484, 0.00422688, 0.98898, 0.486357
6555.3, 0.979562, 0.00421206, 0.98722, 0.583628
6555.31, 0.975449, 0.00419913, 0.98495, 0.710081
6555.32, 0.971514, 0.00418819, 0.98201, 0.860851
6555.33, 0.966134, 0.00417225, 0.97819, 1.04242
6555.34, 0.95875, 0.00414809, 0.97321, 1.2548
6555.35, 0.952072, 0.00412692, 0.96683, 1.49311
6555.36, 0.946146, 0.00410927, 0.95877, 1.75737
6555.37, 0.93769, 0.00408211, 0.94889, 2.03621
6555.38, 0.927183, 0.00404775, 0.93713, 2.32478
6555.39, 0.916627, 0.00401464, 0.9237, 2.61174
6555.4, 0.904612, 0.00397699, 0.909, 2.88734
6555.41, 0.890528, 0.00393178, 0.89373, 3.14024
6555.42, 0.877123, 0.00388892, 0.8788, 3.36397
6555.43, 0.86515, 0.00385115, 0.86527, 3.54878
6555.44, 0.853472, 0.00381422, 0.8542, 3.68983
6555.45, 0.844611, 0.00378612, 0.84655, 3.78223
6555.46, 0.841496, 0.00377651, 0.843, 3.82438
6555.47, 0.842201, 0.0037797, 0.8439, 3.81466
6555.48, 0.845987, 0.00379335, 0.84914, 3.75305
6555.49, 0.855576, 0.0038254, 0.85826, 3.63957
6555.5, 0.869896, 0.00387269, 0.87043, 3.48069
6555.51, 0.885027, 0.00392361, 0.88465, 3.28129
6555.52, 0.900187, 0.00397468, 0.89983, 3.04459
6555.53, 0.915631, 0.00402575, 0.91496, 2.78034
6555.54, 0.930979, 0.00407657, 0.92921, 2.49987
6555.55, 0.945289, 0.00412447, 0.942, 2.2113
6555.56, 0.957154, 0.00416396, 0.953, 1.92435
6555.57, 0.966805, 0.00419585, 0.96213, 1.65199
6555.58, 0.975225, 0.00422387, 0.96948, 1.39746
6555.59, 0.981612, 0.00424507, 0.97525, 1.16726
6555.6, 0.985332, 0.00425741, 0.97972, 0.96785
6555.61, 0.987385, 0.00426567, 0.98315, 0.797625
6555.62, 0.989135, 0.00427381, 0.98578, 0.656581
6555.63, 0.991851, 0.00428346, 0.98782, 0.541477
6555.64, 0.994569, 0.00429248, 0.98941, 0.45069
6555.65, 0.9958, 0.00429794, 0.99068, 0.377737
6555.66, 0.996671, 0.00430151, 0.99171, 0.320995
6555.67, 0.997817, 0.00430462, 0.99255, 0.277223
6555.68, 0.997902, 0.00430631, 0.99325, 0.241557
6555.69, 0.996926, 0.00430593, 0.99383, 0.212376
6555.7, 0.996111, 0.00430363, 0.99431, 0.189679
6555.71, 0.99567, 0.00430145, 0.9947, 0.171846
6555.72, 0.994963, 0.00429996, 0.99501, 0.154013
6555.73, 0.992164, 0.00429292, 0.99525, 0.141043
6555.74, 0.988044, 0.00428168, 0.99542, 0.126453
6555.75, 0.987033, 0.00427913, 0.99551, 0.115104
6555.76, 0.988272, 0.00428307, 0.99552, 0.0988925
6555.77, 0.987924, 0.00428268, 0.99545, 0.0826806
6555.78, 0.987276, 0.00428131, 0.99531, 0.0616052
6555.79, 0.988104, 0.004284, 0.99511, 0.0405297
6555.8, 0.989248, 0.00428824, 0.99493, 0.0243178
6555.81, 0.990155, 0.00429288, 1, 0
6555.82, 0.991329, 0.00429902, 1, 0
6555.83, 0.992031, 0.00430259, 1, 0
6555.84, 0.991319, 0.00429932, 1, 0
6555.85, 0.990375, 0.00429622, 1, 0
6555.86, 0.990163, 0.00429854, 1, 0
6555.87, 0.990083, 0.00430182, 1, 0
