wav, obs, sigma_obs, syn, weight
6635.3, 0.997197, 0.00351501, 1, 0
6635.31, 0.997409, 0.0035158, 1, 0
6635.32, 0.997606, 0.00351657, 1, 0
6635.33, 0.997997, 0.00351756, 1, 0
6635.34, 0.998615, 0.00351876, 1, 0
6635.35, 0.999126, 0.00351951, 1, 0
6635.36, 0.999152, 0.00351907, 1, 0
6635.37, 0.998759, 0.00351766, 1, 0
6635.38, 0.99829, 0.00351602, 1, 0
6635.39, 0.997989, 0.00351481, 0.99928, 0.0479846
6635.4, 0.997934, 0.0035145, 0.99919, 0.059501
6635.41, 0.998133, 0.00351528, 0.99912, 0.074856
6635.42, 0.998348, 0.0035163, 0.99906, 0.0863724
6635.43, 0.998277, 0.00351641, 0.99899, 0.0998081
6635.44, 0.997743, 0.00351494, 0.99893, 0.113244
6635.45, 0.996671, 0.00351158, 0.99884, 0.130518
6635.46, 0.995277, 0.00350698, 0.99873, 0.147793
6635.47, 0.994386, 0.00350369, 0.99859, 0.174664
6635.48, 0.994667, 0.00350384, 0.99841, 0.207294
6635.49, 0.995379, 0.00350536, 0.99816, 0.24952
6635.5, 0.995299, 0.00350476, 0.99783, 0.303263
6635.51, 0.994299, 0.00350176, 0.9974, 0.3762
6635.52, 0.993344, 0.0034993, 0.99682, 0.47025
6635.53, 0.993067, 0.00349916, 0.99606, 0.585413
6635.54, 0.993086, 0.00349957, 0.99508, 0.731286
6635.55, 0.992915, 0.00349849, 0.99383, 0.904031
6635.56, 0.992574, 0.00349644, 0.99229, 1.10749
6635.57, 0.992313, 0.00349512, 0.99042, 1.33973
6635.58, 0.991864, 0.00349407, 0.98822, 1.59693
6635.59, 0.990302, 0.00349017, 0.98572, 1.8714
6635.6, 0.987093, 0.00348146, 0.98295, 2.15931
6635.61, 0.983188, 0.00347066, 0.98001, 2.44722
6635.62, 0.979752, 0.00346118, 0.977, 2.72937
6635.63, 0.976813, 0.00345309, 0.97404, 2.99424
6635.64, 0.973719, 0.00344444, 0.97127, 3.23033
6635.65, 0.970358, 0.00343491, 0.96883, 3.43186
6635.66, 0.967482, 0.00342665, 0.96685, 3.59309
6635.67, 0.965773, 0.00342167, 0.96543, 3.70633
6635.68, 0.965275, 0.00342014, 0.96464, 3.76775
6635.69, 0.965833, 0.00342168, 0.96453, 3.78119
6635.7, 0.96702, 0.00342499, 0.96511, 3.73704
6635.71, 0.968208, 0.00342805, 0.96635, 3.64299
6635.72, 0.969327, 0.00343056, 0.96817, 3.50288
6635.73, 0.971418, 0.00343554, 0.97049, 3.3167
6635.74, 0.975323, 0.00344551, 0.97319, 3.09405
6635.75, 0.980015, 0.00345793, 0.97613, 2.83877
6635.76, 0.983865, 0.00346863, 0.97916, 2.5643
6635.77, 0.986504, 0.00347631, 0.98217, 2.27639
6635.78, 0.988746, 0.00348243, 0.98503, 1.98656
6635.79, 0.991105, 0.00348801, 0.98766, 1.70633
6635.8, 0.993241, 0.00349271, 0.98998, 1.43954
6635.81, 0.994753, 0.00349611, 0.99197, 1.1977
6635.82, 0.995749, 0.00349845, 0.99362, 0.982726
6635.83, 0.996551, 0.00350025, 0.99496, 0.796545
6635.84, 0.997179, 0.00350148, 0.99602, 0.639155
6635.85, 0.997303, 0.00350143, 0.99684, 0.510557
6635.86, 0.996803, 0.00349994, 0.99746, 0.408829
6635.87, 0.996284, 0.00349859, 0.99792, 0.328215
6635.88, 0.996403, 0.00349905, 0.99828, 0.266795
6635.89, 0.997013, 0.00350071, 0.99854, 0.220729
6635.9, 0.997529, 0.00350166, 0.99874, 0.182342
6635.91, 0.997754, 0.00350142, 0.99889, 0.15547
6635.92, 0.998061, 0.0035015, 0.99902, 0.134357
6635.93, 0.998714, 0.00350304, 0.99912, 0.117083
6635.94, 0.999399, 0.003505, 0.9992, 0.101727
6635.95, 0.999702, 0.00350595, 0.99927, 0.0902111
6635.96, 0.999789, 0.00350611, 0.99933, 0.0786948
6635.97, 1.00021, 0.00350685, 0.9994, 0.0671785
6635.98, 1.00109, 0.00350847, 0.99946, 0.0556622
6635.99, 1.00176, 0.0035095, 0.99954, 0.0422265
6636, 1.00165, 0.00350869, 1, 0
6636.01, 1.00112, 0.00350705, 1, 0
6636.02, 1.00079, 0.00350617, 1, 0
6636.03, 1.00082, 0.0035063, 1, 0
6636.04, 1.00096, 0.00350651, 1, 0
6636.05, 1.00107, 0.00350622, 1, 0
6636.06, 1.00115, 0.0035056, 1, 0
6636.07, 1.00124, 0.00350514, 1, 0
6636.08, 1.00133, 0.00350471, 1, 0
