wav, obs, sigma_obs, syn, weight
6721.38, 1.00222, 0.00302266, 1, 0
6721.39, 1.00287, 0.00302398, 1, 0
6721.4, 1.00399, 0.00302639, 1, 0
6721.41, 1.00449, 0.00302736, 1, 0
6721.42, 1.00375, 0.00302542, 1, 0
6721.43, 1.00228, 0.00302182, 1, 0
6721.44, 1.00131, 0.00301942, 1, 0
6721.45, 1.0013, 0.00301932, 1, 0
6721.46, 1.00173, 0.00302011, 1, 0
6721.47, 1.00213, 0.00302063, 0.99897, 0.0392244
6721.48, 1.00243, 0.00302097, 0.99877, 0.0528329
6721.49, 1.00261, 0.00302129, 0.99859, 0.0672419
6721.5, 1.00243, 0.00302083, 0.99843, 0.0808504
6721.51, 1.00157, 0.0030185, 0.99829, 0.0928579
6721.52, 1.00028, 0.003015, 0.99815, 0.104065
6721.53, 0.999383, 0.0030126, 0.99801, 0.114471
6721.54, 0.99921, 0.0030122, 0.99786, 0.124077
6721.55, 0.999207, 0.00301201, 0.99769, 0.136085
6721.56, 0.998854, 0.0030105, 0.9975, 0.147292
6721.57, 0.998194, 0.00300848, 0.99728, 0.1609
6721.58, 0.997396, 0.00300718, 0.99702, 0.177711
6721.59, 0.996432, 0.0030061, 0.99672, 0.196923
6721.6, 0.995163, 0.00300373, 0.99636, 0.220137
6721.61, 0.993718, 0.00299999, 0.99592, 0.248155
6721.62, 0.992554, 0.00299652, 0.99537, 0.283377
6721.63, 0.991874, 0.0029943, 0.99468, 0.327404
6721.64, 0.991167, 0.00299226, 0.99379, 0.383439
6721.65, 0.989892, 0.0029892, 0.99263, 0.453082
6721.66, 0.988049, 0.00298494, 0.99111, 0.538736
6721.67, 0.98584, 0.00297973, 0.98912, 0.643601
6721.68, 0.983449, 0.00297393, 0.98653, 0.77008
6721.69, 0.981049, 0.00296805, 0.98319, 0.919773
6721.7, 0.978536, 0.00296197, 0.97899, 1.09268
6721.71, 0.975348, 0.00295453, 0.97378, 1.2888
6721.72, 0.970953, 0.00294461, 0.96751, 1.50414
6721.73, 0.965084, 0.00293151, 0.96013, 1.73788
6721.74, 0.957591, 0.00291476, 0.95172, 1.98524
6721.75, 0.948802, 0.00289489, 0.94239, 2.2422
6721.76, 0.939273, 0.00287292, 0.93236, 2.50156
6721.77, 0.929108, 0.00284912, 0.92194, 2.76012
6721.78, 0.917919, 0.00282301, 0.91147, 3.00827
6721.79, 0.905708, 0.00279481, 0.90136, 3.24042
6721.8, 0.893421, 0.00276636, 0.89202, 3.44935
6721.81, 0.8821, 0.00273978, 0.88383, 3.62946
6721.82, 0.872631, 0.00271741, 0.87717, 3.77355
6721.83, 0.865813, 0.00270147, 0.87231, 3.87842
6721.84, 0.861944, 0.00269271, 0.86949, 3.93845
6721.85, 0.860983, 0.0026908, 0.86883, 3.95206
6721.86, 0.863045, 0.00269575, 0.87036, 3.91924
6721.87, 0.868483, 0.00270811, 0.874, 3.84159
6721.88, 0.877368, 0.00272794, 0.87961, 3.72072
6721.89, 0.888824, 0.00275354, 0.88691, 3.56142
6721.9, 0.901769, 0.00278278, 0.8956, 3.3685
6721.91, 0.914953, 0.00281278, 0.9053, 3.14916
6721.92, 0.927094, 0.00284047, 0.9156, 2.90901
6721.93, 0.9378, 0.00286485, 0.92609, 2.65606
6721.94, 0.947502, 0.00288688, 0.9364, 2.39669
6721.95, 0.956308, 0.00290679, 0.94618, 2.13733
6721.96, 0.963646, 0.00292331, 0.95516, 1.88437
6721.97, 0.969073, 0.00293547, 0.96318, 1.64102
6721.98, 0.973046, 0.00294443, 0.97012, 1.41448
6721.99, 0.976224, 0.00295176, 0.97596, 1.20635
6722, 0.978897, 0.0029579, 0.98076, 1.01984
6722.01, 0.981135, 0.0029626, 0.98461, 0.855733
6722.02, 0.983048, 0.00296611, 0.98763, 0.715646
6722.03, 0.98479, 0.00296932, 0.98997, 0.597973
6722.04, 0.986414, 0.00297271, 0.99176, 0.500312
6722.05, 0.987703, 0.00297557, 0.99313, 0.421863
6722.06, 0.988469, 0.00297724, 0.99417, 0.357823
6722.07, 0.988962, 0.00297834, 0.99498, 0.307392
6722.08, 0.989586, 0.00297992, 0.9956, 0.267367
6722.09, 0.990636, 0.00298251, 0.9961, 0.235347
6722.1, 0.992319, 0.0029862, 0.99651, 0.20893
6722.11, 0.994451, 0.00299052, 0.99684, 0.187317
6722.12, 0.996224, 0.00299405, 0.99712, 0.169706
6722.13, 0.997072, 0.00299583, 0.99736, 0.154496
6722.14, 0.997466, 0.00299672, 0.99757, 0.141688
6722.15, 0.998025, 0.00299789, 0.99776, 0.131282
6722.16, 0.998762, 0.00299931, 0.99792, 0.120075
6722.17, 0.999405, 0.00300046, 0.99806, 0.110469
6722.18, 0.999911, 0.00300128, 0.9982, 0.100863
6722.19, 1.00047, 0.00300219, 0.99833, 0.0904564
6722.2, 1.00112, 0.00300328, 0.99847, 0.0784489
6722.21, 1.00157, 0.00300396, 0.99863, 0.0656409
6722.22, 1.00157, 0.00300373, 0.9988, 0.0520324
6722.23, 1.00133, 0.00300311, 0.999, 0.0384239
6722.24, 1.00115, 0.00300286, 1, 0
6722.25, 1.00109, 0.00300296, 1, 0
6722.26, 1.00104, 0.00300289, 1, 0
6722.27, 1.00103, 0.0030027, 1, 0
6722.28, 1.0013, 0.00300307, 1, 0
6722.29, 1.00191, 0.00300423, 1, 0
6722.3, 1.00237, 0.00300498, 1, 0
6722.31, 1.00222, 0.00300414, 1, 0
6722.32, 1.00158, 0.00300201, 1, 0
