wav, obs, sigma_obs, syn, weight
6739.1, 0.996183, 0.00285886, 1, 0
6739.11, 0.996088, 0.00285928, 1, 0
6739.12, 0.9959, 0.00285928, 1, 0
6739.13, 0.995396, 0.00285781, 1, 0
6739.14, 0.994735, 0.00285563, 1, 0
6739.15, 0.994343, 0.0028547, 1, 0
6739.16, 0.994367, 0.00285534, 1, 0
6739.17, 0.994619, 0.00285596, 1, 0
6739.18, 0.994938, 0.00285586, 0.9998, 0.0299729
6739.19, 0.995234, 0.00285593, 0.99979, 0.0428184
6739.2, 0.995483, 0.00285674, 0.99979, 0.0642276
6739.21, 0.995793, 0.00285796, 0.99978, 0.081355
6739.22, 0.996208, 0.00285913, 0.99977, 0.0984824
6739.23, 0.996524, 0.00285984, 0.99975, 0.11561
6739.24, 0.996582, 0.00285989, 0.99973, 0.137019
6739.25, 0.996665, 0.00285982, 0.99971, 0.154146
6739.26, 0.997108, 0.00286034, 0.99968, 0.175556
6739.27, 0.9978, 0.00286147, 0.99965, 0.205528
6739.28, 0.998467, 0.00286294, 0.99962, 0.239783
6739.29, 0.99899, 0.00286439, 0.99958, 0.286883
6739.3, 0.99934, 0.00286537, 0.99953, 0.342547
6739.31, 0.9995, 0.0028658, 0.99947, 0.419621
6739.32, 0.999463, 0.00286586, 0.99939, 0.513821
6739.33, 0.999317, 0.0028658, 0.99928, 0.629431
6739.34, 0.999247, 0.00286596, 0.99913, 0.775014
6739.35, 0.999263, 0.00286619, 0.99891, 0.946287
6739.36, 0.999108, 0.00286561, 0.99859, 1.14325
6739.37, 0.998692, 0.00286402, 0.99811, 1.36591
6739.38, 0.998299, 0.00286278, 0.9974, 1.60997
6739.39, 0.998034, 0.0028626, 0.99634, 1.85832
6739.4, 0.997372, 0.00286187, 0.99473, 2.11951
6739.41, 0.995802, 0.00285896, 0.99234, 2.3807
6739.42, 0.993333, 0.00285367, 0.98884, 2.62477
6739.43, 0.989963, 0.00284597, 0.98387, 2.85171
6739.44, 0.984847, 0.00283446, 0.97709, 3.05724
6739.45, 0.97697, 0.00281745, 0.96828, 3.23279
6739.46, 0.966475, 0.00279508, 0.9575, 3.37409
6739.47, 0.95411, 0.00276848, 0.94519, 3.48114
6739.48, 0.940878, 0.00273968, 0.93223, 3.5368
6739.49, 0.927968, 0.00271137, 0.91989, 3.55821
6739.5, 0.916929, 0.00268725, 0.90968, 3.53252
6739.51, 0.909626, 0.00267192, 0.90299, 3.45973
6739.52, 0.90719, 0.00266756, 0.90087, 3.3484
6739.53, 0.909759, 0.00267314, 0.90368, 3.19425
6739.54, 0.917046, 0.00268771, 0.91108, 3.00585
6739.55, 0.928116, 0.00271095, 0.92204, 2.78748
6739.56, 0.941657, 0.00274098, 0.9351, 2.55198
6739.57, 0.955583, 0.00277194, 0.9487, 2.29935
6739.58, 0.967986, 0.00279849, 0.96147, 2.04244
6739.59, 0.978012, 0.00281942, 0.97247, 1.79409
6739.6, 0.985254, 0.00283472, 0.98123, 1.55003
6739.61, 0.990372, 0.00284594, 0.98772, 1.32309
6739.62, 0.99426, 0.00285487, 0.99221, 1.12184
6739.63, 0.997059, 0.00286143, 0.99514, 0.942005
6739.64, 0.998617, 0.00286484, 0.99695, 0.783577
6739.65, 0.999249, 0.0028658, 0.99801, 0.65084
6739.66, 0.999537, 0.0028659, 0.99863, 0.539512
6739.67, 0.999825, 0.00286626, 0.99898, 0.445312
6739.68, 1.00025, 0.00286764, 0.99919, 0.37252
6739.69, 1.00079, 0.00286976, 0.99934, 0.312575
6739.7, 1.00129, 0.00287119, 0.99944, 0.265474
6739.71, 1.0017, 0.00287153, 0.99952, 0.226938
6739.72, 1.00217, 0.00287207, 0.99958, 0.196965
6739.73, 1.00269, 0.0028733, 0.99964, 0.171274
6739.74, 1.00287, 0.00287385, 0.99968, 0.149864
6739.75, 1.00251, 0.00287286, 0.99971, 0.128455
6739.76, 1.00219, 0.00287187, 0.99974, 0.111328
6739.77, 1.0024, 0.00287227, 0.99976, 0.0899187
6739.78, 1.00263, 0.00287287, 0.99978, 0.0685095
6739.79, 1.00231, 0.00287221, 0.99979, 0.0471003
6739.8, 1.00178, 0.00287105, 0.99979, 0.0342547
6739.81, 1.00166, 0.00287083, 1, 0
6739.82, 1.00191, 0.00287153, 1, 0
6739.83, 1.00218, 0.0028724, 1, 0
6739.84, 1.00224, 0.00287289, 1, 0
6739.85, 1.002, 0.00287262, 1, 0
6739.86, 1.00149, 0.00287162, 1, 0
6739.87, 1.00092, 0.00287049, 1, 0
6739.88, 1.00042, 0.00286954, 1, 0
