wav, obs, sigma_obs, syn, weight
6741.26, 1.00054, 0.00287546, 1, 0
6741.27, 1.00025, 0.00287446, 1, 0
6741.28, 0.999811, 0.00287311, 1, 0
6741.29, 0.999736, 0.00287259, 1, 0
6741.3, 1.0002, 0.00287333, 1, 0
6741.31, 1.00072, 0.00287449, 1, 0
6741.32, 1.00073, 0.00287504, 1, 0
6741.33, 1.00036, 0.00287476, 1, 0
6741.34, 0.999949, 0.00287379, 0.99923, 0.0323251
6741.35, 0.999705, 0.00287278, 0.99913, 0.0499569
6741.36, 0.999756, 0.0028725, 0.99903, 0.073466
6741.37, 0.999829, 0.00287265, 0.99892, 0.0940365
6741.38, 0.999442, 0.00287226, 0.99879, 0.117546
6741.39, 0.998666, 0.00287121, 0.99863, 0.141055
6741.4, 0.998002, 0.00287003, 0.99844, 0.164564
6741.41, 0.99763, 0.00286905, 0.9982, 0.19395
6741.42, 0.997376, 0.00286835, 0.99791, 0.229214
6741.43, 0.997015, 0.00286763, 0.99754, 0.273294
6741.44, 0.99628, 0.00286597, 0.9971, 0.329128
6741.45, 0.99519, 0.00286334, 0.99657, 0.399655
6741.46, 0.994278, 0.00286132, 0.99593, 0.490753
6741.47, 0.99377, 0.00286059, 0.99515, 0.602421
6741.48, 0.993032, 0.0028594, 0.99421, 0.737599
6741.49, 0.991582, 0.00285639, 0.99305, 0.899224
6741.5, 0.989828, 0.00285262, 0.99162, 1.09024
6741.51, 0.988179, 0.00284916, 0.98987, 1.29888
6741.52, 0.986287, 0.00284512, 0.98774, 1.53691
6741.53, 0.983733, 0.00283941, 0.98521, 1.78376
6741.54, 0.980844, 0.00283288, 0.98227, 2.03942
6741.55, 0.978116, 0.00282686, 0.97896, 2.29508
6741.56, 0.975206, 0.00282071, 0.97537, 2.54192
6741.57, 0.97147, 0.00281307, 0.97165, 2.7682
6741.58, 0.967388, 0.00280467, 0.96799, 2.9739
6741.59, 0.964097, 0.00279749, 0.9646, 3.15022
6741.6, 0.961818, 0.00279231, 0.96171, 3.28834
6741.61, 0.960034, 0.00278896, 0.95955, 3.38531
6741.62, 0.958617, 0.00278704, 0.95827, 3.44409
6741.63, 0.957879, 0.00278604, 0.95798, 3.45584
6741.64, 0.958201, 0.00278637, 0.95871, 3.42646
6741.65, 0.960024, 0.00278964, 0.96041, 3.35593
6741.66, 0.963316, 0.00279639, 0.96296, 3.23838
6741.67, 0.967185, 0.00280498, 0.96617, 3.08557
6741.68, 0.970993, 0.002814, 0.96982, 2.90044
6741.69, 0.974921, 0.00282318, 0.97368, 2.68298
6741.7, 0.97908, 0.00283224, 0.97753, 2.44789
6741.71, 0.982989, 0.00284036, 0.9812, 2.19516
6741.72, 0.986207, 0.00284696, 0.98454, 1.9395
6741.73, 0.988949, 0.00285284, 0.98747, 1.68678
6741.74, 0.991511, 0.00285882, 0.98994, 1.44287
6741.75, 0.993653, 0.0028638, 0.99198, 1.2166
6741.76, 0.99501, 0.00286631, 0.9936, 1.01089
6741.77, 0.995715, 0.00286728, 0.99486, 0.834574
6741.78, 0.996139, 0.00286857, 0.99583, 0.681765
6741.79, 0.996691, 0.00287063, 0.99656, 0.555403
6741.8, 0.997743, 0.00287296, 0.99711, 0.452551
6741.81, 0.998778, 0.00287455, 0.99753, 0.370269
6741.82, 0.99863, 0.00287401, 0.99785, 0.305619
6741.83, 0.997541, 0.00287214, 0.9981, 0.252723
6741.84, 0.997181, 0.00287181, 0.9983, 0.214521
6741.85, 0.997951, 0.00287358, 0.99846, 0.182196
6741.86, 0.998504, 0.00287471, 0.99861, 0.155748
6741.87, 0.998227, 0.00287407, 0.99873, 0.135177
6741.88, 0.997963, 0.00287362, 0.99884, 0.111668
6741.89, 0.998267, 0.00287455, 0.99895, 0.0910979
6741.9, 0.998742, 0.00287568, 0.99904, 0.0675887
6741.91, 0.998989, 0.00287597, 0.99914, 0.0470183
6741.92, 0.998989, 0.0028756, 0.99924, 0.0323251
6741.93, 0.998856, 0.00287511, 1, 0
6741.94, 0.998959, 0.00287549, 1, 0
6741.95, 0.999582, 0.00287742, 1, 0
6741.96, 1.00024, 0.00287941, 1, 0
6741.97, 1.00034, 0.00287968, 1, 0
6741.98, 1.00029, 0.00287943, 1, 0
6741.99, 1.00086, 0.00288094, 1, 0
6742, 1.00204, 0.0028842, 1, 0
