wav, obs, sigma_obs, syn, weight
6800.21, 0.998476, 0.00290452, 1, 0
6800.22, 0.99874, 0.00290498, 1, 0
6800.23, 0.999051, 0.00290554, 1, 0
6800.24, 0.999257, 0.00290588, 1, 0
6800.25, 0.999296, 0.00290589, 1, 0
6800.26, 0.999315, 0.00290584, 1, 0
6800.27, 0.999506, 0.00290612, 1, 0
6800.28, 0.999649, 0.00290632, 1, 0
6800.29, 0.999206, 0.00290545, 1, 0
6800.3, 0.998163, 0.00290347, 0.99848, 0.040253
6800.31, 0.997355, 0.00290185, 0.99837, 0.0568277
6800.32, 0.997382, 0.00290163, 0.99829, 0.0734025
6800.33, 0.997781, 0.00290191, 0.99823, 0.0899772
6800.34, 0.997931, 0.00290149, 0.99817, 0.10892
6800.35, 0.997749, 0.00290044, 0.99811, 0.127862
6800.36, 0.997407, 0.0028994, 0.99803, 0.149173
6800.37, 0.99708, 0.00289883, 0.99792, 0.172851
6800.38, 0.996941, 0.00289903, 0.99779, 0.203633
6800.39, 0.996999, 0.00289979, 0.9976, 0.243886
6800.4, 0.996937, 0.00289991, 0.99736, 0.295978
6800.41, 0.996502, 0.00289851, 0.99703, 0.357541
6800.42, 0.995874, 0.00289644, 0.9966, 0.440415
6800.43, 0.995325, 0.00289491, 0.99602, 0.544599
6800.44, 0.994784, 0.00289375, 0.99526, 0.670094
6800.45, 0.993991, 0.002892, 0.99427, 0.824002
6800.46, 0.992767, 0.00288914, 0.99299, 1.00159
6800.47, 0.991032, 0.00288514, 0.99139, 1.20522
6800.48, 0.988851, 0.00288026, 0.98942, 1.43253
6800.49, 0.986641, 0.00287534, 0.98708, 1.67879
6800.5, 0.984743, 0.00287106, 0.98436, 1.93688
6800.51, 0.982817, 0.00286672, 0.98133, 2.20207
6800.52, 0.98032, 0.00286121, 0.97805, 2.46253
6800.53, 0.977102, 0.00285413, 0.97466, 2.71116
6800.54, 0.973292, 0.00284562, 0.97128, 2.9432
6800.55, 0.969319, 0.00283662, 0.9681, 3.14683
6800.56, 0.96603, 0.00282927, 0.96527, 3.31969
6800.57, 0.96396, 0.00282492, 0.96297, 3.45465
6800.58, 0.962599, 0.00282225, 0.96132, 3.547
6800.59, 0.961395, 0.00281978, 0.96044, 3.59672
6800.6, 0.960861, 0.00281849, 0.96037, 3.60146
6800.61, 0.961891, 0.00282026, 0.96112, 3.55884
6800.62, 0.964297, 0.00282489, 0.96264, 3.47596
6800.63, 0.966972, 0.00283041, 0.96485, 3.3481
6800.64, 0.969476, 0.00283601, 0.9676, 3.18709
6800.65, 0.972593, 0.00284303, 0.97074, 2.98582
6800.66, 0.976809, 0.0028522, 0.9741, 2.76088
6800.67, 0.981053, 0.00286109, 0.97751, 2.51463
6800.68, 0.984068, 0.00286699, 0.98083, 2.25653
6800.69, 0.986091, 0.00287082, 0.98391, 1.99134
6800.7, 0.988084, 0.00287527, 0.98668, 1.73088
6800.71, 0.99032, 0.00288086, 0.98909, 1.48226
6800.72, 0.992355, 0.00288585, 0.99111, 1.25021
6800.73, 0.993871, 0.0028891, 0.99275, 1.04421
6800.74, 0.994882, 0.00289084, 0.99406, 0.861887
6800.75, 0.995461, 0.00289154, 0.99507, 0.705611
6800.76, 0.995782, 0.0028918, 0.99584, 0.575381
6800.77, 0.996029, 0.00289219, 0.99642, 0.466461
6800.78, 0.996242, 0.00289269, 0.99685, 0.381219
6800.79, 0.996372, 0.00289295, 0.99717, 0.312552
6800.8, 0.99641, 0.00289291, 0.99742, 0.26046
6800.81, 0.9964, 0.0028929, 0.99762, 0.220207
6800.82, 0.996379, 0.00289306, 0.99778, 0.187058
6800.83, 0.996362, 0.00289294, 0.99792, 0.16338
6800.84, 0.996347, 0.00289218, 0.99805, 0.142069
6800.85, 0.996271, 0.00289119, 0.99817, 0.125495
6800.86, 0.996059, 0.00289059, 0.99829, 0.106552
6800.87, 0.995853, 0.0028906, 0.99841, 0.0899772
6800.88, 0.995941, 0.00289113, 0.99853, 0.0757703
6800.89, 0.996293, 0.00289181, 0.99867, 0.0568277
6800.9, 0.996419, 0.00289184, 0.99881, 0.0426208
6800.91, 0.996113, 0.002891, 1, 0
6800.92, 0.996129, 0.00289075, 1, 0
6800.93, 0.997188, 0.0028925, 1, 0
6800.94, 0.998592, 0.00289508, 1, 0
6800.95, 0.999131, 0.00289638, 1, 0
6800.96, 0.998756, 0.00289618, 1, 0
6800.97, 0.998383, 0.00289586, 1, 0
6800.98, 0.99852, 0.00289621, 1, 0
6800.99, 0.998932, 0.00289691, 1, 0
