wav, obs, sigma_obs, syn, weight
6848.23, 1.00866, 0.00415813, 1, 0
6848.24, 1.00717, 0.00415477, 1, 0
6848.25, 1.00567, 0.00415141, 1, 0
6848.26, 1.00418, 0.00414805, 1, 0
6848.27, 1.00241, 0.0041441, 1, 0
6848.28, 1.00121, 0.00414137, 1, 0
6848.29, 1.00118, 0.0041414, 1, 0
6848.3, 1.0018, 0.00414425, 0.99948, 0.0129941
6848.31, 1.00242, 0.0041486, 0.99936, 0.0259883
6848.32, 1.00256, 0.00415099, 0.99926, 0.0389824
6848.33, 1.00207, 0.00415016, 0.99917, 0.056308
6848.34, 1.00107, 0.00414792, 0.99908, 0.0822962
6848.35, 1.00014, 0.00414642, 0.99897, 0.103953
6848.36, 0.999862, 0.00414724, 0.99885, 0.129941
6848.37, 0.999492, 0.00414731, 0.9987, 0.151598
6848.38, 0.998198, 0.00414361, 0.9985, 0.186249
6848.39, 0.996662, 0.00413951, 0.99824, 0.233895
6848.4, 0.995461, 0.00413737, 0.99789, 0.290203
6848.41, 0.994382, 0.00413518, 0.99742, 0.368167
6848.42, 0.992938, 0.00413117, 0.99677, 0.463458
6848.43, 0.990545, 0.00412454, 0.9959, 0.593399
6848.44, 0.987757, 0.00411703, 0.99472, 0.749329
6848.45, 0.985611, 0.00411133, 0.99316, 0.931247
6848.46, 0.98389, 0.00410683, 0.99116, 1.14348
6848.47, 0.981987, 0.00410181, 0.98865, 1.38604
6848.48, 0.97943, 0.00409476, 0.98562, 1.64159
6848.49, 0.976149, 0.00408563, 0.98208, 1.90581
6848.5, 0.972688, 0.00407666, 0.97811, 2.17868
6848.51, 0.969444, 0.0040684, 0.97384, 2.43857
6848.52, 0.966568, 0.00405977, 0.96945, 2.68546
6848.53, 0.96375, 0.00405064, 0.96515, 2.90203
6848.54, 0.960501, 0.00404114, 0.9612, 3.08827
6848.55, 0.956619, 0.00403023, 0.95783, 3.23987
6848.56, 0.952534, 0.00401845, 0.95524, 3.34816
6848.57, 0.950043, 0.00401129, 0.95362, 3.41746
6848.58, 0.950028, 0.00401182, 0.95307, 3.44345
6848.59, 0.951748, 0.00401839, 0.95362, 3.42179
6848.6, 0.954097, 0.00402732, 0.95523, 3.35249
6848.61, 0.956055, 0.00403462, 0.95781, 3.2442
6848.62, 0.958788, 0.00404409, 0.96118, 3.09261
6848.63, 0.963764, 0.00406078, 0.96513, 2.90636
6848.64, 0.969608, 0.00408018, 0.96943, 2.68979
6848.65, 0.974919, 0.00409776, 0.97382, 2.4429
6848.66, 0.979773, 0.0041141, 0.97809, 2.18302
6848.67, 0.983923, 0.00412835, 0.98205, 1.91014
6848.68, 0.986627, 0.00413761, 0.98558, 1.64159
6848.69, 0.988983, 0.00414573, 0.9886, 1.38171
6848.7, 0.992805, 0.00415921, 0.99109, 1.14348
6848.71, 0.996149, 0.0041709, 0.99307, 0.931247
6848.72, 0.996799, 0.00417291, 0.99459, 0.744998
6848.73, 0.996586, 0.00417285, 0.99571, 0.589068
6848.74, 0.997181, 0.00417676, 0.99651, 0.463458
6848.75, 0.998398, 0.00418199, 0.99703, 0.363836
6848.76, 0.999424, 0.00418532, 0.99735, 0.285871
6848.77, 0.99919, 0.0041845, 0.99749, 0.225232
6848.78, 0.998584, 0.00418338, 0.99749, 0.181918
6848.79, 0.999155, 0.00418743, 0.99739, 0.147267
6848.8, 0.999821, 0.00419184, 0.99721, 0.121279
6848.81, 0.999502, 0.00419185, 0.99699, 0.0952904
6848.82, 0.999466, 0.00419189, 0.99677, 0.0736335
6848.83, 0.999926, 0.00419358, 0.9966, 0.056308
6848.84, 0.999011, 0.00419211, 0.99655, 0.0389824
6848.85, 0.997137, 0.00418817, 0.9967, 0.0216569
6848.86, 0.996552, 0.00418699, 0.99708, 0.0129941
6848.87, 0.997008, 0.0041885, 1, 0
6848.88, 0.997277, 0.00419031, 1, 0
6848.89, 0.997293, 0.0041918, 1, 0
6848.9, 0.997269, 0.00419293, 1, 0
6848.91, 0.997355, 0.00419399, 1, 0
6848.92, 0.997538, 0.00419512, 1, 0
6848.93, 0.99763, 0.00419626, 1, 0
