wav, obs, sigma_obs, syn, weight
6851.3, 0.999945, 0.00442425, 1, 0
6851.31, 0.998618, 0.00442017, 1, 0
6851.32, 0.997275, 0.00441602, 1, 0
6851.33, 0.9974, 0.00441738, 1, 0
6851.34, 0.998175, 0.00442146, 1, 0
6851.35, 0.997411, 0.00442045, 1, 0
6851.36, 0.996023, 0.00441676, 1, 0
6851.37, 0.995781, 0.004416, 0.99991, 0.0405251
6851.38, 0.996033, 0.00441718, 0.99991, 0.0405251
6851.39, 0.99609, 0.00441842, 0.9999, 0.0810502
6851.4, 0.996229, 0.00441904, 0.9999, 0.0810502
6851.41, 0.99648, 0.00441954, 0.9999, 0.121575
6851.42, 0.996551, 0.00442118, 0.9999, 0.202626
6851.43, 0.996358, 0.00442283, 0.99989, 0.243151
6851.44, 0.996069, 0.00442308, 0.99988, 0.324201
6851.45, 0.99641, 0.00442444, 0.99987, 0.324201
6851.46, 0.997543, 0.00442846, 0.99985, 0.405251
6851.47, 0.998269, 0.00443284, 0.99982, 0.486301
6851.48, 0.997899, 0.00443379, 0.99976, 0.567352
6851.49, 0.996577, 0.00442775, 0.99965, 0.688927
6851.5, 0.995735, 0.00442282, 0.99944, 0.769977
6851.51, 0.996788, 0.00442895, 0.99908, 0.932078
6851.52, 0.998216, 0.00443717, 0.99845, 1.09418
6851.53, 0.998482, 0.00443882, 0.99744, 1.25628
6851.54, 0.997651, 0.00443649, 0.9959, 1.49943
6851.55, 0.995926, 0.00443176, 0.9937, 1.70205
6851.56, 0.993464, 0.00442393, 0.99077, 1.90468
6851.57, 0.990738, 0.00441512, 0.98711, 2.10731
6851.58, 0.988079, 0.00440747, 0.98285, 2.30993
6851.59, 0.984372, 0.00439562, 0.97825, 2.51256
6851.6, 0.978857, 0.00437633, 0.97368, 2.71518
6851.61, 0.97246, 0.00435553, 0.96957, 2.83676
6851.62, 0.967169, 0.00434019, 0.96637, 2.91781
6851.63, 0.965557, 0.00433615, 0.96441, 3.03938
6851.64, 0.966544, 0.00434037, 0.9639, 3.07991
6851.65, 0.967591, 0.0043462, 0.96485, 3.12043
6851.66, 0.969481, 0.00435471, 0.9671, 3.07991
6851.67, 0.973289, 0.00436783, 0.97034, 3.03938
6851.68, 0.978524, 0.00438435, 0.97417, 2.91781
6851.69, 0.984187, 0.00440231, 0.97818, 2.83676
6851.7, 0.988994, 0.00441928, 0.98203, 2.67466
6851.71, 0.992175, 0.00443225, 0.98547, 2.47203
6851.72, 0.993621, 0.0044391, 0.98838, 2.26941
6851.73, 0.994841, 0.00444385, 0.99074, 2.06678
6851.74, 0.996872, 0.00445016, 0.99262, 1.86416
6851.75, 0.998536, 0.00445651, 0.9941, 1.66153
6851.76, 0.999242, 0.00446106, 0.9953, 1.4589
6851.77, 0.999417, 0.00446248, 0.99627, 1.21575
6851.78, 0.998891, 0.0044602, 0.99708, 1.05365
6851.79, 0.997422, 0.00445511, 0.99776, 0.891553
6851.8, 0.996393, 0.00445306, 0.9983, 0.769977
6851.81, 0.99685, 0.00445723, 0.99873, 0.648402
6851.82, 0.997861, 0.00446103, 0.99906, 0.486301
6851.83, 0.99867, 0.00446174, 0.9993, 0.445776
6851.84, 0.999091, 0.00446278, 0.99946, 0.364726
6851.85, 0.999108, 0.00446476, 0.99957, 0.324201
6851.86, 0.998836, 0.00446659, 0.99965, 0.283676
6851.87, 0.998619, 0.0044682, 0.9997, 0.202626
6851.88, 0.998822, 0.00446985, 0.99974, 0.1621
6851.89, 0.999657, 0.00447178, 0.99977, 0.1621
6851.9, 1.00041, 0.00447305, 0.9998, 0.121575
6851.91, 0.99953, 0.00447173, 0.99982, 0.0405251
6851.92, 0.998408, 0.00447081, 0.99984, 0.0405251
6851.93, 0.999529, 0.00447487, 0.99986, 0.0405251
6851.94, 1.00142, 0.00448092, 1, 0
6851.95, 1.00222, 0.00448492, 1, 0
6851.96, 1.00206, 0.00448609, 1, 0
6851.97, 1.00121, 0.00448422, 1, 0
6851.98, 0.999711, 0.00447929, 1, 0
6851.99, 0.997822, 0.00447244, 1, 0
6852, 0.996033, 0.00446607, 1, 0
