wav, obs, sigma_obs, syn, weight
6952.66, 1.00256, 0.00289942, 1, 0
6952.67, 1.00262, 0.00289965, 1, 0
6952.68, 1.00189, 0.00289808, 1, 0
6952.69, 1.00076, 0.00289554, 1, 0
6952.7, 1.00017, 0.00289407, 1, 0
6952.71, 1.00045, 0.00289448, 1, 0
6952.72, 1.0008, 0.00289525, 1, 0
6952.73, 1.00051, 0.00289489, 1, 0
6952.74, 0.999686, 0.00289322, 1, 0
6952.75, 0.998663, 0.00289051, 0.99826, 0.0874649
6952.76, 0.997628, 0.00288733, 0.99806, 0.117453
6952.77, 0.996652, 0.00288456, 0.99788, 0.14994
6952.78, 0.995783, 0.00288265, 0.99771, 0.182427
6952.79, 0.995047, 0.00288128, 0.99753, 0.212415
6952.8, 0.99445, 0.00288005, 0.99733, 0.244902
6952.81, 0.993926, 0.00287876, 0.99709, 0.27489
6952.82, 0.993403, 0.00287727, 0.99681, 0.309876
6952.83, 0.993023, 0.00287613, 0.99646, 0.344862
6952.84, 0.993107, 0.00287641, 0.996, 0.387345
6952.85, 0.993702, 0.00287827, 0.99541, 0.434826
6952.86, 0.994327, 0.00288008, 0.99462, 0.494801
6952.87, 0.994461, 0.00288018, 0.99357, 0.564773
6952.88, 0.993694, 0.00287792, 0.99218, 0.64724
6952.89, 0.991683, 0.00287303, 0.99039, 0.742202
6952.9, 0.988564, 0.00286605, 0.98812, 0.852158
6952.91, 0.984866, 0.0028582, 0.98532, 0.979607
6952.92, 0.980929, 0.00285009, 0.98197, 1.12455
6952.93, 0.976682, 0.00284097, 0.97809, 1.28698
6952.94, 0.972044, 0.00283023, 0.97375, 1.46191
6952.95, 0.967137, 0.00281873, 0.96906, 1.65184
6952.96, 0.96216, 0.00280782, 0.96417, 1.85176
6952.97, 0.957453, 0.00279818, 0.95926, 2.05418
6952.98, 0.953472, 0.00278994, 0.95454, 2.2541
6952.99, 0.950296, 0.00278277, 0.9502, 2.44902
6953, 0.947195, 0.00277545, 0.94645, 2.62895
6953.01, 0.943614, 0.0027672, 0.94346, 2.79138
6953.02, 0.940527, 0.00276026, 0.94137, 2.93132
6953.03, 0.939371, 0.00275779, 0.94028, 3.04378
6953.04, 0.940203, 0.00275973, 0.94022, 3.12625
6953.05, 0.941869, 0.0027632, 0.94119, 3.18122
6953.06, 0.943722, 0.00276668, 0.94311, 3.19872
6953.07, 0.946295, 0.00277171, 0.94586, 3.18122
6953.08, 0.950087, 0.00277976, 0.94926, 3.13624
6953.09, 0.954532, 0.00278939, 0.95315, 3.05377
6953.1, 0.95871, 0.00279821, 0.95735, 2.94632
6953.11, 0.962406, 0.00280578, 0.96167, 2.80887
6953.12, 0.96603, 0.0028134, 0.96598, 2.64894
6953.13, 0.969845, 0.00282186, 0.97013, 2.46901
6953.14, 0.973735, 0.00283073, 0.97404, 2.27659
6953.15, 0.977528, 0.00283936, 0.97763, 2.07667
6953.16, 0.980997, 0.002847, 0.98086, 1.87175
6953.17, 0.983906, 0.00285288, 0.98371, 1.66683
6953.18, 0.98623, 0.00285715, 0.98618, 1.47441
6953.19, 0.988136, 0.00286077, 0.98828, 1.29198
6953.2, 0.989758, 0.00286435, 0.99004, 1.12455
6953.21, 0.991152, 0.00286768, 0.99151, 0.974609
6953.22, 0.992351, 0.00287048, 0.99272, 0.844661
6953.23, 0.993326, 0.00287251, 0.9937, 0.729707
6953.24, 0.99403, 0.00287358, 0.99451, 0.634745
6953.25, 0.994512, 0.00287394, 0.99517, 0.549779
6953.26, 0.99491, 0.00287422, 0.99572, 0.482306
6953.27, 0.995318, 0.00287487, 0.99617, 0.42483
6953.28, 0.995724, 0.00287596, 0.99655, 0.377349
6953.29, 0.996129, 0.0028775, 0.99688, 0.334866
6953.3, 0.996717, 0.0028793, 0.99715, 0.302379
6953.31, 0.997722, 0.00288113, 0.99739, 0.269892
6953.32, 0.998985, 0.00288287, 0.9976, 0.239904
6953.33, 0.999987, 0.0028845, 0.99779, 0.209916
6953.34, 1.00039, 0.00288584, 0.99796, 0.179928
6953.35, 1.00034, 0.00288627, 0.99812, 0.14994
6953.36, 1.00001, 0.00288526, 0.99829, 0.117453
6953.37, 0.999463, 0.00288326, 0.99847, 0.0874649
6953.38, 0.998742, 0.00288104, 1, 0
6953.39, 0.997871, 0.0028789, 1, 0
6953.4, 0.996877, 0.00287674, 1, 0
6953.41, 0.995829, 0.00287453, 1, 0
6953.42, 0.994875, 0.00287242, 1, 0
6953.43, 0.994151, 0.00287055, 1, 0
6953.44, 0.993604, 0.00286887, 1, 0
6953.45, 0.99306, 0.0028672, 1, 0
6953.46, 0.992466, 0.00286548, 1, 0
