wav, obs, sigma_obs, syn, weight
6976.04, 1.00305, 0.00288183, 1, 0
6976.05, 1.0024, 0.00288041, 1, 0
6976.06, 1.00169, 0.0028789, 1, 0
6976.07, 1.00105, 0.00287751, 1, 0
6976.08, 1.00057, 0.0028764, 1, 0
6976.09, 1.00012, 0.0028755, 1, 0
6976.1, 0.999501, 0.00287465, 1, 0
6976.11, 0.998851, 0.00287372, 1, 0
6976.12, 0.99858, 0.00287262, 0.99741, 0.0247823
6976.13, 0.998638, 0.00287279, 0.99679, 0.0376007
6976.14, 0.998461, 0.00287727, 0.99591, 0.0521283
6976.15, 0.997687, 0.00288422, 0.99465, 0.0649467
6976.16, 0.996315, 0.00288413, 0.99289, 0.0786197
6976.17, 0.99427, 0.00287261, 0.99052, 0.0897291
6976.18, 0.991247, 0.002858, 0.98747, 0.0991292
6976.19, 0.987131, 0.00284748, 0.98373, 0.108529
6976.2, 0.982509, 0.0028393, 0.97939, 0.117075
6976.21, 0.977865, 0.00283033, 0.97463, 0.125621
6976.22, 0.972575, 0.00281903, 0.96976, 0.13673
6976.23, 0.965947, 0.00280477, 0.96511, 0.149548
6976.24, 0.958961, 0.00278972, 0.96109, 0.164931
6976.25, 0.953221, 0.00277712, 0.95806, 0.183731
6976.26, 0.949637, 0.00276913, 0.95628, 0.206804
6976.27, 0.948679, 0.00276714, 0.9559, 0.23415
6976.28, 0.950195, 0.00277081, 0.9569, 0.269187
6976.29, 0.953528, 0.00277834, 0.9591, 0.31277
6976.3, 0.95805, 0.00278826, 0.96219, 0.366607
6976.31, 0.963171, 0.00279943, 0.96576, 0.435827
6976.32, 0.968196, 0.00281044, 0.96936, 0.519574
6976.33, 0.972259, 0.00281939, 0.97254, 0.622976
6976.34, 0.974815, 0.0028251, 0.9749, 0.747742
6976.35, 0.976061, 0.00282802, 0.97611, 0.893872
6976.36, 0.976105, 0.00282837, 0.97592, 1.06308
6976.37, 0.974481, 0.00282509, 0.9741, 1.25535
6976.38, 0.970759, 0.00281714, 0.97052, 1.46728
6976.39, 0.965185, 0.00280505, 0.96505, 1.69545
6976.4, 0.958169, 0.00278975, 0.95763, 1.93986
6976.41, 0.949951, 0.00277199, 0.94829, 2.19195
6976.42, 0.940653, 0.00275232, 0.93713, 2.44747
6976.43, 0.929962, 0.00272978, 0.92441, 2.70042
6976.44, 0.917387, 0.00270274, 0.91056, 2.94568
6976.45, 0.903665, 0.00267273, 0.89614, 3.17555
6976.46, 0.890476, 0.00264372, 0.88189, 3.38236
6976.47, 0.878682, 0.00261783, 0.86863, 3.56267
6976.48, 0.868233, 0.00259513, 0.8572, 3.70966
6976.49, 0.859632, 0.00257676, 0.84839, 3.81733
6976.5, 0.854293, 0.00256565, 0.84282, 3.88399
6976.51, 0.85319, 0.00256371, 0.84092, 3.90621
6976.52, 0.856221, 0.00257031, 0.84283, 3.88484
6976.53, 0.862996, 0.00258446, 0.84841, 3.81819
6976.54, 0.872681, 0.00260495, 0.85725, 3.71136
6976.55, 0.884399, 0.00263046, 0.8687, 3.56523
6976.56, 0.897452, 0.00265942, 0.88198, 3.38578
6976.57, 0.911197, 0.00269017, 0.89627, 3.17812
6976.58, 0.925045, 0.00272111, 0.91075, 2.9491
6976.59, 0.938404, 0.00275066, 0.92472, 2.70554
6976.6, 0.95043, 0.0027768, 0.93762, 2.45345
6976.61, 0.960203, 0.00279748, 0.94908, 2.19879
6976.62, 0.967662, 0.00281308, 0.95892, 1.9484
6976.63, 0.973384, 0.00282575, 0.96708, 1.70656
6976.64, 0.977707, 0.00283609, 0.97368, 1.47839
6976.65, 0.980717, 0.00284304, 0.97889, 1.26903
6976.66, 0.98267, 0.00284685, 0.98291, 1.07846
6976.67, 0.984084, 0.00284974, 0.98598, 0.910964
6976.68, 0.985182, 0.0028527, 0.98831, 0.765688
6976.69, 0.985572, 0.00285403, 0.99007, 0.642631
6976.7, 0.985217, 0.00285309, 0.9914, 0.540938
6976.71, 0.985265, 0.00285302, 0.99242, 0.457191
6976.72, 0.986563, 0.00285625, 0.99321, 0.38968
6976.73, 0.987955, 0.00285982, 0.99381, 0.336698
6976.74, 0.988199, 0.00286046, 0.99425, 0.293115
6976.75, 0.988355, 0.00286061, 0.99455, 0.258932
6976.76, 0.990023, 0.0028641, 0.99469, 0.230732
6976.77, 0.992515, 0.0028695, 0.99461, 0.207659
6976.78, 0.994099, 0.00287298, 0.99424, 0.188004
6976.79, 0.994175, 0.00287314, 0.99346, 0.171767
6976.8, 0.992931, 0.00287029, 0.9921, 0.158094
6976.81, 0.990713, 0.00286537, 0.98998, 0.14613
6976.82, 0.987981, 0.00285983, 0.9869, 0.135021
6976.83, 0.984684, 0.00285342, 0.9827, 0.125621
6976.84, 0.980103, 0.00284376, 0.9773, 0.115366
6976.85, 0.973851, 0.00282975, 0.97073, 0.104257
6976.86, 0.966194, 0.00281287, 0.96322, 0.0914382
6976.87, 0.957556, 0.00279456, 0.95529, 0.0769106
6976.88, 0.948581, 0.00277567, 0.94758, 0.0606739
6976.89, 0.939834, 0.00275687, 0.94097, 0.0444372
6976.9, 0.931487, 0.00273861, 0.93655, 0.0299097
6976.91, 0.923844, 0.00272177, 1, 0
6976.92, 0.918295, 0.00270961, 1, 0
6976.93, 0.916409, 0.00270571, 1, 0
6976.94, 0.918627, 0.00271085, 1, 0
6976.95, 0.924799, 0.00272435, 1, 0
6976.96, 0.933682, 0.0027435, 1, 0
6976.97, 0.942622, 0.00276277, 1, 0
6976.98, 0.950977, 0.00278081, 1, 0
