wav, obs, sigma_obs, syn, weight
7003.07, 0.998454, 0.00399771, 1, 0
7003.08, 0.998868, 0.00400045, 1, 0
7003.09, 0.999191, 0.00400296, 1, 0
7003.1, 0.999604, 0.00400569, 1, 0
7003.11, 1.00045, 0.0040095, 1, 0
7003.12, 1.0011, 0.00401263, 1, 0
7003.13, 1.00067, 0.00401259, 1, 0
7003.14, 1.00005, 0.00401184, 0.99804, 0.0136686
7003.15, 1.00046, 0.00401358, 0.99763, 0.0258184
7003.16, 1.00131, 0.00401624, 0.99729, 0.041765
7003.17, 1.00184, 0.00401797, 0.99702, 0.0599898
7003.18, 1.00202, 0.00401934, 0.9968, 0.0782145
7003.19, 1.00189, 0.00402059, 0.99661, 0.0941612
7003.2, 1.0015, 0.00402089, 0.99642, 0.10707
7003.21, 1.00102, 0.00402021, 0.99625, 0.117701
7003.22, 1.0007, 0.00401943, 0.99607, 0.126814
7003.23, 1.00017, 0.00401827, 0.99589, 0.135926
7003.24, 0.998766, 0.00401584, 0.9957, 0.145798
7003.25, 0.997164, 0.00401296, 0.9955, 0.156429
7003.26, 0.996201, 0.00401053, 0.99527, 0.167819
7003.27, 0.994795, 0.00400608, 0.99501, 0.181488
7003.28, 0.991903, 0.00399774, 0.99472, 0.197435
7003.29, 0.988162, 0.00398803, 0.99438, 0.214141
7003.3, 0.983967, 0.00397781, 0.99399, 0.233884
7003.31, 0.978783, 0.00396372, 0.99354, 0.258184
7003.32, 0.973493, 0.003948, 0.99302, 0.28628
7003.33, 0.970585, 0.00393937, 0.9924, 0.320452
7003.34, 0.969763, 0.00393753, 0.99166, 0.361457
7003.35, 0.968805, 0.00393568, 0.99076, 0.413094
7003.36, 0.968093, 0.00393421, 0.98965, 0.475362
7003.37, 0.968923, 0.00393627, 0.98825, 0.552058
7003.38, 0.970411, 0.00394065, 0.98646, 0.646219
7003.39, 0.971251, 0.00394478, 0.98414, 0.760124
7003.4, 0.97099, 0.00394634, 0.98112, 0.893772
7003.41, 0.969364, 0.00394318, 0.97719, 1.04868
7003.42, 0.966148, 0.00393342, 0.97211, 1.2241
7003.43, 0.961147, 0.00391728, 0.96564, 1.41925
7003.44, 0.954212, 0.00389748, 0.95755, 1.63111
7003.45, 0.945493, 0.003874, 0.94769, 1.85513
7003.46, 0.935325, 0.00384457, 0.93596, 2.08977
7003.47, 0.923485, 0.00380849, 0.92244, 2.32973
7003.48, 0.90958, 0.00376612, 0.90733, 2.57121
7003.49, 0.894003, 0.00371886, 0.89099, 2.80813
7003.5, 0.877389, 0.00366844, 0.87396, 3.03746
7003.51, 0.860281, 0.00361642, 0.8569, 3.25236
7003.52, 0.843293, 0.00356473, 0.84057, 3.44675
7003.53, 0.827242, 0.00351606, 0.8258, 3.61533
7003.54, 0.813172, 0.00347366, 0.81338, 3.75202
7003.55, 0.802371, 0.00344124, 0.80403, 3.8515
7003.56, 0.79556, 0.00342078, 0.79831, 3.91149
7003.57, 0.792972, 0.00341286, 0.7966, 3.92895
7003.58, 0.795116, 0.00341997, 0.79899, 3.90161
7003.59, 0.80247, 0.0034447, 0.80533, 3.83403
7003.6, 0.814296, 0.00348317, 0.81523, 3.72544
7003.61, 0.829512, 0.00353027, 0.8281, 3.58116
7003.62, 0.847388, 0.00358485, 0.84318, 3.40651
7003.63, 0.867023, 0.00364547, 0.85968, 3.2068
7003.64, 0.886965, 0.00370795, 0.87679, 2.98886
7003.65, 0.905898, 0.00376792, 0.89375, 2.75725
7003.66, 0.922837, 0.00382134, 0.90992, 2.51881
7003.67, 0.937325, 0.00386652, 0.9248, 2.27733
7003.68, 0.949417, 0.00390412, 0.93805, 2.03889
7003.69, 0.959666, 0.00393607, 0.94948, 1.80653
7003.7, 0.968745, 0.00396447, 0.95906, 1.58555
7003.71, 0.976301, 0.00398815, 0.9669, 1.37749
7003.72, 0.981862, 0.0040057, 0.97315, 1.18689
7003.73, 0.985992, 0.00401929, 0.97806, 1.01603
7003.74, 0.98919, 0.00403058, 0.98186, 0.864916
7003.75, 0.99128, 0.00403826, 0.98479, 0.736583
7003.76, 0.992551, 0.00404286, 0.98706, 0.627235
7003.77, 0.994047, 0.0040481, 0.98882, 0.536871
7003.78, 0.995472, 0.00405333, 0.99021, 0.463212
7003.79, 0.995443, 0.00405424, 0.99132, 0.403222
7003.8, 0.995032, 0.00405388, 0.99223, 0.353864
7003.81, 0.996243, 0.00405816, 0.99298, 0.315136
7003.82, 0.99736, 0.00406226, 0.99361, 0.282483
7003.83, 0.996436, 0.00406069, 0.99415, 0.255146
7003.84, 0.996038, 0.00406085, 0.99462, 0.232365
7003.85, 0.997792, 0.00406722, 0.99503, 0.212622
7003.86, 0.998741, 0.00407046, 0.9954, 0.196675
7003.87, 0.997625, 0.00406703, 0.99572, 0.180729
7003.88, 0.996544, 0.00406446, 0.996, 0.168579
7003.89, 0.996241, 0.00406501, 0.99626, 0.157188
7003.9, 0.995967, 0.00406534, 0.99649, 0.147317
7003.91, 0.995478, 0.00406445, 0.9967, 0.137445
7003.92, 0.994854, 0.00406289, 0.99689, 0.128333
7003.93, 0.994048, 0.00406119, 0.99706, 0.11922
7003.94, 0.993038, 0.00405966, 0.99722, 0.109348
7003.95, 0.99208, 0.00405779, 0.99736, 0.0971986
7003.96, 0.99145, 0.00405573, 0.99751, 0.0804926
7003.97, 0.99133, 0.0040554, 0.99766, 0.0622679
7003.98, 0.991899, 0.00405842, 0.99785, 0.0432838
7003.99, 0.993312, 0.0040654, 0.99809, 0.0265777
7004, 0.99499, 0.00407298, 0.9984, 0.0144279
7004.01, 0.995816, 0.00407504, 1, 0
7004.02, 0.996094, 0.00407424, 1, 0
7004.03, 0.996849, 0.00407727, 1, 0
7004.04, 0.998281, 0.00408366, 1, 0
7004.05, 1.00024, 0.00409077, 1, 0
7004.06, 1.00242, 0.00409798, 1, 0
7004.07, 1.00448, 0.00410514, 1, 0
