wav, obs, sigma_obs, syn, weight
7012.21, 0.990833, 0.00471016, 1, 0
7012.22, 0.992253, 0.00471308, 1, 0
7012.23, 0.993674, 0.004716, 1, 0
7012.24, 0.9954, 0.00471856, 1, 0
7012.25, 0.996427, 0.00472195, 1, 0
7012.26, 0.996378, 0.00472697, 1, 0
7012.27, 0.996966, 0.00473276, 1, 0
7012.28, 0.998351, 0.00473673, 0.99131, 0.0250642
7012.29, 0.998099, 0.0047349, 0.99163, 0.047622
7012.3, 0.997267, 0.00473331, 0.9921, 0.0827119
7012.31, 0.998679, 0.00474178, 0.99261, 0.122815
7012.32, 0.999875, 0.00474932, 0.99307, 0.160411
7012.33, 0.998583, 0.00474616, 0.99344, 0.192994
7012.34, 0.997719, 0.00474386, 0.99368, 0.223071
7012.35, 0.998604, 0.00474705, 0.99378, 0.245629
7012.36, 0.999642, 0.00474833, 0.99373, 0.270693
7012.37, 0.999741, 0.00474698, 0.99355, 0.295758
7012.38, 0.998668, 0.00474647, 0.99324, 0.325835
7012.39, 0.998218, 0.00474875, 0.99281, 0.360925
7012.4, 0.999154, 0.00475296, 0.99225, 0.401027
7012.41, 0.998963, 0.00475344, 0.99155, 0.453662
7012.42, 0.996893, 0.00474792, 0.99071, 0.513816
7012.43, 0.994355, 0.00473861, 0.98969, 0.586502
7012.44, 0.992207, 0.00473056, 0.98844, 0.67924
7012.45, 0.990559, 0.00472717, 0.98694, 0.782003
7012.46, 0.987976, 0.00472091, 0.98509, 0.909831
7012.47, 0.983938, 0.0047073, 0.98282, 1.0552
7012.48, 0.979993, 0.00469121, 0.98003, 1.21812
7012.49, 0.975946, 0.00467478, 0.97661, 1.39858
7012.5, 0.970363, 0.00465742, 0.97245, 1.59659
7012.51, 0.964499, 0.00464101, 0.96747, 1.80462
7012.52, 0.959443, 0.00462545, 0.96166, 2.01767
7012.53, 0.952584, 0.0046019, 0.95504, 2.23071
7012.54, 0.943336, 0.00456919, 0.94776, 2.43624
7012.55, 0.934703, 0.00453842, 0.94007, 2.62924
7012.56, 0.927388, 0.0045121, 0.9323, 2.80468
7012.57, 0.920442, 0.00448689, 0.9249, 2.95507
7012.58, 0.913565, 0.0044632, 0.91833, 3.07788
7012.59, 0.907473, 0.00444412, 0.91308, 3.16812
7012.6, 0.904663, 0.00443594, 0.90956, 3.22827
7012.61, 0.90533, 0.00443846, 0.90807, 3.25333
7012.62, 0.907055, 0.00444451, 0.90873, 3.24581
7012.63, 0.910057, 0.00445509, 0.91148, 3.19819
7012.64, 0.915419, 0.00447392, 0.9161, 3.12049
7012.65, 0.921491, 0.00449672, 0.92222, 3.01021
7012.66, 0.927282, 0.00452027, 0.92938, 2.86985
7012.67, 0.934215, 0.00454696, 0.93708, 2.70443
7012.68, 0.941446, 0.00457344, 0.94489, 2.51895
7012.69, 0.94643, 0.00459239, 0.9524, 2.31844
7012.7, 0.950944, 0.00460972, 0.95932, 2.1079
7012.71, 0.957181, 0.0046325, 0.96549, 1.89235
7012.72, 0.962582, 0.00465291, 0.97081, 1.68181
7012.73, 0.965892, 0.00466656, 0.9753, 1.48129
7012.74, 0.969066, 0.00467831, 0.97901, 1.29081
7012.75, 0.972656, 0.00469166, 0.98205, 1.11786
7012.76, 0.976102, 0.00470772, 0.98451, 0.964972
7012.77, 0.979365, 0.00472282, 0.98652, 0.832132
7012.78, 0.982591, 0.0047344, 0.98817, 0.716836
7012.79, 0.985898, 0.00474648, 0.98953, 0.621592
7012.8, 0.988831, 0.00475859, 0.99067, 0.53888
7012.81, 0.990447, 0.00476472, 0.99163, 0.471207
7012.82, 0.991461, 0.00476812, 0.99244, 0.416066
7012.83, 0.993124, 0.00477523, 0.99313, 0.368444
7012.84, 0.994897, 0.00478324, 0.99373, 0.330848
7012.85, 0.99623, 0.00478875, 0.99425, 0.298264
7012.86, 0.997409, 0.00479195, 0.9947, 0.265681
7012.87, 0.998355, 0.00479478, 0.9951, 0.243123
7012.88, 0.998652, 0.00479964, 0.99546, 0.215552
7012.89, 0.998545, 0.00480384, 0.99577, 0.187982
7012.9, 0.998406, 0.00480401, 0.99605, 0.152892
7012.91, 0.998075, 0.00480167, 0.99631, 0.112789
7012.92, 0.997466, 0.00479915, 0.99654, 0.077699
7012.93, 0.996719, 0.00479818, 0.99676, 0.047622
7012.94, 0.99546, 0.00479603, 0.99698, 0.0250642
7012.95, 0.993078, 0.00478802, 1, 0
7012.96, 0.989725, 0.0047761, 1, 0
7012.97, 0.986189, 0.00476458, 1, 0
7012.98, 0.984105, 0.0047579, 1, 0
7012.99, 0.983744, 0.00475681, 1, 0
7013, 0.98379, 0.0047581, 1, 0
7013.01, 0.983783, 0.00476009, 1, 0
