wav, obs, sigma_obs, syn, weight
7017.19, 0.53924, 0.00210437, 1, 0
7017.2, 0.576201, 0.00220094, 1, 0
7017.21, 0.616867, 0.00230625, 1, 0
7017.22, 0.664085, 0.00242699, 1, 0
7017.23, 0.714754, 0.00255541, 1, 0
7017.24, 0.761549, 0.00267346, 1, 0
7017.25, 0.799302, 0.00276843, 1, 0
7017.26, 0.828901, 0.00284255, 1, 0
7017.27, 0.852215, 0.00290047, 1, 0
7017.28, 0.870842, 0.00294631, 0.93844, 0.478656
7017.29, 0.886191, 0.00298379, 0.93781, 0.609474
7017.3, 0.899413, 0.00301597, 0.939, 0.726681
7017.31, 0.910996, 0.00304411, 0.94187, 0.818934
7017.32, 0.92131, 0.00306915, 0.94614, 0.877915
7017.33, 0.930546, 0.00309155, 0.95141, 0.902112
7017.34, 0.93878, 0.00311146, 0.95722, 0.896063
7017.35, 0.946179, 0.00312927, 0.96312, 0.865816
7017.36, 0.953161, 0.00314609, 0.96874, 0.81969
7017.37, 0.960112, 0.00316294, 0.97378, 0.765245
7017.38, 0.966588, 0.00317866, 0.97807, 0.706264
7017.39, 0.9716, 0.00319064, 0.98153, 0.648039
7017.4, 0.974705, 0.00319774, 0.98418, 0.595863
7017.41, 0.97682, 0.00320252, 0.98607, 0.552761
7017.42, 0.978981, 0.00320782, 0.98729, 0.521002
7017.43, 0.981247, 0.00321354, 0.98793, 0.502854
7017.44, 0.983057, 0.00321774, 0.98808, 0.502098
7017.45, 0.98403, 0.00321922, 0.98777, 0.51949
7017.46, 0.984243, 0.00321865, 0.98701, 0.558811
7017.47, 0.983836, 0.00321693, 0.98574, 0.619304
7017.48, 0.982926, 0.0032145, 0.98388, 0.703996
7017.49, 0.981615, 0.00321157, 0.98124, 0.811372
7017.5, 0.979943, 0.003208, 0.9776, 0.942189
7017.51, 0.977807, 0.00320301, 0.97264, 1.09569
7017.52, 0.975074, 0.00319577, 0.96602, 1.26961
7017.53, 0.971465, 0.00318585, 0.95733, 1.45941
7017.54, 0.966619, 0.0031731, 0.94623, 1.66433
7017.55, 0.960278, 0.00315726, 0.93246, 1.87833
7017.56, 0.952415, 0.00313795, 0.91594, 2.09762
7017.57, 0.943048, 0.00311481, 0.89686, 2.31691
7017.58, 0.932333, 0.00308814, 0.87572, 2.53091
7017.59, 0.920508, 0.00305862, 0.85336, 2.73356
7017.6, 0.908106, 0.00302766, 0.83087, 2.91882
7017.61, 0.896288, 0.00299821, 0.80956, 3.08215
7017.62, 0.886238, 0.00297328, 0.79075, 3.21675
7017.63, 0.878626, 0.00295442, 0.77572, 3.32035
7017.64, 0.873835, 0.0029424, 0.7655, 3.38765
7017.65, 0.87211, 0.00293778, 0.76081, 3.41865
7017.66, 0.873417, 0.00294061, 0.762, 3.41033
7017.67, 0.877667, 0.00295083, 0.76898, 3.36345
7017.68, 0.884566, 0.00296762, 0.78126, 3.28027
7017.69, 0.89371, 0.00298977, 0.79796, 3.16306
7017.7, 0.904565, 0.00301588, 0.81796, 3.0141
7017.71, 0.916339, 0.00304422, 0.83994, 2.84094
7017.72, 0.928222, 0.00307302, 0.86255, 2.6466
7017.73, 0.939478, 0.00310044, 0.88458, 2.43714
7017.74, 0.949411, 0.00312465, 0.90501, 2.21861
7017.75, 0.957693, 0.00314474, 0.92314, 1.99629
7017.76, 0.964672, 0.00316148, 0.9386, 1.77473
7017.77, 0.97074, 0.00317581, 0.95131, 1.55923
7017.78, 0.976048, 0.00318822, 0.96144, 1.35506
7017.79, 0.980633, 0.00319897, 0.9693, 1.1645
7017.8, 0.984534, 0.00320821, 0.97528, 0.990584
7017.81, 0.987805, 0.00321583, 0.97978, 0.835569
7017.82, 0.990495, 0.00322178, 0.98315, 0.700215
7017.83, 0.99263, 0.00322645, 0.98571, 0.583764
7017.84, 0.994225, 0.00323043, 0.98768, 0.485462
7017.85, 0.995334, 0.00323386, 0.98923, 0.406064
7017.86, 0.996077, 0.00323608, 0.99049, 0.340277
7017.87, 0.996581, 0.00323657, 0.99154, 0.288101
7017.88, 0.996988, 0.00323623, 0.99242, 0.246512
7017.89, 0.997445, 0.00323657, 0.99318, 0.21324
7017.9, 0.997918, 0.00323786, 0.99382, 0.186774
7017.91, 0.998087, 0.00323842, 0.99438, 0.165602
7017.92, 0.997684, 0.00323677, 0.99486, 0.14821
7017.93, 0.99697, 0.00323388, 0.99527, 0.133842
7017.94, 0.996418, 0.00323174, 0.99563, 0.121744
7017.95, 0.99618, 0.00323102, 0.99595, 0.111157
7017.96, 0.995923, 0.00323043, 0.99623, 0.101327
7017.97, 0.995282, 0.00322861, 0.99647, 0.0914967
7017.98, 0.993915, 0.00322484, 0.99669, 0.0809103
7017.99, 0.9915, 0.00321866, 0.99689, 0.0703239
7018, 0.98811, 0.00321034, 0.99707, 0.0582252
7018.01, 0.98438, 0.00320122, 0.99723, 0.0461265
7018.02, 0.980816, 0.00319233, 0.99738, 0.0347839
7018.03, 0.976906, 0.00318242, 1, 0
7018.04, 0.971779, 0.00316945, 1, 0
7018.05, 0.965012, 0.00315245, 1, 0
7018.06, 0.956783, 0.00313196, 1, 0
7018.07, 0.947347, 0.00310865, 1, 0
7018.08, 0.937132, 0.00308354, 1, 0
7018.09, 0.926828, 0.00305824, 1, 0
7018.1, 0.916806, 0.00303358, 1, 0
7018.11, 0.906784, 0.00300892, 1, 0
