wav, obs, sigma_obs, syn, weight
7034.42, 0.976509, 0.00281084, 1, 0
7034.43, 0.981643, 0.00282167, 1, 0
7034.44, 0.986606, 0.00283216, 1, 0
7034.45, 0.990774, 0.00284106, 1, 0
7034.46, 0.993984, 0.00284799, 1, 0
7034.47, 0.996588, 0.00285345, 1, 0
7034.48, 0.998901, 0.00285794, 1, 0
7034.49, 1.00083, 0.00286155, 1, 0
7034.5, 1.00219, 0.00286425, 1, 0
7034.51, 1.00294, 0.00286603, 0.99635, 0.0385092
7034.52, 1.0032, 0.00286689, 0.99658, 0.0510837
7034.53, 1.00313, 0.00286698, 0.99674, 0.0652299
7034.54, 1.00307, 0.00286677, 0.99681, 0.0778043
7034.55, 1.00327, 0.00286661, 0.9968, 0.0895929
7034.56, 1.0034, 0.00286617, 0.99672, 0.0998096
7034.57, 1.00302, 0.00286493, 0.99658, 0.110026
7034.58, 1.00221, 0.00286308, 0.9964, 0.119457
7034.59, 1.00149, 0.00286142, 0.99618, 0.129674
7034.6, 1.00111, 0.00286029, 0.99592, 0.140677
7034.61, 1.00057, 0.00285895, 0.99561, 0.153251
7034.62, 0.999439, 0.00285673, 0.99525, 0.167397
7034.63, 0.998185, 0.00285442, 0.99483, 0.183901
7034.64, 0.997575, 0.00285327, 0.99433, 0.204335
7034.65, 0.997608, 0.00285312, 0.99373, 0.228698
7034.66, 0.997527, 0.00285243, 0.99302, 0.259348
7034.67, 0.996757, 0.00285012, 0.99216, 0.296285
7034.68, 0.995257, 0.00284641, 0.99112, 0.343439
7034.69, 0.993112, 0.00284175, 0.98987, 0.402382
7034.7, 0.990727, 0.00283688, 0.98832, 0.475471
7034.71, 0.988621, 0.00283266, 0.98641, 0.565064
7034.72, 0.986533, 0.00282833, 0.98401, 0.673518
7034.73, 0.983337, 0.00282141, 0.98096, 0.802406
7034.74, 0.978326, 0.00281035, 0.97706, 0.9533
7034.75, 0.972108, 0.00279659, 0.97204, 1.12463
7034.76, 0.965383, 0.00278174, 0.96562, 1.3156
7034.77, 0.957644, 0.00276473, 0.95747, 1.52465
7034.78, 0.947811, 0.00274319, 0.94733, 1.74863
7034.79, 0.935543, 0.0027165, 0.93499, 1.98362
7034.8, 0.921428, 0.00268617, 0.92037, 2.22646
7034.81, 0.905822, 0.00265306, 0.90358, 2.47088
7034.82, 0.888132, 0.00261534, 0.88496, 2.71372
7034.83, 0.867746, 0.00257111, 0.86505, 2.94792
7034.84, 0.845732, 0.00252286, 0.84465, 3.16876
7034.85, 0.824082, 0.00247551, 0.82471, 3.36916
7034.86, 0.804216, 0.00243228, 0.8063, 3.54521
7034.87, 0.786742, 0.00239409, 0.79046, 3.68903
7034.88, 0.772383, 0.00236221, 0.77819, 3.79827
7034.89, 0.762498, 0.00233999, 0.77028, 3.86664
7034.9, 0.75851, 0.00233104, 0.76725, 3.89336
7034.91, 0.7609, 0.00233638, 0.7693, 3.87528
7034.92, 0.769553, 0.00235542, 0.77631, 3.81634
7034.93, 0.783731, 0.00238636, 0.78781, 3.71575
7034.94, 0.80175, 0.00242563, 0.80307, 3.57979
7034.95, 0.821968, 0.00246973, 0.82115, 3.41003
7034.96, 0.843267, 0.00251617, 0.841, 3.21434
7034.97, 0.864667, 0.00256272, 0.86155, 2.99743
7034.98, 0.885196, 0.00260709, 0.88182, 2.76638
7034.99, 0.903896, 0.00264699, 0.90097, 2.52432
7035, 0.92021, 0.00268133, 0.91839, 2.2799
7035.01, 0.934278, 0.00271104, 0.93368, 2.03706
7035.02, 0.946272, 0.00273698, 0.94668, 1.8005
7035.03, 0.956183, 0.00275867, 0.9574, 1.57416
7035.04, 0.96397, 0.00277532, 0.96602, 1.36197
7035.05, 0.969933, 0.00278765, 0.9728, 1.16628
7035.06, 0.974634, 0.00279759, 0.97804, 0.990237
7035.07, 0.978538, 0.00280633, 0.98204, 0.8362
7035.08, 0.98191, 0.00281374, 0.98507, 0.702597
7035.09, 0.984953, 0.00281963, 0.98738, 0.589427
7035.1, 0.987651, 0.00282447, 0.98914, 0.495904
7035.11, 0.98992, 0.00282892, 0.9905, 0.418886
7035.12, 0.9917, 0.00283298, 0.99158, 0.3568
7035.13, 0.992959, 0.00283607, 0.99244, 0.308074
7035.14, 0.993705, 0.00283786, 0.99314, 0.267993
7035.15, 0.994032, 0.00283851, 0.99373, 0.235771
7035.16, 0.99406, 0.0028383, 0.99423, 0.209836
7035.17, 0.993986, 0.00283774, 0.99466, 0.188617
7035.18, 0.994024, 0.0028374, 0.99505, 0.170541
7035.19, 0.994159, 0.00283742, 0.9954, 0.156395
7035.2, 0.99416, 0.00283754, 0.99572, 0.143034
7035.21, 0.993929, 0.00283755, 0.99602, 0.132032
7035.22, 0.993696, 0.00283752, 0.9963, 0.121029
7035.23, 0.993697, 0.00283752, 0.99656, 0.111598
7035.24, 0.993889, 0.00283752, 0.99679, 0.101381
7035.25, 0.994123, 0.00283751, 0.99701, 0.0911647
7035.26, 0.994331, 0.00283749, 0.99721, 0.0793761
7035.27, 0.994525, 0.00283753, 0.9974, 0.0660158
7035.28, 0.994743, 0.00283774, 0.99757, 0.0518696
7035.29, 0.995066, 0.00283835, 0.99774, 0.0385092
7035.3, 0.995565, 0.00283951, 1, 0
7035.31, 0.996168, 0.00284091, 1, 0
7035.32, 0.996744, 0.00284199, 1, 0
7035.33, 0.997291, 0.00284275, 1, 0
7035.34, 0.997946, 0.00284372, 1, 0
7035.35, 0.998799, 0.00284525, 1, 0
7035.36, 0.999775, 0.00284716, 1, 0
7035.37, 1.00071, 0.00284894, 1, 0
7035.38, 1.00162, 0.00285066, 1, 0
