wav, obs, sigma_obs, syn, weight
7055.5, 0.950463, 0.00274952, 1, 0
7055.51, 0.95709, 0.00276304, 1, 0
7055.52, 0.963718, 0.00277656, 1, 0
7055.53, 0.970516, 0.00279035, 1, 0
7055.54, 0.977758, 0.00280486, 1, 0
7055.55, 0.983555, 0.00281705, 1, 0
7055.56, 0.987187, 0.00282566, 1, 0
7055.57, 0.989811, 0.00283209, 1, 0
7055.58, 0.992715, 0.002838, 0.99707, 0.0438287
7055.59, 0.995353, 0.00284291, 0.99683, 0.0657431
7055.6, 0.996632, 0.00284568, 0.99668, 0.0893432
7055.61, 0.996793, 0.00284673, 0.99659, 0.112943
7055.62, 0.996813, 0.00284731, 0.99656, 0.136543
7055.63, 0.997146, 0.00284818, 0.99657, 0.158458
7055.64, 0.997771, 0.00284966, 0.99659, 0.180372
7055.65, 0.998362, 0.0028511, 0.99662, 0.197229
7055.66, 0.99822, 0.00285062, 0.99663, 0.217458
7055.67, 0.99724, 0.00284789, 0.99661, 0.239372
7055.68, 0.996558, 0.00284592, 0.99656, 0.262972
7055.69, 0.996901, 0.00284672, 0.99644, 0.29163
7055.7, 0.997243, 0.00284796, 0.99626, 0.325344
7055.71, 0.996556, 0.00284717, 0.99601, 0.367487
7055.72, 0.99551, 0.00284533, 0.99566, 0.416373
7055.73, 0.995141, 0.00284426, 0.99521, 0.475373
7055.74, 0.995171, 0.00284401, 0.99464, 0.547859
7055.75, 0.994736, 0.00284377, 0.99391, 0.637202
7055.76, 0.993726, 0.00284288, 0.993, 0.740031
7055.77, 0.992581, 0.00284085, 0.99186, 0.863089
7055.78, 0.991417, 0.00283763, 0.99044, 1.00637
7055.79, 0.989977, 0.00283365, 0.98868, 1.16989
7055.8, 0.98806, 0.00282916, 0.98654, 1.35026
7055.81, 0.985591, 0.00282404, 0.98396, 1.54918
7055.82, 0.982552, 0.00281806, 0.98092, 1.76158
7055.83, 0.979029, 0.00281082, 0.97741, 1.98409
7055.84, 0.975109, 0.00280205, 0.97347, 2.20829
7055.85, 0.970794, 0.00279227, 0.96918, 2.43249
7055.86, 0.966086, 0.00278211, 0.96466, 2.64827
7055.87, 0.96112, 0.0027718, 0.96008, 2.84887
7055.88, 0.956108, 0.00276142, 0.95565, 3.02755
7055.89, 0.951471, 0.00275157, 0.95159, 3.18095
7055.9, 0.947747, 0.00274318, 0.94814, 3.3057
7055.91, 0.9452, 0.00273726, 0.9455, 3.39673
7055.92, 0.943835, 0.00273491, 0.94384, 3.45235
7055.93, 0.94369, 0.00273607, 0.94326, 3.4709
7055.94, 0.944855, 0.00273906, 0.9438, 3.45235
7055.95, 0.947269, 0.00274299, 0.94543, 3.39673
7055.96, 0.950544, 0.00274888, 0.94803, 3.3057
7055.97, 0.95429, 0.00275732, 0.95144, 3.18095
7055.98, 0.958241, 0.00276672, 0.95545, 3.02755
7055.99, 0.962188, 0.00277541, 0.95981, 2.84718
7056, 0.966082, 0.00278363, 0.96431, 2.64658
7056.01, 0.969903, 0.00279208, 0.96872, 2.43081
7056.02, 0.973414, 0.00280005, 0.97287, 2.20661
7056.03, 0.976304, 0.00280619, 0.97664, 1.98072
7056.04, 0.978736, 0.00281103, 0.97996, 1.75821
7056.05, 0.98121, 0.00281638, 0.9828, 1.54581
7056.06, 0.983772, 0.00282233, 0.98518, 1.34689
7056.07, 0.985954, 0.00282704, 0.98714, 1.16483
7056.08, 0.987469, 0.00282963, 0.98875, 1.003
7056.09, 0.988384, 0.00283107, 0.99008, 0.859717
7056.1, 0.988966, 0.0028325, 0.99119, 0.73666
7056.11, 0.989904, 0.0028349, 0.99213, 0.633831
7056.12, 0.991694, 0.00283887, 0.99296, 0.547859
7056.13, 0.993786, 0.00284333, 0.99369, 0.475373
7056.14, 0.995471, 0.00284703, 0.99436, 0.416373
7056.15, 0.996706, 0.00285009, 0.99497, 0.369173
7056.16, 0.997691, 0.00285309, 0.99553, 0.330401
7056.17, 0.998451, 0.00285547, 0.99602, 0.298372
7056.18, 0.998908, 0.00285613, 0.99646, 0.271401
7056.19, 0.999078, 0.00285541, 0.99683, 0.247801
7056.2, 0.999067, 0.00285501, 0.99715, 0.230944
7056.21, 0.999119, 0.0028558, 0.9974, 0.212401
7056.22, 0.999654, 0.00285752, 0.9976, 0.198915
7056.23, 1.0007, 0.00285963, 0.99775, 0.180372
7056.24, 1.00149, 0.00286115, 0.99786, 0.158458
7056.25, 1.00149, 0.00286145, 0.99794, 0.134858
7056.26, 1.00127, 0.00286109, 0.998, 0.107886
7056.27, 1.00142, 0.00286081, 0.99806, 0.0792288
7056.28, 1.00172, 0.00286095, 0.99816, 0.053943
7056.29, 1.00178, 0.00286171, 1, 0
7056.3, 1.00175, 0.00286275, 1, 0
7056.31, 1.00201, 0.00286348, 1, 0
7056.32, 1.0023, 0.00286348, 1, 0
7056.33, 1.00197, 0.00286241, 1, 0
7056.34, 1.00095, 0.00286047, 1, 0
7056.35, 0.999782, 0.00285836, 1, 0
7056.36, 0.99877, 0.00285647, 1, 0
