wav, obs, sigma_obs, syn, weight
7083.52, 0.996611, 0.00394329, 1, 0
7083.53, 0.997033, 0.00394438, 1, 0
7083.54, 0.997456, 0.00394546, 1, 0
7083.55, 0.998147, 0.00394696, 1, 0
7083.56, 0.998542, 0.00394801, 1, 0
7083.57, 0.997691, 0.00394712, 1, 0
7083.58, 0.996571, 0.00394593, 1, 0
7083.59, 0.996801, 0.00394707, 0.99802, 0.0096638
7083.6, 0.997604, 0.00394894, 0.9979, 0.0193276
7083.61, 0.997588, 0.00394899, 0.99779, 0.0322127
7083.62, 0.996863, 0.0039478, 0.99768, 0.048319
7083.63, 0.996143, 0.00394721, 0.99755, 0.0612041
7083.64, 0.996687, 0.00395021, 0.99739, 0.0740892
7083.65, 0.998644, 0.00395685, 0.9972, 0.0869742
7083.66, 0.999839, 0.00396103, 0.99699, 0.0998593
7083.67, 0.999504, 0.00396066, 0.99677, 0.109523
7083.68, 0.999057, 0.00395979, 0.99654, 0.122408
7083.69, 0.998681, 0.00395892, 0.99632, 0.135293
7083.7, 0.997373, 0.00395519, 0.99612, 0.1514
7083.71, 0.99552, 0.00394986, 0.99592, 0.170727
7083.72, 0.994284, 0.0039466, 0.99574, 0.193276
7083.73, 0.99363, 0.00394591, 0.99556, 0.225489
7083.74, 0.99302, 0.00394658, 0.99536, 0.267365
7083.75, 0.992102, 0.00394574, 0.99513, 0.318906
7083.76, 0.990988, 0.00394236, 0.99484, 0.383331
7083.77, 0.991078, 0.00394262, 0.99444, 0.470305
7083.78, 0.99272, 0.00394887, 0.99392, 0.579828
7083.79, 0.993496, 0.00395232, 0.9932, 0.715121
7083.8, 0.992444, 0.00394922, 0.99224, 0.872964
7083.81, 0.991199, 0.00394517, 0.99097, 1.06624
7083.82, 0.990332, 0.00394267, 0.98929, 1.28529
7083.83, 0.989133, 0.00394035, 0.9871, 1.52688
7083.84, 0.987092, 0.00393623, 0.98431, 1.79102
7083.85, 0.983914, 0.00392826, 0.98081, 2.06805
7083.86, 0.979593, 0.00391588, 0.97654, 2.3483
7083.87, 0.974307, 0.00389964, 0.97147, 2.62855
7083.88, 0.968495, 0.00388237, 0.96565, 2.8927
7083.89, 0.962393, 0.00386597, 0.95921, 3.14396
7083.9, 0.95526, 0.00384675, 0.95237, 3.363
7083.91, 0.947073, 0.00382327, 0.94544, 3.54984
7083.92, 0.939896, 0.00380203, 0.93882, 3.69802
7083.93, 0.934662, 0.00378629, 0.93292, 3.80432
7083.94, 0.930151, 0.0037728, 0.92816, 3.86552
7083.95, 0.926182, 0.00376118, 0.92489, 3.88163
7083.96, 0.923856, 0.00375463, 0.92337, 3.84941
7083.97, 0.92391, 0.00375542, 0.92371, 3.77533
7083.98, 0.926662, 0.00376458, 0.92589, 3.65292
7083.99, 0.931609, 0.0037803, 0.92972, 3.49185
7084, 0.937823, 0.00379941, 0.93491, 3.28891
7084.01, 0.944317, 0.00381931, 0.94107, 3.05698
7084.02, 0.950504, 0.00383867, 0.94779, 2.79928
7084.03, 0.957257, 0.00386014, 0.95465, 2.52547
7084.04, 0.964794, 0.00388415, 0.9613, 2.24844
7084.05, 0.97104, 0.00390387, 0.96746, 1.96497
7084.06, 0.975221, 0.00391669, 0.97296, 1.69761
7084.07, 0.97913, 0.00392828, 0.97769, 1.44313
7084.08, 0.983516, 0.00394151, 0.98164, 1.2112
7084.09, 0.987715, 0.00395523, 0.98486, 1.00826
7084.1, 0.990819, 0.00396633, 0.98742, 0.827866
7084.11, 0.992011, 0.00397116, 0.98943, 0.676466
7084.12, 0.992416, 0.00397294, 0.99097, 0.550837
7084.13, 0.993784, 0.00397728, 0.99214, 0.450977
7084.14, 0.99578, 0.00398356, 0.993, 0.370446
7084.15, 0.997368, 0.00398891, 0.99362, 0.309242
7084.16, 0.997589, 0.00399022, 0.99404, 0.257701
7084.17, 0.996515, 0.00398756, 0.99429, 0.219046
7084.18, 0.996595, 0.0039886, 0.99441, 0.186834
7084.19, 0.998236, 0.0039947, 0.99442, 0.161063
7084.2, 0.998137, 0.00399576, 0.99435, 0.144957
7084.21, 0.995956, 0.00399033, 0.99425, 0.128851
7084.22, 0.994738, 0.003987, 0.99416, 0.115966
7084.23, 0.994596, 0.00398662, 0.9941, 0.106302
7084.24, 0.993593, 0.0039845, 0.99411, 0.096638
7084.25, 0.99219, 0.00398152, 0.9942, 0.083753
7084.26, 0.991801, 0.00398091, 0.99437, 0.0740892
7084.27, 0.992177, 0.00398242, 0.99462, 0.0612041
7084.28, 0.992676, 0.00398488, 0.99492, 0.0450977
7084.29, 0.993265, 0.00398802, 0.99527, 0.0289914
7084.3, 0.993993, 0.00399147, 0.99566, 0.0193276
7084.31, 0.994805, 0.00399424, 0.99609, 0.0096638
7084.32, 0.995746, 0.00399662, 1, 0
7084.33, 0.997033, 0.00400093, 1, 0
7084.34, 0.998595, 0.00400723, 1, 0
7084.35, 1.00005, 0.00401312, 1, 0
7084.36, 1.0011, 0.00401713, 1, 0
7084.37, 1.0016, 0.00401873, 1, 0
7084.38, 1.00174, 0.00401875, 1, 0
