wav, obs, sigma_obs, syn, weight
7096.72, 0.999687, 0.00326134, 1, 0
7096.73, 1.00162, 0.00326623, 1, 0
7096.74, 1.00331, 0.00327045, 1, 0
7096.75, 1.00418, 0.00327251, 1, 0
7096.76, 1.00411, 0.00327207, 1, 0
7096.77, 1.00362, 0.00327064, 1, 0
7096.78, 1.00325, 0.00326981, 1, 0
7096.79, 1.00316, 0.00326987, 1, 0
7096.8, 1.00328, 0.00327035, 1, 0
7096.81, 1.00348, 0.00327076, 0.997, 0.117793
7096.82, 1.00349, 0.00327059, 0.99681, 0.152694
7096.83, 1.00306, 0.00326941, 0.99665, 0.185415
7096.84, 1.00225, 0.00326736, 0.99649, 0.215953
7096.85, 1.00136, 0.00326508, 0.99632, 0.239948
7096.86, 1.00058, 0.00326296, 0.99612, 0.263943
7096.87, 0.999686, 0.00326057, 0.99588, 0.285757
7096.88, 0.99839, 0.00325741, 0.9956, 0.303207
7096.89, 0.996899, 0.00325387, 0.99529, 0.331565
7096.9, 0.995858, 0.00325119, 0.99493, 0.359922
7096.91, 0.995667, 0.0032501, 0.99454, 0.399187
7096.92, 0.995647, 0.00324923, 0.99409, 0.447176
7096.93, 0.994873, 0.00324672, 0.99357, 0.508254
7096.94, 0.993204, 0.0032423, 0.99295, 0.580239
7096.95, 0.991385, 0.00323748, 0.99219, 0.667493
7096.96, 0.990055, 0.00323362, 0.99125, 0.774379
7096.97, 0.989086, 0.00323067, 0.99008, 0.896534
7096.98, 0.988104, 0.00322813, 0.98864, 1.03832
7096.99, 0.986904, 0.00322556, 0.98688, 1.19538
7097, 0.985519, 0.00322258, 0.98477, 1.36771
7097.01, 0.98396, 0.00321879, 0.98229, 1.5553
7097.02, 0.982001, 0.00321367, 0.97944, 1.74944
7097.03, 0.979321, 0.00320664, 0.97627, 1.95013
7097.04, 0.975814, 0.00319762, 0.97284, 2.14863
7097.05, 0.971745, 0.00318739, 0.96925, 2.33841
7097.06, 0.967403, 0.00317674, 0.96565, 2.51728
7097.07, 0.962968, 0.00316602, 0.96217, 2.68088
7097.08, 0.958568, 0.00315536, 0.95899, 2.82266
7097.09, 0.954429, 0.00314521, 0.95626, 2.93828
7097.1, 0.950989, 0.00313673, 0.95415, 3.02335
7097.11, 0.948692, 0.00313109, 0.95275, 3.07788
7097.12, 0.947761, 0.0031288, 0.95217, 3.10188
7097.13, 0.948286, 0.00312996, 0.95242, 3.09315
7097.14, 0.950238, 0.00313442, 0.9535, 3.05171
7097.15, 0.953283, 0.00314141, 0.95534, 2.97754
7097.16, 0.95705, 0.00315007, 0.95785, 2.87502
7097.17, 0.961289, 0.00315987, 0.96087, 2.74414
7097.18, 0.965845, 0.00317055, 0.96426, 2.59362
7097.19, 0.970519, 0.00318168, 0.96785, 2.41912
7097.2, 0.97497, 0.00319236, 0.97149, 2.2337
7097.21, 0.978831, 0.00320161, 0.97504, 2.03738
7097.22, 0.981864, 0.00320888, 0.97837, 1.84324
7097.23, 0.983941, 0.00321398, 0.98142, 1.64692
7097.24, 0.985074, 0.00321699, 0.98412, 1.45932
7097.25, 0.985816, 0.00321895, 0.98646, 1.28481
7097.26, 0.986831, 0.00322109, 0.98844, 1.12558
7097.27, 0.988079, 0.00322333, 0.99008, 0.983788
7097.28, 0.988741, 0.00322409, 0.9914, 0.861633
7097.29, 0.988181, 0.0032222, 0.99245, 0.759109
7097.3, 0.9869, 0.00321888, 0.99327, 0.676218
7097.31, 0.985747, 0.00321611, 0.99387, 0.610777
7097.32, 0.98512, 0.00321472, 0.99429, 0.564969
7097.33, 0.984814, 0.00321407, 0.99456, 0.532249
7097.34, 0.984662, 0.00321362, 0.99468, 0.512617
7097.35, 0.985018, 0.00321424, 0.99467, 0.503891
7097.36, 0.986431, 0.0032173, 0.99453, 0.499529
7097.37, 0.988919, 0.00322289, 0.99428, 0.497347
7097.38, 0.991627, 0.00322891, 0.99394, 0.490803
7097.39, 0.993732, 0.00323337, 0.99354, 0.473353
7097.4, 0.995275, 0.00323661, 0.99313, 0.440632
7097.41, 0.996709, 0.00324003, 0.99277, 0.390461
7097.42, 0.998127, 0.00324389, 0.99257, 0.327202
7097.43, 0.998911, 0.00324613, 0.99261, 0.255218
7097.44, 0.998479, 0.0032448, 1, 0
7097.45, 0.997471, 0.00324157, 1, 0
7097.46, 0.997232, 0.00324017, 1, 0
7097.47, 0.998451, 0.00324265, 1, 0
7097.48, 1.00022, 0.00324679, 1, 0
7097.49, 1.00147, 0.00324994, 1, 0
7097.5, 1.00198, 0.00325148, 1, 0
7097.51, 1.00217, 0.00325234, 1, 0
7097.52, 1.0027, 0.00325393, 1, 0
