wav, obs, sigma_obs, syn, weight
7165.02, 0.882603, 0.00349047, 1, 0
7165.03, 0.878368, 0.00347832, 1, 0
7165.04, 0.869625, 0.00345322, 1, 0
7165.05, 0.85804, 0.00341998, 1, 0
7165.06, 0.846269, 0.00338625, 1, 0
7165.07, 0.836364, 0.00335802, 1, 0
7165.08, 0.829405, 0.00333846, 1, 0
7165.09, 0.824307, 0.00332448, 0.87043, 0.134008
7165.1, 0.821154, 0.00331617, 0.87525, 0.237141
7165.11, 0.822972, 0.0033218, 0.88335, 0.365894
7165.12, 0.831118, 0.00334545, 0.89394, 0.499245
7165.13, 0.843995, 0.00338354, 0.90604, 0.610261
7165.14, 0.859497, 0.00342978, 0.91862, 0.679893
7165.15, 0.875322, 0.0034759, 0.93077, 0.702227
7165.16, 0.890992, 0.00352069, 0.94175, 0.687119
7165.17, 0.907411, 0.00356832, 0.95112, 0.647048
7165.18, 0.923714, 0.00361645, 0.95868, 0.595809
7165.19, 0.937952, 0.00365874, 0.96446, 0.541287
7165.2, 0.948706, 0.00369044, 0.96864, 0.489391
7165.21, 0.955203, 0.00370893, 0.97147, 0.443408
7165.22, 0.958861, 0.00371902, 0.97322, 0.405308
7165.23, 0.961375, 0.00372647, 0.97414, 0.375091
7165.24, 0.962462, 0.00373014, 0.97443, 0.35407
7165.25, 0.961599, 0.00372812, 0.97422, 0.340932
7165.26, 0.959045, 0.00372127, 0.97362, 0.33699
7165.27, 0.954999, 0.00371032, 0.97267, 0.340932
7165.28, 0.949237, 0.00369459, 0.9714, 0.352756
7165.29, 0.942679, 0.00367659, 0.96983, 0.372463
7165.3, 0.938119, 0.00366404, 0.96793, 0.402024
7165.31, 0.936316, 0.00365924, 0.96567, 0.440781
7165.32, 0.935444, 0.00365752, 0.963, 0.490705
7165.33, 0.935311, 0.00365803, 0.95984, 0.553111
7165.34, 0.937215, 0.00366344, 0.95607, 0.630625
7165.35, 0.940678, 0.00367275, 0.95151, 0.724562
7165.36, 0.944022, 0.00368239, 0.94593, 0.835578
7165.37, 0.946133, 0.00368952, 0.93898, 0.963674
7165.38, 0.946342, 0.00369201, 0.93025, 1.10885
7165.39, 0.944852, 0.00368934, 0.91921, 1.26848
7165.4, 0.941875, 0.0036811, 0.90527, 1.44058
7165.41, 0.936222, 0.00366457, 0.8878, 1.62058
7165.42, 0.926913, 0.00363785, 0.86628, 1.80779
7165.43, 0.914816, 0.00360358, 0.84039, 1.99698
7165.44, 0.900717, 0.00356377, 0.81025, 2.18748
7165.45, 0.884369, 0.00351695, 0.77653, 2.37733
7165.46, 0.865492, 0.00346213, 0.74045, 2.56257
7165.47, 0.844009, 0.00339996, 0.70367, 2.74191
7165.48, 0.820788, 0.00333307, 0.66802, 2.91336
7165.49, 0.797818, 0.00326637, 0.63523, 3.07233
7165.5, 0.776298, 0.00320326, 0.6067, 3.21553
7165.51, 0.756633, 0.00314564, 0.58336, 3.33771
7165.52, 0.739608, 0.00309587, 0.56572, 3.43559
7165.53, 0.726322, 0.00305685, 0.55396, 3.50325
7165.54, 0.718096, 0.00303281, 0.5481, 3.53741
7165.55, 0.716211, 0.00302805, 0.5481, 3.53807
7165.56, 0.720966, 0.00304288, 0.55397, 3.50391
7165.57, 0.732105, 0.00307584, 0.56574, 3.43559
7165.58, 0.748587, 0.0031246, 0.58339, 3.33837
7165.59, 0.768861, 0.00318529, 0.60675, 3.21619
7165.6, 0.790451, 0.00324997, 0.63532, 3.07233
7165.61, 0.811699, 0.00331311, 0.66815, 2.91336
7165.62, 0.833264, 0.00337667, 0.70385, 2.74125
7165.63, 0.854695, 0.00343954, 0.74071, 2.56126
7165.64, 0.873171, 0.00349382, 0.77688, 2.3747
7165.65, 0.88834, 0.00353842, 0.81072, 2.18551
7165.66, 0.903147, 0.0035814, 0.84098, 1.99435
7165.67, 0.918038, 0.00362452, 0.86701, 1.80319
7165.68, 0.931, 0.00366322, 0.88868, 1.61598
7165.69, 0.941244, 0.00369458, 0.9063, 1.43336
7165.7, 0.949021, 0.00371759, 0.92039, 1.26125
7165.71, 0.955578, 0.00373633, 0.93158, 1.09965
7165.72, 0.962234, 0.00375599, 0.94047, 0.952507
7165.73, 0.967669, 0.00377252, 0.94757, 0.821783
7165.74, 0.970387, 0.003781, 0.95333, 0.708139
7165.75, 0.972422, 0.00378751, 0.95808, 0.611575
7165.76, 0.975635, 0.00379759, 0.96206, 0.530776
7165.77, 0.978392, 0.0038059, 0.96546, 0.463772
7165.78, 0.97927, 0.0038082, 0.9684, 0.409249
7165.79, 0.978818, 0.00380731, 0.97096, 0.363923
7165.8, 0.977898, 0.00380607, 0.97321, 0.32648
7165.81, 0.977438, 0.00380575, 0.9752, 0.295606
7165.82, 0.977605, 0.00380641, 0.97698, 0.269329
7165.83, 0.977703, 0.00380697, 0.97856, 0.246995
7165.84, 0.978153, 0.00380897, 0.97998, 0.227288
7165.85, 0.980268, 0.00381589, 0.98125, 0.210865
7165.86, 0.983466, 0.00382562, 0.9824, 0.195757
7165.87, 0.986098, 0.00383305, 0.98344, 0.181962
7165.88, 0.988168, 0.00383887, 0.98438, 0.170137
7165.89, 0.990345, 0.00384595, 0.98523, 0.159627
7165.9, 0.992481, 0.00385354, 0.98601, 0.149773
7165.91, 0.994041, 0.00385935, 0.98671, 0.141234
7165.92, 0.994093, 0.00386024, 0.98734, 0.132694
7165.93, 0.99238, 0.00385533, 0.98792, 0.124811
7165.94, 0.990806, 0.00385094, 0.98844, 0.115615
7165.95, 0.990342, 0.00385036, 0.98891, 0.106418
7165.96, 0.989314, 0.00384831, 0.98935, 0.09328
7165.97, 0.987491, 0.00384373, 0.98976, 0.0781712
7165.98, 0.9872, 0.00384323, 0.99015, 0.0604349
7165.99, 0.988761, 0.00384812, 0.99053, 0.0426986
7166, 0.990167, 0.00385341, 0.9909, 0.026276
7166.01, 0.99117, 0.00385794, 0.99127, 0.0144518
7166.02, 0.992894, 0.00386365, 1, 0
7166.03, 0.994892, 0.00386955, 1, 0
7166.04, 0.995949, 0.0038733, 1, 0
7166.05, 0.996213, 0.00387532, 1, 0
7166.06, 0.996734, 0.0038779, 1, 0
7166.07, 0.997286, 0.00388054, 1, 0
7166.08, 0.997837, 0.00388318, 1, 0
