wav, obs, sigma_obs, syn, weight
7186, 0.988828, 0.00305522, 1, 0
7186.01, 0.99059, 0.00305858, 1, 0
7186.02, 0.992057, 0.00306128, 1, 0
7186.03, 0.992534, 0.00306176, 1, 0
7186.04, 0.991844, 0.00305971, 1, 0
7186.05, 0.990563, 0.0030566, 1, 0
7186.06, 0.9893, 0.00305398, 1, 0
7186.07, 0.988159, 0.00305177, 1, 0
7186.08, 0.986958, 0.00304901, 1, 0
7186.09, 0.985674, 0.00304541, 1, 0
7186.1, 0.984636, 0.00304219, 0.99762, 0.100176
7186.11, 0.984201, 0.0030407, 0.99742, 0.12926
7186.12, 0.98446, 0.0030411, 0.99723, 0.155112
7186.13, 0.985339, 0.00304282, 0.99704, 0.184195
7186.14, 0.986753, 0.00304546, 0.99684, 0.21651
7186.15, 0.98859, 0.00304907, 0.99662, 0.248825
7186.16, 0.990723, 0.0030537, 0.99637, 0.284371
7186.17, 0.992833, 0.00305855, 0.99609, 0.326381
7186.18, 0.994468, 0.00306221, 0.99575, 0.381316
7186.19, 0.99533, 0.00306379, 0.99534, 0.442714
7186.2, 0.995587, 0.00306402, 0.99486, 0.52027
7186.21, 0.995483, 0.00306385, 0.99427, 0.610752
7186.22, 0.995208, 0.00306355, 0.99355, 0.720623
7186.23, 0.994909, 0.00306287, 0.99267, 0.84342
7186.24, 0.994627, 0.00306153, 0.99161, 0.988837
7186.25, 0.994058, 0.00305926, 0.99033, 1.15364
7186.26, 0.992841, 0.00305576, 0.98883, 1.33461
7186.27, 0.990833, 0.00305085, 0.98708, 1.52526
7186.28, 0.988081, 0.00304439, 0.98509, 1.73208
7186.29, 0.984741, 0.00303653, 0.9829, 1.94213
7186.3, 0.981331, 0.00302861, 0.98054, 2.14894
7186.31, 0.978432, 0.00302214, 0.97808, 2.35576
7186.32, 0.97611, 0.00301711, 0.9756, 2.54642
7186.33, 0.973921, 0.00301196, 0.9732, 2.72092
7186.34, 0.97154, 0.00300562, 0.97098, 2.8728
7186.35, 0.969264, 0.00299929, 0.96906, 2.99559
7186.36, 0.96755, 0.00299475, 0.96753, 3.09577
7186.37, 0.966681, 0.00299283, 0.96646, 3.15717
7186.38, 0.96675, 0.00299333, 0.96592, 3.18948
7186.39, 0.967762, 0.00299586, 0.96593, 3.18302
7186.4, 0.969362, 0.00299946, 0.96648, 3.14747
7186.41, 0.971092, 0.00300303, 0.96756, 3.07315
7186.42, 0.972759, 0.00300618, 0.96908, 2.96974
7186.43, 0.974502, 0.00300942, 0.97098, 2.84048
7186.44, 0.976437, 0.00301322, 0.97315, 2.68537
7186.45, 0.978455, 0.00301739, 0.97548, 2.50441
7186.46, 0.980365, 0.00302154, 0.97788, 2.31052
7186.47, 0.981937, 0.00302506, 0.98024, 2.1037
7186.48, 0.98288, 0.00302706, 0.98249, 1.89689
7186.49, 0.983001, 0.0030269, 0.98456, 1.68361
7186.5, 0.982732, 0.00302567, 0.98641, 1.48325
7186.51, 0.982735, 0.0030251, 0.98803, 1.28937
7186.52, 0.983173, 0.00302585, 0.9894, 1.11486
7186.53, 0.983437, 0.00302699, 0.99053, 0.95329
7186.54, 0.982959, 0.00302739, 0.99145, 0.814336
7186.55, 0.981873, 0.00302521, 0.99218, 0.691539
7186.56, 0.98061, 0.00301845, 0.99275, 0.5849
7186.57, 0.979429, 0.00301, 0.99318, 0.500881
7186.58, 0.978285, 0.00301112, 0.99351, 0.426557
7186.59, 0.977075, 0.00303092, 0.99374, 0.36839
7186.6, 0.97549, 0.00305479, 0.9939, 0.316686
7186.61, 0.973126, 0.00305702, 0.994, 0.274677
7186.62, 0.969897, 0.00302854, 0.99407, 0.23913
7186.63, 0.966326, 0.00299187, 0.99413, 0.200353
7186.64, 0.962931, 0.00297043, 0.9942, 0.171269
7186.65, 0.959598, 0.00296414, 0.99431, 0.138954
7186.66, 0.955879, 0.00296057, 0.9945, 0.109871
7186.67, 0.951547, 0.00295185, 1, 0
7186.68, 0.946857, 0.00293989, 1, 0
7186.69, 0.942081, 0.00292764, 1, 0
7186.7, 0.937126, 0.00291565, 1, 0
7186.71, 0.931682, 0.00290313, 1, 0
7186.72, 0.925315, 0.00288888, 1, 0
7186.73, 0.917308, 0.00287084, 1, 0
7186.74, 0.906996, 0.00284704, 1, 0
7186.75, 0.89475, 0.00281835, 1, 0
7186.76, 0.88178, 0.00278781, 1, 0
