wav, obs, sigma_obs, syn, weight
7225.79, 0.98651, 0.00287039, 1, 0
7225.8, 0.983534, 0.00286439, 1, 0
7225.81, 0.981575, 0.00286009, 1, 0
7225.82, 0.980689, 0.00285784, 1, 0
7225.83, 0.980579, 0.00285758, 1, 0
7225.84, 0.98128, 0.00285953, 1, 0
7225.85, 0.983199, 0.00286417, 1, 0
7225.86, 0.986264, 0.00287116, 1, 0
7225.87, 0.989537, 0.00287861, 0.99916, 0.0177813
7225.88, 0.992253, 0.00288494, 0.99908, 0.0255606
7225.89, 0.994377, 0.00288974, 0.999, 0.0355625
7225.9, 0.995924, 0.00289283, 0.99892, 0.0455645
7225.91, 0.99657, 0.00289398, 0.99883, 0.0555665
7225.92, 0.995974, 0.00289301, 0.99871, 0.0655684
7225.93, 0.994374, 0.00289025, 0.99858, 0.0733477
7225.94, 0.992255, 0.00288627, 0.99841, 0.0822383
7225.95, 0.989854, 0.0028815, 0.99819, 0.094463
7225.96, 0.987234, 0.00287629, 0.99792, 0.107799
7225.97, 0.98447, 0.00287075, 0.99758, 0.124469
7225.98, 0.981657, 0.00286471, 0.99715, 0.146695
7225.99, 0.979092, 0.00285883, 0.99662, 0.176701
7226, 0.977408, 0.00285513, 0.99597, 0.21782
7226.01, 0.976895, 0.00285463, 0.9952, 0.272276
7226.02, 0.976837, 0.00285541, 0.99426, 0.343401
7226.03, 0.976634, 0.00285572, 0.99312, 0.43453
7226.04, 0.976926, 0.00285693, 0.99172, 0.548997
7226.05, 0.978442, 0.00286068, 0.98995, 0.691247
7226.06, 0.980109, 0.00286477, 0.98767, 0.860169
7226.07, 0.980182, 0.00286552, 0.9847, 1.05576
7226.08, 0.978376, 0.00286227, 0.98082, 1.27692
7226.09, 0.975387, 0.00285641, 0.97581, 1.51919
7226.1, 0.971257, 0.00284803, 0.96949, 1.77924
7226.11, 0.965327, 0.00283588, 0.96172, 2.05262
7226.12, 0.957186, 0.00281898, 0.9525, 2.32935
7226.13, 0.946883, 0.00279693, 0.94198, 2.60384
7226.14, 0.934786, 0.00277031, 0.93047, 2.86723
7226.15, 0.92198, 0.00274211, 0.91845, 3.11283
7226.16, 0.909508, 0.00271517, 0.90658, 3.33399
7226.17, 0.897783, 0.00269017, 0.89557, 3.52069
7226.18, 0.887182, 0.00266754, 0.88619, 3.6685
7226.19, 0.878944, 0.00264979, 0.87913, 3.7763
7226.2, 0.87455, 0.00264006, 0.87495, 3.83853
7226.21, 0.874152, 0.00263904, 0.87399, 3.85187
7226.22, 0.877057, 0.00264578, 0.87634, 3.81964
7226.23, 0.882888, 0.00265945, 0.88181, 3.74073
7226.24, 0.891589, 0.00267933, 0.88999, 3.61626
7226.25, 0.902603, 0.0027039, 0.90026, 3.4529
7226.26, 0.914593, 0.00273043, 0.91191, 3.25286
7226.27, 0.926552, 0.00275686, 0.92416, 3.0217
7226.28, 0.938401, 0.00278289, 0.93633, 2.76832
7226.29, 0.950063, 0.00280827, 0.94782, 2.50049
7226.3, 0.960971, 0.00283197, 0.95818, 2.22488
7226.31, 0.970529, 0.0028529, 0.96715, 1.94927
7226.32, 0.978693, 0.00287083, 0.97463, 1.68144
7226.33, 0.985603, 0.00288583, 0.98063, 1.42584
7226.34, 0.991113, 0.00289771, 0.98531, 1.19246
7226.35, 0.994939, 0.00290615, 0.98884, 0.981304
7226.36, 0.997356, 0.00291169, 0.99145, 0.796823
7226.37, 0.999137, 0.00291556, 0.99334, 0.639014
7226.38, 1.00039, 0.00291805, 0.99469, 0.508989
7226.39, 1.00029, 0.00291802, 0.99567, 0.404524
7226.4, 0.998688, 0.00291549, 0.99637, 0.321174
7226.41, 0.997052, 0.00291315, 0.99689, 0.257828
7226.42, 0.99658, 0.00291308, 0.99728, 0.20893
7226.43, 0.99681, 0.00291413, 0.99759, 0.174479
7226.44, 0.997045, 0.00291476, 0.99782, 0.148918
7226.45, 0.997252, 0.00291511, 0.99801, 0.130025
7226.46, 0.99763, 0.0029159, 0.99816, 0.115578
7226.47, 0.998385, 0.0029179, 0.99827, 0.106688
7226.48, 0.999703, 0.00292177, 0.99836, 0.0989083
7226.49, 1.00125, 0.0029264, 0.99842, 0.0933516
7226.5, 1.0023, 0.00292926, 0.99846, 0.0866837
7226.51, 1.00275, 0.00292997, 0.99846, 0.077793
7226.52, 1.00328, 0.00293083, 0.99844, 0.0689024
7226.53, 1.00427, 0.00293312, 0.99839, 0.0555665
7226.54, 1.00534, 0.00293577, 0.99832, 0.0422305
7226.55, 1.00619, 0.00293782, 0.99825, 0.0288946
7226.56, 1.00694, 0.00293949, 1, 0
7226.57, 1.00769, 0.00294107, 1, 0
7226.58, 1.00822, 0.0029424, 1, 0
7226.59, 1.00825, 0.00294319, 1, 0
7226.6, 1.00788, 0.00294355, 1, 0
7226.61, 1.00752, 0.00294393, 1, 0
7226.62, 1.00725, 0.0029444, 1, 0
7226.63, 1.00698, 0.00294487, 1, 0
