wav, obs, sigma_obs, syn, weight
7228.76, 0.809841, 0.0025532, 1, 0
7228.77, 0.827195, 0.00259205, 1, 0
7228.78, 0.84455, 0.00263089, 1, 0
7228.79, 0.861905, 0.00266974, 1, 0
7228.8, 0.879259, 0.00270859, 1, 0
7228.81, 0.896614, 0.00274743, 1, 0
7228.82, 0.914971, 0.00278853, 1, 0
7228.83, 0.932525, 0.00282782, 1, 0
7228.84, 0.946396, 0.00285886, 0.99816, 0.0609756
7228.85, 0.955889, 0.00288023, 0.99695, 0.097561
7228.86, 0.961903, 0.00289424, 0.99542, 0.138211
7228.87, 0.965322, 0.00290271, 0.99369, 0.182927
7228.88, 0.966906, 0.00290645, 0.99187, 0.223577
7228.89, 0.967263, 0.00290655, 0.99008, 0.268293
7228.9, 0.966703, 0.00290484, 0.9883, 0.317073
7228.91, 0.965576, 0.00290287, 0.98647, 0.365854
7228.92, 0.964479, 0.00290109, 0.98446, 0.426829
7228.93, 0.963822, 0.00289957, 0.98214, 0.5
7228.94, 0.962892, 0.00289753, 0.97943, 0.585366
7228.95, 0.960778, 0.002894, 0.97628, 0.686992
7228.96, 0.957537, 0.00288837, 0.97265, 0.808943
7228.97, 0.953582, 0.00288017, 0.96857, 0.943089
7228.98, 0.948576, 0.00286867, 0.96406, 1.09756
7228.99, 0.941724, 0.00285299, 0.95921, 1.26829
7229, 0.932626, 0.00283256, 0.95411, 1.44715
7229.01, 0.921281, 0.00280719, 0.94887, 1.63415
7229.02, 0.908822, 0.0027794, 0.94363, 1.82927
7229.03, 0.89783, 0.00275518, 0.93853, 2.0122
7229.04, 0.890072, 0.0027385, 0.93371, 2.19106
7229.05, 0.885645, 0.00272915, 0.92929, 2.35772
7229.06, 0.884714, 0.00272726, 0.9254, 2.50407
7229.07, 0.888121, 0.002735, 0.92211, 2.63008
7229.08, 0.896211, 0.0027534, 0.91952, 2.72764
7229.09, 0.906887, 0.00277764, 0.91768, 2.79675
7229.1, 0.917714, 0.00280211, 0.91661, 2.8374
7229.11, 0.927887, 0.00282511, 0.91635, 2.84553
7229.12, 0.93713, 0.00284622, 0.9169, 2.8252
7229.13, 0.944499, 0.00286313, 0.91824, 2.77642
7229.14, 0.948806, 0.00287286, 0.92035, 2.69512
7229.15, 0.950734, 0.00287712, 0.92317, 2.5935
7229.16, 0.952365, 0.00288113, 0.92664, 2.46341
7229.17, 0.954455, 0.00288661, 0.93068, 2.31301
7229.18, 0.956283, 0.00289135, 0.93517, 2.14634
7229.19, 0.957486, 0.00289428, 0.93998, 1.96748
7229.2, 0.958378, 0.00289642, 0.94499, 1.78455
7229.21, 0.95934, 0.00289884, 0.95004, 1.60163
7229.22, 0.960772, 0.00290227, 0.95499, 1.42683
7229.23, 0.962945, 0.00290723, 0.9597, 1.26423
7229.24, 0.96571, 0.00291354, 0.96405, 1.10569
7229.25, 0.96884, 0.00292083, 0.96794, 0.97561
7229.26, 0.972147, 0.00292849, 0.97129, 0.861789
7229.27, 0.975479, 0.00293595, 0.97405, 0.772358
7229.28, 0.97883, 0.00294342, 0.97623, 0.703252
7229.29, 0.982233, 0.0029514, 0.97788, 0.654472
7229.3, 0.985376, 0.00295904, 0.9791, 0.617886
7229.31, 0.987745, 0.00296476, 0.98012, 0.601626
7229.32, 0.989272, 0.00296838, 0.98124, 0.585366
7229.33, 0.990288, 0.00297103, 0.98277, 0.569106
7229.34, 0.9911, 0.0029734, 0.9849, 0.53252
7229.35, 0.991958, 0.00297558, 0.9876, 0.471545
7229.36, 0.992819, 0.00297735, 0.99062, 0.394309
7229.37, 0.993114, 0.002978, 0.99354, 0.300813
7229.38, 0.992602, 0.00297739, 0.99599, 0.211382
7229.39, 0.992045, 0.002977, 1, 0
7229.4, 0.992052, 0.00297785, 1, 0
7229.41, 0.992015, 0.00297812, 1, 0
7229.42, 0.991229, 0.00297591, 1, 0
7229.43, 0.990095, 0.00297266, 1, 0
7229.44, 0.989309, 0.00297069, 1, 0
7229.45, 0.988665, 0.00296958, 1, 0
7229.46, 0.987543, 0.00296761, 1, 0
