wav, obs, sigma_obs, syn, weight
7249.76, 0.889376, 0.0035662, 1, 0
7249.77, 0.914388, 0.00363952, 1, 0
7249.78, 0.933156, 0.00369462, 1, 0
7249.79, 0.946676, 0.00373447, 1, 0
7249.8, 0.95698, 0.0037651, 1, 0
7249.81, 0.964586, 0.00378791, 1, 0
7249.82, 0.969874, 0.00380395, 1, 0
7249.83, 0.974061, 0.00381681, 0.99891, 0.0146569
7249.84, 0.978028, 0.00382904, 0.99887, 0.0230323
7249.85, 0.981417, 0.00383927, 0.99883, 0.0397831
7249.86, 0.983988, 0.00384679, 0.9988, 0.0565339
7249.87, 0.986093, 0.00385338, 0.99875, 0.0732847
7249.88, 0.987759, 0.00385922, 0.99871, 0.0900354
7249.89, 0.988448, 0.00386182, 0.99866, 0.104692
7249.9, 0.988547, 0.00386222, 0.99859, 0.119349
7249.91, 0.989555, 0.00386573, 0.99851, 0.1361
7249.92, 0.991568, 0.0038727, 0.9984, 0.157039
7249.93, 0.993338, 0.00387868, 0.99826, 0.186352
7249.94, 0.994354, 0.00388194, 0.99806, 0.224042
7249.95, 0.994741, 0.00388301, 0.9978, 0.276388
7249.96, 0.995045, 0.00388399, 0.99743, 0.345485
7249.97, 0.995871, 0.00388713, 0.99693, 0.433426
7249.98, 0.996416, 0.00388953, 0.99623, 0.546494
7249.99, 0.995564, 0.00388706, 0.99527, 0.684688
7250, 0.994141, 0.00388255, 0.99393, 0.850102
7250.01, 0.993231, 0.00387992, 0.9921, 1.04064
7250.02, 0.991989, 0.00387715, 0.98963, 1.25631
7250.03, 0.989465, 0.00387144, 0.98635, 1.48873
7250.04, 0.986117, 0.00386278, 0.98211, 1.73371
7250.05, 0.982239, 0.00385128, 0.9768, 1.98497
7250.06, 0.976966, 0.00383583, 0.9704, 2.22995
7250.07, 0.969528, 0.00381507, 0.96303, 2.46446
7250.08, 0.959724, 0.00378761, 0.95499, 2.68222
7250.09, 0.948292, 0.0037549, 0.94675, 2.86857
7250.1, 0.937294, 0.00372271, 0.93895, 3.0298
7250.11, 0.928053, 0.00369534, 0.93228, 3.15333
7250.12, 0.920883, 0.00367487, 0.92742, 3.23918
7250.13, 0.916736, 0.00366409, 0.92489, 3.28734
7250.14, 0.917114, 0.00366624, 0.92499, 3.29572
7250.15, 0.921821, 0.0036805, 0.92772, 3.26431
7250.16, 0.929444, 0.00370313, 0.93279, 3.19312
7250.17, 0.939213, 0.0037323, 0.93967, 3.08842
7250.18, 0.950574, 0.00376669, 0.94768, 2.94604
7250.19, 0.961633, 0.0038003, 0.95608, 2.77016
7250.2, 0.970353, 0.00382643, 0.96422, 2.57124
7250.21, 0.977338, 0.00384673, 0.9716, 2.3493
7250.22, 0.983721, 0.0038648, 0.97789, 2.11479
7250.23, 0.988981, 0.00388046, 0.98297, 1.87818
7250.24, 0.992632, 0.00389298, 0.98688, 1.64158
7250.25, 0.995712, 0.00390324, 0.98975, 1.41753
7250.26, 0.998801, 0.00391164, 0.99177, 1.21234
7250.27, 1.00062, 0.00391666, 0.99314, 1.03017
7250.28, 1.0007, 0.00391821, 0.99402, 0.875228
7250.29, 1.00061, 0.00391935, 0.99456, 0.747503
7250.3, 1.00112, 0.00392123, 0.99486, 0.649093
7250.31, 1.00152, 0.00392181, 0.99499, 0.575808
7250.32, 1.00162, 0.00392142, 0.99501, 0.525556
7250.33, 1.00195, 0.00392319, 0.99493, 0.50043
7250.34, 1.00213, 0.00392578, 0.99478, 0.48996
7250.35, 1.0011, 0.00392424, 0.99457, 0.496242
7250.36, 0.999503, 0.00391978, 0.99428, 0.51718
7250.37, 0.998983, 0.00391746, 0.99393, 0.550682
7250.38, 0.999195, 0.00391766, 0.99351, 0.592559
7250.39, 0.998938, 0.00391842, 0.993, 0.634436
7250.4, 0.998559, 0.00391967, 0.99239, 0.665843
7250.41, 0.99872, 0.0039215, 0.99165, 0.661656
7250.42, 0.998433, 0.00392076, 0.99074, 0.613497
7250.43, 0.996743, 0.00391512, 0.98959, 0.51718
7250.44, 0.994822, 0.00390922, 0.98812, 0.389456
7250.45, 0.993537, 0.00390631, 0.98618, 0.257543
7250.46, 0.991453, 0.003901, 0.98356, 0.146569
7250.47, 0.987508, 0.0038895, 1, 0
7250.48, 0.982342, 0.0038748, 1, 0
7250.49, 0.97646, 0.00385882, 1, 0
7250.5, 0.969786, 0.00384023, 1, 0
7250.51, 0.962437, 0.00381889, 1, 0
7250.52, 0.954986, 0.00379713, 1, 0
7250.53, 0.947666, 0.0037759, 1, 0
