wav, obs, sigma_obs, syn, weight
7274.81, 1.00483, 0.00300067, 1, 0
7274.82, 1.00497, 0.0030011, 1, 0
7274.83, 1.00511, 0.00300154, 1, 0
7274.84, 1.0053, 0.00300186, 1, 0
7274.85, 1.00553, 0.00300197, 1, 0
7274.86, 1.00561, 0.0030015, 1, 0
7274.87, 1.00532, 0.00300005, 1, 0
7274.88, 1.00453, 0.00299751, 1, 0
7274.89, 1.00326, 0.00299407, 1, 0
7274.9, 1.00148, 0.00298987, 1, 0
7274.91, 0.999052, 0.00298458, 0.99862, 0.0457664
7274.92, 0.99582, 0.00297778, 0.99852, 0.0562702
7274.93, 0.991816, 0.00296939, 0.99842, 0.0667739
7274.94, 0.987338, 0.00295984, 0.99831, 0.078028
7274.95, 0.982745, 0.00294972, 0.9982, 0.0862809
7274.96, 0.978651, 0.00294036, 0.99807, 0.0960344
7274.97, 0.975756, 0.00293336, 0.99793, 0.105038
7274.98, 0.974486, 0.0029298, 0.99778, 0.114041
7274.99, 0.974855, 0.00292993, 0.99761, 0.125295
7275, 0.976785, 0.00293376, 0.99741, 0.135799
7275.01, 0.979786, 0.00294019, 0.99719, 0.150054
7275.02, 0.983192, 0.00294762, 0.99694, 0.16656
7275.03, 0.986488, 0.00295482, 0.99664, 0.186817
7275.04, 0.989419, 0.00296122, 0.9963, 0.212326
7275.05, 0.991765, 0.00296634, 0.99588, 0.244588
7275.06, 0.993385, 0.00296996, 0.99537, 0.285102
7275.07, 0.994175, 0.00297197, 0.99473, 0.33612
7275.08, 0.994109, 0.00297225, 0.9939, 0.399893
7275.09, 0.993314, 0.00297056, 0.9928, 0.478671
7275.1, 0.991924, 0.00296671, 0.99132, 0.575456
7275.11, 0.989947, 0.00296107, 0.98933, 0.692498
7275.12, 0.987319, 0.00295432, 0.98664, 0.827546
7275.13, 0.983885, 0.00294659, 0.98303, 0.982852
7275.14, 0.979286, 0.00293667, 0.97824, 1.15616
7275.15, 0.973159, 0.00292324, 0.97202, 1.34748
7275.16, 0.96548, 0.00290602, 0.96411, 1.55231
7275.17, 0.956455, 0.00288545, 0.9543, 1.76838
7275.18, 0.946091, 0.00286161, 0.94248, 1.99121
7275.19, 0.933814, 0.00283352, 0.92866, 2.22005
7275.2, 0.919011, 0.00280016, 0.91299, 2.44963
7275.21, 0.901949, 0.0027621, 0.89581, 2.67546
7275.22, 0.883587, 0.00272119, 0.87764, 2.89454
7275.23, 0.864795, 0.00267915, 0.85915, 3.10161
7275.24, 0.846079, 0.0026372, 0.84113, 3.29293
7275.25, 0.827909, 0.0025965, 0.82447, 3.46099
7275.26, 0.811463, 0.00255959, 0.81004, 3.60204
7275.27, 0.79856, 0.00253027, 0.79865, 3.71008
7275.28, 0.790648, 0.00251166, 0.79096, 3.7821
7275.29, 0.787664, 0.0025041, 0.78745, 3.81437
7275.3, 0.789188, 0.00250727, 0.78833, 3.80611
7275.31, 0.794981, 0.00252067, 0.79355, 3.7581
7275.32, 0.804984, 0.00254361, 0.80279, 3.67107
7275.33, 0.818932, 0.002575, 0.81548, 3.54877
7275.34, 0.835584, 0.00261208, 0.83091, 3.39647
7275.35, 0.853438, 0.00265163, 0.84822, 3.21865
7275.36, 0.871425, 0.00269144, 0.86652, 3.02133
7275.37, 0.888997, 0.00273054, 0.88497, 2.80901
7275.38, 0.905699, 0.00276805, 0.90281, 2.58618
7275.39, 0.921416, 0.0028033, 0.91943, 2.35809
7275.4, 0.936141, 0.00283571, 0.93437, 2.12926
7275.41, 0.949585, 0.00286457, 0.94739, 1.90268
7275.42, 0.961076, 0.00288906, 0.95838, 1.68135
7275.43, 0.970053, 0.00290853, 0.96739, 1.46978
7275.44, 0.976802, 0.00292348, 0.97459, 1.27096
7275.45, 0.981929, 0.00293483, 0.98019, 1.08639
7275.46, 0.985927, 0.0029435, 0.98447, 0.91983
7275.47, 0.989119, 0.00295035, 0.98768, 0.772027
7275.48, 0.991792, 0.00295619, 0.99007, 0.644481
7275.49, 0.994075, 0.00296132, 0.99183, 0.536442
7275.5, 0.996029, 0.00296584, 0.99314, 0.44641
7275.51, 0.997672, 0.00296964, 0.99413, 0.373634
7275.52, 0.99895, 0.00297227, 0.99488, 0.315113
7275.53, 0.999817, 0.00297334, 0.99547, 0.269346
7275.54, 1.00036, 0.00297349, 0.99593, 0.232583
7275.55, 1.00074, 0.00297383, 0.9963, 0.203323
7275.56, 1.00104, 0.00297482, 0.9966, 0.180065
7275.57, 1.00124, 0.00297563, 0.99684, 0.161308
7275.58, 1.00128, 0.00297534, 0.99704, 0.145552
7275.59, 1.00113, 0.00297403, 0.9972, 0.132798
7275.6, 1.00075, 0.00297234, 0.99733, 0.121544
7275.61, 1.00016, 0.00297072, 0.99744, 0.11104
7275.62, 0.999398, 0.00296915, 0.99754, 0.101286
7275.63, 0.99855, 0.00296761, 0.99764, 0.0922831
7275.64, 0.997808, 0.0029663, 0.99773, 0.0817793
7275.65, 0.997441, 0.00296556, 0.99782, 0.0705253
7275.66, 0.997518, 0.00296543, 0.99793, 0.0592712
7275.67, 0.997574, 0.00296503, 0.99806, 0.0480172
7275.68, 0.997107, 0.00296347, 1, 0
7275.69, 0.996263, 0.00296116, 1, 0
7275.7, 0.995658, 0.00295947, 1, 0
7275.71, 0.995667, 0.00295924, 1, 0
7275.72, 0.995903, 0.00295957, 1, 0
7275.73, 0.995863, 0.00295928, 1, 0
7275.74, 0.995429, 0.00295809, 1, 0
7275.75, 0.994811, 0.00295649, 1, 0
7275.76, 0.994372, 0.00295529, 1, 0
7275.77, 0.993932, 0.00295409, 1, 0
