wav, obs, sigma_obs, syn, weight
7289.89, 1.0003, 0.00277677, 1, 0
7289.9, 0.999999, 0.00277676, 1, 0
7289.91, 0.9998, 0.00277676, 1, 0
7289.92, 0.999828, 0.0027768, 1, 0
7289.93, 0.999995, 0.00277684, 1, 0
7289.94, 1, 0.00277676, 1, 0
7289.95, 0.999714, 0.00277655, 1, 0
7289.96, 0.999482, 0.00277662, 1, 0
7289.97, 0.999697, 0.00277735, 1, 0
7289.98, 1.00009, 0.00277803, 0.99559, 0.150347
7289.99, 1.00002, 0.00277736, 0.99523, 0.195451
7290, 0.999323, 0.00277527, 0.99502, 0.238407
7290.01, 0.998738, 0.0027738, 0.99492, 0.27492
7290.02, 0.998874, 0.00277463, 0.9949, 0.30499
7290.03, 0.999304, 0.00277635, 0.99488, 0.330763
7290.04, 0.999279, 0.0027766, 0.99485, 0.352241
7290.05, 0.998724, 0.00277512, 0.99476, 0.37372
7290.06, 0.998225, 0.00277367, 0.99459, 0.401641
7290.07, 0.998122, 0.00277337, 0.9943, 0.440302
7290.08, 0.997965, 0.00277307, 0.99386, 0.491849
7290.09, 0.997227, 0.00277141, 0.9932, 0.558432
7290.1, 0.996056, 0.00276866, 0.99229, 0.644344
7290.11, 0.994972, 0.002766, 0.99104, 0.75603
7290.12, 0.994058, 0.0027638, 0.98941, 0.889195
7290.13, 0.992673, 0.00276103, 0.98733, 1.04599
7290.14, 0.99026, 0.00275675, 0.98476, 1.22855
7290.15, 0.987021, 0.00275095, 0.98167, 1.43044
7290.16, 0.983392, 0.00274391, 0.97807, 1.65167
7290.17, 0.979618, 0.002736, 0.97402, 1.88363
7290.18, 0.975775, 0.00272762, 0.96961, 2.11774
7290.19, 0.971913, 0.00271916, 0.96497, 2.34971
7290.2, 0.968034, 0.00271085, 0.96027, 2.57308
7290.21, 0.964147, 0.00270291, 0.95571, 2.77498
7290.22, 0.960389, 0.00269541, 0.95148, 2.95754
7290.23, 0.956968, 0.00268833, 0.94779, 3.10789
7290.24, 0.954228, 0.00268229, 0.94483, 3.22816
7290.25, 0.952718, 0.00267876, 0.94274, 3.30978
7290.26, 0.952806, 0.00267886, 0.94162, 3.35488
7290.27, 0.953917, 0.00268132, 0.94154, 3.35918
7290.28, 0.955235, 0.0026843, 0.9425, 3.32696
7290.29, 0.956628, 0.00268739, 0.94445, 3.25394
7290.3, 0.958559, 0.00269142, 0.94729, 3.14655
7290.31, 0.961326, 0.00269698, 0.95089, 3.0005
7290.32, 0.964758, 0.00270389, 0.95506, 2.82652
7290.33, 0.968583, 0.00271179, 0.9596, 2.62463
7290.34, 0.972296, 0.00271956, 0.96432, 2.40555
7290.35, 0.975281, 0.00272573, 0.96901, 2.16929
7290.36, 0.977335, 0.00272981, 0.9735, 1.92874
7290.37, 0.978835, 0.00273267, 0.97765, 1.68818
7290.38, 0.980107, 0.0027351, 0.98137, 1.45622
7290.39, 0.98105, 0.00273709, 0.98458, 1.23929
7290.4, 0.981455, 0.00273839, 0.98727, 1.03739
7290.41, 0.981153, 0.00273837, 0.98947, 0.861273
7290.42, 0.980014, 0.00273609, 0.99122, 0.708778
7290.43, 0.97796, 0.00273111, 0.99258, 0.582057
7290.44, 0.975037, 0.00272426, 0.99362, 0.478962
7290.45, 0.971266, 0.00271634, 0.99441, 0.395198
7290.46, 0.966371, 0.00270674, 0.99501, 0.328615
7290.47, 0.959927, 0.0026942, 0.99547, 0.279216
7290.48, 0.951246, 0.00267691, 0.99583, 0.242703
7290.49, 0.939296, 0.00265235, 0.99611, 0.214781
7290.5, 0.923311, 0.00261872, 0.99635, 0.191155
7290.51, 0.903629, 0.00257714, 0.99656, 0.171825
7290.52, 0.880976, 0.00252966, 0.99673, 0.15679
7290.53, 0.85771, 0.00248118, 0.9969, 0.139608
7290.54, 0.837382, 0.00243874, 0.99707, 0.122425
7290.55, 0.822838, 0.00240812, 0.99726, 0.103095
7290.56, 0.8154, 0.00239237, 0.99748, 0.0816169
7290.57, 0.816011, 0.00239374, 0.99775, 0.0622866
7290.58, 0.824332, 0.00241135, 1, 0
7290.59, 0.839464, 0.00244298, 1, 0
7290.6, 0.859285, 0.00248415, 1, 0
7290.61, 0.880246, 0.00252769, 1, 0
7290.62, 0.899609, 0.0025681, 1, 0
7290.63, 0.917682, 0.00260597, 1, 0
7290.64, 0.935987, 0.0026443, 1, 0
7290.65, 0.954598, 0.00268323, 1, 0
7290.66, 0.973208, 0.00272216, 1, 0
