wav, obs, sigma_obs, syn, weight
7329.74, 1.00211, 0.00346999, 1, 0
7329.75, 1.00203, 0.00346949, 1, 0
7329.76, 1.00195, 0.00346899, 1, 0
7329.77, 1.00179, 0.00346816, 1, 0
7329.78, 1.00177, 0.00346787, 1, 0
7329.79, 1.00203, 0.00346869, 1, 0
7329.8, 1.00227, 0.00346982, 1, 0
7329.81, 1.00208, 0.00347015, 1, 0
7329.82, 1.0016, 0.00346995, 0.99971, 0.0590435
7329.83, 1.0011, 0.00346982, 0.99954, 0.0885652
7329.84, 1.00061, 0.00346915, 0.99935, 0.125467
7329.85, 1.00004, 0.00346716, 0.99916, 0.154989
7329.86, 0.999428, 0.00346511, 0.99897, 0.191891
7329.87, 0.998782, 0.0034645, 0.99879, 0.214033
7329.88, 0.997758, 0.00346337, 0.99861, 0.243554
7329.89, 0.995946, 0.00345896, 0.9984, 0.265696
7329.9, 0.9934, 0.00345211, 0.99815, 0.287837
7329.91, 0.990323, 0.0034448, 0.99783, 0.324739
7329.92, 0.986639, 0.00343649, 0.99743, 0.361641
7329.93, 0.982217, 0.00342595, 0.99693, 0.398544
7329.94, 0.977319, 0.00341394, 0.99629, 0.450207
7329.95, 0.972448, 0.00340215, 0.9955, 0.516631
7329.96, 0.96865, 0.00339294, 0.99452, 0.590435
7329.97, 0.966969, 0.00338855, 0.99332, 0.679
7329.98, 0.966906, 0.00338845, 0.99186, 0.767565
7329.99, 0.967463, 0.00339109, 0.99011, 0.870892
7330, 0.968704, 0.00339574, 0.98804, 0.974218
7330.01, 0.971019, 0.003402, 0.98566, 1.07754
7330.02, 0.973901, 0.00340936, 0.98299, 1.18825
7330.03, 0.976458, 0.00341691, 0.98009, 1.29158
7330.04, 0.977812, 0.00342159, 0.97703, 1.38752
7330.05, 0.977269, 0.0034202, 0.97393, 1.47609
7330.06, 0.975422, 0.0034149, 0.9709, 1.54989
7330.07, 0.973232, 0.00340948, 0.96805, 1.61632
7330.08, 0.970287, 0.00340259, 0.96549, 1.66798
7330.09, 0.965786, 0.00339133, 0.9633, 1.6975
7330.1, 0.960476, 0.00337813, 0.96154, 1.71964
7330.11, 0.955671, 0.00336722, 0.96025, 1.71964
7330.12, 0.951837, 0.00335908, 0.95946, 1.71964
7330.13, 0.949084, 0.00335274, 0.95916, 1.69012
7330.14, 0.947657, 0.00334898, 0.95936, 1.65322
7330.15, 0.947889, 0.00334939, 0.96003, 1.59417
7330.16, 0.950294, 0.00335562, 0.96117, 1.53513
7330.17, 0.955245, 0.00336877, 0.96276, 1.46133
7330.18, 0.961454, 0.00338548, 0.96474, 1.38014
7330.19, 0.967163, 0.00340107, 0.96709, 1.30634
7330.2, 0.972586, 0.00341578, 0.96973, 1.23253
7330.21, 0.978574, 0.00343149, 0.97256, 1.17349
7330.22, 0.984174, 0.00344633, 0.97549, 1.11445
7330.23, 0.987885, 0.0034572, 0.97839, 1.07754
7330.24, 0.990177, 0.00346465, 0.98114, 1.06278
7330.25, 0.992228, 0.0034706, 0.98363, 1.07754
7330.26, 0.993957, 0.00347523, 0.98574, 1.12183
7330.27, 0.994796, 0.00347796, 0.98741, 1.20301
7330.28, 0.994835, 0.00347892, 0.9886, 1.32848
7330.29, 0.994432, 0.00347856, 0.98927, 1.50561
7330.3, 0.993791, 0.00347727, 0.98943, 1.74178
7330.31, 0.993052, 0.0034755, 0.98915, 2.01486
7330.32, 0.992406, 0.00347408, 0.98848, 2.3396
7330.33, 0.992015, 0.00347385, 0.98758, 2.6791
7330.34, 0.99163, 0.003474, 0.98668, 2.9817
7330.35, 0.990954, 0.00347335, 0.98612, 3.18097
7330.36, 0.990679, 0.00347355, 0.98626, 3.18835
7330.37, 0.991684, 0.00347682, 0.98734, 2.95956
7330.38, 0.993006, 0.00348057, 0.98933, 2.50935
7330.39, 0.99312, 0.0034808, 0.99189, 1.91153
7330.4, 0.992401, 0.00347914, 0.99451, 1.29896
7330.41, 0.991936, 0.00347915, 1, 0
7330.42, 0.991865, 0.00348064, 1, 0
7330.43, 0.991914, 0.00348192, 1, 0
7330.44, 0.991813, 0.00348208, 1, 0
7330.45, 0.991344, 0.00348076, 1, 0
7330.46, 0.990601, 0.00347842, 1, 0
7330.47, 0.989919, 0.00347631, 1, 0
7330.48, 0.989266, 0.00347431, 1, 0
