wav, obs, sigma_obs, syn, weight
7330.46, 0.992952, 0.00348808, 1, 0
7330.47, 0.992856, 0.00348883, 1, 0
7330.48, 0.992426, 0.00348885, 1, 0
7330.49, 0.991787, 0.00348825, 1, 0
7330.5, 0.991535, 0.00348789, 1, 0
7330.51, 0.991942, 0.0034883, 1, 0
7330.52, 0.992322, 0.00348902, 1, 0
7330.53, 0.992249, 0.00348982, 1, 0
7330.54, 0.992253, 0.00349123, 0.99588, 0.198267
7330.55, 0.992622, 0.00349319, 0.99304, 0.292335
7330.56, 0.99272, 0.00349385, 0.98957, 0.383509
7330.57, 0.992176, 0.00349235, 0.986, 0.455869
7330.58, 0.991556, 0.0034907, 0.98296, 0.496391
7330.59, 0.991325, 0.00349067, 0.98089, 0.505074
7330.6, 0.991399, 0.00349235, 0.97991, 0.489154
7330.61, 0.991547, 0.0034949, 0.9798, 0.461658
7330.62, 0.991376, 0.00349587, 0.98023, 0.435608
7330.63, 0.990774, 0.00349426, 0.98089, 0.418242
7330.64, 0.99032, 0.00349279, 0.98154, 0.411006
7330.65, 0.990312, 0.00349322, 0.98207, 0.415347
7330.66, 0.990207, 0.00349401, 0.98241, 0.434161
7330.67, 0.989566, 0.00349358, 0.98248, 0.470341
7330.68, 0.988431, 0.00349125, 0.98222, 0.518099
7330.69, 0.987117, 0.00348762, 0.98159, 0.586117
7330.7, 0.986387, 0.00348582, 0.98049, 0.671502
7330.71, 0.986166, 0.0034864, 0.97888, 0.777148
7330.72, 0.984438, 0.00348371, 0.97671, 0.903054
7330.73, 0.980548, 0.00347532, 0.97395, 1.05067
7330.74, 0.97726, 0.00346748, 0.97063, 1.2171
7330.75, 0.975806, 0.00346325, 0.96678, 1.40379
7330.76, 0.973298, 0.00345674, 0.9625, 1.60495
7330.77, 0.967881, 0.00344381, 0.9579, 1.81913
7330.78, 0.96091, 0.00342629, 0.9531, 2.03621
7330.79, 0.953742, 0.00340682, 0.94823, 2.25619
7330.8, 0.946945, 0.00338829, 0.94345, 2.46893
7330.81, 0.940419, 0.00337133, 0.93885, 2.67009
7330.82, 0.93294, 0.00335225, 0.93456, 2.85099
7330.83, 0.924344, 0.00333019, 0.93065, 3.01163
7330.84, 0.916802, 0.00331094, 0.92719, 3.14188
7330.85, 0.911417, 0.00329751, 0.92422, 3.24173
7330.86, 0.906731, 0.00328608, 0.9218, 3.30686
7330.87, 0.902228, 0.00327517, 0.91997, 3.33725
7330.88, 0.899714, 0.00326918, 0.91877, 3.33146
7330.89, 0.900263, 0.00327085, 0.91823, 3.28949
7330.9, 0.903114, 0.00327872, 0.9184, 3.21279
7330.91, 0.907268, 0.00329036, 0.91931, 3.10136
7330.92, 0.911659, 0.00330239, 0.92096, 2.96242
7330.93, 0.915844, 0.00331351, 0.92332, 2.79455
7330.94, 0.920499, 0.00332626, 0.92635, 2.60641
7330.95, 0.925794, 0.00334128, 0.92996, 2.39946
7330.96, 0.930826, 0.00335517, 0.93404, 2.18238
7330.97, 0.935155, 0.00336656, 0.93848, 1.95951
7330.98, 0.939314, 0.00337823, 0.94313, 1.73809
7330.99, 0.943794, 0.00339175, 0.94786, 1.52535
7331, 0.948843, 0.00340606, 0.95256, 1.32274
7331.01, 0.953996, 0.00341941, 0.95713, 1.13605
7331.02, 0.957691, 0.00342937, 0.96149, 0.968179
7331.03, 0.959513, 0.00343546, 0.96561, 0.820564
7331.04, 0.961039, 0.00344038, 0.96945, 0.694657
7331.05, 0.963237, 0.00344617, 0.97302, 0.589011
7331.06, 0.965855, 0.0034534, 0.97633, 0.499285
7331.07, 0.968675, 0.00346198, 0.97939, 0.428372
7331.08, 0.971678, 0.00347094, 0.9822, 0.370484
7331.09, 0.974748, 0.0034796, 0.98476, 0.322726
7331.1, 0.9776, 0.00348776, 0.98708, 0.285099
7331.11, 0.980214, 0.00349569, 0.98913, 0.25326
7331.12, 0.982962, 0.00350421, 0.99092, 0.227211
7331.13, 0.98578, 0.00351278, 0.99245, 0.205503
7331.14, 0.987954, 0.00351891, 0.99373, 0.188136
7331.15, 0.989273, 0.00352223, 0.9948, 0.17077
7331.16, 0.990285, 0.00352545, 0.99572, 0.154851
7331.17, 0.991356, 0.00352964, 0.99653, 0.138931
7331.18, 0.992541, 0.00353348, 0.99728, 0.118671
7331.19, 0.993767, 0.00353645, 0.99798, 0.0984098
7331.2, 0.994824, 0.00353929, 0.99861, 0.0752545
7331.21, 0.995506, 0.003542, 0.99912, 0.0535465
7331.22, 0.995623, 0.00354359, 0.9995, 0.0347329
7331.23, 0.995359, 0.00354399, 1, 0
7331.24, 0.995337, 0.00354433, 1, 0
7331.25, 0.995633, 0.00354494, 1, 0
7331.26, 0.995655, 0.00354509, 1, 0
7331.27, 0.995205, 0.00354455, 1, 0
7331.28, 0.99467, 0.00354389, 1, 0
7331.29, 0.994243, 0.00354339, 1, 0
7331.3, 0.993816, 0.00354288, 1, 0
