wav, obs, sigma_obs, syn, weight
7372.58, 1.00082, 0.00280777, 1, 0
7372.59, 1.0007, 0.00280737, 1, 0
7372.6, 1.0007, 0.00280716, 1, 0
7372.61, 1.00067, 0.00280691, 1, 0
7372.62, 1.0003, 0.00280608, 1, 0
7372.63, 0.999602, 0.00280469, 1, 0
7372.64, 0.999238, 0.00280396, 1, 0
7372.65, 0.999936, 0.00280521, 1, 0
7372.66, 1.0013, 0.00280772, 1, 0
7372.67, 1.00209, 0.00280927, 0.99954, 0.0279339
7372.68, 1.00162, 0.00280854, 0.99935, 0.0411658
7372.69, 1.00063, 0.00280674, 0.99913, 0.0543976
7372.7, 1.00002, 0.00280534, 0.99889, 0.0676295
7372.71, 0.999912, 0.00280461, 0.99865, 0.0823316
7372.72, 0.99991, 0.00280405, 0.99841, 0.0970336
7372.73, 0.999741, 0.0028033, 0.99815, 0.113206
7372.74, 0.999417, 0.00280241, 0.99788, 0.130848
7372.75, 0.998984, 0.00280146, 0.99756, 0.148491
7372.76, 0.998419, 0.0028003, 0.99717, 0.170544
7372.77, 0.997663, 0.00279866, 0.99669, 0.199948
7372.78, 0.996677, 0.00279641, 0.99608, 0.235233
7372.79, 0.995453, 0.00279372, 0.99529, 0.280809
7372.8, 0.993994, 0.00279076, 0.99428, 0.338148
7372.81, 0.992341, 0.00278751, 0.993, 0.411658
7372.82, 0.99055, 0.00278386, 0.9914, 0.49987
7372.83, 0.988611, 0.00277969, 0.98943, 0.610136
7372.84, 0.986407, 0.00277482, 0.98706, 0.739514
7372.85, 0.983836, 0.00276915, 0.98427, 0.889475
7372.86, 0.980955, 0.00276292, 0.98104, 1.06443
7372.87, 0.977884, 0.00275651, 0.9774, 1.25703
7372.88, 0.974725, 0.00275006, 0.9734, 1.47021
7372.89, 0.971556, 0.00274347, 0.9691, 1.69809
7372.9, 0.968406, 0.0027366, 0.9646, 1.93332
7372.91, 0.965033, 0.00272922, 0.96002, 2.17297
7372.92, 0.961121, 0.00272108, 0.95546, 2.41261
7372.93, 0.956578, 0.00271201, 0.95107, 2.64343
7372.94, 0.95157, 0.00270195, 0.94696, 2.85955
7372.95, 0.94627, 0.00269091, 0.94324, 3.05656
7372.96, 0.940816, 0.00267932, 0.94, 3.22857
7372.97, 0.935354, 0.00266773, 0.93733, 3.36824
7372.98, 0.930347, 0.00265719, 0.93529, 3.47704
7372.99, 0.926564, 0.00264926, 0.93391, 3.54761
7373, 0.924645, 0.00264522, 0.93323, 3.58142
7373.01, 0.924738, 0.00264529, 0.93326, 3.57848
7373.02, 0.926863, 0.00264943, 0.93398, 3.53732
7373.03, 0.930678, 0.00265698, 0.9354, 3.45646
7373.04, 0.935546, 0.0026668, 0.93747, 3.34178
7373.05, 0.940951, 0.00267797, 0.94015, 3.19329
7373.06, 0.946749, 0.00269018, 0.94338, 3.01686
7373.07, 0.952832, 0.00270322, 0.94707, 2.81692
7373.08, 0.958725, 0.00271592, 0.95112, 2.59639
7373.09, 0.963707, 0.00272652, 0.95544, 2.36409
7373.1, 0.967336, 0.00273395, 0.95989, 2.12445
7373.11, 0.969849, 0.00273885, 0.96435, 1.88333
7373.12, 0.971574, 0.00274209, 0.96871, 1.6481
7373.13, 0.972774, 0.0027444, 0.97286, 1.42316
7373.14, 0.973673, 0.00274646, 0.97671, 1.21586
7373.15, 0.974451, 0.00274861, 0.9802, 1.02473
7373.16, 0.975207, 0.00275058, 0.98329, 0.857131
7373.17, 0.976056, 0.00275219, 0.98596, 0.70864
7373.18, 0.97734, 0.00275438, 0.98823, 0.583672
7373.19, 0.979501, 0.00275862, 0.99011, 0.479287
7373.2, 0.982565, 0.00276512, 0.99165, 0.394015
7373.21, 0.985877, 0.00277208, 0.99289, 0.324916
7373.22, 0.988818, 0.00277778, 0.99389, 0.269048
7373.23, 0.991399, 0.0027824, 0.9947, 0.226412
7373.24, 0.993866, 0.00278682, 0.99536, 0.194067
7373.25, 0.996207, 0.00279124, 0.99591, 0.164663
7373.26, 0.998049, 0.00279489, 0.99639, 0.14261
7373.27, 0.999101, 0.00279718, 0.99683, 0.123497
7373.28, 0.999622, 0.00279852, 0.99726, 0.107325
7373.29, 1.00004, 0.00279971, 0.99768, 0.0896826
7373.3, 1.00057, 0.00280102, 0.9981, 0.0735103
7373.31, 1.00119, 0.00280215, 0.99851, 0.0573381
7373.32, 1.00187, 0.00280293, 0.99889, 0.042636
7373.33, 1.00259, 0.00280369, 0.99923, 0.0308743
7373.34, 1.0033, 0.00280485, 1, 0
7373.35, 1.00388, 0.00280627, 1, 0
7373.36, 1.00415, 0.00280721, 1, 0
7373.37, 1.00399, 0.00280719, 1, 0
7373.38, 1.00366, 0.00280652, 1, 0
7373.39, 1.00345, 0.00280568, 1, 0
7373.4, 1.00343, 0.00280487, 1, 0
7373.41, 1.00348, 0.00280407, 1, 0
7373.42, 1.00346, 0.00280325, 1, 0
