wav, obs, sigma_obs, syn, weight
7374.83, 1.00063, 0.00278481, 1, 0
7374.84, 1.00186, 0.00278677, 1, 0
7374.85, 1.0025, 0.00278772, 1, 0
7374.86, 1.00207, 0.00278682, 1, 0
7374.87, 1.00098, 0.00278481, 1, 0
7374.88, 1.0002, 0.00278349, 1, 0
7374.89, 1.00028, 0.00278378, 1, 0
7374.9, 1.00068, 0.00278452, 1, 0
7374.91, 1.0008, 0.00278439, 1, 0
7374.92, 1.00057, 0.00278341, 0.9987, 0.0567087
7374.93, 1.0002, 0.00278231, 0.99815, 0.0803373
7374.94, 0.999765, 0.00278133, 0.99754, 0.107116
7374.95, 0.999053, 0.0027799, 0.9969, 0.135471
7374.96, 0.997907, 0.00277752, 0.99627, 0.16225
7374.97, 0.996653, 0.00277485, 0.99566, 0.187454
7374.98, 0.995799, 0.00277297, 0.99508, 0.214233
7374.99, 0.995355, 0.00277197, 0.99448, 0.241012
7375, 0.994669, 0.00277065, 0.99384, 0.269366
7375.01, 0.993207, 0.00276798, 0.9931, 0.300871
7375.02, 0.991256, 0.00276439, 0.99222, 0.341827
7375.03, 0.989335, 0.00276073, 0.99116, 0.387509
7375.04, 0.987602, 0.00275719, 0.98985, 0.445793
7375.05, 0.985837, 0.00275326, 0.98826, 0.515104
7375.06, 0.98382, 0.00274852, 0.98632, 0.598592
7375.07, 0.981383, 0.0027429, 0.98401, 0.697832
7375.08, 0.978384, 0.00273646, 0.98128, 0.8144
7375.09, 0.974913, 0.00272943, 0.97811, 0.94987
7375.1, 0.971239, 0.00272225, 0.9745, 1.10267
7375.11, 0.967544, 0.0027151, 0.97049, 1.27437
7375.12, 0.963747, 0.0027076, 0.9661, 1.45867
7375.13, 0.959747, 0.00269934, 0.96142, 1.65715
7375.14, 0.955638, 0.00269058, 0.95654, 1.86351
7375.15, 0.951633, 0.00268198, 0.95157, 2.07302
7375.16, 0.947799, 0.00267383, 0.94663, 2.28252
7375.17, 0.943918, 0.00266564, 0.94184, 2.48573
7375.18, 0.939768, 0.00265692, 0.93734, 2.67633
7375.19, 0.935384, 0.00264778, 0.93324, 2.84961
7375.2, 0.930916, 0.00263862, 0.92963, 3.00241
7375.21, 0.926527, 0.00262976, 0.92662, 3.13
7375.22, 0.922393, 0.00262145, 0.92426, 3.22767
7375.23, 0.918768, 0.00261406, 0.92262, 3.2954
7375.24, 0.916293, 0.00260889, 0.92173, 3.33163
7375.25, 0.915724, 0.00260745, 0.9216, 3.33479
7375.26, 0.917177, 0.00261006, 0.92224, 3.30486
7375.27, 0.920046, 0.00261561, 0.92365, 3.24185
7375.28, 0.923787, 0.00262308, 0.92578, 3.14891
7375.29, 0.928269, 0.00263218, 0.92859, 3.02761
7375.3, 0.933448, 0.00264275, 0.93202, 2.87797
7375.31, 0.939014, 0.00265408, 0.93598, 2.70784
7375.32, 0.944424, 0.002665, 0.94038, 2.52039
7375.33, 0.94928, 0.00267466, 0.9451, 2.32033
7375.34, 0.953627, 0.00268327, 0.95001, 2.11082
7375.35, 0.957584, 0.00269119, 0.95499, 1.90132
7375.36, 0.961207, 0.00269861, 0.95992, 1.69181
7375.37, 0.964506, 0.00270558, 0.96468, 1.49175
7375.38, 0.967611, 0.00271233, 0.96917, 1.30272
7375.39, 0.9709, 0.00271945, 0.97331, 1.12787
7375.4, 0.974684, 0.0027274, 0.97706, 0.970348
7375.41, 0.978447, 0.00273513, 0.98039, 0.831727
7375.42, 0.981275, 0.00274086, 0.98328, 0.708858
7375.43, 0.983032, 0.00274437, 0.98576, 0.604893
7375.44, 0.984832, 0.00274784, 0.98785, 0.518254
7375.45, 0.987606, 0.00275314, 0.98958, 0.445793
7375.46, 0.990562, 0.00275893, 0.99101, 0.385934
7375.47, 0.992322, 0.00276271, 0.99218, 0.337102
7375.48, 0.992748, 0.00276416, 0.99314, 0.297721
7375.49, 0.993202, 0.00276546, 0.99392, 0.26464
7375.5, 0.994719, 0.0027683, 0.99457, 0.237861
7375.51, 0.996576, 0.00277149, 0.99513, 0.212658
7375.52, 0.997647, 0.00277316, 0.99564, 0.192179
7375.53, 0.997855, 0.00277331, 0.99615, 0.170126
7375.54, 0.998084, 0.00277362, 0.99667, 0.148073
7375.55, 0.998912, 0.00277518, 0.99722, 0.122869
7375.56, 0.999904, 0.00277707, 0.99778, 0.0976649
7375.57, 1.00047, 0.00277808, 0.99832, 0.0740363
7375.58, 1.00063, 0.00277831, 0.99881, 0.051983
7375.59, 1.00079, 0.00277871, 1, 0
7375.6, 1.00116, 0.0027797, 1, 0
7375.61, 1.00151, 0.00278052, 1, 0
7375.62, 1.00157, 0.00278038, 1, 0
7375.63, 1.00145, 0.00277974, 1, 0
7375.64, 1.00146, 0.00277969, 1, 0
7375.65, 1.00174, 0.00278071, 1, 0
7375.66, 1.00217, 0.00278236, 1, 0
7375.67, 1.00251, 0.00278367, 1, 0
