wav, obs, sigma_obs, syn, weight
7405.26, 0.997518, 0.0030333, 1, 0
7405.27, 0.995984, 0.00303034, 1, 0
7405.28, 0.995171, 0.00302899, 1, 0
7405.29, 0.995415, 0.00302998, 1, 0
7405.3, 0.996142, 0.00303182, 1, 0
7405.31, 0.996698, 0.0030329, 1, 0
7405.32, 0.997105, 0.00303368, 1, 0
7405.33, 0.997572, 0.00303511, 1, 0
7405.34, 0.997793, 0.00303619, 0.99632, 0.017249
7405.35, 0.997217, 0.00303494, 0.99577, 0.0287483
7405.36, 0.996135, 0.00303213, 0.99539, 0.0431224
7405.37, 0.995553, 0.00303087, 0.99516, 0.0589339
7405.38, 0.995709, 0.00303199, 0.99503, 0.0754642
7405.39, 0.995803, 0.00303314, 0.99496, 0.0898383
7405.4, 0.995363, 0.00303286, 0.99489, 0.102775
7405.41, 0.994752, 0.00303194, 0.9948, 0.114274
7405.42, 0.994284, 0.00303111, 0.99466, 0.124336
7405.43, 0.993788, 0.00303012, 0.99447, 0.134398
7405.44, 0.993009, 0.00302851, 0.99422, 0.14446
7405.45, 0.991807, 0.00302589, 0.99391, 0.155959
7405.46, 0.99016, 0.00302208, 0.99353, 0.168896
7405.47, 0.988776, 0.00301869, 0.99309, 0.18327
7405.48, 0.98866, 0.00301805, 0.99256, 0.200519
7405.49, 0.989363, 0.00301947, 0.99195, 0.219924
7405.5, 0.989282, 0.00301984, 0.99124, 0.243642
7405.51, 0.987882, 0.00301774, 0.99039, 0.273109
7405.52, 0.985989, 0.0030139, 0.98938, 0.308325
7405.53, 0.984183, 0.00300923, 0.98814, 0.352885
7405.54, 0.982417, 0.00300458, 0.98661, 0.408225
7405.55, 0.980507, 0.00300036, 0.98467, 0.476502
7405.56, 0.978083, 0.00299539, 0.98217, 0.559872
7405.57, 0.974842, 0.00298854, 0.97892, 0.659054
7405.58, 0.970968, 0.00298008, 0.97468, 0.776203
7405.59, 0.966708, 0.00297053, 0.96917, 0.909883
7405.6, 0.961557, 0.00295917, 0.9621, 1.06081
7405.61, 0.954686, 0.00294468, 0.95316, 1.22468
7405.62, 0.945779, 0.00292574, 0.94211, 1.40148
7405.63, 0.934893, 0.00290107, 0.92875, 1.5869
7405.64, 0.921809, 0.00287025, 0.91301, 1.77736
7405.65, 0.905993, 0.00283383, 0.89495, 1.97213
7405.66, 0.887078, 0.0027916, 0.87476, 2.16834
7405.67, 0.865019, 0.00274198, 0.85277, 2.36311
7405.68, 0.839913, 0.00268417, 0.82945, 2.555
7405.69, 0.812147, 0.00261987, 0.80539, 2.7433
7405.7, 0.782305, 0.00255121, 0.78126, 2.9237
7405.71, 0.751597, 0.00248036, 0.75782, 3.09475
7405.72, 0.721395, 0.00240966, 0.73587, 3.25215
7405.73, 0.693, 0.00234265, 0.71624, 3.39086
7405.74, 0.66773, 0.00228338, 0.69972, 3.50657
7405.75, 0.647433, 0.00223604, 0.68703, 3.59497
7405.76, 0.634257, 0.00220482, 0.67874, 3.65319
7405.77, 0.62904, 0.00219174, 0.67526, 3.67762
7405.78, 0.631283, 0.00219662, 0.67674, 3.66684
7405.79, 0.640603, 0.00221899, 0.68312, 3.62228
7405.8, 0.65689, 0.00225808, 0.69409, 3.54538
7405.81, 0.679553, 0.00231198, 0.70914, 3.43901
7405.82, 0.706803, 0.00237622, 0.72758, 3.30893
7405.83, 0.736687, 0.00244604, 0.74865, 3.158
7405.84, 0.767297, 0.00251716, 0.77154, 2.99198
7405.85, 0.796914, 0.00258579, 0.79541, 2.81446
7405.86, 0.824932, 0.00265052, 0.81947, 2.62903
7405.87, 0.851103, 0.00271074, 0.843, 2.43785
7405.88, 0.874494, 0.00276444, 0.86535, 2.24308
7405.89, 0.893845, 0.00280896, 0.88597, 2.04616
7405.9, 0.909281, 0.00284448, 0.90444, 1.85067
7405.91, 0.922144, 0.00287373, 0.92046, 1.65662
7405.92, 0.933223, 0.00289853, 0.93387, 1.46832
7405.93, 0.942502, 0.00291949, 0.94467, 1.2872
7405.94, 0.950155, 0.00293729, 0.95296, 1.11615
7405.95, 0.956861, 0.0029531, 0.95897, 0.959473
7405.96, 0.963139, 0.00296777, 0.96301, 0.817169
7405.97, 0.968787, 0.00298096, 0.96544, 0.692833
7405.98, 0.973528, 0.00299218, 0.96661, 0.585027
7405.99, 0.97742, 0.00300118, 0.96691, 0.495189
7406, 0.980621, 0.00300789, 0.96666, 0.420443
7406.01, 0.983214, 0.00301309, 0.96615, 0.360072
7406.02, 0.985241, 0.00301789, 0.96564, 0.3112
7406.03, 0.986795, 0.0030222, 0.9653, 0.27239
7406.04, 0.988002, 0.00302502, 0.96529, 0.240767
7406.05, 0.988901, 0.00302634, 0.96569, 0.214893
7406.06, 0.989437, 0.00302732, 0.96656, 0.193332
7406.07, 0.98978, 0.00302887, 0.96791, 0.176083
7406.08, 0.990499, 0.00303141, 0.96971, 0.16099
7406.09, 0.991868, 0.00303485, 0.97191, 0.148772
7406.1, 0.993255, 0.00303795, 0.97441, 0.137992
7406.11, 0.994031, 0.00303959, 0.97712, 0.127211
7406.12, 0.994249, 0.00304001, 0.9799, 0.118587
7406.13, 0.994157, 0.00303981, 0.98264, 0.108525
7406.14, 0.994119, 0.0030398, 0.98524, 0.0984628
7406.15, 0.994503, 0.0030408, 0.98761, 0.0862448
7406.16, 0.995125, 0.00304238, 0.98972, 0.0718707
7406.17, 0.995462, 0.0030434, 0.99155, 0.0567778
7406.18, 0.995428, 0.00304374, 0.99314, 0.041685
7406.19, 0.995348, 0.00304425, 0.99453, 0.0280296
7406.2, 0.99527, 0.00304475, 0.99577, 0.017249
7406.21, 0.994807, 0.00304352, 1, 0
7406.22, 0.993766, 0.00303989, 1, 0
7406.23, 0.992459, 0.00303582, 1, 0
7406.24, 0.991179, 0.00303304, 1, 0
7406.25, 0.989947, 0.00303118, 1, 0
7406.26, 0.988694, 0.00302892, 1, 0
7406.27, 0.987438, 0.0030266, 1, 0
7406.28, 0.986183, 0.00302428, 1, 0
