wav, obs, sigma_obs, syn, weight
7408.58, 1.00546, 0.00313017, 1, 0
7408.59, 1.00602, 0.00313079, 1, 0
7408.6, 1.00622, 0.00313107, 1, 0
7408.61, 1.00587, 0.0031308, 1, 0
7408.62, 1.00538, 0.00313014, 1, 0
7408.63, 1.00518, 0.00312936, 1, 0
7408.64, 1.00526, 0.003129, 1, 0
7408.65, 1.00548, 0.00312952, 1, 0
7408.66, 1.00559, 0.0031301, 0.99765, 0.0172099
7408.67, 1.0053, 0.00312942, 0.99748, 0.0286832
7408.68, 1.00448, 0.00312733, 0.99733, 0.0430248
7408.69, 1.00311, 0.00312454, 0.99719, 0.0595176
7408.7, 1.00162, 0.00312196, 0.99704, 0.0760105
7408.71, 1.0009, 0.00312067, 0.99688, 0.0903521
7408.72, 1.00096, 0.00312048, 0.9967, 0.103977
7408.73, 1.00058, 0.00311953, 0.99652, 0.11545
7408.74, 0.999136, 0.00311685, 0.99632, 0.125489
7408.75, 0.997281, 0.00311345, 0.9961, 0.135528
7408.76, 0.995644, 0.00311032, 0.99588, 0.145567
7408.77, 0.994418, 0.00310782, 0.99563, 0.157758
7408.78, 0.993599, 0.00310599, 0.99537, 0.170665
7408.79, 0.992712, 0.00310407, 0.99508, 0.185724
7408.8, 0.991274, 0.00310128, 0.99477, 0.203651
7408.81, 0.989468, 0.0030977, 0.99441, 0.224446
7408.82, 0.987661, 0.00309365, 0.99401, 0.250978
7408.83, 0.985633, 0.00308881, 0.99354, 0.281812
7408.84, 0.982899, 0.00308254, 0.99299, 0.321969
7408.85, 0.979593, 0.00307522, 0.99233, 0.371447
7408.86, 0.976296, 0.00306796, 0.99153, 0.431682
7408.87, 0.973428, 0.00306161, 0.99054, 0.507693
7408.88, 0.971224, 0.0030567, 0.98927, 0.598762
7408.89, 0.969572, 0.00305301, 0.98762, 0.707041
7408.9, 0.96787, 0.00304923, 0.98542, 0.833247
7408.91, 0.965855, 0.00304478, 0.98246, 0.976663
7408.92, 0.964028, 0.00304071, 0.97848, 1.13514
7408.93, 0.962543, 0.00303733, 0.97312, 1.30652
7408.94, 0.960279, 0.00303213, 0.96603, 1.48866
7408.95, 0.956161, 0.00302278, 0.95682, 1.67868
7408.96, 0.950316, 0.00300984, 0.94517, 1.87445
7408.97, 0.942966, 0.00299399, 0.93085, 2.07164
7408.98, 0.932959, 0.00297195, 0.91382, 2.27028
7408.99, 0.918827, 0.00293954, 0.89423, 2.46676
7409, 0.901147, 0.00289823, 0.87253, 2.65965
7409.01, 0.881538, 0.00285241, 0.84937, 2.84681
7409.02, 0.86051, 0.00280343, 0.82565, 3.02464
7409.03, 0.837764, 0.00275043, 0.80242, 3.19172
7409.04, 0.814174, 0.00269538, 0.78079, 3.34159
7409.05, 0.791873, 0.00264332, 0.76186, 3.47138
7409.06, 0.772435, 0.00259783, 0.74661, 3.57751
7409.07, 0.756519, 0.00256017, 0.73582, 3.65567
7409.08, 0.744926, 0.00253222, 0.73003, 3.70157
7409.09, 0.738898, 0.00251765, 0.72945, 3.71447
7409.1, 0.739205, 0.00251874, 0.73401, 3.69296
7409.11, 0.745049, 0.0025331, 0.74333, 3.63775
7409.12, 0.755488, 0.00255801, 0.75678, 3.5517
7409.13, 0.770201, 0.00259318, 0.77352, 3.43696
7409.14, 0.788823, 0.0026383, 0.79256, 3.29785
7409.15, 0.809662, 0.00268864, 0.81278, 3.13866
7409.16, 0.83054, 0.00273802, 0.83303, 2.96369
7409.17, 0.849481, 0.00278214, 0.85211, 2.7751
7409.18, 0.864738, 0.00281793, 0.86882, 2.5779
7409.19, 0.87621, 0.00284537, 0.88197, 2.37425
7409.2, 0.884995, 0.0028666, 0.89037, 2.1663
7409.21, 0.89084, 0.00288081, 0.89296, 1.95691
7409.22, 0.892042, 0.00288402, 0.88885, 1.74824
7409.23, 0.887332, 0.00287335, 0.87746, 1.54244
7409.24, 0.876182, 0.00284769, 0.85868, 1.34309
7409.25, 0.858488, 0.00280669, 0.83297, 1.15306
7409.26, 0.834887, 0.00275122, 0.80134, 0.974512
7409.27, 0.806053, 0.00268253, 0.76535, 0.8103
7409.28, 0.77251, 0.00260239, 0.72699, 0.661865
7409.29, 0.735166, 0.00251348, 0.68849, 0.532073
7409.3, 0.696643, 0.00242154, 0.65211, 0.419492
7409.31, 0.659896, 0.00233303, 0.62, 0.325554
7409.32, 0.627207, 0.00225365, 0.59402, 0.24811
7409.33, 0.600722, 0.0021891, 0.5756, 0.186441
7409.34, 0.583587, 0.0021473, 0.56575, 0.139114
7409.35, 0.579242, 0.00213681, 0.565, 0.10326
7409.36, 0.587943, 0.00215837, 0.57346, 0.0774446
7409.37, 0.607627, 0.00220699, 0.59077, 0.0602347
7409.38, 0.636527, 0.0022782, 0.61613, 0.0494785
7409.39, 0.673195, 0.00236809, 0.64832, 0.0437419
7409.4, 0.71499, 0.00246977, 0.68567, 0.0415906
7409.41, 0.757609, 0.00257225, 0.72624, 0.0408736
7409.42, 0.797794, 0.00266769, 0.76793, 0.0423077
7409.43, 0.834527, 0.00275499, 0.80866, 0.0437419
7409.44, 0.867058, 0.00283311, 0.84661, 0.0430248
7409.45, 0.894679, 0.00289925, 0.88035, 0.0408736
7409.46, 0.916955, 0.00295137, 0.90896, 0.0372882
7409.47, 0.934492, 0.00299176, 0.93213, 0.0308344
7409.48, 0.948156, 0.00302356, 0.95007, 0.0229466
7409.49, 0.958891, 0.00304906, 0.96342, 0.0164928
7409.5, 0.967591, 0.00307007, 0.97307, 0.0100391
7409.51, 0.974523, 0.00308685, 1, 0
7409.52, 0.979694, 0.00309905, 1, 0
7409.53, 0.983583, 0.00310803, 1, 0
7409.54, 0.986958, 0.00311621, 1, 0
7409.55, 0.989986, 0.00312408, 1, 0
7409.56, 0.992276, 0.00313032, 1, 0
7409.57, 0.993791, 0.00313464, 1, 0
7409.58, 0.995073, 0.00313838, 1, 0
