wav, obs, sigma_obs, syn, weight
7414.94, 0.998235, 0.00332389, 1, 0
7414.95, 0.999607, 0.00332802, 1, 0
7414.96, 1.00068, 0.00333107, 1, 0
7414.97, 1.00144, 0.00333297, 1, 0
7414.98, 1.0022, 0.00333483, 1, 0
7414.99, 1.00301, 0.00333704, 1, 0
7415, 1.00338, 0.0033385, 1, 0
7415.01, 1.00319, 0.00333883, 1, 0
7415.02, 1.00318, 0.00333951, 0.99788, 0.0177718
7415.03, 1.0037, 0.00334114, 0.99771, 0.02999
7415.04, 1.0037, 0.00334124, 0.99749, 0.0455403
7415.05, 1.00246, 0.00333827, 0.99718, 0.0622014
7415.06, 1.00116, 0.00333526, 0.99675, 0.0799732
7415.07, 1.00074, 0.00333466, 0.99612, 0.0966343
7415.08, 1.00008, 0.00333341, 0.99525, 0.111074
7415.09, 0.997942, 0.00332821, 0.99406, 0.124403
7415.1, 0.99488, 0.00332088, 0.9925, 0.137732
7415.11, 0.991744, 0.00331391, 0.99053, 0.153282
7415.12, 0.988149, 0.00330565, 0.98818, 0.173275
7415.13, 0.983465, 0.00329374, 0.98552, 0.197712
7415.14, 0.978281, 0.00328044, 0.98267, 0.232145
7415.15, 0.973564, 0.00326937, 0.97982, 0.278796
7415.16, 0.969377, 0.0032601, 0.97719, 0.337665
7415.17, 0.965436, 0.00325063, 0.97495, 0.414306
7415.18, 0.962358, 0.00324283, 0.97325, 0.51094
7415.19, 0.961162, 0.00324041, 0.97211, 0.627568
7415.2, 0.961483, 0.00324228, 0.97143, 0.768632
7415.21, 0.962076, 0.00324432, 0.97097, 0.93191
7415.22, 0.96242, 0.00324513, 0.97038, 1.11629
7415.23, 0.96255, 0.00324543, 0.96923, 1.31845
7415.24, 0.962018, 0.00324429, 0.96706, 1.53615
7415.25, 0.959929, 0.00323926, 0.96348, 1.76385
7415.26, 0.955677, 0.00322883, 0.95825, 1.99711
7415.27, 0.949002, 0.00321261, 0.95127, 2.22814
7415.28, 0.940423, 0.00319186, 0.9427, 2.4514
7415.29, 0.931398, 0.00316976, 0.9329, 2.66133
7415.3, 0.922847, 0.00314843, 0.92246, 2.85127
7415.31, 0.91482, 0.00312826, 0.91211, 3.01677
7415.32, 0.907431, 0.00310984, 0.90266, 3.15339
7415.33, 0.901023, 0.00309435, 0.89492, 3.2578
7415.34, 0.896084, 0.00308296, 0.88956, 3.32666
7415.35, 0.893337, 0.00307682, 0.88708, 3.3611
7415.36, 0.893266, 0.0030767, 0.88772, 3.35888
7415.37, 0.895724, 0.00308255, 0.89143, 3.31889
7415.38, 0.900514, 0.0030943, 0.89791, 3.24558
7415.39, 0.907576, 0.00311216, 0.90662, 3.13673
7415.4, 0.916771, 0.00313591, 0.91686, 2.99789
7415.41, 0.927626, 0.00316357, 0.92788, 2.83239
7415.42, 0.939443, 0.00319276, 0.93897, 2.64356
7415.43, 0.950899, 0.00322069, 0.9495, 2.43807
7415.44, 0.960788, 0.00324507, 0.95901, 2.22148
7415.45, 0.969179, 0.00326637, 0.9672, 1.99933
7415.46, 0.976436, 0.00328552, 0.97395, 1.7794
7415.47, 0.982502, 0.00330166, 0.97931, 1.56725
7415.48, 0.987185, 0.00331349, 0.9834, 1.36732
7415.49, 0.990356, 0.00332101, 0.98641, 1.18516
7415.5, 0.991994, 0.00332484, 0.98854, 1.0241
7415.51, 0.992716, 0.00332672, 0.99001, 0.884149
7415.52, 0.993365, 0.00332869, 0.99097, 0.76641
7415.53, 0.993996, 0.00333074, 0.99158, 0.674219
7415.54, 0.994241, 0.00333173, 0.99192, 0.603131
7415.55, 0.993922, 0.00333103, 0.99208, 0.550927
7415.56, 0.993017, 0.00332845, 0.99211, 0.515383
7415.57, 0.991826, 0.00332522, 0.99203, 0.494279
7415.58, 0.990874, 0.00332352, 0.99187, 0.483172
7415.59, 0.990262, 0.00332332, 0.99163, 0.48095
7415.6, 0.989736, 0.00332269, 0.99133, 0.482061
7415.61, 0.989299, 0.00332147, 0.99097, 0.479839
7415.62, 0.989224, 0.00332126, 0.99053, 0.467621
7415.63, 0.989514, 0.00332237, 0.99002, 0.436521
7415.64, 0.989849, 0.00332353, 0.98941, 0.385427
7415.65, 0.990027, 0.00332405, 0.98867, 0.31545
7415.66, 0.990035, 0.0033242, 0.9878, 0.236587
7415.67, 0.989896, 0.00332421, 0.98681, 0.159946
7415.68, 0.98968, 0.00332414, 0.98574, 0.0966343
7415.69, 0.989365, 0.00332386, 1, 0
7415.7, 0.988752, 0.00332285, 1, 0
7415.71, 0.987677, 0.00332074, 1, 0
7415.72, 0.986092, 0.00331748, 1, 0
7415.73, 0.984037, 0.00331322, 1, 0
7415.74, 0.981768, 0.00330851, 1, 0
7415.75, 0.979633, 0.00330408, 1, 0
7415.76, 0.977498, 0.00329965, 1, 0
