wav, obs, sigma_obs, syn, weight
7415.35, 0.892533, 0.00307391, 1, 0
7415.36, 0.89267, 0.00307424, 1, 0
7415.37, 0.893613, 0.00307653, 1, 0
7415.38, 0.897032, 0.00308488, 1, 0
7415.39, 0.903168, 0.00310015, 1, 0
7415.4, 0.911533, 0.0031216, 1, 0
7415.41, 0.921676, 0.00314771, 1, 0
7415.42, 0.933148, 0.00317644, 1, 0
7415.43, 0.944942, 0.00320528, 0.96559, 0.168477
7415.44, 0.955606, 0.00323136, 0.97222, 0.272704
7415.45, 0.964607, 0.00325387, 0.97801, 0.393351
7415.46, 0.972343, 0.00327394, 0.98277, 0.508286
7415.47, 0.978963, 0.0032916, 0.98645, 0.59538
7415.48, 0.984284, 0.00330546, 0.98918, 0.638214
7415.49, 0.988145, 0.00331485, 0.99113, 0.636072
7415.5, 0.990444, 0.0033202, 0.99248, 0.599664
7415.51, 0.991463, 0.00332268, 0.99339, 0.544695
7415.52, 0.992071, 0.00332444, 0.99397, 0.485442
7415.53, 0.992756, 0.00332659, 0.99432, 0.431901
7415.54, 0.993214, 0.00332818, 0.99452, 0.386926
7415.55, 0.993155, 0.00332828, 0.9946, 0.353373
7415.56, 0.992508, 0.00332653, 0.9946, 0.331243
7415.57, 0.991381, 0.00332332, 0.99453, 0.317679
7415.58, 0.990267, 0.00332071, 0.99441, 0.311968
7415.59, 0.989532, 0.00332006, 0.99425, 0.311968
7415.6, 0.988996, 0.00331984, 0.99405, 0.316965
7415.61, 0.988489, 0.00331871, 0.9938, 0.326246
7415.62, 0.98822, 0.00331785, 0.9935, 0.339096
7415.63, 0.988378, 0.0033185, 0.99315, 0.354801
7415.64, 0.988734, 0.0033198, 0.99273, 0.373362
7415.65, 0.988991, 0.00332059, 0.99222, 0.394779
7415.66, 0.989074, 0.00332087, 0.99157, 0.419765
7415.67, 0.988985, 0.00332091, 0.99073, 0.447606
7415.68, 0.9888, 0.00332088, 0.9896, 0.481159
7415.69, 0.98858, 0.00332082, 0.98805, 0.521136
7415.7, 0.988119, 0.00332018, 0.98591, 0.568253
7415.71, 0.987146, 0.00331831, 0.98298, 0.62465
7415.72, 0.985812, 0.00331561, 0.97905, 0.693897
7415.73, 0.984376, 0.00331278, 0.97395, 0.777421
7415.74, 0.982168, 0.0033082, 0.96758, 0.875223
7415.75, 0.97814, 0.00329924, 0.95996, 0.987303
7415.76, 0.972985, 0.00328722, 0.95125, 1.11295
7415.77, 0.968386, 0.00327569, 0.94168, 1.25073
7415.78, 0.963808, 0.0032638, 0.93152, 1.39636
7415.79, 0.957117, 0.00324741, 0.92095, 1.5477
7415.8, 0.947736, 0.00322501, 0.90995, 1.70047
7415.81, 0.936437, 0.00319732, 0.89821, 1.85253
7415.82, 0.922937, 0.00316345, 0.88516, 2.00245
7415.83, 0.905898, 0.00312086, 0.87003, 2.14737
7415.84, 0.885319, 0.00306975, 0.85213, 2.288
7415.85, 0.862756, 0.0030135, 0.831, 2.42221
7415.86, 0.838741, 0.00295307, 0.80665, 2.55285
7415.87, 0.812353, 0.00288613, 0.77968, 2.6785
7415.88, 0.783608, 0.00281287, 0.7512, 2.79843
7415.89, 0.754092, 0.00273777, 0.72268, 2.91194
7415.9, 0.725489, 0.00266524, 0.69576, 3.01902
7415.91, 0.699417, 0.00259904, 0.67196, 3.11468
7415.92, 0.677576, 0.00254326, 0.65256, 3.19606
7415.93, 0.661842, 0.00250278, 0.63849, 3.26103
7415.94, 0.653494, 0.0024811, 0.63037, 3.30458
7415.95, 0.652367, 0.0024782, 0.62855, 3.32528
7415.96, 0.658308, 0.002494, 0.63313, 3.32171
7415.97, 0.671776, 0.00252961, 0.64406, 3.29601
7415.98, 0.69265, 0.00258449, 0.66103, 3.24818
7415.99, 0.718674, 0.00265226, 0.68349, 3.18179
7416, 0.74734, 0.00272599, 0.71059, 3.10112
7416.01, 0.776744, 0.00280103, 0.74111, 3.00831
7416.02, 0.80547, 0.00287417, 0.77362, 2.90551
7416.03, 0.83357, 0.00294591, 0.80651, 2.79486
7416.04, 0.861059, 0.00301648, 0.83822, 2.67707
7416.05, 0.885765, 0.0030796, 0.86742, 2.55143
7416.06, 0.905438, 0.00312876, 0.89316, 2.41793
7416.07, 0.921319, 0.00316798, 0.91492, 2.27801
7416.08, 0.935569, 0.00320398, 0.93266, 2.13095
7416.09, 0.947944, 0.00323587, 0.94665, 1.97818
7416.1, 0.95739, 0.00326018, 0.95742, 1.82041
7416.11, 0.964413, 0.00327817, 0.96555, 1.65978
7416.12, 0.970158, 0.00329306, 0.97165, 1.50201
7416.13, 0.974682, 0.00330486, 0.97624, 1.34639
7416.14, 0.977513, 0.00331204, 0.97972, 1.19933
7416.15, 0.978989, 0.00331575, 0.98241, 1.06226
7416.16, 0.979922, 0.00331872, 0.98453, 0.938045
7416.17, 0.980558, 0.00332128, 0.98625, 0.828107
7416.18, 0.980711, 0.00332201, 0.98765, 0.732446
7416.19, 0.97995, 0.00331996, 0.98883, 0.65035
7416.2, 0.977701, 0.00331466, 0.98984, 0.581817
7416.21, 0.974433, 0.00330736, 0.9907, 0.522564
7416.22, 0.971576, 0.00330093, 0.99145, 0.47402
7416.23, 0.969949, 0.00329722, 0.99211, 0.432615
7416.24, 0.969679, 0.00329701, 0.99269, 0.396206
7416.25, 0.970689, 0.00330029, 0.9932, 0.365509
7416.26, 0.97269, 0.0033062, 0.99366, 0.337668
7416.27, 0.975596, 0.00331425, 0.99407, 0.31411
7416.28, 0.979594, 0.0033245, 0.99444, 0.293407
7416.29, 0.984255, 0.00333587, 0.99478, 0.274132
7416.3, 0.988155, 0.00334546, 0.99508, 0.256999
7416.31, 0.990714, 0.00335227, 0.99536, 0.241293
7416.32, 0.993006, 0.00335893, 0.99561, 0.227729
7416.33, 0.995583, 0.0033665, 0.99584, 0.215593
7416.34, 0.997587, 0.00337213, 0.99606, 0.203457
7416.35, 0.998549, 0.00337431, 0.99626, 0.192749
7416.36, 0.999284, 0.00337568, 0.99644, 0.182755
7416.37, 1.00042, 0.00337841, 0.99661, 0.174188
7416.38, 1.00158, 0.00338178, 0.99677, 0.164908
7416.39, 1.00233, 0.00338475, 0.99691, 0.155627
7416.4, 1.00262, 0.00338658, 0.99705, 0.145633
7416.41, 1.00257, 0.00338705, 0.99717, 0.133497
7416.42, 1.00275, 0.00338754, 0.99728, 0.117791
7416.43, 1.0035, 0.00338902, 0.99739, 0.0992301
7416.44, 1.00386, 0.0033896, 0.99749, 0.0778135
7416.45, 1.00294, 0.00338759, 0.99759, 0.0571108
7416.46, 1.00186, 0.00338557, 0.99769, 0.037122
7416.47, 1.00198, 0.00338666, 0.99779, 0.0221304
7416.48, 1.00295, 0.00339003, 1, 0
7416.49, 1.00391, 0.00339367, 1, 0
7416.5, 1.00451, 0.00339632, 1, 0
7416.51, 1.00459, 0.0033972, 1, 0
7416.52, 1.00431, 0.0033968, 1, 0
7416.53, 1.0041, 0.00339663, 1, 0
7416.54, 1.00393, 0.00339663, 1, 0
7416.55, 1.00376, 0.00339663, 1, 0
