wav, obs, sigma_obs, syn, weight
7422.82, 0.999591, 0.00370323, 1, 0
7422.83, 1.00085, 0.0037074, 1, 0
7422.84, 1.00079, 0.00370711, 1, 0
7422.85, 1.00011, 0.00370497, 1, 0
7422.86, 1.00007, 0.00370549, 1, 0
7422.87, 1.00071, 0.00370822, 1, 0
7422.88, 1.0015, 0.00371054, 1, 0
7422.89, 1.00196, 0.0037117, 1, 0
7422.9, 1.00175, 0.00371192, 0.99597, 0.0236403
7422.91, 1.00123, 0.0037118, 0.99587, 0.0413705
7422.92, 1.00098, 0.00371203, 0.99581, 0.0642721
7422.93, 1.00108, 0.0037127, 0.99575, 0.0901287
7422.94, 1.00136, 0.00371358, 0.99569, 0.115246
7422.95, 1.00149, 0.00371386, 0.99562, 0.135932
7422.96, 1.00119, 0.00371288, 0.99555, 0.152923
7422.97, 1.00081, 0.00371183, 0.99546, 0.165482
7422.98, 1.00077, 0.003712, 0.99536, 0.175086
7422.99, 1.00061, 0.00371186, 0.99526, 0.183212
7423, 0.999824, 0.00370968, 0.99514, 0.191339
7423.01, 0.998737, 0.00370682, 0.99501, 0.199465
7423.02, 0.997848, 0.00370514, 0.99486, 0.20833
7423.03, 0.997335, 0.00370475, 0.99467, 0.217934
7423.04, 0.997233, 0.00370522, 0.99445, 0.228277
7423.05, 0.99733, 0.00370577, 0.99418, 0.238619
7423.06, 0.997287, 0.00370552, 0.99382, 0.249701
7423.07, 0.9965, 0.00370357, 0.99337, 0.26226
7423.08, 0.994682, 0.00369961, 0.99279, 0.274819
7423.09, 0.992808, 0.00369537, 0.99207, 0.288855
7423.1, 0.991616, 0.00369209, 0.99119, 0.304369
7423.11, 0.990292, 0.00368809, 0.99015, 0.320622
7423.12, 0.988272, 0.00368247, 0.98897, 0.339091
7423.13, 0.986565, 0.00367818, 0.98768, 0.359037
7423.14, 0.98586, 0.00367708, 0.98636, 0.3812
7423.15, 0.985257, 0.0036763, 0.98505, 0.405579
7423.16, 0.984173, 0.00367395, 0.98384, 0.432174
7423.17, 0.983441, 0.00367244, 0.9828, 0.462463
7423.18, 0.983531, 0.0036731, 0.98196, 0.495708
7423.19, 0.983617, 0.00367343, 0.98134, 0.532646
7423.2, 0.983247, 0.00367214, 0.98092, 0.575494
7423.21, 0.98311, 0.00367161, 0.98065, 0.622774
7423.22, 0.983477, 0.00367287, 0.98045, 0.678181
7423.23, 0.983535, 0.00367349, 0.98022, 0.740976
7423.24, 0.982767, 0.00367207, 0.97986, 0.812635
7423.25, 0.981399, 0.00366979, 0.97926, 0.896854
7423.26, 0.979629, 0.0036668, 0.9783, 0.992154
7423.27, 0.977479, 0.00366113, 0.97688, 1.10149
7423.28, 0.974884, 0.0036524, 0.97486, 1.22191
7423.29, 0.971667, 0.0036429, 0.97209, 1.35562
7423.3, 0.967555, 0.00363283, 0.96837, 1.49747
7423.31, 0.962158, 0.00361913, 0.96343, 1.64522
7423.32, 0.9553, 0.00360045, 0.95689, 1.79519
7423.33, 0.94709, 0.00357789, 0.94834, 1.94442
7423.34, 0.937347, 0.00355132, 0.93729, 2.08921
7423.35, 0.925525, 0.00351892, 0.92326, 2.22662
7423.36, 0.911267, 0.00347973, 0.90587, 2.35517
7423.37, 0.894446, 0.00343377, 0.88489, 2.47263
7423.38, 0.874736, 0.00337985, 0.86036, 2.57901
7423.39, 0.851632, 0.00331566, 0.83261, 2.67505
7423.4, 0.825382, 0.00324183, 0.80229, 2.76074
7423.41, 0.796935, 0.00316181, 0.77033, 2.83758
7423.42, 0.766783, 0.00307716, 0.73785, 2.90554
7423.43, 0.735065, 0.00298791, 0.70612, 2.96612
7423.44, 0.703086, 0.0028973, 0.67637, 3.02079
7423.45, 0.673047, 0.00281111, 0.64978, 3.06807
7423.46, 0.646209, 0.00273323, 0.6273, 3.10944
7423.47, 0.623174, 0.00266624, 0.60969, 3.14268
7423.48, 0.605338, 0.00261463, 0.59749, 3.16558
7423.49, 0.59461, 0.00258408, 0.591, 3.17888
7423.5, 0.592404, 0.00257845, 0.5904, 3.17888
7423.51, 0.5996, 0.00259987, 0.59568, 3.16854
7423.52, 0.614932, 0.00264469, 0.60674, 3.14785
7423.53, 0.636059, 0.00270633, 0.62327, 3.11609
7423.54, 0.66212, 0.00278206, 0.6448, 3.07619
7423.55, 0.692888, 0.00287081, 0.67063, 3.02965
7423.56, 0.726761, 0.00296802, 0.69982, 2.9772
7423.57, 0.761512, 0.00306752, 0.73124, 2.91736
7423.58, 0.795239, 0.00316381, 0.76367, 2.85013
7423.59, 0.826324, 0.00325214, 0.79585, 2.77552
7423.6, 0.854029, 0.00333059, 0.8266, 2.69278
7423.61, 0.878031, 0.00339849, 0.85495, 2.59896
7423.62, 0.898358, 0.0034559, 0.88019, 2.49405
7423.63, 0.915224, 0.00350332, 0.90193, 2.37954
7423.64, 0.929149, 0.0035423, 0.92008, 2.25396
7423.65, 0.940741, 0.00357471, 0.93482, 2.11802
7423.66, 0.95052, 0.00360221, 0.9465, 1.97544
7423.67, 0.958819, 0.00362586, 0.95561, 1.82769
7423.68, 0.965257, 0.00364435, 0.96265, 1.67772
7423.69, 0.969616, 0.00365682, 0.96809, 1.52997
7423.7, 0.97313, 0.00366685, 0.97231, 1.38739
7423.71, 0.976822, 0.0036775, 0.97563, 1.25294
7423.72, 0.979683, 0.00368606, 0.9783, 1.1303
7423.73, 0.980774, 0.00368989, 0.98048, 1.01949
7423.74, 0.980891, 0.00369067, 0.9823, 0.921972
7423.75, 0.980865, 0.00369042, 0.98385, 0.837015
7423.76, 0.980616, 0.00368948, 0.98518, 0.763139
7423.77, 0.979999, 0.00368797, 0.98634, 0.698867
7423.78, 0.979153, 0.00368636, 0.98736, 0.64346
7423.79, 0.978255, 0.00368489, 0.98826, 0.594701
7423.8, 0.977459, 0.00368323, 0.98907, 0.551115
7423.81, 0.976994, 0.00368189, 0.98979, 0.512699
7423.82, 0.977241, 0.00368335, 0.99043, 0.479455
7423.83, 0.978217, 0.00368792, 0.99102, 0.448427
7423.84, 0.979167, 0.00369115, 0.99155, 0.420354
7423.85, 0.979601, 0.003691, 0.99203, 0.395975
7423.86, 0.979673, 0.00369081, 0.99247, 0.373074
7423.87, 0.979647, 0.00369241, 0.99287, 0.352388
7423.88, 0.979867, 0.00369425, 0.99323, 0.333919
7423.89, 0.980815, 0.00369659, 0.99357, 0.316189
7423.9, 0.983141, 0.00370274, 0.99388, 0.300675
7423.91, 0.986467, 0.00371253, 0.99416, 0.285161
7423.92, 0.989062, 0.00372093, 0.99443, 0.271864
7423.93, 0.990561, 0.00372628, 0.99467, 0.259305
7423.94, 0.992348, 0.00373146, 0.9949, 0.247484
7423.95, 0.994807, 0.00373772, 0.99511, 0.236403
7423.96, 0.997105, 0.00374416, 0.99531, 0.22606
7423.97, 0.998688, 0.00374946, 0.9955, 0.217195
7423.98, 0.999388, 0.00375211, 0.99567, 0.20833
7423.99, 0.999794, 0.00375368, 0.99583, 0.200204
7424, 1.00108, 0.00375823, 0.99598, 0.192077
7424.01, 1.00287, 0.0037645, 0.99612, 0.183951
7424.02, 1.00359, 0.00376714, 0.99626, 0.176564
7424.03, 1.00332, 0.0037664, 0.99638, 0.167698
7424.04, 1.00331, 0.00376655, 0.9965, 0.15514
7424.05, 1.00383, 0.00376847, 0.99661, 0.138148
7424.06, 1.00452, 0.00377069, 0.99672, 0.117463
7424.07, 1.00494, 0.00377209, 0.99682, 0.0923449
7424.08, 1.00475, 0.00377198, 0.99692, 0.0657496
7424.09, 1.00434, 0.00377127, 0.99703, 0.0421093
7424.1, 1.00444, 0.00377159, 0.99716, 0.0243791
7424.11, 1.00486, 0.00377292, 1, 0
7424.12, 1.00504, 0.00377447, 1, 0
7424.13, 1.00515, 0.003776, 1, 0
7424.14, 1.00558, 0.00377754, 1, 0
7424.15, 1.00628, 0.00377908, 1, 0
7424.16, 1.0069, 0.00378062, 1, 0
7424.17, 1.00751, 0.00378216, 1, 0
7424.18, 1.00811, 0.00378371, 1, 0
