wav, obs, sigma_obs, syn, weight
7424.19, 0.998953, 0.00375713, 1, 0
7424.2, 0.999005, 0.00375671, 1, 0
7424.21, 0.999112, 0.00375636, 1, 0
7424.22, 0.998764, 0.00375537, 1, 0
7424.23, 0.998221, 0.00375461, 1, 0
7424.24, 0.99878, 0.00375715, 1, 0
7424.25, 1.00043, 0.00376259, 1, 0
7424.26, 1.00103, 0.00376489, 1, 0
7424.27, 0.99989, 0.00376208, 0.99897, 0.0246909
7424.28, 0.998543, 0.0037584, 0.9988, 0.0429407
7424.29, 0.998059, 0.00375704, 0.99868, 0.0665581
7424.3, 0.998694, 0.00375922, 0.99861, 0.0923225
7424.31, 0.999771, 0.00376297, 0.99857, 0.117013
7424.32, 0.99971, 0.00376315, 0.99854, 0.138484
7424.33, 0.998725, 0.00376032, 0.99851, 0.154586
7424.34, 0.998758, 0.00376054, 0.99847, 0.167469
7424.35, 0.999514, 0.00376336, 0.99843, 0.179277
7424.36, 0.998796, 0.00376272, 0.99838, 0.191086
7424.37, 0.997271, 0.00375989, 0.9983, 0.208262
7424.38, 0.997726, 0.00376163, 0.9982, 0.229733
7424.39, 0.999543, 0.00376663, 0.99806, 0.259791
7424.4, 0.999848, 0.00376812, 0.99786, 0.300585
7424.41, 0.99868, 0.00376568, 0.99758, 0.354261
7424.42, 0.997827, 0.00376284, 0.99717, 0.424039
7424.43, 0.997363, 0.00376103, 0.9966, 0.515288
7424.44, 0.996435, 0.00376022, 0.99579, 0.62586
7424.45, 0.994931, 0.00375849, 0.99466, 0.761124
7424.46, 0.99314, 0.00375356, 0.99315, 0.921078
7424.47, 0.991463, 0.00374755, 0.99115, 1.1025
7424.48, 0.990175, 0.00374375, 0.9886, 1.30647
7424.49, 0.988388, 0.00373952, 0.98546, 1.52869
7424.5, 0.985035, 0.00373087, 0.98171, 1.76594
7424.51, 0.980746, 0.0037196, 0.97739, 2.01177
7424.52, 0.976526, 0.00370879, 0.97259, 2.25975
7424.53, 0.972174, 0.00369716, 0.96745, 2.50559
7424.54, 0.967222, 0.00368288, 0.96216, 2.74069
7424.55, 0.961713, 0.00366755, 0.95695, 2.95861
7424.56, 0.955939, 0.00365323, 0.95205, 3.15399
7424.57, 0.950603, 0.00363997, 0.9477, 3.32146
7424.58, 0.946383, 0.00362788, 0.94411, 3.45672
7424.59, 0.943537, 0.00361897, 0.94147, 3.55549
7424.6, 0.942058, 0.00361468, 0.93992, 3.61668
7424.61, 0.941422, 0.00361358, 0.93954, 3.63708
7424.62, 0.941513, 0.00361493, 0.94035, 3.61561
7424.63, 0.943551, 0.00362131, 0.94231, 3.55549
7424.64, 0.948076, 0.00363387, 0.94531, 3.45672
7424.65, 0.953548, 0.00364918, 0.9492, 3.32146
7424.66, 0.958776, 0.00366452, 0.95378, 3.15399
7424.67, 0.963897, 0.00367992, 0.95882, 2.95754
7424.68, 0.969085, 0.00369541, 0.96407, 2.73854
7424.69, 0.974271, 0.00371038, 0.96932, 2.50237
7424.7, 0.97918, 0.00372406, 0.97434, 2.25546
7424.71, 0.983248, 0.00373567, 0.97897, 2.00533
7424.72, 0.986167, 0.00374468, 0.98309, 1.75735
7424.73, 0.98805, 0.00375105, 0.98663, 1.51795
7424.74, 0.98956, 0.00375624, 0.98957, 1.29251
7424.75, 0.991956, 0.00376346, 0.99194, 1.08425
7424.76, 0.994836, 0.00377185, 0.99379, 0.89746
7424.77, 0.995986, 0.00377615, 0.9952, 0.735359
7424.78, 0.995557, 0.00377645, 0.99625, 0.596875
7424.79, 0.99601, 0.00377813, 0.99701, 0.482009
7424.8, 0.997392, 0.0037817, 0.99756, 0.389687
7424.81, 0.997665, 0.00378339, 0.99796, 0.317761
7424.82, 0.996852, 0.00378296, 0.99824, 0.260865
7424.83, 0.996543, 0.00378288, 0.99845, 0.218997
7424.84, 0.997123, 0.00378414, 0.9986, 0.187865
7424.85, 0.998116, 0.00378653, 0.99871, 0.164248
7424.86, 0.999044, 0.0037892, 0.9988, 0.147072
7424.87, 0.999485, 0.00379097, 0.99887, 0.133116
7424.88, 0.999422, 0.00379172, 0.99893, 0.121307
7424.89, 0.999068, 0.00379186, 0.99897, 0.109499
7424.9, 0.998779, 0.00379179, 0.99901, 0.095543
7424.91, 0.998914, 0.00379201, 0.99905, 0.0805138
7424.92, 0.999426, 0.00379347, 0.99909, 0.062264
7424.93, 1.00007, 0.00379682, 0.99915, 0.0440142
7424.94, 1.00044, 0.0037997, 0.99924, 0.028985
7424.95, 1.00017, 0.00379951, 0.99935, 0.0161028
7424.96, 0.999629, 0.00379783, 1, 0
7424.97, 0.999261, 0.00379695, 1, 0
7424.98, 0.999061, 0.00379679, 1, 0
7424.99, 0.998919, 0.00379678, 1, 0
7425, 0.998796, 0.00379679, 1, 0
7425.01, 0.998663, 0.00379679, 1, 0
7425.02, 0.99853, 0.00379679, 1, 0
7425.03, 0.998398, 0.00379679, 1, 0
