wav, obs, sigma_obs, syn, weight
7522.31, 1.00057, 0.00421417, 1, 0
7522.32, 0.999889, 0.00421313, 1, 0
7522.33, 0.999804, 0.00421386, 1, 0
7522.34, 1.00015, 0.00421571, 1, 0
7522.35, 0.999534, 0.00421418, 1, 0
7522.36, 0.998126, 0.00420993, 1, 0
7522.37, 0.998306, 0.00421103, 1, 0
7522.38, 0.999983, 0.0042174, 0.99831, 0
7522.39, 1.00045, 0.0042203, 0.99795, 0.0282696
7522.4, 0.999397, 0.0042183, 0.99747, 0.0565393
7522.41, 0.998394, 0.00421588, 0.99682, 0.113079
7522.42, 0.998091, 0.00421526, 0.99592, 0.169618
7522.43, 0.998444, 0.00421681, 0.99475, 0.226157
7522.44, 0.998698, 0.00421839, 0.99327, 0.254427
7522.45, 0.99799, 0.00421722, 0.99151, 0.282696
7522.46, 0.996574, 0.00421336, 0.98953, 0.339236
7522.47, 0.995026, 0.0042081, 0.98744, 0.367505
7522.48, 0.993725, 0.00420408, 0.98539, 0.395775
7522.49, 0.992708, 0.00420245, 0.98354, 0.452314
7522.5, 0.991198, 0.00419931, 0.98204, 0.480584
7522.51, 0.988985, 0.004193, 0.98103, 0.537123
7522.52, 0.987342, 0.00418831, 0.98058, 0.621932
7522.53, 0.986962, 0.00418808, 0.98069, 0.678472
7522.54, 0.987343, 0.00419075, 0.98128, 0.79155
7522.55, 0.987592, 0.00419293, 0.9822, 0.904629
7522.56, 0.986557, 0.00418979, 0.98323, 1.01771
7522.57, 0.984406, 0.00418259, 0.9841, 1.13079
7522.58, 0.982357, 0.00417731, 0.98445, 1.24386
7522.59, 0.980014, 0.00417226, 0.98385, 1.41348
7522.6, 0.975984, 0.00416104, 0.98172, 1.52656
7522.61, 0.969762, 0.00414222, 0.97736, 1.61137
7522.62, 0.961332, 0.00411677, 0.96991, 1.69618
7522.63, 0.950911, 0.00408492, 0.95845, 1.78099
7522.64, 0.938387, 0.00404566, 0.94212, 1.83753
7522.65, 0.921888, 0.00399384, 0.92031, 1.89407
7522.66, 0.899799, 0.00392494, 0.89282, 1.92234
7522.67, 0.872762, 0.00383991, 0.86006, 1.95061
7522.68, 0.841571, 0.00374044, 0.82303, 2.00715
7522.69, 0.806403, 0.00362762, 0.78329, 2.03541
7522.7, 0.768053, 0.00350442, 0.74285, 2.09195
7522.71, 0.728504, 0.00337711, 0.70393, 2.12022
7522.72, 0.690152, 0.00325303, 0.6688, 2.17676
7522.73, 0.655803, 0.00314058, 0.63955, 2.26157
7522.74, 0.629046, 0.00305223, 0.61791, 2.28984
7522.75, 0.613941, 0.00300324, 0.60514, 2.34638
7522.76, 0.611457, 0.00299657, 0.60192, 2.37465
7522.77, 0.620357, 0.00302659, 0.60835, 2.37465
7522.78, 0.639309, 0.00308937, 0.62391, 2.40292
7522.79, 0.666813, 0.0031811, 0.64749, 2.34638
7522.8, 0.700473, 0.00329229, 0.67742, 2.34638
7522.81, 0.737519, 0.00341206, 0.7116, 2.34638
7522.82, 0.775052, 0.00353286, 0.74767, 2.28984
7522.83, 0.810312, 0.00364776, 0.78325, 2.28984
7522.84, 0.841092, 0.00374868, 0.81619, 2.26157
7522.85, 0.866143, 0.00383048, 0.84484, 2.20503
7522.86, 0.886192, 0.00389537, 0.86822, 2.17676
7522.87, 0.902001, 0.00394599, 0.88609, 2.12022
7522.88, 0.913929, 0.003984, 0.89897, 2.06368
7522.89, 0.922887, 0.00401279, 0.90792, 1.95061
7522.9, 0.930505, 0.00403794, 0.91428, 1.8658
7522.91, 0.937859, 0.00406229, 0.91944, 1.72445
7522.92, 0.945402, 0.00408599, 0.92452, 1.5831
7522.93, 0.952964, 0.00410925, 0.93025, 1.44175
7522.94, 0.959978, 0.00413225, 0.93691, 1.27213
7522.95, 0.966125, 0.00415349, 0.94442, 1.13079
7522.96, 0.97129, 0.00417108, 0.95245, 0.989438
7522.97, 0.975785, 0.00418589, 0.96052, 0.848089
7522.98, 0.979952, 0.00419945, 0.96817, 0.735011
7522.99, 0.983562, 0.00421126, 0.97503, 0.650202
7523, 0.986273, 0.00422039, 0.98085, 0.565393
7523.01, 0.987898, 0.0042263, 0.98556, 0.508854
7523.02, 0.988766, 0.00422997, 0.98918, 0.452314
7523.03, 0.990293, 0.00423564, 0.99185, 0.424045
7523.04, 0.992531, 0.00424326, 0.99374, 0.395775
7523.05, 0.993072, 0.00424509, 0.99505, 0.367505
7523.06, 0.991837, 0.00424123, 0.99594, 0.310966
7523.07, 0.991755, 0.00424181, 0.99654, 0.282696
7523.08, 0.992666, 0.00424563, 0.99695, 0.254427
7523.09, 0.991649, 0.00424152, 0.99725, 0.197888
7523.1, 0.988904, 0.00423149, 0.99746, 0.169618
7523.11, 0.986573, 0.00422541, 0.99763, 0.113079
7523.12, 0.984669, 0.00422201, 0.99777, 0.0565393
7523.13, 0.982156, 0.00421506, 0.99791, 0.0282696
7523.14, 0.978208, 0.00420256, 0.99806, 0.0282696
7523.15, 0.972459, 0.00418481, 1, 0
7523.16, 0.966127, 0.00416535, 1, 0
7523.17, 0.960495, 0.00414775, 1, 0
7523.18, 0.955839, 0.00413346, 1, 0
7523.19, 0.952059, 0.00412255, 1, 0
7523.2, 0.948543, 0.00411267, 1, 0
7523.21, 0.944835, 0.00410203, 1, 0
