wav, obs, sigma_obs, syn, weight
7669.27, 0.993847, 0.00283186, 1, 0
7669.28, 0.994342, 0.00283271, 1, 0
7669.29, 0.994837, 0.00283356, 1, 0
7669.3, 0.995332, 0.00283441, 1, 0
7669.31, 0.995827, 0.00283525, 1, 0
7669.32, 0.996323, 0.0028361, 1, 0
7669.33, 0.997073, 0.00283736, 1, 0
7669.34, 0.997606, 0.00283827, 1, 0
7669.35, 0.997455, 0.00283808, 1, 0
7669.36, 0.996713, 0.00283699, 0.98691, 0.0640429
7669.37, 0.996102, 0.0028363, 0.98757, 0.0901828
7669.38, 0.996166, 0.00283693, 0.98829, 0.116323
7669.39, 0.996579, 0.00283804, 0.98896, 0.141156
7669.4, 0.996835, 0.00283845, 0.98953, 0.163375
7669.41, 0.996801, 0.00283796, 0.99001, 0.180366
7669.42, 0.996606, 0.00283707, 0.99036, 0.194743
7669.43, 0.996341, 0.00283616, 0.99061, 0.207813
7669.44, 0.996018, 0.00283537, 0.99076, 0.220883
7669.45, 0.995652, 0.0028348, 0.99083, 0.236567
7669.46, 0.995329, 0.00283442, 0.9908, 0.258786
7669.47, 0.995154, 0.00283416, 0.99069, 0.287539
7669.48, 0.995047, 0.00283384, 0.99047, 0.324135
7669.49, 0.99475, 0.00283316, 0.99012, 0.36988
7669.5, 0.994011, 0.00283174, 0.98963, 0.427388
7669.51, 0.992633, 0.00282913, 0.98895, 0.497966
7669.52, 0.990475, 0.00282494, 0.98803, 0.582921
7669.53, 0.987832, 0.00281962, 0.98682, 0.684867
7669.54, 0.985213, 0.00281409, 0.98523, 0.805111
7669.55, 0.982702, 0.00280851, 0.98317, 0.942345
7669.56, 0.979786, 0.00280203, 0.98053, 1.09788
7669.57, 0.976003, 0.00279389, 0.97721, 1.27171
7669.58, 0.971276, 0.002784, 0.97309, 1.46122
7669.59, 0.965636, 0.00277247, 0.96809, 1.66119
7669.6, 0.959224, 0.00275939, 0.96214, 1.87162
7669.61, 0.952261, 0.00274486, 0.95524, 2.08466
7669.62, 0.944818, 0.00272894, 0.94748, 2.29901
7669.63, 0.93666, 0.00271158, 0.93901, 2.50682
7669.64, 0.927628, 0.00269287, 0.93009, 2.70548
7669.65, 0.918247, 0.00267353, 0.92104, 2.88716
7669.66, 0.909286, 0.00265454, 0.9123, 3.04923
7669.67, 0.901451, 0.00263741, 0.90429, 3.18646
7669.68, 0.895375, 0.00262414, 0.89749, 3.29755
7669.69, 0.891435, 0.00261597, 0.8923, 3.3799
7669.7, 0.889283, 0.00261187, 0.88905, 3.42825
7669.71, 0.888536, 0.00261061, 0.88797, 3.44525
7669.72, 0.889616, 0.00261303, 0.88912, 3.42825
7669.73, 0.893353, 0.00262102, 0.89244, 3.3799
7669.74, 0.899779, 0.00263466, 0.89772, 3.30017
7669.75, 0.907785, 0.00265151, 0.90461, 3.18777
7669.76, 0.916348, 0.00266935, 0.9127, 3.05053
7669.77, 0.925138, 0.00268781, 0.92155, 2.88846
7669.78, 0.933991, 0.00270686, 0.9307, 2.70679
7669.79, 0.942553, 0.00272555, 0.93975, 2.50944
7669.8, 0.950331, 0.00274221, 0.94834, 2.30032
7669.81, 0.957069, 0.00275607, 0.95624, 2.08728
7669.82, 0.962983, 0.00276819, 0.96327, 1.87293
7669.83, 0.968334, 0.00277964, 0.96937, 1.66381
7669.84, 0.973295, 0.00279063, 0.97452, 1.46122
7669.85, 0.977995, 0.00280096, 0.9788, 1.27302
7669.86, 0.982239, 0.00281004, 0.98229, 1.09918
7669.87, 0.985502, 0.00281678, 0.98509, 0.942345
7669.88, 0.987535, 0.00282079, 0.98733, 0.803804
7669.89, 0.988891, 0.0028235, 0.98911, 0.68356
7669.9, 0.990194, 0.0028265, 0.99053, 0.581614
7669.91, 0.991476, 0.00282966, 0.99167, 0.494045
7669.92, 0.992469, 0.00283197, 0.99259, 0.42216
7669.93, 0.993099, 0.00283322, 0.99334, 0.363345
7669.94, 0.993568, 0.00283429, 0.99396, 0.314986
7669.95, 0.994059, 0.00283587, 0.99448, 0.274469
7669.96, 0.994599, 0.00283769, 0.99493, 0.241795
7669.97, 0.995172, 0.00283926, 0.99532, 0.214348
7669.98, 0.995755, 0.0028405, 0.99565, 0.190822
7669.99, 0.996306, 0.00284163, 0.99595, 0.171217
7670, 0.996463, 0.0028421, 0.99621, 0.152919
7670.01, 0.995238, 0.00283985, 0.99645, 0.133314
7670.02, 0.991927, 0.00283342, 0.99665, 0.115016
7670.03, 0.98781, 0.00282541, 0.99684, 0.0941038
7670.04, 0.984799, 0.00281976, 0.99702, 0.0744989
7670.05, 0.983488, 0.00281755, 0.99719, 0.0548939
7670.06, 0.983207, 0.00281711, 0.99736, 0.0379029
7670.07, 0.983483, 0.00281741, 1, 0
7670.08, 0.984503, 0.00281935, 1, 0
7670.09, 0.98653, 0.002824, 1, 0
7670.1, 0.989575, 0.00283115, 1, 0
7670.11, 0.993517, 0.00283997, 1, 0
7670.12, 0.997795, 0.00284912, 1, 0
7670.13, 1.00128, 0.00285666, 1, 0
7670.14, 1.00319, 0.00286123, 1, 0
7670.15, 1.00412, 0.00286384, 1, 0
