wav, obs, sigma_obs, syn, weight
7679.75, 0.992408, 0.00304144, 1, 0
7679.76, 0.992172, 0.00304075, 1, 0
7679.77, 0.991847, 0.00303984, 1, 0
7679.78, 0.992018, 0.00304017, 1, 0
7679.79, 0.992914, 0.00304231, 1, 0
7679.8, 0.994232, 0.0030454, 1, 0
7679.81, 0.995553, 0.00304836, 1, 0
7679.82, 0.996523, 0.00305053, 1, 0
7679.83, 0.996841, 0.00305151, 1, 0
7679.84, 0.996696, 0.00305172, 0.99725, 0.0330806
7679.85, 0.996789, 0.00305246, 0.99687, 0.0481172
7679.86, 0.99739, 0.00305416, 0.99656, 0.0654093
7679.87, 0.997774, 0.00305522, 0.99628, 0.0819496
7679.88, 0.997303, 0.00305432, 0.99604, 0.0984899
7679.89, 0.996418, 0.00305262, 0.99579, 0.112775
7679.9, 0.995829, 0.00305189, 0.99553, 0.124804
7679.91, 0.995504, 0.00305176, 0.99525, 0.136081
7679.92, 0.994927, 0.00305048, 0.99495, 0.148111
7679.93, 0.99402, 0.0030479, 0.99461, 0.159388
7679.94, 0.993314, 0.00304608, 0.99424, 0.170666
7679.95, 0.993059, 0.00304606, 0.99382, 0.18495
7679.96, 0.992566, 0.00304552, 0.99335, 0.200739
7679.97, 0.991135, 0.00304204, 0.99281, 0.218783
7679.98, 0.989161, 0.00303704, 0.9922, 0.239834
7679.99, 0.987445, 0.00303331, 0.9915, 0.263893
7680, 0.986179, 0.00303132, 0.99068, 0.293966
7680.01, 0.985026, 0.00302946, 0.9897, 0.330054
7680.02, 0.983633, 0.00302651, 0.98852, 0.374412
7680.03, 0.981651, 0.00302196, 0.98708, 0.427792
7680.04, 0.978841, 0.0030156, 0.98528, 0.493201
7680.05, 0.975398, 0.00300802, 0.98302, 0.571392
7680.06, 0.971597, 0.0029999, 0.98014, 0.664619
7680.07, 0.967484, 0.00299106, 0.97648, 0.772883
7680.08, 0.962973, 0.00298085, 0.97183, 0.896935
7680.09, 0.957648, 0.00296831, 0.96598, 1.03678
7680.1, 0.950739, 0.00295221, 0.95869, 1.1909
7680.11, 0.941936, 0.00293223, 0.94978, 1.35781
7680.12, 0.93202, 0.00291017, 0.9391, 1.53374
7680.13, 0.921666, 0.00288745, 0.92657, 1.71869
7680.14, 0.910238, 0.00286215, 0.91219, 1.9089
7680.15, 0.896761, 0.00283147, 0.89609, 2.10287
7680.16, 0.881244, 0.00279561, 0.87849, 2.29684
7680.17, 0.864357, 0.0027568, 0.85972, 2.49007
7680.18, 0.846443, 0.00271599, 0.84022, 2.67953
7680.19, 0.82737, 0.00267236, 0.8205, 2.86147
7680.2, 0.807252, 0.00262584, 0.80115, 3.03439
7680.21, 0.787021, 0.00257908, 0.7828, 3.19303
7680.22, 0.767746, 0.00253502, 0.7661, 3.33512
7680.23, 0.750363, 0.00249547, 0.7517, 3.45466
7680.24, 0.735765, 0.00246179, 0.74018, 3.5494
7680.25, 0.724915, 0.00243617, 0.73204, 3.61556
7680.26, 0.718839, 0.00242155, 0.72764, 3.65089
7680.27, 0.7181, 0.00241959, 0.72719, 3.65315
7680.28, 0.722448, 0.00242975, 0.7307, 3.62383
7680.29, 0.731553, 0.00245123, 0.73802, 3.56218
7680.3, 0.745094, 0.00248317, 0.74881, 3.47271
7680.31, 0.762678, 0.00252451, 0.76261, 3.35617
7680.32, 0.783233, 0.00257265, 0.77884, 3.21784
7680.33, 0.805345, 0.00262418, 0.79686, 3.06221
7680.34, 0.82788, 0.00267667, 0.81604, 2.89154
7680.35, 0.85001, 0.00272875, 0.83572, 2.71035
7680.36, 0.87096, 0.00277871, 0.85531, 2.52239
7680.37, 0.890043, 0.00282409, 0.87428, 2.32993
7680.38, 0.906721, 0.00286291, 0.89218, 2.13595
7680.39, 0.921138, 0.00289612, 0.90865, 1.94273
7680.4, 0.933626, 0.0029254, 0.92344, 1.75177
7680.41, 0.944244, 0.00295073, 0.93641, 1.56606
7680.42, 0.952887, 0.00297101, 0.94752, 1.38788
7680.43, 0.959767, 0.00298651, 0.95684, 1.22022
7680.44, 0.96552, 0.00299943, 0.9645, 1.06459
7680.45, 0.970631, 0.00301131, 0.97068, 0.921745
7680.46, 0.975085, 0.0030217, 0.97559, 0.795437
7680.47, 0.978798, 0.00302996, 0.97947, 0.684166
7680.48, 0.981781, 0.00303662, 0.98251, 0.589436
7680.49, 0.984088, 0.00304257, 0.9849, 0.508238
7680.5, 0.985797, 0.00304768, 0.98679, 0.441325
7680.51, 0.987015, 0.00305101, 0.98831, 0.384938
7680.52, 0.988035, 0.00305282, 0.98954, 0.339828
7680.53, 0.98946, 0.0030554, 0.99055, 0.302236
7680.54, 0.991619, 0.00306024, 0.9914, 0.271411
7680.55, 0.9938, 0.00306538, 0.99213, 0.245097
7680.56, 0.995188, 0.00306849, 0.99275, 0.223294
7680.57, 0.995891, 0.00306984, 0.9933, 0.20525
7680.58, 0.99644, 0.00307089, 0.99378, 0.18871
7680.59, 0.997053, 0.00307225, 0.9942, 0.175177
7680.6, 0.997639, 0.00307367, 0.99459, 0.163147
7680.61, 0.998153, 0.003075, 0.99493, 0.151118
7680.62, 0.998663, 0.00307632, 0.99524, 0.141344
7680.63, 0.99923, 0.00307767, 0.99552, 0.13157
7680.64, 0.999837, 0.003079, 0.99577, 0.120293
7680.65, 1.00044, 0.00308019, 0.99601, 0.108264
7680.66, 1.00088, 0.00308108, 0.99625, 0.0939789
7680.67, 1.00097, 0.0030815, 0.99648, 0.0789423
7680.68, 1.00082, 0.00308173, 0.99674, 0.062402
7680.69, 1.00091, 0.00308263, 0.99704, 0.0466135
7680.7, 1.00147, 0.0030845, 0.9974, 0.0315769
7680.71, 1.00214, 0.00308629, 1, 0
7680.72, 1.00254, 0.00308704, 1, 0
7680.73, 1.00279, 0.00308727, 1, 0
7680.74, 1.00314, 0.00308791, 1, 0
7680.75, 1.00353, 0.00308892, 1, 0
7680.76, 1.00373, 0.0030896, 1, 0
7680.77, 1.00365, 0.00308965, 1, 0
7680.78, 1.00345, 0.00308943, 1, 0
7680.79, 1.00335, 0.00308943, 1, 0
