wav, obs, sigma_obs, syn, weight
7688.01, 1.00163, 0.00326014, 1, 0
7688.02, 1.00158, 0.00326052, 1, 0
7688.03, 1.00228, 0.00326275, 1, 0
7688.04, 1.00291, 0.00326413, 1, 0
7688.05, 1.00286, 0.00326315, 1, 0
7688.06, 1.0021, 0.00326081, 1, 0
7688.07, 1.00083, 0.00325848, 1, 0
7688.08, 1.00003, 0.00325785, 1, 0
7688.09, 1.00051, 0.00326007, 0.99939, 0.0264479
7688.1, 1.00128, 0.00326269, 0.99921, 0.0456828
7688.11, 1.00086, 0.00326234, 0.99905, 0.0697264
7688.12, 0.999453, 0.00325948, 0.99889, 0.0961743
7688.13, 0.998281, 0.00325687, 0.99874, 0.125027
7688.14, 0.99797, 0.00325614, 0.99859, 0.156283
7688.15, 0.998533, 0.00325772, 0.99842, 0.18754
7688.16, 0.999568, 0.00326069, 0.99824, 0.221201
7688.17, 1.00002, 0.00326195, 0.99801, 0.259671
7688.18, 0.999205, 0.00325953, 0.99774, 0.305354
7688.19, 0.997625, 0.00325528, 0.9974, 0.358249
7688.2, 0.995939, 0.00325141, 0.99697, 0.425571
7688.21, 0.994501, 0.00324852, 0.99643, 0.504915
7688.22, 0.993532, 0.00324666, 0.99576, 0.60109
7688.23, 0.99287, 0.00324544, 0.99492, 0.714094
7688.24, 0.992159, 0.00324423, 0.99388, 0.848738
7688.25, 0.991192, 0.00324251, 0.99262, 0.997809
7688.26, 0.989902, 0.0032398, 0.99112, 1.16852
7688.27, 0.988319, 0.00323614, 0.98937, 1.35365
7688.28, 0.986617, 0.00323223, 0.98736, 1.55081
7688.29, 0.984868, 0.00322839, 0.98513, 1.75759
7688.3, 0.982882, 0.00322393, 0.98271, 1.96677
7688.31, 0.980508, 0.0032183, 0.98015, 2.17354
7688.32, 0.977941, 0.00321207, 0.97754, 2.37551
7688.33, 0.975439, 0.00320606, 0.97495, 2.56064
7688.34, 0.97306, 0.00320067, 0.97249, 2.73135
7688.35, 0.970775, 0.00319603, 0.97025, 2.88042
7688.36, 0.968601, 0.00319198, 0.96832, 3.00304
7688.37, 0.966593, 0.00318807, 0.96678, 3.09681
7688.38, 0.964836, 0.00318427, 0.96569, 3.16173
7688.39, 0.963458, 0.00318099, 0.96511, 3.1978
7688.4, 0.962703, 0.00317902, 0.96505, 3.20261
7688.41, 0.963056, 0.00317978, 0.96553, 3.17375
7688.42, 0.964787, 0.00318412, 0.96651, 3.11605
7688.43, 0.967306, 0.00319069, 0.96796, 3.02709
7688.44, 0.969921, 0.0031978, 0.96981, 2.91168
7688.45, 0.972459, 0.00320464, 0.97199, 2.76982
7688.46, 0.974953, 0.00321085, 0.97441, 2.60152
7688.47, 0.977481, 0.0032167, 0.97697, 2.42119
7688.48, 0.980143, 0.00322289, 0.97958, 2.22163
7688.49, 0.982831, 0.00322944, 0.98214, 2.01726
7688.5, 0.985218, 0.00323564, 0.98459, 1.81048
7688.51, 0.987197, 0.0032412, 0.98685, 1.60371
7688.52, 0.98906, 0.00324652, 0.98889, 1.40415
7688.53, 0.990934, 0.0032517, 0.99068, 1.21901
7688.54, 0.992373, 0.00325574, 0.99222, 1.0459
7688.55, 0.99302, 0.00325788, 0.99351, 0.889613
7688.56, 0.993513, 0.00325943, 0.99457, 0.754968
7688.57, 0.994656, 0.00326206, 0.99543, 0.639559
7688.58, 0.995908, 0.0032646, 0.99612, 0.540981
7688.59, 0.996086, 0.00326458, 0.99666, 0.456828
7688.6, 0.995344, 0.00326265, 0.99709, 0.389506
7688.61, 0.994989, 0.00326219, 0.99743, 0.334206
7688.62, 0.995502, 0.00326421, 0.99769, 0.293332
7688.63, 0.996138, 0.00326627, 0.9979, 0.254862
7688.64, 0.996334, 0.00326668, 0.99807, 0.223605
7688.65, 0.996179, 0.00326601, 0.99821, 0.192349
7688.66, 0.995865, 0.00326518, 0.99833, 0.163496
7688.67, 0.99562, 0.00326493, 0.99846, 0.134644
7688.68, 0.995646, 0.00326585, 0.9986, 0.105792
7688.69, 0.995885, 0.00326745, 0.99876, 0.0769395
7688.7, 0.996164, 0.00326877, 0.99895, 0.0504915
7688.71, 0.996255, 0.00326925, 0.99916, 0.0312567
7688.72, 0.995896, 0.00326857, 1, 0
7688.73, 0.995146, 0.00326707, 1, 0
7688.74, 0.994433, 0.00326574, 1, 0
7688.75, 0.994005, 0.00326517, 1, 0
7688.76, 0.993725, 0.00326497, 1, 0
7688.77, 0.993342, 0.00326451, 1, 0
7688.78, 0.992959, 0.00326405, 1, 0
7688.79, 0.992576, 0.00326359, 1, 0
