wav, obs, sigma_obs, syn, weight
7688.62, 0.994403, 0.00325973, 1, 0
7688.63, 0.994885, 0.00326157, 1, 0
7688.64, 0.995422, 0.00326369, 1, 0
7688.65, 0.995899, 0.0032655, 1, 0
7688.66, 0.996196, 0.00326641, 1, 0
7688.67, 0.99626, 0.00326636, 1, 0
7688.68, 0.996076, 0.0032657, 1, 0
7688.69, 0.99576, 0.00326501, 1, 0
7688.7, 0.995592, 0.00326515, 0.9976, 0.055243
7688.71, 0.995723, 0.00326646, 0.99723, 0.0828645
7688.72, 0.996002, 0.00326806, 0.99695, 0.124297
7688.73, 0.996231, 0.00326907, 0.99677, 0.165729
7688.74, 0.996174, 0.00326912, 0.99664, 0.207161
7688.75, 0.995649, 0.00326808, 0.99653, 0.248593
7688.76, 0.994858, 0.00326651, 0.99643, 0.280818
7688.77, 0.994145, 0.00326525, 0.9963, 0.313043
7688.78, 0.993762, 0.0032648, 0.99613, 0.345269
7688.79, 0.993872, 0.00326546, 0.9959, 0.377494
7688.8, 0.99413, 0.00326635, 0.9956, 0.414322
7688.81, 0.993649, 0.00326545, 0.9952, 0.464962
7688.82, 0.992184, 0.00326217, 0.99469, 0.529412
7688.83, 0.990639, 0.00325866, 0.99402, 0.607673
7688.84, 0.989531, 0.00325611, 0.99314, 0.704348
7688.85, 0.987929, 0.00325236, 0.992, 0.819437
7688.86, 0.984992, 0.00324544, 0.99053, 0.948338
7688.87, 0.981624, 0.00323762, 0.98866, 1.10026
7688.88, 0.979053, 0.00323187, 0.9863, 1.27059
7688.89, 0.97659, 0.00322633, 0.98337, 1.45013
7688.9, 0.972649, 0.00321689, 0.97982, 1.64348
7688.91, 0.967585, 0.00320454, 0.9756, 1.83683
7688.92, 0.96338, 0.00319452, 0.97072, 2.03939
7688.93, 0.960407, 0.00318788, 0.96521, 2.23274
7688.94, 0.956767, 0.0031797, 0.95919, 2.42148
7688.95, 0.951409, 0.00316718, 0.95281, 2.59642
7688.96, 0.945567, 0.00315337, 0.94629, 2.75294
7688.97, 0.940388, 0.00314109, 0.93989, 2.88645
7688.98, 0.935474, 0.00312946, 0.9339, 2.99693
7688.99, 0.930198, 0.00311701, 0.92861, 3.089
7689, 0.924842, 0.00310446, 0.92427, 3.14425
7689.01, 0.920068, 0.00309339, 0.92113, 3.17187
7689.02, 0.916648, 0.00308553, 0.91934, 3.16726
7689.03, 0.915401, 0.00308262, 0.91901, 3.13504
7689.04, 0.916408, 0.00308502, 0.92015, 3.07059
7689.05, 0.91896, 0.00309157, 0.9227, 2.97852
7689.06, 0.922851, 0.00310196, 0.92655, 2.85422
7689.07, 0.928819, 0.00311738, 0.93149, 2.71151
7689.08, 0.937069, 0.00313793, 0.93729, 2.55038
7689.09, 0.945996, 0.00316007, 0.94367, 2.36624
7689.1, 0.953997, 0.00318027, 0.95034, 2.17289
7689.11, 0.961096, 0.00319841, 0.95702, 1.97494
7689.12, 0.967765, 0.0032153, 0.96345, 1.77238
7689.13, 0.973965, 0.00323079, 0.96942, 1.57903
7689.14, 0.979403, 0.00324429, 0.97478, 1.38568
7689.15, 0.983919, 0.00325541, 0.97943, 1.20614
7689.16, 0.987472, 0.00326405, 0.98333, 1.04501
7689.17, 0.990192, 0.00327059, 0.98653, 0.897698
7689.18, 0.992435, 0.0032762, 0.98906, 0.764194
7689.19, 0.994371, 0.00328137, 0.99104, 0.649105
7689.2, 0.995734, 0.00328517, 0.99254, 0.55243
7689.21, 0.996363, 0.00328696, 0.99368, 0.469565
7689.22, 0.996697, 0.00328793, 0.99454, 0.400512
7689.23, 0.997224, 0.00328945, 0.99519, 0.340665
7689.24, 0.997876, 0.00329145, 0.99568, 0.294629
7689.25, 0.998407, 0.00329341, 0.99607, 0.257801
7689.26, 0.99902, 0.00329563, 0.99638, 0.225575
7689.27, 1.00017, 0.00329892, 0.99663, 0.197954
7689.28, 1.00158, 0.00330258, 0.99685, 0.170332
7689.29, 1.00221, 0.00330442, 0.99704, 0.142711
7689.3, 1.0017, 0.00330367, 0.99723, 0.119693
7689.31, 1.00085, 0.00330193, 0.99743, 0.0920716
7689.32, 1.00036, 0.00330078, 0.99767, 0.0644501
7689.33, 1.00045, 0.0033011, 0.99795, 0.0414322
7689.34, 1.00113, 0.00330325, 0.99828, 0.0276215
7689.35, 1.00187, 0.00330577, 1, 0
7689.36, 1.00212, 0.00330694, 1, 0
7689.37, 1.00204, 0.0033071, 1, 0
7689.38, 1.00214, 0.00330751, 1, 0
7689.39, 1.00253, 0.00330849, 1, 0
7689.4, 1.00297, 0.00330958, 1, 0
7689.41, 1.00333, 0.0033105, 1, 0
7689.42, 1.00369, 0.00331142, 1, 0
