wav, obs, sigma_obs, syn, weight
7742.07, 1.00162, 0.00291139, 1, 0
7742.08, 1.00074, 0.00290927, 1, 0
7742.09, 0.999947, 0.00290735, 1, 0
7742.1, 0.999315, 0.00290585, 1, 0
7742.11, 0.998883, 0.00290487, 1, 0
7742.12, 0.998612, 0.00290438, 1, 0
7742.13, 0.998459, 0.0029043, 1, 0
7742.14, 0.998397, 0.0029044, 1, 0
7742.15, 0.998407, 0.00290429, 1, 0
7742.16, 0.998445, 0.00290374, 1, 0
7742.17, 0.998403, 0.00290285, 0.99645, 0.074517
7742.18, 0.998165, 0.00290178, 0.99611, 0.0972356
7742.19, 0.997782, 0.00290081, 0.99583, 0.118137
7742.2, 0.997481, 0.00290031, 0.99559, 0.139947
7742.21, 0.997432, 0.00290052, 0.99537, 0.157213
7742.22, 0.997435, 0.00290076, 0.99516, 0.17357
7742.23, 0.997144, 0.00289997, 0.99495, 0.186293
7742.24, 0.996497, 0.00289799, 0.99474, 0.199015
7742.25, 0.995999, 0.0028964, 0.99452, 0.20992
7742.26, 0.996176, 0.00289685, 0.99428, 0.219916
7742.27, 0.996856, 0.00289885, 0.99402, 0.23173
7742.28, 0.997339, 0.00290029, 0.99374, 0.242635
7742.29, 0.997079, 0.00289954, 0.99344, 0.254448
7742.3, 0.996236, 0.00289715, 0.99311, 0.267171
7742.31, 0.995153, 0.00289423, 0.99276, 0.280802
7742.32, 0.994027, 0.00289147, 0.99238, 0.296251
7742.33, 0.992847, 0.00288889, 0.99196, 0.311699
7742.34, 0.991608, 0.00288648, 0.99151, 0.328965
7742.35, 0.990511, 0.00288445, 0.99101, 0.348049
7742.36, 0.989868, 0.00288309, 0.99047, 0.369859
7742.37, 0.989746, 0.00288238, 0.98986, 0.392577
7742.38, 0.989492, 0.00288128, 0.9892, 0.418022
7742.39, 0.988355, 0.00287865, 0.98846, 0.446193
7742.4, 0.986284, 0.00287444, 0.98764, 0.477091
7742.41, 0.983953, 0.00286974, 0.98673, 0.511623
7742.42, 0.981966, 0.00286554, 0.98571, 0.551608
7742.43, 0.980267, 0.00286182, 0.98455, 0.594319
7742.44, 0.978555, 0.00285817, 0.98325, 0.643391
7742.45, 0.976646, 0.00285426, 0.98176, 0.698824
7742.46, 0.974593, 0.00284986, 0.98004, 0.761528
7742.47, 0.972469, 0.00284478, 0.97804, 0.831501
7742.48, 0.970197, 0.00283906, 0.97569, 0.908744
7742.49, 0.967589, 0.00283295, 0.97288, 0.995075
7742.5, 0.964485, 0.00282651, 0.9695, 1.08868
7742.51, 0.960845, 0.00281919, 0.9654, 1.19045
7742.52, 0.95666, 0.00281026, 0.9604, 1.29769
7742.53, 0.951847, 0.00279943, 0.95433, 1.41037
7742.54, 0.94622, 0.00278698, 0.94697, 1.52578
7742.55, 0.939593, 0.00277317, 0.93813, 1.64301
7742.56, 0.931863, 0.00275746, 0.92765, 1.76024
7742.57, 0.922965, 0.00273887, 0.9154, 1.87565
7742.58, 0.912745, 0.00271656, 0.90134, 1.99015
7742.59, 0.900789, 0.00268997, 0.88552, 2.10193
7742.6, 0.886653, 0.00265862, 0.86809, 2.21097
7742.61, 0.870147, 0.00262241, 0.84932, 2.31911
7742.62, 0.851335, 0.00258159, 0.82956, 2.42362
7742.63, 0.830372, 0.00253655, 0.80929, 2.52722
7742.64, 0.807875, 0.00248813, 0.78906, 2.62991
7742.65, 0.784624, 0.00243739, 0.76946, 2.72987
7742.66, 0.761566, 0.00238619, 0.75114, 2.82529
7742.67, 0.739962, 0.00233796, 0.73474, 2.91707
7742.68, 0.721087, 0.00229621, 0.72085, 2.99976
7742.69, 0.705965, 0.00226315, 0.71, 3.07428
7742.7, 0.695436, 0.0022401, 0.70263, 3.13608
7742.71, 0.690249, 0.00222835, 0.69902, 3.18515
7742.72, 0.6908, 0.00222918, 0.6993, 3.21877
7742.73, 0.697386, 0.00224379, 0.70343, 3.23695
7742.74, 0.709609, 0.00227138, 0.71123, 3.23876
7742.75, 0.726155, 0.00230846, 0.72235, 3.22695
7742.76, 0.745676, 0.00235146, 0.73632, 3.19969
7742.77, 0.767034, 0.00239791, 0.7526, 3.1597
7742.78, 0.789195, 0.00244585, 0.77059, 3.10609
7742.79, 0.811208, 0.00249341, 0.78968, 3.03975
7742.8, 0.832332, 0.00253901, 0.80927, 2.9616
7742.81, 0.851878, 0.00258116, 0.82882, 2.87163
7742.82, 0.869473, 0.00261916, 0.84783, 2.76985
7742.83, 0.885041, 0.00265304, 0.8659, 2.65626
7742.84, 0.898576, 0.00268288, 0.88272, 2.53267
7742.85, 0.910396, 0.00270894, 0.89806, 2.39908
7742.86, 0.920918, 0.00273148, 0.91181, 2.25732
7742.87, 0.930292, 0.00275074, 0.92391, 2.10829
7742.88, 0.938207, 0.00276689, 0.9344, 1.95743
7742.89, 0.94437, 0.00278011, 0.94337, 1.80477
7742.9, 0.949235, 0.00279118, 0.95097, 1.65482
7742.91, 0.953736, 0.00280122, 0.95733, 1.51033
7742.92, 0.958517, 0.00281103, 0.96265, 1.37311
7742.93, 0.963206, 0.00282019, 0.96707, 1.24498
7742.94, 0.96723, 0.00282806, 0.97075, 1.12866
7742.95, 0.970412, 0.0028345, 0.97382, 1.02234
7742.96, 0.973051, 0.00283999, 0.97641, 0.927828
7742.97, 0.975444, 0.00284498, 0.9786, 0.844223
7742.98, 0.977666, 0.00284959, 0.98047, 0.769706
7742.99, 0.979695, 0.0028538, 0.98209, 0.704277
7743, 0.9815, 0.00285758, 0.9835, 0.647026
7743.01, 0.983023, 0.00286085, 0.98473, 0.597045
7743.02, 0.984213, 0.00286357, 0.98581, 0.552516
7743.03, 0.985197, 0.00286587, 0.98676, 0.512532
7743.04, 0.986246, 0.00286801, 0.98759, 0.477999
7743.05, 0.987551, 0.00287024, 0.9883, 0.446193
7743.06, 0.988914, 0.00287257, 0.9889, 0.417114
7743.07, 0.990028, 0.00287496, 0.98938, 0.391669
7743.08, 0.990768, 0.00287721, 0.98975, 0.368041
7743.09, 0.991285, 0.00287888, 0.98998, 0.34714
7743.1, 0.991735, 0.00287955, 0.9901, 0.327148
7743.11, 0.992103, 0.00287945, 0.99009, 0.309882
7743.12, 0.992282, 0.00287915, 0.98996, 0.292616
7743.13, 0.99224, 0.00287905, 0.98975, 0.277167
7743.14, 0.992181, 0.00287912, 0.98945, 0.262627
7743.15, 0.992338, 0.00287921, 0.98912, 0.249905
7743.16, 0.992613, 0.00287907, 0.98877, 0.238091
7743.17, 0.992569, 0.00287833, 0.98845, 0.226277
7743.18, 0.991886, 0.00287679, 0.98819, 0.215372
7743.19, 0.991055, 0.00287536, 0.98802, 0.204467
7743.2, 0.990857, 0.00287534, 0.98797, 0.193562
7743.21, 0.991517, 0.00287695, 0.98805, 0.181749
7743.22, 0.992183, 0.00287822, 0.98828, 0.168118
7743.23, 0.991974, 0.00287719, 0.98867, 0.152669
7743.24, 0.991213, 0.00287483, 0.98922, 0.135403
7743.25, 0.991067, 0.00287416, 0.98994, 0.11541
7743.26, 0.99233, 0.0028772, 0.99081, 0.0936006
7743.27, 0.994305, 0.00288187, 0.99183, 0.0726995
7743.28, 0.995964, 0.00288523, 1, 0
7743.29, 0.996917, 0.00288636, 1, 0
7743.3, 0.997604, 0.00288697, 1, 0
7743.31, 0.998456, 0.00288872, 1, 0
7743.32, 0.999407, 0.00289131, 1, 0
7743.33, 1.00016, 0.00289357, 1, 0
7743.34, 1.00053, 0.00289474, 1, 0
7743.35, 1.00065, 0.00289518, 1, 0
7743.36, 1.00081, 0.00289569, 1, 0
7743.37, 1.00104, 0.00289646, 1, 0
