wav, obs, sigma_obs, syn, weight
7760.24, 0.997844, 0.00283853, 1, 0
7760.25, 0.997102, 0.0028369, 1, 0
7760.26, 0.996962, 0.00283655, 1, 0
7760.27, 0.997377, 0.00283741, 1, 0
7760.28, 0.997878, 0.0028385, 1, 0
7760.29, 0.998053, 0.002839, 1, 0
7760.3, 0.997852, 0.00283882, 1, 0
7760.31, 0.997328, 0.00283812, 1, 0
7760.32, 0.996693, 0.00283719, 1, 0
7760.33, 0.996313, 0.00283649, 0.9987, 0.0501468
7760.34, 0.9964, 0.00283632, 0.99857, 0.0689518
7760.35, 0.996607, 0.00283645, 0.99845, 0.0908911
7760.36, 0.996483, 0.00283653, 0.99833, 0.119099
7760.37, 0.995993, 0.00283626, 0.99821, 0.147306
7760.38, 0.995441, 0.00283537, 0.99808, 0.178648
7760.39, 0.99508, 0.00283389, 0.99792, 0.213124
7760.4, 0.994996, 0.00283266, 0.99773, 0.253868
7760.41, 0.995216, 0.00283257, 0.9975, 0.300881
7760.42, 0.99539, 0.00283297, 0.99721, 0.354162
7760.43, 0.994915, 0.00283217, 0.99684, 0.419979
7760.44, 0.993577, 0.00282942, 0.99638, 0.501468
7760.45, 0.992081, 0.00282618, 0.9958, 0.595493
7760.46, 0.991172, 0.00282403, 0.99507, 0.708323
7760.47, 0.990733, 0.00282299, 0.99416, 0.839959
7760.48, 0.990171, 0.00282216, 0.99303, 0.987265
7760.49, 0.989144, 0.00282087, 0.99166, 1.15651
7760.5, 0.987809, 0.00281888, 0.99001, 1.33829
7760.51, 0.986344, 0.00281602, 0.98808, 1.53261
7760.52, 0.984658, 0.00281227, 0.98586, 1.7332
7760.53, 0.982546, 0.0028077, 0.98338, 1.94005
7760.54, 0.979976, 0.00280248, 0.98069, 2.14378
7760.55, 0.97719, 0.00279693, 0.97784, 2.34123
7760.56, 0.974435, 0.00279137, 0.97494, 2.52928
7760.57, 0.971846, 0.00278605, 0.97209, 2.70166
7760.58, 0.969516, 0.00278118, 0.96941, 2.84896
7760.59, 0.967487, 0.0027769, 0.96704, 2.97433
7760.6, 0.965741, 0.0027732, 0.96508, 3.07463
7760.61, 0.964274, 0.0027701, 0.96364, 3.14671
7760.62, 0.963183, 0.00276778, 0.9628, 3.18432
7760.63, 0.962592, 0.00276646, 0.96261, 3.19686
7760.64, 0.962617, 0.00276642, 0.96307, 3.17492
7760.65, 0.963359, 0.00276802, 0.96416, 3.12164
7760.66, 0.964853, 0.00277139, 0.96582, 3.04015
7760.67, 0.96688, 0.0027759, 0.96797, 2.92732
7760.68, 0.969181, 0.00278079, 0.97049, 2.79568
7760.69, 0.971821, 0.00278617, 0.97325, 2.63271
7760.7, 0.97514, 0.0027929, 0.97615, 2.45719
7760.71, 0.979216, 0.00280126, 0.97904, 2.26601
7760.72, 0.983299, 0.00280964, 0.98184, 2.06542
7760.73, 0.986545, 0.00281624, 0.98446, 1.85857
7760.74, 0.9889, 0.00282101, 0.98683, 1.65484
7760.75, 0.990858, 0.00282515, 0.98893, 1.45426
7760.76, 0.992776, 0.00282942, 0.99073, 1.26621
7760.77, 0.994657, 0.00283346, 0.99223, 1.09069
7760.78, 0.996436, 0.00283677, 0.99347, 0.93085
7760.79, 0.99791, 0.00283922, 0.99446, 0.786678
7760.8, 0.998801, 0.00284091, 0.99523, 0.664445
7760.81, 0.999107, 0.00284207, 0.99582, 0.561017
7760.82, 0.999365, 0.00284326, 0.99627, 0.470126
7760.83, 1.00008, 0.00284496, 0.9966, 0.394906
7760.84, 1.00102, 0.00284675, 0.99684, 0.335357
7760.85, 1.00166, 0.00284784, 0.99702, 0.28521
7760.86, 1.00174, 0.00284796, 0.99716, 0.244466
7760.87, 1.0015, 0.00284764, 0.99727, 0.206856
7760.88, 1.0012, 0.00284741, 0.99737, 0.175514
7760.89, 1.00104, 0.00284744, 0.99748, 0.144172
7760.9, 1.00125, 0.00284778, 0.9976, 0.119099
7760.91, 1.00174, 0.00284828, 0.99774, 0.0908911
7760.92, 1.00211, 0.0028486, 0.99791, 0.0658177
7760.93, 1.00203, 0.00284847, 0.99811, 0.0470126
7760.94, 1.00166, 0.00284795, 1, 0
7760.95, 1.00127, 0.00284723, 1, 0
7760.96, 1.00097, 0.00284641, 1, 0
7760.97, 1.00072, 0.00284555, 1, 0
7760.98, 1.00042, 0.00284473, 1, 0
7760.99, 1.00013, 0.00284391, 1, 0
7761, 0.999832, 0.00284309, 1, 0
7761.01, 0.999536, 0.00284227, 1, 0
7761.02, 0.999241, 0.00284145, 1, 0
