wav, obs, sigma_obs, syn, weight
7797.09, 1.00265, 0.00372326, 1, 0
7797.1, 1.00205, 0.00372278, 1, 0
7797.11, 1.00145, 0.0037223, 1, 0
7797.12, 1.00076, 0.0037217, 1, 0
7797.13, 1.00019, 0.00372125, 1, 0
7797.14, 0.99993, 0.00372119, 1, 0
7797.15, 0.999857, 0.00372125, 1, 0
7797.16, 0.999721, 0.00372095, 1, 0
7797.17, 0.999525, 0.00372039, 0.99856, 0
7797.18, 0.999441, 0.00372006, 0.99843, 0.101279
7797.19, 0.999338, 0.00371972, 0.99832, 0.101279
7797.2, 0.998814, 0.0037185, 0.99822, 0.101279
7797.21, 0.998104, 0.00371706, 0.99813, 0.101279
7797.22, 0.998185, 0.00371781, 0.99802, 0.202559
7797.23, 0.999062, 0.00372077, 0.9979, 0.303838
7797.24, 0.999227, 0.00372221, 0.99778, 0.303838
7797.25, 0.998061, 0.00372036, 0.99764, 0.303838
7797.26, 0.996882, 0.00371784, 0.99748, 0.303838
7797.27, 0.996661, 0.00371683, 0.99731, 0.303838
7797.28, 0.99698, 0.00371724, 0.99711, 0.303838
7797.29, 0.997238, 0.00371832, 0.9969, 0.405117
7797.3, 0.996914, 0.00371819, 0.99665, 0.506397
7797.31, 0.995726, 0.00371555, 0.99637, 0.506397
7797.32, 0.994316, 0.00371238, 0.99605, 0.607676
7797.33, 0.993386, 0.00371087, 0.99568, 0.708955
7797.34, 0.992635, 0.00370957, 0.99525, 1.01279
7797.35, 0.991541, 0.00370631, 0.99472, 1.01279
7797.36, 0.990408, 0.00370271, 0.99408, 1.31663
7797.37, 0.989757, 0.00370147, 0.99326, 1.41791
7797.38, 0.988749, 0.00369987, 0.99217, 1.62047
7797.39, 0.985915, 0.00369264, 0.99065, 1.92431
7797.4, 0.981548, 0.00368061, 0.98847, 2.12687
7797.41, 0.977117, 0.00366869, 0.98528, 2.32942
7797.42, 0.972638, 0.00365722, 0.9806, 2.53198
7797.43, 0.966831, 0.00364234, 0.97385, 2.63326
7797.44, 0.959143, 0.00362206, 0.96437, 2.83582
7797.45, 0.949867, 0.00359651, 0.95151, 2.83582
7797.46, 0.938551, 0.00356462, 0.93472, 2.9371
7797.47, 0.923628, 0.00352345, 0.9137, 2.9371
7797.48, 0.904296, 0.00347123, 0.88844, 3.03838
7797.49, 0.881265, 0.00340853, 0.85932, 2.9371
7797.5, 0.854895, 0.00333534, 0.82706, 2.83582
7797.51, 0.824396, 0.00324972, 0.79273, 2.83582
7797.52, 0.789743, 0.00315205, 0.75763, 2.73454
7797.53, 0.753611, 0.00305029, 0.72326, 2.63326
7797.54, 0.718671, 0.00295212, 0.6912, 2.4307
7797.55, 0.685714, 0.00285911, 0.66303, 2.32942
7797.56, 0.655673, 0.00277327, 0.64022, 2.12687
7797.57, 0.632326, 0.00270591, 0.62398, 2.02559
7797.58, 0.619742, 0.00266948, 0.61524, 1.82303
7797.59, 0.618261, 0.0026654, 0.61449, 1.72175
7797.6, 0.626815, 0.00269088, 0.62177, 1.51919
7797.61, 0.644779, 0.0027437, 0.63668, 1.31663
7797.62, 0.6716, 0.00282154, 0.65838, 1.21535
7797.63, 0.704951, 0.00291734, 0.6857, 1.11407
7797.64, 0.741445, 0.00302126, 0.7172, 1.01279
7797.65, 0.778635, 0.0031265, 0.75131, 1.01279
7797.66, 0.814828, 0.00322873, 0.78645, 1.01279
7797.67, 0.848354, 0.0033234, 0.82108, 0.911514
7797.68, 0.877569, 0.00340576, 0.85386, 1.01279
7797.69, 0.901861, 0.00347411, 0.88366, 1.01279
7797.7, 0.921897, 0.00353056, 0.90969, 1.01279
7797.71, 0.9384, 0.00357712, 0.93151, 1.01279
7797.72, 0.952053, 0.00361526, 0.94906, 1.11407
7797.73, 0.963089, 0.0036455, 0.96259, 1.11407
7797.74, 0.970876, 0.00366663, 0.97261, 1.11407
7797.75, 0.975519, 0.0036794, 0.97977, 1.11407
7797.76, 0.979197, 0.00368991, 0.98474, 1.11407
7797.77, 0.983579, 0.00370274, 0.98813, 1.01279
7797.78, 0.987725, 0.00371511, 0.99043, 1.01279
7797.79, 0.990487, 0.00372358, 0.99202, 1.01279
7797.8, 0.991964, 0.00372801, 0.99314, 0.911514
7797.81, 0.992633, 0.00372947, 0.99398, 0.810235
7797.82, 0.993303, 0.00373079, 0.99463, 0.810235
7797.83, 0.994714, 0.00373479, 0.99516, 0.810235
7797.84, 0.996428, 0.00374011, 0.99559, 0.810235
7797.85, 0.997606, 0.00374395, 0.99596, 0.708955
7797.86, 0.99817, 0.00374593, 0.99628, 0.607676
7797.87, 0.998445, 0.003747, 0.99655, 0.708955
7797.88, 0.998769, 0.00374836, 0.9968, 0.607676
7797.89, 0.999453, 0.00375129, 0.99701, 0.506397
7797.9, 1.00036, 0.003755, 0.9972, 0.506397
7797.91, 1.00101, 0.00375715, 0.99738, 0.405117
7797.92, 1.00128, 0.00375741, 0.99754, 0.405117
7797.93, 1.00141, 0.00375756, 0.99769, 0.202559
7797.94, 1.00149, 0.0037582, 0.99786, 0.202559
7797.95, 1.00138, 0.00375836, 0.99805, 0.101279
7797.96, 1.00119, 0.00375802, 1, 0
7797.97, 1.00137, 0.00375881, 1, 0
7797.98, 1.00208, 0.0037613, 1, 0
7797.99, 1.0028, 0.00376378, 1, 0
7798, 1.00318, 0.003765, 1, 0
7798.01, 1.00337, 0.00376554, 1, 0
7798.02, 1.00368, 0.00376651, 1, 0
7798.03, 1.00399, 0.00376747, 1, 0
