wav, obs, sigma_obs, syn, weight
7799.59, 1.0024, 0.00380371, 1, 0
7799.6, 1.00268, 0.00380421, 1, 0
7799.61, 1.00317, 0.00380534, 1, 0
7799.62, 1.00326, 0.00380526, 1, 0
7799.63, 1.00275, 0.00380341, 1, 0
7799.64, 1.00234, 0.00380214, 1, 0
7799.65, 1.0027, 0.00380381, 1, 0
7799.66, 1.00319, 0.00380606, 1, 0
7799.67, 1.00279, 0.00380534, 0.99535, 0.0286565
7799.68, 1.00142, 0.00380143, 0.9948, 0.0483579
7799.69, 0.99948, 0.00379574, 0.99438, 0.0752233
7799.7, 0.998116, 0.00379207, 0.99403, 0.10388
7799.71, 0.998631, 0.00379459, 0.99372, 0.134327
7799.72, 0.999914, 0.00379947, 0.99339, 0.162984
7799.73, 0.999615, 0.00379878, 0.99302, 0.188058
7799.74, 0.997721, 0.00379277, 0.99259, 0.213133
7799.75, 0.995793, 0.0037872, 0.99206, 0.239998
7799.76, 0.994299, 0.00378362, 0.99143, 0.268655
7799.77, 0.992799, 0.00378012, 0.99066, 0.304475
7799.78, 0.991175, 0.00377611, 0.98971, 0.349251
7799.79, 0.989627, 0.00377227, 0.98852, 0.402982
7799.8, 0.988052, 0.00376819, 0.98704, 0.471041
7799.81, 0.985994, 0.0037622, 0.98517, 0.55522
7799.82, 0.983153, 0.00375359, 0.98281, 0.655518
7799.83, 0.979464, 0.0037431, 0.97984, 0.775517
7799.84, 0.975097, 0.00373144, 0.97614, 0.913426
7799.85, 0.970552, 0.00371919, 0.97157, 1.07104
7799.86, 0.965626, 0.00370546, 0.96602, 1.24656
7799.87, 0.958787, 0.00368678, 0.95941, 1.43641
7799.88, 0.949542, 0.00366208, 0.95169, 1.64238
7799.89, 0.939966, 0.00363613, 0.9429, 1.85372
7799.9, 0.931253, 0.00361157, 0.93314, 2.06864
7799.91, 0.921476, 0.00358366, 0.92262, 2.27998
7799.92, 0.909283, 0.00354925, 0.9116, 2.48416
7799.93, 0.896584, 0.00351388, 0.90047, 2.6758
7799.94, 0.885297, 0.00348278, 0.88964, 2.84953
7799.95, 0.875098, 0.00345424, 0.87958, 2.99998
7799.96, 0.865422, 0.00342616, 0.87076, 3.12535
7799.97, 0.856881, 0.0034018, 0.86363, 3.22386
7799.98, 0.850431, 0.00338532, 0.85855, 3.29013
7799.99, 0.847148, 0.00337807, 0.85581, 3.32416
7800, 0.847879, 0.0033802, 0.85556, 3.32595
7800.01, 0.851751, 0.00339012, 0.8578, 3.29729
7800.02, 0.857431, 0.00340588, 0.86242, 3.23639
7800.03, 0.865132, 0.00342808, 0.86916, 3.14326
7800.04, 0.87556, 0.00345795, 0.87764, 3.02326
7800.05, 0.887529, 0.00349194, 0.88745, 2.8764
7800.06, 0.898981, 0.00352434, 0.89811, 2.70446
7800.07, 0.909524, 0.00355417, 0.90913, 2.51461
7800.08, 0.91977, 0.00358331, 0.92008, 2.31222
7800.09, 0.929696, 0.0036118, 0.93056, 2.09909
7800.1, 0.938807, 0.00363828, 0.94027, 1.88237
7800.11, 0.946747, 0.00366136, 0.94895, 1.66924
7800.12, 0.953296, 0.00367972, 0.95646, 1.46148
7800.13, 0.958515, 0.00369373, 0.96269, 1.26447
7800.14, 0.96273, 0.00370537, 0.96761, 1.08357
7800.15, 0.965869, 0.00371477, 0.97123, 0.922381
7800.16, 0.967402, 0.00371986, 0.9736, 0.777308
7800.17, 0.967549, 0.00372074, 0.97482, 0.651936
7800.18, 0.967555, 0.00372054, 0.97499, 0.544474
7800.19, 0.968082, 0.00372131, 0.97429, 0.456713
7800.2, 0.96877, 0.00372314, 0.9729, 0.383281
7800.21, 0.969198, 0.00372519, 0.97107, 0.324177
7800.22, 0.969002, 0.00372533, 0.96903, 0.27761
7800.23, 0.968059, 0.00372262, 0.96705, 0.238207
7800.24, 0.966754, 0.00371896, 0.96537, 0.205969
7800.25, 0.965578, 0.00371625, 0.96419, 0.180894
7800.26, 0.965124, 0.00371553, 0.96367, 0.157611
7800.27, 0.965669, 0.00371714, 0.96392, 0.136118
7800.28, 0.96653, 0.00371964, 0.96497, 0.116417
7800.29, 0.96714, 0.00372187, 0.96681, 0.0931337
7800.3, 0.967941, 0.00372454, 0.96937, 0.0716413
7800.31, 0.969468, 0.0037287, 0.97256, 0.0519399
7800.32, 0.971764, 0.00373516, 0.97626, 0.0340296
7800.33, 0.974752, 0.00374438, 0.98031, 0.0197014
7800.34, 0.978382, 0.00375547, 1, 0
7800.35, 0.982492, 0.00376707, 1, 0
7800.36, 0.986251, 0.00377747, 1, 0
7800.37, 0.988789, 0.00378516, 1, 0
7800.38, 0.990523, 0.0037909, 1, 0
7800.39, 0.992321, 0.00379624, 1, 0
7800.4, 0.994346, 0.00380166, 1, 0
7800.41, 0.996341, 0.00380707, 1, 0
