wav, obs, sigma_obs, syn, weight
7849.51, 0.998817, 0.00286043, 1, 0
7849.52, 0.996994, 0.00285623, 1, 0
7849.53, 0.995324, 0.00285252, 1, 0
7849.54, 0.993903, 0.00284961, 1, 0
7849.55, 0.992618, 0.00284707, 1, 0
7849.56, 0.991235, 0.00284409, 1, 0
7849.57, 0.98974, 0.00284047, 1, 0
7849.58, 0.988732, 0.0028378, 1, 0
7849.59, 0.988881, 0.00283788, 1, 0
7849.6, 0.990144, 0.00284064, 1, 0
7849.61, 0.991821, 0.00284431, 0.99647, 0.0674974
7849.62, 0.993316, 0.0028474, 0.99623, 0.0892339
7849.63, 0.994615, 0.00284997, 0.99601, 0.11097
7849.64, 0.995875, 0.00285254, 0.99581, 0.130419
7849.65, 0.99702, 0.00285504, 0.99561, 0.149867
7849.66, 0.997638, 0.00285655, 0.9954, 0.168172
7849.67, 0.99739, 0.00285631, 0.99518, 0.185332
7849.68, 0.996755, 0.00285514, 0.99494, 0.203636
7849.69, 0.996609, 0.00285467, 0.99465, 0.221941
7849.7, 0.997278, 0.00285554, 0.99431, 0.244821
7849.71, 0.997803, 0.00285603, 0.9939, 0.271134
7849.72, 0.997114, 0.00285422, 0.9934, 0.302022
7849.73, 0.995319, 0.00285038, 0.99279, 0.340919
7849.74, 0.993436, 0.0028465, 0.99202, 0.387824
7849.75, 0.992233, 0.00284406, 0.99107, 0.445025
7849.76, 0.991385, 0.00284246, 0.98987, 0.515955
7849.77, 0.990307, 0.00284056, 0.98837, 0.599469
7849.78, 0.988532, 0.00283728, 0.98648, 0.698999
7849.79, 0.985735, 0.00283157, 0.9841, 0.814545
7849.8, 0.981696, 0.00282265, 0.98115, 0.947252
7849.81, 0.976837, 0.00281159, 0.97749, 1.09826
7849.82, 0.971835, 0.00280021, 0.97303, 1.26415
7849.83, 0.966945, 0.00278933, 0.96767, 1.44605
7849.84, 0.961599, 0.00277784, 0.96132, 1.63939
7849.85, 0.955172, 0.00276448, 0.95398, 1.84188
7849.86, 0.947487, 0.00274873, 0.94567, 2.04895
7849.87, 0.938663, 0.00273059, 0.9365, 2.25945
7849.88, 0.928867, 0.00271018, 0.92664, 2.46537
7849.89, 0.918422, 0.00268806, 0.91635, 2.66329
7849.9, 0.907677, 0.00266487, 0.90598, 2.84862
7849.91, 0.897035, 0.0026416, 0.89591, 3.01794
7849.92, 0.886943, 0.00261956, 0.88656, 3.16666
7849.93, 0.877871, 0.00260006, 0.87837, 3.29136
7849.94, 0.870363, 0.00258422, 0.87175, 3.38631
7849.95, 0.864993, 0.00257305, 0.86702, 3.45266
7849.96, 0.862164, 0.00256728, 0.86446, 3.48813
7849.97, 0.862018, 0.00256707, 0.86419, 3.49042
7849.98, 0.864638, 0.0025725, 0.86623, 3.46296
7849.99, 0.869814, 0.0025833, 0.87047, 3.40233
7850, 0.877176, 0.00259898, 0.87668, 3.31195
7850.01, 0.88626, 0.00261866, 0.88453, 3.19297
7850.02, 0.89636, 0.00264043, 0.89365, 3.04997
7850.03, 0.906752, 0.00266231, 0.90359, 2.88408
7850.04, 0.917043, 0.00268353, 0.91394, 2.70104
7850.05, 0.92712, 0.00270434, 0.92428, 2.50427
7850.06, 0.936836, 0.00272479, 0.93427, 2.29949
7850.07, 0.945845, 0.00274394, 0.94363, 2.09013
7850.08, 0.953762, 0.00276062, 0.95217, 1.88192
7850.09, 0.960436, 0.0027744, 0.95975, 1.67714
7850.1, 0.96603, 0.00278585, 0.96634, 1.48151
7850.11, 0.970722, 0.00279556, 0.97194, 1.29618
7850.12, 0.974635, 0.00280374, 0.97662, 1.12686
7850.13, 0.977874, 0.00281048, 0.98047, 0.97242
7850.14, 0.980515, 0.00281586, 0.98359, 0.835138
7850.15, 0.982587, 0.00282001, 0.98611, 0.713871
7850.16, 0.98412, 0.00282307, 0.98813, 0.610909
7850.17, 0.985268, 0.00282538, 0.98974, 0.521675
7850.18, 0.986265, 0.00282742, 0.99104, 0.447313
7850.19, 0.987345, 0.00282965, 0.99209, 0.385536
7850.2, 0.98873, 0.00283251, 0.99295, 0.334055
7850.21, 0.990627, 0.00283637, 0.99366, 0.291726
7850.22, 0.992911, 0.00284092, 0.99425, 0.258549
7850.23, 0.995109, 0.00284515, 0.99476, 0.229949
7850.24, 0.996817, 0.00284828, 0.99519, 0.20478
7850.25, 0.998098, 0.00285114, 0.99556, 0.185332
7850.26, 0.999173, 0.00285512, 0.99588, 0.167028
7850.27, 1.00019, 0.0028658, 0.99616, 0.151011
7850.28, 1.00119, 0.00289555, 0.99641, 0.134995
7850.29, 1.00219, 0.00295417, 0.99663, 0.118978
7850.3, 1.00307, 0.00302225, 0.99683, 0.102962
7850.31, 1.00367, 0.00306472, 0.99701, 0.0858018
7850.32, 1.00394, 0.00306246, 0.99718, 0.0686414
7850.33, 1.00408, 0.00303747, 0.99735, 0.0526251
7850.34, 1.00436, 0.00301707, 1, 0
7850.35, 1.00474, 0.00300855, 1, 0
7850.36, 1.00498, 0.00300262, 1, 0
7850.37, 1.00491, 0.00299146, 1, 0
7850.38, 1.00467, 0.00297558, 1, 0
7850.39, 1.0045, 0.00295765, 1, 0
7850.4, 1.00449, 0.00293926, 1, 0
7850.41, 1.00458, 0.00292067, 1, 0
7850.42, 1.00461, 0.00290219, 1, 0
7850.43, 1.00463, 0.00288375, 1, 0
