wav, obs, sigma_obs, syn, weight
7925.38, 0.99029, 0.00327422, 1, 0
7925.39, 0.991749, 0.00327753, 1, 0
7925.4, 0.993286, 0.00328106, 1, 0
7925.41, 0.994667, 0.00328416, 1, 0
7925.42, 0.995769, 0.0032865, 1, 0
7925.43, 0.996583, 0.00328807, 1, 0
7925.44, 0.997223, 0.0032892, 1, 0
7925.45, 0.99781, 0.00329024, 1, 0
7925.46, 0.99835, 0.00329132, 1, 0
7925.47, 0.998763, 0.00329238, 1, 0
7925.48, 0.998998, 0.00329343, 1, 0
7925.49, 0.999241, 0.00329468, 0.9991, 0.0751917
7925.5, 0.999801, 0.00329648, 0.999, 0.0921364
7925.51, 1.00087, 0.00329899, 0.9989, 0.111199
7925.52, 1.00205, 0.00330144, 0.99881, 0.128144
7925.53, 1.00273, 0.00330273, 0.99872, 0.145088
7925.54, 1.00254, 0.00330217, 0.99863, 0.163092
7925.55, 1.00178, 0.00330036, 0.99853, 0.180037
7925.56, 1.0009, 0.00329815, 0.99841, 0.200158
7925.57, 1.0002, 0.00329614, 0.99828, 0.221339
7925.58, 0.999658, 0.00329446, 0.99812, 0.247815
7925.59, 0.999239, 0.00329319, 0.99793, 0.276409
7925.6, 0.998922, 0.00329233, 0.99771, 0.311357
7925.61, 0.998718, 0.00329179, 0.99743, 0.353719
7925.62, 0.998638, 0.00329147, 0.99709, 0.404553
7925.63, 0.998581, 0.00329106, 0.99668, 0.464918
7925.64, 0.998355, 0.00329006, 0.99616, 0.536933
7925.65, 0.997785, 0.00328805, 0.99552, 0.621656
7925.66, 0.99686, 0.00328518, 0.99472, 0.721205
7925.67, 0.995663, 0.00328193, 0.99375, 0.834522
7925.68, 0.994282, 0.00327872, 0.99257, 0.963725
7925.69, 0.992842, 0.00327557, 0.99115, 1.10881
7925.7, 0.991479, 0.00327235, 0.98948, 1.26873
7925.71, 0.990244, 0.00326891, 0.98754, 1.44029
7925.72, 0.988888, 0.00326501, 0.98532, 1.62457
7925.73, 0.987103, 0.00326038, 0.98284, 1.81625
7925.74, 0.984734, 0.00325488, 0.98013, 2.01535
7925.75, 0.981957, 0.00324859, 0.97723, 2.21551
7925.76, 0.978987, 0.00324165, 0.97421, 2.41355
7925.77, 0.976012, 0.00323437, 0.97114, 2.60418
7925.78, 0.973179, 0.00322727, 0.96812, 2.78527
7925.79, 0.970616, 0.00322086, 0.96524, 2.95154
7925.8, 0.96819, 0.00321486, 0.9626, 3.09981
7925.81, 0.965533, 0.0032083, 0.96028, 3.22583
7925.82, 0.962351, 0.00320038, 0.95839, 3.3275
7925.83, 0.959193, 0.00319251, 0.95698, 3.40057
7925.84, 0.957096, 0.00318734, 0.95611, 3.44611
7925.85, 0.956898, 0.00318702, 0.95582, 3.462
7925.86, 0.95821, 0.00319042, 0.95611, 3.44505
7925.87, 0.960196, 0.00319522, 0.95697, 3.40057
7925.88, 0.962237, 0.00319973, 0.95838, 3.32538
7925.89, 0.96449, 0.00320447, 0.96027, 3.22477
7925.9, 0.96729, 0.00321049, 0.96258, 3.09875
7925.91, 0.97076, 0.00321823, 0.96523, 2.95048
7925.92, 0.974554, 0.00322683, 0.96811, 2.78315
7925.93, 0.978264, 0.00323526, 0.97113, 2.60312
7925.94, 0.981609, 0.00324287, 0.97419, 2.41143
7925.95, 0.984491, 0.00324957, 0.97721, 2.21339
7925.96, 0.986833, 0.00325532, 0.98011, 2.01323
7925.97, 0.988747, 0.00326033, 0.98282, 1.81413
7925.98, 0.99052, 0.00326504, 0.9853, 1.62245
7925.99, 0.992406, 0.0032698, 0.98751, 1.43923
7926, 0.994241, 0.00327419, 0.98946, 1.26555
7926.01, 0.995612, 0.00327727, 0.99113, 1.1067
7926.02, 0.996204, 0.00327836, 0.99254, 0.962666
7926.03, 0.996332, 0.00327832, 0.99372, 0.833463
7926.04, 0.99655, 0.00327858, 0.99469, 0.719087
7926.05, 0.997237, 0.00328011, 0.99548, 0.620597
7926.06, 0.998132, 0.00328222, 0.99611, 0.535874
7926.07, 0.998827, 0.00328379, 0.99661, 0.463859
7926.08, 0.999116, 0.00328427, 0.99701, 0.403494
7926.09, 0.999259, 0.00328435, 0.99732, 0.35266
7926.1, 0.999576, 0.00328488, 0.99754, 0.310298
7926.11, 1.00014, 0.00328609, 0.9977, 0.274291
7926.12, 1.00066, 0.00328727, 0.99777, 0.245697
7926.13, 1.00083, 0.0032877, 0.99777, 0.22028
7926.14, 1.00058, 0.00328717, 0.9977, 0.19804
7926.15, 1.00008, 0.00328602, 0.99753, 0.178978
7926.16, 0.999479, 0.00328457, 0.99728, 0.160974
7926.17, 0.998768, 0.0032827, 0.99695, 0.14297
7926.18, 0.99783, 0.00328003, 0.99658, 0.126026
7926.19, 0.996572, 0.00327629, 0.9962, 0.109081
7926.2, 0.995049, 0.00327187, 0.99588, 0.0910773
7926.21, 0.993373, 0.00326739, 0.99569, 0.0741327
7926.22, 0.991603, 0.00326323, 1, 0
7926.23, 0.9896, 0.00325879, 1, 0
7926.24, 0.987179, 0.00325323, 1, 0
7926.25, 0.984254, 0.00324611, 1, 0
7926.26, 0.980969, 0.00323788, 1, 0
7926.27, 0.977503, 0.00322911, 1, 0
7926.28, 0.974111, 0.00322053, 1, 0
7926.29, 0.971165, 0.00321304, 1, 0
7926.3, 0.969025, 0.00320755, 1, 0
7926.31, 0.967691, 0.00320406, 1, 0
7926.32, 0.966821, 0.00320172, 1, 0
