wav, obs, sigma_obs, syn, weight
7931.78, 1.00062, 0.00317337, 1, 0
7931.79, 1.0006, 0.00317301, 1, 0
7931.8, 1.00065, 0.00317283, 1, 0
7931.81, 1.00068, 0.0031726, 1, 0
7931.82, 1.00056, 0.00317198, 1, 0
7931.83, 1.00022, 0.00317081, 1, 0
7931.84, 0.999703, 0.00316927, 1, 0
7931.85, 0.99908, 0.00316767, 1, 0
7931.86, 0.998448, 0.00316627, 1, 0
7931.87, 0.997949, 0.00316522, 1, 0
7931.88, 0.997733, 0.00316465, 1, 0.0570346
7931.89, 0.997812, 0.00316455, 0.99996, 0.0731213
7931.9, 0.997973, 0.00316469, 0.99987, 0.0892079
7931.91, 0.997981, 0.00316481, 0.99969, 0.104563
7931.92, 0.99767, 0.00316452, 0.99936, 0.119188
7931.93, 0.996938, 0.00316329, 0.9988, 0.133081
7931.94, 0.995716, 0.0031607, 0.99792, 0.145511
7931.95, 0.994243, 0.00315721, 0.99662, 0.157211
7931.96, 0.992922, 0.00315377, 0.99484, 0.168179
7931.97, 0.992054, 0.00315114, 0.99257, 0.179878
7931.98, 0.991454, 0.00314911, 0.98983, 0.191578
7931.99, 0.990792, 0.0031472, 0.9867, 0.20474
7932, 0.989835, 0.00314501, 0.98329, 0.217901
7932.01, 0.988594, 0.00314236, 0.97968, 0.234719
7932.02, 0.987117, 0.00313914, 0.97591, 0.251537
7932.03, 0.985531, 0.00313544, 0.97197, 0.27128
7932.04, 0.984072, 0.00313171, 0.9678, 0.294679
7932.05, 0.982956, 0.00312836, 0.96333, 0.321002
7932.06, 0.981973, 0.00312511, 0.95844, 0.351713
7932.07, 0.980569, 0.00312108, 0.95307, 0.387543
7932.08, 0.978252, 0.00311551, 0.94715, 0.429222
7932.09, 0.975025, 0.0031083, 0.94066, 0.479675
7932.1, 0.971119, 0.00309968, 0.9336, 0.537441
7932.11, 0.966773, 0.00308994, 0.92596, 0.606906
7932.12, 0.962269, 0.00307954, 0.9178, 0.685877
7932.13, 0.957893, 0.00306899, 0.90917, 0.777279
7932.14, 0.953608, 0.00305821, 0.90014, 0.881111
7932.15, 0.948699, 0.00304592, 0.89078, 0.997374
7932.16, 0.94239, 0.00303073, 0.88119, 1.12534
7932.17, 0.934496, 0.00301232, 0.87147, 1.26427
7932.18, 0.925523, 0.00299156, 0.8617, 1.4127
7932.19, 0.915968, 0.00296933, 0.85201, 1.56845
7932.2, 0.905776, 0.00294537, 0.84248, 1.73078
7932.21, 0.894528, 0.0029187, 0.83323, 1.8953
7932.22, 0.881861, 0.0028885, 0.82435, 2.06275
7932.23, 0.867783, 0.00285489, 0.81592, 2.23093
7932.24, 0.852436, 0.00281836, 0.80802, 2.39691
7932.25, 0.835935, 0.00277926, 0.80071, 2.55998
7932.26, 0.818306, 0.00273758, 0.79403, 2.71719
7932.27, 0.799569, 0.00269324, 0.78804, 2.86782
7932.28, 0.780143, 0.00264714, 0.78274, 3.00967
7932.29, 0.761131, 0.00260182, 0.77816, 3.1391
7932.3, 0.743681, 0.00255996, 0.77431, 3.25536
7932.31, 0.728574, 0.00252344, 0.77118, 3.35334
7932.32, 0.71624, 0.00249344, 0.76879, 3.43231
7932.33, 0.707117, 0.00247114, 0.76712, 3.48862
7932.34, 0.701825, 0.0024581, 0.76618, 3.52152
7932.35, 0.70108, 0.00245609, 0.76597, 3.52883
7932.36, 0.705419, 0.00246641, 0.76649, 3.51128
7932.37, 0.71455, 0.00248826, 0.76773, 3.4696
7932.38, 0.727939, 0.00252019, 0.7697, 3.40379
7932.39, 0.744904, 0.0025605, 0.7724, 3.31751
7932.4, 0.764402, 0.00260673, 0.77583, 3.21222
7932.41, 0.785336, 0.00265633, 0.77999, 3.09157
7932.42, 0.806658, 0.00270677, 0.78487, 2.95702
7932.43, 0.82738, 0.00275559, 0.79047, 2.81224
7932.44, 0.84655, 0.00280039, 0.79675, 2.65796
7932.45, 0.86368, 0.00284015, 0.80369, 2.49855
7932.46, 0.878636, 0.00287485, 0.81126, 2.33403
7932.47, 0.891288, 0.00290443, 0.81939, 2.16731
7932.48, 0.901473, 0.00292839, 0.82803, 1.99987
7932.49, 0.909015, 0.00294606, 0.83708, 1.83242
7932.5, 0.91372, 0.00295681, 0.84647, 1.66863
7932.51, 0.915334, 0.0029602, 0.85609, 1.50922
7932.52, 0.913596, 0.00295585, 0.86584, 1.35494
7932.53, 0.908812, 0.00294458, 0.87562, 1.21089
7932.54, 0.902379, 0.00292951, 0.88532, 1.07634
7932.55, 0.895805, 0.00291399, 0.89485, 0.952039
7932.56, 0.890303, 0.00290081, 0.9041, 0.840894
7932.57, 0.886762, 0.00289215, 0.913, 0.74145
7932.58, 0.886015, 0.00289005, 0.92147, 0.655166
7932.59, 0.888416, 0.00289541, 0.92945, 0.579852
7932.6, 0.894035, 0.00290843, 0.93688, 0.515505
7932.61, 0.902793, 0.00292896, 0.94372, 0.459933
7932.62, 0.913878, 0.00295496, 0.94998, 0.413135
7932.63, 0.926233, 0.00298377, 0.95567, 0.37365
7932.64, 0.938772, 0.00301277, 0.9608, 0.339283
7932.65, 0.950325, 0.00303933, 0.96545, 0.310765
7932.66, 0.959725, 0.00306089, 0.96969, 0.285904
7932.67, 0.966673, 0.00307684, 0.97362, 0.263968
7932.68, 0.97217, 0.00308955, 0.97734, 0.244956
7932.69, 0.977278, 0.00310152, 0.98088, 0.227407
7932.7, 0.982225, 0.0031132, 0.98428, 0.213514
7932.71, 0.986535, 0.00312333, 0.98749, 0.19889
7932.72, 0.989782, 0.00313078, 0.99043, 0.186459
7932.73, 0.992093, 0.00313584, 0.993, 0.175491
7932.74, 0.993854, 0.00313941, 0.99514, 0.164523
7932.75, 0.995362, 0.00314225, 0.99681, 0.153555
7932.76, 0.996543, 0.00314439, 0.99804, 0.142586
7932.77, 0.997237, 0.0031457, 0.99887, 0.130156
7932.78, 0.997413, 0.00314622, 0.9994, 0.117725
7932.79, 0.99732, 0.00314638, 0.99971, 0.10237
7932.8, 0.997238, 0.00314667, 0.99988, 0.0877455
7932.81, 0.997335, 0.00314729, 0.99996, 0.0716588
7932.82, 0.997655, 0.00314819, 1, 0.0563034
7932.83, 0.998221, 0.00314925, 1, 0
7932.84, 0.998916, 0.00315039, 1, 0
7932.85, 0.999536, 0.00315146, 1, 0
7932.86, 0.999903, 0.00315233, 1, 0
7932.87, 1.00002, 0.00315278, 1, 0
7932.88, 0.99996, 0.00315252, 1, 0
7932.89, 0.999782, 0.00315144, 1, 0
7932.9, 0.999531, 0.00314979, 1, 0
7932.91, 0.99927, 0.00314806, 1, 0
7932.92, 0.999044, 0.00314659, 1, 0
