wav, obs, sigma_obs, syn, weight
7943.38, 1.00361, 0.00301105, 1, 0
7943.39, 1.00307, 0.00300954, 1, 0
7943.4, 1.00248, 0.00300777, 1, 0
7943.41, 1.00194, 0.00300626, 1, 0
7943.42, 1.0015, 0.00300524, 1, 0
7943.43, 1.00118, 0.00300477, 1, 0
7943.44, 1.001, 0.00300456, 1, 0
7943.45, 1.00092, 0.00300428, 1, 0
7943.46, 1.00076, 0.00300349, 1, 0
7943.47, 1.0002, 0.00300162, 1, 0
7943.48, 0.998982, 0.00299823, 0.99485, 0.0655646
7943.49, 0.997059, 0.00299352, 0.99448, 0.0839816
7943.5, 0.994451, 0.00298783, 0.99417, 0.103135
7943.51, 0.991266, 0.00298144, 0.9939, 0.120079
7943.52, 0.987788, 0.00297439, 0.99364, 0.135549
7943.53, 0.984323, 0.00296677, 0.99337, 0.150283
7943.54, 0.981275, 0.00295949, 0.9931, 0.16207
7943.55, 0.979131, 0.00295426, 0.9928, 0.17312
7943.56, 0.978279, 0.00295241, 0.99248, 0.183434
7943.57, 0.978491, 0.00295322, 0.99214, 0.192274
7943.58, 0.979309, 0.00295513, 0.99176, 0.202587
7943.59, 0.980377, 0.00295713, 0.99135, 0.213637
7943.6, 0.981602, 0.00295943, 0.99091, 0.224688
7943.61, 0.982922, 0.00296241, 0.99042, 0.237211
7943.62, 0.984205, 0.00296577, 0.98989, 0.251208
7943.63, 0.985242, 0.00296857, 0.9893, 0.266678
7943.64, 0.985835, 0.00296989, 0.98866, 0.282885
7943.65, 0.98589, 0.00296956, 0.98794, 0.301302
7943.66, 0.985364, 0.00296773, 0.98713, 0.320456
7943.67, 0.984317, 0.00296476, 0.98621, 0.342557
7943.68, 0.983124, 0.00296151, 0.98515, 0.366867
7943.69, 0.9822, 0.00295894, 0.98391, 0.393388
7943.7, 0.981432, 0.0029569, 0.98246, 0.423591
7943.71, 0.980036, 0.00295396, 0.98073, 0.458215
7943.72, 0.977284, 0.0029487, 0.97867, 0.49726
7943.73, 0.973382, 0.00294117, 0.9762, 0.542197
7943.74, 0.969058, 0.00293218, 0.97326, 0.594501
7943.75, 0.964813, 0.00292237, 0.96976, 0.654909
7943.76, 0.960318, 0.00291169, 0.96563, 0.723421
7943.77, 0.955058, 0.0028999, 0.96079, 0.803719
7943.78, 0.948702, 0.00288652, 0.95515, 0.895067
7943.79, 0.941205, 0.00287072, 0.94864, 0.996729
7943.8, 0.932558, 0.00285169, 0.94116, 1.11018
7943.81, 0.922933, 0.00282988, 0.9326, 1.23394
7943.82, 0.912621, 0.00280651, 0.92287, 1.36728
7943.83, 0.901873, 0.00278259, 0.91186, 1.50799
7943.84, 0.890744, 0.00275806, 0.89946, 1.65385
7943.85, 0.879236, 0.0027326, 0.88562, 1.80413
7943.86, 0.867213, 0.0027057, 0.87031, 1.95589
7943.87, 0.854287, 0.00267654, 0.85355, 2.10764
7943.88, 0.840071, 0.00264431, 0.83546, 2.25793
7943.89, 0.824518, 0.002609, 0.81623, 2.406
7943.9, 0.807854, 0.00257119, 0.79614, 2.54965
7943.91, 0.790335, 0.00253152, 0.77557, 2.68888
7943.92, 0.772351, 0.00249087, 0.75497, 2.82222
7943.93, 0.754338, 0.00245017, 0.73484, 2.9482
7943.94, 0.736602, 0.00241009, 0.71576, 3.06607
7943.95, 0.71918, 0.00237073, 0.69829, 3.17288
7943.96, 0.702116, 0.00233222, 0.68301, 3.26644
7943.97, 0.686297, 0.00229648, 0.67045, 3.34527
7943.98, 0.673392, 0.00226706, 0.66106, 3.40568
7943.99, 0.664931, 0.0022473, 0.65523, 3.44693
7944, 0.661363, 0.00223848, 0.65319, 3.46682
7944.01, 0.662709, 0.00224111, 0.65506, 3.46535
7944.02, 0.668922, 0.00225531, 0.66083, 3.44251
7944.03, 0.679782, 0.00228035, 0.67032, 3.39831
7944.04, 0.695029, 0.00231532, 0.68325, 3.33643
7944.05, 0.714059, 0.00235866, 0.69921, 3.25687
7944.06, 0.735887, 0.00240811, 0.71767, 3.16183
7944.07, 0.759502, 0.00246138, 0.73807, 3.05502
7944.08, 0.783802, 0.00251601, 0.75977, 2.93788
7944.09, 0.807644, 0.0025695, 0.78215, 2.81117
7944.1, 0.830101, 0.00261977, 0.80459, 2.6771
7944.11, 0.850886, 0.00266603, 0.82652, 2.53787
7944.12, 0.869832, 0.00270776, 0.84746, 2.392
7944.13, 0.886806, 0.00274478, 0.86699, 2.24319
7944.14, 0.901707, 0.0027773, 0.88483, 2.09144
7944.15, 0.914477, 0.00280561, 0.9008, 1.93673
7944.16, 0.925402, 0.00283008, 0.91482, 1.78424
7944.17, 0.934956, 0.00285116, 0.92692, 1.63248
7944.18, 0.943507, 0.0028693, 0.93719, 1.48589
7944.19, 0.951034, 0.00288496, 0.9458, 1.34444
7944.2, 0.957432, 0.00289861, 0.95295, 1.21184
7944.21, 0.962691, 0.00291048, 0.95883, 1.08881
7944.22, 0.966937, 0.00292049, 0.96366, 0.976102
7944.23, 0.970313, 0.00292856, 0.96762, 0.87444
7944.24, 0.972994, 0.00293482, 0.97087, 0.784565
7944.25, 0.975181, 0.00293953, 0.97355, 0.705004
7944.26, 0.977053, 0.00294303, 0.97578, 0.635019
7944.27, 0.97871, 0.00294584, 0.97765, 0.575348
7944.28, 0.980228, 0.00294853, 0.97921, 0.52378
7944.29, 0.981521, 0.00295111, 0.98053, 0.478843
7944.3, 0.982233, 0.00295266, 0.98164, 0.439798
7944.31, 0.982015, 0.00295225, 0.98257, 0.404438
7944.32, 0.980972, 0.00295001, 0.98334, 0.374971
7944.33, 0.979541, 0.0029469, 0.98397, 0.34845
7944.34, 0.978091, 0.00294369, 0.98448, 0.324876
7944.35, 0.976617, 0.00294034, 0.98488, 0.303512
7944.36, 0.974997, 0.00293655, 0.98519, 0.285095
7944.37, 0.97329, 0.0029325, 0.98542, 0.266678
7944.38, 0.971898, 0.00292928, 0.98559, 0.251208
7944.39, 0.971243, 0.002928, 0.98572, 0.237211
7944.4, 0.971455, 0.00292884, 0.98583, 0.223951
7944.41, 0.972418, 0.00293114, 0.98594, 0.212164
7944.42, 0.974001, 0.0029343, 0.98606, 0.201114
7944.43, 0.976026, 0.00293811, 0.98621, 0.1908
7944.44, 0.978297, 0.00294256, 0.9864, 0.17975
7944.45, 0.980687, 0.00294757, 0.98664, 0.169437
7944.46, 0.983207, 0.00295304, 0.98693, 0.158386
7944.47, 0.985884, 0.00295885, 0.98729, 0.145863
7944.48, 0.988545, 0.00296455, 0.98771, 0.131866
7944.49, 0.990836, 0.00296936, 0.98821, 0.116396
7944.5, 0.992484, 0.0029727, 0.98879, 0.0994519
7944.51, 0.993821, 0.00297538, 0.98947, 0.0810349
7944.52, 0.995421, 0.00297873, 0.99027, 0.0626179
7944.53, 0.997525, 0.0029833, 1, 0
7944.54, 0.999527, 0.00298766, 1, 0
7944.55, 1.00071, 0.00299009, 1, 0
7944.56, 1.00094, 0.00299029, 1, 0
7944.57, 1.00072, 0.00298946, 1, 0
7944.58, 1.00053, 0.00298875, 1, 0
7944.59, 1.00048, 0.00298841, 1, 0
7944.6, 1.00047, 0.00298822, 1, 0
7944.61, 1.0004, 0.00298784, 1, 0
7944.62, 1.00033, 0.00298746, 1, 0
