wav, obs, sigma_obs, syn, weight
7969.9, 0.998771, 0.00296677, 1, 0
7969.91, 0.999443, 0.00296882, 1, 0
7969.92, 1.00011, 0.00297086, 1, 0
7969.93, 1.00101, 0.00297347, 1, 0
7969.94, 1.00189, 0.00297605, 1, 0
7969.95, 1.00208, 0.00297689, 1, 0
7969.96, 1.00137, 0.00297544, 1, 0
7969.97, 1.00043, 0.0029734, 1, 0
7969.98, 1.00006, 0.00297277, 1, 0
7969.99, 1.00012, 0.00297323, 0.99971, 0.0275273
7970, 0.999721, 0.00297266, 0.99951, 0.041291
7970.01, 0.998324, 0.00296973, 0.99923, 0.0533342
7970.02, 0.996284, 0.00296532, 0.99887, 0.0705387
7970.03, 0.994068, 0.00296058, 0.99844, 0.0877433
7970.04, 0.991753, 0.00295574, 0.99795, 0.104948
7970.05, 0.989182, 0.0029505, 0.99738, 0.127314
7970.06, 0.986273, 0.00294464, 0.99674, 0.14968
7970.07, 0.983094, 0.00293819, 0.99599, 0.180648
7970.08, 0.979742, 0.00293124, 0.99509, 0.215057
7970.09, 0.976401, 0.00292418, 0.99399, 0.26323
7970.1, 0.973295, 0.00291754, 0.99266, 0.318285
7970.11, 0.970655, 0.00291192, 0.99103, 0.390544
7970.12, 0.968719, 0.00290799, 0.98908, 0.480007
7970.13, 0.967651, 0.00290621, 0.98678, 0.586676
7970.14, 0.967187, 0.00290579, 0.98413, 0.712269
7970.15, 0.966926, 0.00290553, 0.98113, 0.860228
7970.16, 0.966689, 0.00290501, 0.97781, 1.02711
7970.17, 0.966556, 0.00290469, 0.97423, 1.21292
7970.18, 0.966553, 0.00290487, 0.97044, 1.41594
7970.19, 0.966425, 0.00290493, 0.96652, 1.63271
7970.2, 0.965836, 0.00290401, 0.96255, 1.85637
7970.21, 0.964332, 0.00290106, 0.95863, 2.08347
7970.22, 0.961349, 0.00289491, 0.95484, 2.30713
7970.23, 0.95673, 0.00288524, 0.95127, 2.52563
7970.24, 0.951555, 0.00287427, 0.94799, 2.72864
7970.25, 0.947044, 0.00286454, 0.94507, 2.91445
7970.26, 0.943219, 0.00285619, 0.94255, 3.0779
7970.27, 0.939289, 0.0028478, 0.94047, 3.21381
7970.28, 0.934923, 0.00283872, 0.93885, 3.31876
7970.29, 0.930852, 0.00283029, 0.93772, 3.39274
7970.3, 0.927897, 0.00282401, 0.93709, 3.43575
7970.31, 0.926393, 0.00282071, 0.93697, 3.44091
7970.32, 0.926426, 0.00282088, 0.93734, 3.41339
7970.33, 0.928101, 0.00282489, 0.93823, 3.35317
7970.34, 0.931567, 0.00283294, 0.9396, 3.25855
7970.35, 0.936832, 0.00284489, 0.94146, 3.13295
7970.36, 0.943017, 0.00285867, 0.94377, 2.98155
7970.37, 0.948923, 0.0028715, 0.94651, 2.80434
7970.38, 0.954178, 0.00288267, 0.94963, 2.60649
7970.39, 0.959471, 0.00289413, 0.95308, 2.39316
7970.4, 0.965348, 0.00290741, 0.95678, 2.17122
7970.41, 0.971384, 0.00292132, 0.96065, 1.94412
7970.42, 0.976899, 0.00293393, 0.96461, 1.71874
7970.43, 0.981601, 0.00294449, 0.96857, 1.4968
7970.44, 0.985574, 0.00295335, 0.97243, 1.29034
7970.45, 0.988861, 0.00296074, 0.97612, 1.09765
7970.46, 0.991307, 0.00296632, 0.97957, 0.920444
7970.47, 0.992758, 0.0029697, 0.98273, 0.767324
7970.48, 0.993616, 0.0029718, 0.98555, 0.631408
7970.49, 0.994695, 0.00297447, 0.98801, 0.517858
7970.5, 0.996359, 0.00297854, 0.99013, 0.423232
7970.51, 0.997869, 0.00298225, 0.99192, 0.344091
7970.52, 0.998422, 0.00298369, 0.9934, 0.280434
7970.53, 0.998199, 0.00298332, 0.99461, 0.232262
7970.54, 0.997916, 0.00298289, 0.9956, 0.192691
7970.55, 0.997962, 0.00298329, 0.99641, 0.161723
7970.56, 0.998113, 0.00298387, 0.99708, 0.135916
7970.57, 0.998144, 0.00298399, 0.99766, 0.116991
7970.58, 0.998221, 0.00298425, 0.99817, 0.098066
7970.59, 0.998663, 0.00298567, 0.99862, 0.0825819
7970.6, 0.99942, 0.00298813, 0.999, 0.0653774
7970.61, 0.999948, 0.0029899, 0.99932, 0.0516137
7970.62, 0.999822, 0.00298964, 0.99957, 0.0361296
7970.63, 0.999356, 0.00298839, 0.99974, 0.0258069
7970.64, 0.999071, 0.00298784, 1, 0
7970.65, 0.999113, 0.00298836, 1, 0
7970.66, 0.999248, 0.00298896, 1, 0
7970.67, 0.999297, 0.00298895, 1, 0
7970.68, 0.999312, 0.00298884, 1, 0
7970.69, 0.999388, 0.00298935, 1, 0
7970.7, 0.999493, 0.00299034, 1, 0
7970.71, 0.999504, 0.002991, 1, 0
7970.72, 0.999345, 0.00299085, 1, 0
