wav, obs, sigma_obs, syn, weight
8035.18, 0.903731, 0.0030061, 1, 0
8035.19, 0.916375, 0.00303576, 1, 0
8035.2, 0.929481, 0.00306652, 1, 0
8035.21, 0.943085, 0.00309846, 1, 0
8035.22, 0.955316, 0.00312714, 1, 0
8035.23, 0.96519, 0.00315019, 1, 0
8035.24, 0.972513, 0.00316719, 1, 0
8035.25, 0.977861, 0.00317953, 1, 0
8035.26, 0.981809, 0.00318861, 1, 0
8035.27, 0.984591, 0.00319497, 1, 0
8035.28, 0.986226, 0.00319862, 1, 0
8035.29, 0.986785, 0.00319965, 0.99813, 0.0756237
8035.3, 0.98667, 0.003199, 0.99804, 0.0951816
8035.31, 0.986416, 0.00319791, 0.99796, 0.117347
8035.32, 0.986422, 0.00319731, 0.99788, 0.138209
8035.33, 0.986562, 0.00319709, 0.99779, 0.159071
8035.34, 0.986589, 0.00319684, 0.99769, 0.179932
8035.35, 0.986353, 0.0031963, 0.99757, 0.202098
8035.36, 0.985939, 0.0031955, 0.99743, 0.226871
8035.37, 0.985462, 0.00319452, 0.99725, 0.255556
8035.38, 0.985017, 0.00319344, 0.99703, 0.29076
8035.39, 0.984664, 0.00319235, 0.99674, 0.333787
8035.4, 0.98446, 0.00319134, 0.99638, 0.389853
8035.41, 0.98446, 0.00319066, 0.99592, 0.457654
8035.42, 0.984712, 0.00319065, 0.99532, 0.538493
8035.43, 0.985245, 0.00319159, 0.99454, 0.634979
8035.44, 0.985858, 0.00319297, 0.99354, 0.749718
8035.45, 0.986213, 0.00319385, 0.99226, 0.882711
8035.46, 0.986018, 0.00319337, 0.99064, 1.03005
8035.47, 0.985282, 0.00319155, 0.98863, 1.19694
8035.48, 0.984127, 0.00318871, 0.98618, 1.37687
8035.49, 0.982629, 0.00318507, 0.98325, 1.56854
8035.5, 0.98071, 0.00318038, 0.97982, 1.76933
8035.51, 0.978251, 0.0031743, 0.97592, 1.97404
8035.52, 0.975152, 0.00316659, 0.97158, 2.18135
8035.53, 0.971341, 0.00315716, 0.9669, 2.38606
8035.54, 0.966756, 0.00314601, 0.962, 2.58164
8035.55, 0.961549, 0.00313352, 0.95702, 2.76548
8035.56, 0.956167, 0.00312066, 0.95217, 2.93368
8035.57, 0.951074, 0.00310845, 0.94764, 3.07971
8035.58, 0.946601, 0.00309764, 0.94363, 3.20358
8035.59, 0.942963, 0.00308873, 0.94034, 3.30137
8035.6, 0.940358, 0.00308222, 0.93793, 3.36917
8035.61, 0.938874, 0.00307839, 0.93652, 3.40959
8035.62, 0.93854, 0.00307741, 0.9362, 3.41871
8035.63, 0.939379, 0.00307943, 0.93697, 3.39524
8035.64, 0.941392, 0.00308438, 0.93881, 3.34309
8035.65, 0.944573, 0.00309216, 0.94161, 3.26095
8035.66, 0.948848, 0.00310246, 0.94523, 3.15273
8035.67, 0.953901, 0.00311438, 0.9495, 3.01843
8035.68, 0.959371, 0.00312687, 0.95422, 2.86066
8035.69, 0.964942, 0.00313921, 0.95918, 2.68595
8035.7, 0.970408, 0.0031513, 0.96419, 2.49558
8035.71, 0.975577, 0.00316312, 0.96907, 2.29479
8035.72, 0.980382, 0.00317457, 0.97368, 2.08617
8035.73, 0.984916, 0.00318541, 0.9779, 1.87755
8035.74, 0.989273, 0.0031954, 0.98167, 1.67285
8035.75, 0.993328, 0.00320423, 0.98495, 1.47205
8035.76, 0.996775, 0.00321152, 0.98774, 1.283
8035.77, 0.999341, 0.00321696, 0.99005, 1.10697
8035.78, 1.00112, 0.00322089, 0.99194, 0.9466
8035.79, 1.00241, 0.00322398, 0.99345, 0.801872
8035.8, 1.00344, 0.00322678, 0.99463, 0.675398
8035.81, 1.00425, 0.00322906, 0.99556, 0.56457
8035.82, 1.00479, 0.00323037, 0.99627, 0.471996
8035.83, 1.00504, 0.00323048, 0.99682, 0.393765
8035.84, 1.0051, 0.00322986, 0.99724, 0.328572
8035.85, 1.00506, 0.00322912, 0.99756, 0.276418
8035.86, 1.005, 0.00322864, 0.99781, 0.234694
8035.87, 1.00497, 0.00322838, 0.99801, 0.19949
8035.88, 1.00499, 0.00322822, 0.99817, 0.170805
8035.89, 1.00506, 0.00322815, 0.9983, 0.147336
8035.9, 1.00513, 0.00322821, 0.99842, 0.126474
8035.91, 1.00518, 0.00322845, 0.99851, 0.10822
8035.92, 1.00529, 0.003229, 0.9986, 0.09127
8035.93, 1.00566, 0.00323, 0.99868, 0.0756237
8035.94, 1.00643, 0.00323154, 0.99876, 0.0599774
8035.95, 1.00732, 0.00323299, 0.99884, 0.0469389
8035.96, 1.00782, 0.00323336, 1, 0
8035.97, 1.00761, 0.00323208, 1, 0
8035.98, 1.00705, 0.0032302, 1, 0
8035.99, 1.00668, 0.00322928, 1, 0
8036, 1.00679, 0.00323004, 1, 0
8036.01, 1.00686, 0.00323083, 1, 0
8036.02, 1.00624, 0.00322962, 1, 0
8036.03, 1.00466, 0.00322553, 1, 0
8036.04, 1.00247, 0.00321958, 1, 0
8036.05, 1.00031, 0.00321375, 1, 0
8036.06, 0.998428, 0.00320874, 1, 0
