wav, obs, sigma_obs, syn, weight
8070.81, 0.900588, 0.00275194, 1, 0
8070.82, 0.897323, 0.00274514, 1, 0
8070.83, 0.894059, 0.00273834, 1, 0
8070.84, 0.890795, 0.00273154, 1, 0
8070.85, 0.887531, 0.00272474, 1, 0
8070.86, 0.884267, 0.00271794, 1, 0
8070.87, 0.881003, 0.00271114, 1, 0
8070.88, 0.876798, 0.00270237, 1, 0
8070.89, 0.872432, 0.00269326, 1, 0
8070.9, 0.870973, 0.00269025, 0.99889, 0.03292
8070.91, 0.874033, 0.00269678, 0.99864, 0.0498787
8070.92, 0.88143, 0.00271266, 0.99841, 0.0698302
8070.93, 0.892436, 0.00273661, 0.99822, 0.0907793
8070.94, 0.905911, 0.00276613, 0.99807, 0.112726
8070.95, 0.920209, 0.00279722, 0.99794, 0.132677
8070.96, 0.933816, 0.00282633, 0.99784, 0.150634
8070.97, 0.946073, 0.00285272, 0.99774, 0.166595
8070.98, 0.956613, 0.00287656, 0.99764, 0.180561
8070.99, 0.965256, 0.00289729, 0.99753, 0.196522
8071, 0.972072, 0.00291337, 0.99739, 0.212483
8071.01, 0.977195, 0.00292365, 0.99723, 0.231437
8071.02, 0.981022, 0.00292992, 0.99703, 0.256377
8071.03, 0.984048, 0.00293509, 0.99678, 0.284309
8071.04, 0.986605, 0.00294058, 0.99646, 0.320221
8071.05, 0.988774, 0.00294561, 0.99605, 0.36611
8071.06, 0.990604, 0.00294937, 0.99552, 0.419979
8071.07, 0.992053, 0.00295199, 0.99484, 0.486816
8071.08, 0.993039, 0.00295403, 0.99396, 0.56762
8071.09, 0.993533, 0.00295567, 0.99285, 0.663387
8071.1, 0.993585, 0.00295646, 0.99146, 0.774118
8071.11, 0.993237, 0.00295591, 0.98973, 0.90081
8071.12, 0.992367, 0.00295388, 0.98761, 1.04446
8071.13, 0.990778, 0.00295032, 0.98508, 1.20208
8071.14, 0.988305, 0.00294506, 0.98211, 1.37565
8071.15, 0.98484, 0.00293759, 0.9787, 1.55921
8071.16, 0.9803, 0.00292743, 0.97486, 1.75374
8071.17, 0.974741, 0.00291489, 0.97066, 1.95225
8071.18, 0.968297, 0.00290064, 0.96615, 2.15576
8071.19, 0.961377, 0.00288577, 0.96145, 2.35627
8071.2, 0.954946, 0.00287216, 0.95667, 2.5518
8071.21, 0.949949, 0.00286161, 0.95194, 2.73834
8071.22, 0.946444, 0.00285413, 0.94742, 2.91092
8071.23, 0.943983, 0.00284866, 0.94324, 3.06754
8071.24, 0.942337, 0.00284475, 0.93954, 3.20221
8071.25, 0.941783, 0.00284332, 0.93644, 3.31294
8071.26, 0.942602, 0.00284527, 0.93404, 3.39874
8071.27, 0.944322, 0.00284938, 0.93243, 3.4546
8071.28, 0.946007, 0.00285311, 0.93166, 3.48153
8071.29, 0.94702, 0.00285487, 0.93175, 3.47854
8071.3, 0.947492, 0.00285549, 0.9327, 3.44562
8071.31, 0.947678, 0.00285612, 0.93448, 3.38277
8071.32, 0.947901, 0.00285726, 0.93703, 3.292
8071.33, 0.948531, 0.00285893, 0.94027, 3.17528
8071.34, 0.949831, 0.00286131, 0.94408, 3.03562
8071.35, 0.951768, 0.00286491, 0.94835, 2.87501
8071.36, 0.954268, 0.00287025, 0.95294, 2.69844
8071.37, 0.957318, 0.00287734, 0.9577, 2.5089
8071.38, 0.960958, 0.00288575, 0.96249, 2.31138
8071.39, 0.965127, 0.00289496, 0.96718, 2.10887
8071.4, 0.969465, 0.0029043, 0.97164, 1.90636
8071.41, 0.973579, 0.00291308, 0.9758, 1.70585
8071.42, 0.977448, 0.00292136, 0.97958, 1.51232
8071.43, 0.981352, 0.00292981, 0.98293, 1.32977
8071.44, 0.985353, 0.00293856, 0.98584, 1.15918
8071.45, 0.988762, 0.002946, 0.98831, 1.00256
8071.46, 0.990786, 0.00295029, 0.99038, 0.861904
8071.47, 0.991631, 0.00295194, 0.99207, 0.73621
8071.48, 0.992378, 0.00295352, 0.99344, 0.627474
8071.49, 0.993817, 0.00295687, 0.99454, 0.533702
8071.5, 0.995576, 0.00296088, 0.9954, 0.454894
8071.51, 0.997038, 0.00296382, 0.99609, 0.389054
8071.52, 0.997929, 0.00296516, 0.99663, 0.335185
8071.53, 0.998298, 0.00296554, 0.99706, 0.289297
8071.54, 0.998265, 0.00296559, 0.9974, 0.253384
8071.55, 0.998185, 0.00296599, 0.99767, 0.223457
8071.56, 0.998449, 0.00296736, 0.9979, 0.198517
8071.57, 0.999028, 0.00296935, 0.99808, 0.177568
8071.58, 0.999462, 0.00297057, 0.99824, 0.158614
8071.59, 0.99942, 0.00297007, 0.99838, 0.141656
8071.6, 0.99922, 0.00296891, 0.9985, 0.123699
8071.61, 0.999338, 0.00296862, 0.99862, 0.10674
8071.62, 0.999897, 0.00296971, 0.99875, 0.0887841
8071.63, 1.00063, 0.00297149, 0.99888, 0.0708278
8071.64, 1.00126, 0.00297324, 0.99902, 0.0528714
8071.65, 1.00162, 0.00297441, 0.99918, 0.0379078
8071.66, 1.00158, 0.00297447, 0.99934, 0.0249394
8071.67, 1.00114, 0.0029734, 1, 0
8071.68, 1.00051, 0.00297173, 1, 0
8071.69, 0.999827, 0.0029699, 1, 0
8071.7, 0.999009, 0.0029679, 1, 0
8071.71, 0.997898, 0.00296552, 1, 0
8071.72, 0.996577, 0.00296292, 1, 0
8071.73, 0.995434, 0.00296068, 1, 0
8071.74, 0.994798, 0.0029593, 1, 0
8071.75, 0.994558, 0.00295865, 1, 0
