wav, obs, sigma_obs, syn, weight
8072.62, 1.00445, 0.00298621, 1, 0
8072.63, 1.00422, 0.00298541, 1, 0
8072.64, 1.00399, 0.00298461, 1, 0
8072.65, 1.00375, 0.00298376, 1, 0
8072.66, 1.00349, 0.00298278, 1, 0
8072.67, 1.00327, 0.00298208, 1, 0
8072.68, 1.00315, 0.00298188, 1, 0
8072.69, 1.00314, 0.00298226, 1, 0
8072.7, 1.00328, 0.00298315, 1, 0
8072.71, 1.00349, 0.00298421, 0.99932, 0.039777
8072.72, 1.00338, 0.00298432, 0.99914, 0.0586188
8072.73, 1.00262, 0.00298247, 0.99897, 0.0837411
8072.74, 1.00158, 0.00297986, 0.99881, 0.110957
8072.75, 1.0011, 0.00297904, 0.99865, 0.14236
8072.76, 1.00152, 0.00298102, 0.99849, 0.175856
8072.77, 1.00195, 0.00298293, 0.99832, 0.209353
8072.78, 1.00144, 0.00298167, 0.99812, 0.244943
8072.79, 1.00024, 0.00297814, 0.9979, 0.28472
8072.8, 0.999396, 0.00297576, 0.99762, 0.328684
8072.81, 0.999466, 0.00297636, 0.99729, 0.383116
8072.82, 0.999796, 0.00297777, 0.99688, 0.445921
8072.83, 0.999618, 0.00297747, 0.99637, 0.519195
8072.84, 0.998916, 0.00297554, 0.99575, 0.60503
8072.85, 0.998154, 0.00297371, 0.99499, 0.707612
8072.86, 0.997545, 0.00297287, 0.99407, 0.82485
8072.87, 0.99666, 0.00297169, 0.99298, 0.958836
8072.88, 0.995041, 0.00296869, 0.99171, 1.10538
8072.89, 0.992967, 0.00296433, 0.99024, 1.26449
8072.9, 0.991203, 0.00296036, 0.98859, 1.43825
8072.91, 0.990051, 0.00295758, 0.98676, 1.6162
8072.92, 0.988664, 0.0029544, 0.98479, 1.80462
8072.93, 0.986123, 0.00294908, 0.98272, 1.99094
8072.94, 0.982763, 0.00294223, 0.98058, 2.17518
8072.95, 0.979739, 0.00293599, 0.97843, 2.35522
8072.96, 0.977682, 0.00293151, 0.97635, 2.5227
8072.97, 0.975888, 0.00292744, 0.97438, 2.67343
8072.98, 0.973539, 0.00292221, 0.9726, 2.80951
8072.99, 0.970892, 0.00291647, 0.97106, 2.92256
8073, 0.968911, 0.00291235, 0.9698, 3.01259
8073.01, 0.968108, 0.00291097, 0.96888, 3.07958
8073.02, 0.96784, 0.00291088, 0.96831, 3.11936
8073.03, 0.967376, 0.00291041, 0.96812, 3.13192
8073.04, 0.967077, 0.0029102, 0.96831, 3.11936
8073.05, 0.96802, 0.00291241, 0.96888, 3.07749
8073.06, 0.970658, 0.00291798, 0.96981, 3.01049
8073.07, 0.973851, 0.00292474, 0.97106, 2.92047
8073.08, 0.976324, 0.00293026, 0.97261, 2.80533
8073.09, 0.978056, 0.00293442, 0.97439, 2.66925
8073.1, 0.979852, 0.00293859, 0.97635, 2.51851
8073.11, 0.982112, 0.00294346, 0.97844, 2.35103
8073.12, 0.984185, 0.0029478, 0.98058, 2.17099
8073.13, 0.985343, 0.00295028, 0.98271, 1.98676
8073.14, 0.985785, 0.0029515, 0.98479, 1.79834
8073.15, 0.986324, 0.0029533, 0.98675, 1.61202
8073.16, 0.987402, 0.00295652, 0.98857, 1.43197
8073.17, 0.988528, 0.00295939, 0.99021, 1.25821
8073.18, 0.989115, 0.00295998, 0.99166, 1.09701
8073.19, 0.989156, 0.00295878, 0.99292, 0.950462
8073.2, 0.989022, 0.00295786, 0.99399, 0.818569
8073.21, 0.988929, 0.00295834, 0.99489, 0.701332
8073.22, 0.988703, 0.00295896, 0.99562, 0.600842
8073.23, 0.988149, 0.00295823, 0.99622, 0.512914
8073.24, 0.987514, 0.00295664, 0.9967, 0.437547
8073.25, 0.987326, 0.00295591, 0.99708, 0.374741
8073.26, 0.987904, 0.00295714, 0.99739, 0.324497
8073.27, 0.989038, 0.00295983, 0.99763, 0.278439
8073.28, 0.990432, 0.00296323, 0.99783, 0.238662
8073.29, 0.991713, 0.00296635, 0.99801, 0.203072
8073.3, 0.992459, 0.00296808, 0.99817, 0.169576
8073.31, 0.99254, 0.00296806, 0.99832, 0.136079
8073.32, 0.992534, 0.00296778, 0.99849, 0.10677
8073.33, 0.993059, 0.00296883, 0.99868, 0.0795541
8073.34, 0.994015, 0.00297106, 0.99889, 0.0565252
8073.35, 0.994854, 0.00297327, 0.9991, 0.0376835
8073.36, 0.99523, 0.00297459, 1, 0
8073.37, 0.995302, 0.00297499, 1, 0
8073.38, 0.995299, 0.00297464, 1, 0
8073.39, 0.995422, 0.00297433, 1, 0
8073.4, 0.995853, 0.00297525, 1, 0
8073.41, 0.996606, 0.00297778, 1, 0
8073.42, 0.997315, 0.0029804, 1, 0
8073.43, 0.997594, 0.00298147, 1, 0
8073.44, 0.997443, 0.00298094, 1, 0
