wav, obs, sigma_obs, syn, weight
8092.8, 0.98488, 0.00338112, 1, 0
8092.81, 0.986789, 0.00338554, 1, 0
8092.82, 0.988657, 0.00338995, 1, 0
8092.83, 0.990364, 0.00339425, 1, 0
8092.84, 0.991612, 0.00339767, 1, 0
8092.85, 0.991844, 0.00339854, 1, 0
8092.86, 0.990854, 0.00339616, 1, 0
8092.87, 0.989528, 0.003393, 1, 0
8092.88, 0.98879, 0.00339164, 1, 0
8092.89, 0.988354, 0.00339118, 0.99895, 0.0149966
8092.9, 0.987418, 0.00338923, 0.99849, 0.0249943
8092.91, 0.985767, 0.00338524, 0.99798, 0.0362417
8092.92, 0.98378, 0.00338047, 0.99746, 0.0499885
8092.93, 0.981679, 0.00337563, 0.99698, 0.0649851
8092.94, 0.979262, 0.00336994, 0.99654, 0.0799816
8092.95, 0.976286, 0.00336253, 0.99613, 0.0962279
8092.96, 0.972604, 0.00335327, 0.99573, 0.114974
8092.97, 0.968152, 0.00334236, 0.99529, 0.134969
8092.98, 0.963658, 0.00333159, 0.99477, 0.157464
8092.99, 0.960463, 0.00332394, 0.9941, 0.187457
8093, 0.959167, 0.00332079, 0.99325, 0.224948
8093.01, 0.959056, 0.00332061, 0.99213, 0.272437
8093.02, 0.959338, 0.00332169, 0.99069, 0.332424
8093.03, 0.959461, 0.0033226, 0.98884, 0.407406
8093.04, 0.959022, 0.00332223, 0.98652, 0.498635
8093.05, 0.958593, 0.00332179, 0.98363, 0.60736
8093.06, 0.95931, 0.0033239, 0.98013, 0.73733
8093.07, 0.961076, 0.00332827, 0.97597, 0.884797
8093.08, 0.962144, 0.00333078, 0.97112, 1.05101
8093.09, 0.961234, 0.00332851, 0.9656, 1.23472
8093.1, 0.958859, 0.00332298, 0.95946, 1.43217
8093.11, 0.95576, 0.00331623, 0.95278, 1.64212
8093.12, 0.951805, 0.00330739, 0.94568, 1.86082
8093.13, 0.946477, 0.00329438, 0.9383, 2.08202
8093.14, 0.93976, 0.00327724, 0.93082, 2.30197
8093.15, 0.932149, 0.00325821, 0.92343, 2.51567
8093.16, 0.924031, 0.00323878, 0.91632, 2.71813
8093.17, 0.91548, 0.00321856, 0.90968, 2.90433
8093.18, 0.906583, 0.00319711, 0.90369, 3.06929
8093.19, 0.897731, 0.00317532, 0.8985, 3.21051
8093.2, 0.889438, 0.0031546, 0.89425, 3.32674
8093.21, 0.88248, 0.0031371, 0.89105, 3.41172
8093.22, 0.877836, 0.00312551, 0.88898, 3.46545
8093.23, 0.875943, 0.003121, 0.88808, 3.48795
8093.24, 0.8763, 0.00312205, 0.88838, 3.47795
8093.25, 0.878506, 0.00312747, 0.88986, 3.43546
8093.26, 0.882959, 0.00313856, 0.89249, 3.36048
8093.27, 0.890138, 0.00315689, 0.89619, 3.2555
8093.28, 0.899257, 0.0031803, 0.90086, 3.12303
8093.29, 0.9088, 0.00320449, 0.90638, 2.96557
8093.3, 0.918138, 0.00322783, 0.91257, 2.78686
8093.31, 0.927815, 0.00325228, 0.91928, 2.5894
8093.32, 0.938022, 0.00327867, 0.92631, 2.3782
8093.33, 0.947667, 0.00330394, 0.93346, 2.16075
8093.34, 0.955621, 0.00332486, 0.94054, 1.9383
8093.35, 0.9622, 0.00334209, 0.94738, 1.7196
8093.36, 0.968326, 0.00335799, 0.95384, 1.5059
8093.37, 0.97417, 0.00337303, 0.95979, 1.30345
8093.38, 0.979159, 0.00338584, 0.96514, 1.11349
8093.39, 0.982962, 0.00339564, 0.96986, 0.941034
8093.4, 0.985831, 0.00340311, 0.97393, 0.786069
8093.41, 0.98806, 0.003409, 0.97736, 0.6511
8093.42, 0.989737, 0.00341348, 0.9802, 0.534877
8093.43, 0.990899, 0.00341658, 0.98252, 0.438649
8093.44, 0.991789, 0.00341901, 0.98439, 0.356168
8093.45, 0.992796, 0.00342198, 0.98588, 0.291183
8093.46, 0.994087, 0.00342593, 0.98709, 0.239945
8093.47, 0.995461, 0.00343011, 0.98809, 0.198704
8093.48, 0.9967, 0.00343374, 0.98894, 0.166212
8093.49, 0.997639, 0.00343653, 0.98972, 0.141218
8093.5, 0.998143, 0.00343828, 0.99048, 0.118723
8093.51, 0.998219, 0.00343906, 0.99129, 0.099977
8093.52, 0.997964, 0.00343905, 0.9922, 0.082481
8093.53, 0.997639, 0.0034388, 0.99324, 0.0662348
8093.54, 0.997712, 0.00343928, 0.99438, 0.0524879
8093.55, 0.998376, 0.00344095, 0.99558, 0.0374914
8093.56, 0.99908, 0.00344292, 0.99674, 0.0249943
8093.57, 0.999228, 0.00344412, 0.99777, 0.0162463
8093.58, 0.998757, 0.00344389, 1, 0
8093.59, 0.997842, 0.00344188, 1, 0
8093.6, 0.99719, 0.00344004, 1, 0
8093.61, 0.997969, 0.00344234, 1, 0
8093.62, 1.00046, 0.00344986, 1, 0
8093.63, 1.00321, 0.0034581, 1, 0
8093.64, 1.00489, 0.00346292, 1, 0
8093.65, 1.00571, 0.00346502, 1, 0
8093.66, 1.00666, 0.00346753, 1, 0
