wav, obs, sigma_obs, syn, weight
8214.74, 0.986127, 0.00388925, 1, 0
8214.75, 0.988106, 0.00389515, 1, 0
8214.76, 0.990437, 0.00390183, 1, 0
8214.77, 0.992369, 0.00390745, 1, 0
8214.78, 0.99328, 0.00391056, 1, 0
8214.79, 0.993763, 0.00391299, 1, 0
8214.8, 0.994762, 0.00391744, 1, 0
8214.81, 0.996375, 0.00392345, 1, 0
8214.82, 0.998197, 0.00392879, 0.99943, 0.0333767
8214.83, 0.999782, 0.00393255, 0.99868, 0.0637191
8214.84, 1.00066, 0.00393506, 0.9973, 0.0970958
8214.85, 1.00058, 0.00393618, 0.99509, 0.145644
8214.86, 0.999657, 0.00393492, 0.99194, 0.20026
8214.87, 0.99816, 0.00393119, 0.98795, 0.248808
8214.88, 0.99665, 0.00392726, 0.98342, 0.297356
8214.89, 0.995565, 0.00392503, 0.97873, 0.339835
8214.9, 0.994647, 0.00392352, 0.97416, 0.37928
8214.91, 0.993502, 0.00392114, 0.96982, 0.424794
8214.92, 0.992079, 0.00391761, 0.96559, 0.476376
8214.93, 0.990449, 0.00391311, 0.96127, 0.540095
8214.94, 0.988323, 0.00390713, 0.95662, 0.62202
8214.95, 0.985175, 0.00389869, 0.9515, 0.713047
8214.96, 0.981018, 0.00388794, 0.94583, 0.825314
8214.97, 0.976481, 0.00387632, 0.93965, 0.955787
8214.98, 0.971838, 0.00386431, 0.93301, 1.10143
8214.99, 0.966673, 0.00385068, 0.92602, 1.25618
8215, 0.960681, 0.00383444, 0.9188, 1.42609
8215.01, 0.954096, 0.00381609, 0.9115, 1.60511
8215.02, 0.947291, 0.00379662, 0.90427, 1.78717
8215.03, 0.940822, 0.00377823, 0.89725, 1.96619
8215.04, 0.935194, 0.00376308, 0.89058, 2.14218
8215.05, 0.929925, 0.0037492, 0.88438, 2.30603
8215.06, 0.924113, 0.00373285, 0.87876, 2.46077
8215.07, 0.918226, 0.00371557, 0.87381, 2.59428
8215.08, 0.913838, 0.00370315, 0.86961, 2.71261
8215.09, 0.911176, 0.00369656, 0.86622, 2.80668
8215.1, 0.908672, 0.00369032, 0.86367, 2.8795
8215.11, 0.905288, 0.00368097, 0.86199, 2.92805
8215.12, 0.901341, 0.00367016, 0.86119, 2.95232
8215.13, 0.896825, 0.00365846, 0.8613, 2.94928
8215.14, 0.890029, 0.00364033, 0.86229, 2.92198
8215.15, 0.879353, 0.00361041, 0.86418, 2.86736
8215.16, 0.866028, 0.00357226, 0.86693, 2.7915
8215.17, 0.852255, 0.00353248, 0.87053, 2.69441
8215.18, 0.83961, 0.00349606, 0.87493, 2.57
8215.19, 0.829303, 0.00346698, 0.88006, 2.43043
8215.2, 0.822655, 0.00344887, 0.88587, 2.27568
8215.21, 0.821078, 0.00344502, 0.89225, 2.10577
8215.22, 0.825256, 0.00345721, 0.8991, 1.92978
8215.23, 0.83479, 0.00348504, 0.90629, 1.74772
8215.24, 0.849023, 0.00352704, 0.91369, 1.56567
8215.25, 0.866901, 0.00357956, 0.92118, 1.38968
8215.26, 0.887144, 0.0036384, 0.9286, 1.21673
8215.27, 0.907819, 0.00369827, 0.93583, 1.05592
8215.28, 0.926967, 0.00375391, 0.94276, 0.910273
8215.29, 0.943536, 0.0038022, 0.94931, 0.779801
8215.3, 0.956916, 0.00384105, 0.95544, 0.664499
8215.31, 0.96726, 0.00387096, 0.96114, 0.564369
8215.32, 0.975224, 0.00389406, 0.96649, 0.476376
8215.33, 0.981378, 0.00391207, 0.97158, 0.403554
8215.34, 0.986188, 0.00392619, 0.97653, 0.34287
8215.35, 0.990061, 0.00393768, 0.98134, 0.282185
8215.36, 0.993308, 0.00394787, 0.98591, 0.230603
8215.37, 0.996198, 0.00395762, 0.99005, 0.185089
8215.38, 0.998905, 0.00396649, 0.9935, 0.139575
8215.39, 1.00141, 0.00397367, 0.99612, 0.0970958
8215.4, 1.00294, 0.00397766, 0.99791, 0.0637191
8215.41, 1.00272, 0.00397725, 0.99899, 0.0394452
8215.42, 1.00172, 0.00397517, 0.99957, 0.0212397
8215.43, 1.0016, 0.00397566, 1, 0
8215.44, 1.00264, 0.00397934, 1, 0
8215.45, 1.00383, 0.00398345, 1, 0
8215.46, 1.00472, 0.00398672, 1, 0
8215.47, 1.00561, 0.00398999, 1, 0
8215.48, 1.0065, 0.00399326, 1, 0
8215.49, 1.00739, 0.00399653, 1, 0
8215.5, 1.00828, 0.0039998, 1, 0
