wav, obs, sigma_obs, syn, weight
8337.94, 0.975939, 0.00458954, 1, 0
8337.95, 0.978262, 0.00459813, 1, 0
8337.96, 0.980981, 0.0046079, 1, 0
8337.97, 0.984259, 0.0046193, 1, 0
8337.98, 0.986755, 0.00462829, 1, 0
8337.99, 0.987014, 0.00463045, 1, 0
8338, 0.986255, 0.00462923, 1, 0
8338.01, 0.986503, 0.00463054, 1, 0
8338.02, 0.987379, 0.00463358, 0.99678, 0.00896166
8338.03, 0.987476, 0.00463465, 0.99668, 0.0179233
8338.04, 0.987028, 0.0046342, 0.99664, 0.026885
8338.05, 0.987189, 0.00463502, 0.99664, 0.0418211
8338.06, 0.988402, 0.00463914, 0.99667, 0.0627316
8338.07, 0.990579, 0.00464778, 0.99674, 0.0866294
8338.08, 0.993181, 0.00465872, 0.99683, 0.110527
8338.09, 0.995328, 0.00466706, 0.99693, 0.143387
8338.1, 0.996613, 0.00467125, 0.99704, 0.176246
8338.11, 0.997117, 0.00467318, 0.99713, 0.218067
8338.12, 0.997362, 0.00467481, 0.9972, 0.271837
8338.13, 0.998333, 0.004678, 0.99723, 0.337556
8338.14, 0.999985, 0.00468246, 0.99722, 0.421198
8338.15, 1.00084, 0.00468494, 0.99714, 0.522763
8338.16, 1.00026, 0.0046841, 0.99698, 0.642252
8338.17, 0.999177, 0.00468203, 0.99669, 0.782651
8338.18, 0.998129, 0.00467949, 0.99626, 0.946948
8338.19, 0.996647, 0.00467415, 0.99564, 1.12618
8338.2, 0.994653, 0.004666, 0.99479, 1.32035
8338.21, 0.993212, 0.00466122, 0.99364, 1.52946
8338.22, 0.992832, 0.00466288, 0.99216, 1.74752
8338.23, 0.992048, 0.00466321, 0.99032, 1.9626
8338.24, 0.98969, 0.00465585, 0.98809, 2.17768
8338.25, 0.986657, 0.00464526, 0.98551, 2.38679
8338.26, 0.983884, 0.00463632, 0.98263, 2.57797
8338.27, 0.980769, 0.00462681, 0.97958, 2.75422
8338.28, 0.976766, 0.00461432, 0.9765, 2.90358
8338.29, 0.973402, 0.00460379, 0.97359, 3.03203
8338.3, 0.972271, 0.00460057, 0.97103, 3.13658
8338.31, 0.971794, 0.00459959, 0.96903, 3.20827
8338.32, 0.969757, 0.00459367, 0.96775, 3.25308
8338.33, 0.9674, 0.00458673, 0.9673, 3.26802
8338.34, 0.96715, 0.00458661, 0.9677, 3.25308
8338.35, 0.969047, 0.0045938, 0.96893, 3.20827
8338.36, 0.97194, 0.00460511, 0.97087, 3.13359
8338.37, 0.974864, 0.00461667, 0.97335, 3.03203
8338.38, 0.977073, 0.00462475, 0.97619, 2.90059
8338.39, 0.979188, 0.00463184, 0.97916, 2.74824
8338.4, 0.982661, 0.00464432, 0.98207, 2.57498
8338.41, 0.987003, 0.00466018, 0.98475, 2.38081
8338.42, 0.990192, 0.00467088, 0.98705, 2.1747
8338.43, 0.991833, 0.00467539, 0.98891, 1.95962
8338.44, 0.993112, 0.00467998, 0.99025, 1.74155
8338.45, 0.994541, 0.00468672, 0.99107, 1.52348
8338.46, 0.995813, 0.00469271, 0.9914, 1.31736
8338.47, 0.996802, 0.00469695, 0.99126, 1.11722
8338.48, 0.99767, 0.0047012, 0.99075, 0.937987
8338.49, 0.998192, 0.00470461, 0.98996, 0.776677
8338.5, 0.99753, 0.00470214, 0.989, 0.636278
8338.51, 0.995717, 0.0046936, 0.988, 0.513802
8338.52, 0.994432, 0.00468816, 0.98712, 0.412236
8338.53, 0.994456, 0.00469012, 0.98645, 0.331581
8338.54, 0.994301, 0.00469138, 0.9861, 0.262875
8338.55, 0.993118, 0.00468711, 0.98613, 0.212093
8338.56, 0.99238, 0.00468466, 0.98654, 0.170271
8338.57, 0.993184, 0.00468948, 0.9873, 0.134425
8338.58, 0.994475, 0.00469585, 0.98833, 0.10754
8338.59, 0.995144, 0.00469807, 0.98955, 0.0836421
8338.6, 0.995271, 0.00469766, 0.99084, 0.0597444
8338.61, 0.99518, 0.00469728, 0.99211, 0.0418211
8338.62, 0.995128, 0.0046976, 0.99328, 0.026885
8338.63, 0.995294, 0.00469872, 0.99431, 0.0149361
8338.64, 0.995565, 0.00470043, 0.99517, 0.00896166
8338.65, 0.995774, 0.00470242, 1, 0
8338.66, 0.995963, 0.00470437, 1, 0
8338.67, 0.996232, 0.00470601, 1, 0
8338.68, 0.996571, 0.0047074, 1, 0
8338.69, 0.996899, 0.00470884, 1, 0
8338.7, 0.997217, 0.00471031, 1, 0
8338.71, 0.997534, 0.00471178, 1, 0
8338.72, 0.997852, 0.00471324, 1, 0
