wav, obs, sigma_obs, syn, weight
8411.93, 0.987896, 0.00323565, 1, 0
8411.94, 0.984273, 0.00322698, 1, 0
8411.95, 0.980145, 0.00321693, 1, 0
8411.96, 0.976397, 0.00320788, 1, 0
8411.97, 0.974184, 0.00320288, 1, 0
8411.98, 0.973886, 0.00320282, 1, 0
8411.99, 0.974916, 0.00320583, 1, 0
8412, 0.976673, 0.00321005, 1, 0
8412.01, 0.978853, 0.00321493, 1, 0
8412.02, 0.981259, 0.00322033, 1, 0
8412.03, 0.983832, 0.00322631, 0.99626, 0.0537037
8412.04, 0.986715, 0.00323315, 0.99616, 0.107407
8412.05, 0.99, 0.00324102, 0.99605, 0.161111
8412.06, 0.993299, 0.00324888, 0.99594, 0.161111
8412.07, 0.996026, 0.00325524, 0.99582, 0.214815
8412.08, 0.997828, 0.0032593, 0.99568, 0.268519
8412.09, 0.998757, 0.00326141, 0.99553, 0.322222
8412.1, 0.998942, 0.0032621, 0.99535, 0.375926
8412.11, 0.998809, 0.00326226, 0.99515, 0.375926
8412.12, 0.998926, 0.00326294, 0.99492, 0.483333
8412.13, 0.999449, 0.00326433, 0.99463, 0.537037
8412.14, 0.999695, 0.00326492, 0.99426, 0.644444
8412.15, 0.998966, 0.00326319, 0.99377, 0.751852
8412.16, 0.99746, 0.00325966, 0.99309, 0.859259
8412.17, 0.995891, 0.00325607, 0.99209, 0.912963
8412.18, 0.994446, 0.00325288, 0.99061, 1.07407
8412.19, 0.992052, 0.00324751, 0.98837, 1.18148
8412.2, 0.987531, 0.00323711, 0.98502, 1.28889
8412.21, 0.980664, 0.00322113, 0.98009, 1.3963
8412.22, 0.97188, 0.00320053, 0.973, 1.5037
8412.23, 0.961288, 0.0031756, 0.96316, 1.61111
8412.24, 0.94808, 0.00314456, 0.94997, 1.71852
8412.25, 0.931319, 0.00310536, 0.93298, 1.87963
8412.26, 0.910572, 0.00305686, 0.91202, 1.93333
8412.27, 0.885799, 0.00299864, 0.88727, 2.04074
8412.28, 0.857141, 0.00293076, 0.85934, 2.09444
8412.29, 0.825314, 0.00285475, 0.82932, 2.20185
8412.3, 0.791198, 0.0027726, 0.79865, 2.30926
8412.31, 0.756655, 0.0026888, 0.769, 2.36296
8412.32, 0.724427, 0.00261017, 0.74214, 2.47037
8412.33, 0.697094, 0.00254313, 0.7197, 2.52407
8412.34, 0.67649, 0.00249245, 0.70307, 2.57778
8412.35, 0.664239, 0.00246239, 0.69326, 2.57778
8412.36, 0.661198, 0.00245521, 0.69087, 2.63148
8412.37, 0.667434, 0.00247108, 0.69604, 2.63148
8412.38, 0.682741, 0.00250942, 0.70845, 2.63148
8412.39, 0.705857, 0.00256681, 0.72733, 2.57778
8412.4, 0.735206, 0.00263899, 0.75151, 2.52407
8412.41, 0.768725, 0.00272078, 0.7795, 2.47037
8412.42, 0.803775, 0.00280582, 0.8096, 2.36296
8412.43, 0.837871, 0.00288817, 0.84008, 2.30926
8412.44, 0.869532, 0.00296426, 0.86933, 2.25556
8412.45, 0.897613, 0.00303135, 0.89605, 2.09444
8412.46, 0.921337, 0.00308775, 0.91934, 2.04074
8412.47, 0.940429, 0.00313323, 0.93874, 1.93333
8412.48, 0.954766, 0.00316785, 0.95422, 1.87963
8412.49, 0.964972, 0.00319294, 0.96607, 1.77222
8412.5, 0.971948, 0.0032103, 0.97481, 1.61111
8412.51, 0.976527, 0.00322178, 0.98102, 1.5037
8412.52, 0.979428, 0.0032293, 0.98531, 1.3963
8412.53, 0.981332, 0.00323471, 0.9882, 1.28889
8412.54, 0.982726, 0.00323926, 0.99012, 1.18148
8412.55, 0.984006, 0.00324392, 0.99139, 1.07407
8412.56, 0.985392, 0.003249, 0.99224, 0.912963
8412.57, 0.986789, 0.00325367, 0.99282, 0.805556
8412.58, 0.988106, 0.00325715, 0.99323, 0.698148
8412.59, 0.989561, 0.00326035, 0.99353, 0.590741
8412.6, 0.991522, 0.00326499, 0.99376, 0.537037
8412.61, 0.99407, 0.00327169, 0.99395, 0.42963
8412.62, 0.996696, 0.00327889, 0.99409, 0.42963
8412.63, 0.998862, 0.00328487, 0.99421, 0.322222
8412.64, 1.00047, 0.00328924, 0.99431, 0.268519
8412.65, 1.00166, 0.0032924, 0.9944, 0.214815
8412.66, 1.00256, 0.00329469, 0.99447, 0.214815
8412.67, 1.0032, 0.00329641, 0.99453, 0.161111
8412.68, 1.00358, 0.00329785, 0.99458, 0.161111
8412.69, 1.00376, 0.00329908, 0.99463, 0.107407
8412.7, 1.00381, 0.00330006, 1, 0
8412.71, 1.00387, 0.00330091, 1, 0
8412.72, 1.00417, 0.00330221, 1, 0
8412.73, 1.00496, 0.00330452, 1, 0
8412.74, 1.00598, 0.00330728, 1, 0
8412.75, 1.00665, 0.00330909, 1, 0
8412.76, 1.00656, 0.00330904, 1, 0
8412.77, 1.00596, 0.00330772, 1, 0
8412.78, 1.00542, 0.00330653, 1, 0
8412.79, 1.00503, 0.00330573, 1, 0
