wav, obs, sigma_obs, syn, weight
8443.54, 0.993642, 0.00420313, 1, 0
8443.55, 0.99489, 0.0042077, 1, 0
8443.56, 0.996412, 0.00421286, 1, 0
8443.57, 0.998031, 0.00421815, 1, 0
8443.58, 0.99926, 0.00422235, 1, 0
8443.59, 0.999975, 0.00422534, 1, 0
8443.6, 1.00065, 0.00422874, 1, 0
8443.61, 1.00161, 0.00423344, 1, 0
8443.62, 1.00265, 0.00423803, 0.99917, 0.00910015
8443.63, 1.00348, 0.00424088, 0.99905, 0.0156003
8443.64, 1.00375, 0.00424151, 0.99895, 0.0247004
8443.65, 1.00323, 0.00423999, 0.99886, 0.0377006
8443.66, 1.00246, 0.00423829, 0.99876, 0.0520008
8443.67, 1.00242, 0.00423926, 0.99866, 0.0676011
8443.68, 1.00304, 0.00424251, 0.99856, 0.0845014
8443.69, 1.00337, 0.00424485, 0.99843, 0.101402
8443.7, 1.00305, 0.00424493, 0.99829, 0.119602
8443.71, 1.00258, 0.00424421, 0.99812, 0.141702
8443.72, 1.00224, 0.00424366, 0.99791, 0.167703
8443.73, 1.00166, 0.00424237, 0.99765, 0.200203
8443.74, 1.00048, 0.00423953, 0.99733, 0.241804
8443.75, 0.999009, 0.00423601, 0.99692, 0.293805
8443.76, 0.997682, 0.00423299, 0.99639, 0.358806
8443.77, 0.996488, 0.00423037, 0.99569, 0.438107
8443.78, 0.995213, 0.00422745, 0.99477, 0.534309
8443.79, 0.993753, 0.00422382, 0.99356, 0.64871
8443.8, 0.99209, 0.00421928, 0.99197, 0.781313
8443.81, 0.990136, 0.00421362, 0.98991, 0.930815
8443.82, 0.987702, 0.00420658, 0.98729, 1.09982
8443.83, 0.984671, 0.00419799, 0.98402, 1.28312
8443.84, 0.981106, 0.0041879, 0.98002, 1.47942
8443.85, 0.977041, 0.00417629, 0.97524, 1.68613
8443.86, 0.972328, 0.00416261, 0.96969, 1.89543
8443.87, 0.96678, 0.00414625, 0.9634, 2.10863
8443.88, 0.960299, 0.00412677, 0.95649, 2.31794
8443.89, 0.952864, 0.00410397, 0.94913, 2.51944
8443.9, 0.945025, 0.00407996, 0.94155, 2.70924
8443.91, 0.937719, 0.00405841, 0.93404, 2.87955
8443.92, 0.930985, 0.00403936, 0.9269, 3.03165
8443.93, 0.923797, 0.00401856, 0.92047, 3.16165
8443.94, 0.916102, 0.00399522, 0.91508, 3.26305
8443.95, 0.909894, 0.00397593, 0.91099, 3.33845
8443.96, 0.906829, 0.00396635, 0.90844, 3.38265
8443.97, 0.906576, 0.00396606, 0.90758, 3.39825
8443.98, 0.908411, 0.00397324, 0.90843, 3.38265
8443.99, 0.911804, 0.00398528, 0.91097, 3.33845
8444, 0.916324, 0.00399955, 0.91504, 3.26305
8444.01, 0.921814, 0.00401605, 0.92042, 3.16165
8444.02, 0.928285, 0.00403639, 0.92683, 3.03295
8444.03, 0.935583, 0.00406006, 0.93394, 2.88085
8444.04, 0.943373, 0.00408436, 0.94144, 2.70924
8444.05, 0.951279, 0.00410777, 0.94899, 2.51944
8444.06, 0.958865, 0.00413108, 0.95632, 2.31924
8444.07, 0.965718, 0.00415428, 0.9632, 2.11123
8444.08, 0.971505, 0.00417445, 0.96945, 1.89933
8444.09, 0.976062, 0.00418913, 0.97497, 1.68743
8444.1, 0.979997, 0.00420084, 0.97971, 1.48332
8444.11, 0.984059, 0.00421326, 0.98367, 1.28702
8444.12, 0.987924, 0.00422554, 0.9869, 1.10502
8444.13, 0.990729, 0.0042345, 0.98947, 0.937315
8444.14, 0.992485, 0.00424012, 0.99147, 0.789113
8444.15, 0.993985, 0.00424518, 0.993, 0.657811
8444.16, 0.995406, 0.00425023, 0.99415, 0.546009
8444.17, 0.995976, 0.00425239, 0.99499, 0.452407
8444.18, 0.995523, 0.00425095, 0.9956, 0.377006
8444.19, 0.995574, 0.00425127, 0.99603, 0.318505
8444.2, 0.9973, 0.00425751, 0.99632, 0.274304
8444.21, 0.999246, 0.00426456, 0.99649, 0.240504
8444.22, 0.999549, 0.0042659, 0.99656, 0.217103
8444.23, 0.998695, 0.0042633, 0.99653, 0.201503
8444.24, 0.998164, 0.00426204, 0.99642, 0.188503
8444.25, 0.998032, 0.00426221, 0.9962, 0.178103
8444.26, 0.997326, 0.00426002, 0.99588, 0.162503
8444.27, 0.996069, 0.00425571, 0.99546, 0.141702
8444.28, 0.995566, 0.00425472, 0.99496, 0.117002
8444.29, 0.996254, 0.0042588, 0.99444, 0.0897014
8444.3, 0.996612, 0.0042614, 0.99397, 0.062401
8444.31, 0.995449, 0.00425751, 0.9937, 0.0403006
8444.32, 0.993609, 0.00425113, 0.99373, 0.0234004
8444.33, 0.992194, 0.00424728, 1, 0
8444.34, 0.991116, 0.00424516, 1, 0
8444.35, 0.989865, 0.00424191, 1, 0
8444.36, 0.988348, 0.00423705, 1, 0
8444.37, 0.986804, 0.00423203, 1, 0
8444.38, 0.985329, 0.00422742, 1, 0
8444.39, 0.983854, 0.00422282, 1, 0
8444.4, 0.982379, 0.00421822, 1, 0
