wav, obs, sigma_obs, syn, weight
8556.19, 0.998677, 0.00421196, 1, 0
8556.2, 0.998953, 0.00421381, 1, 0
8556.21, 0.99906, 0.00421491, 1, 0
8556.22, 0.998872, 0.00421467, 1, 0
8556.23, 0.998652, 0.00421396, 1, 0
8556.24, 0.998854, 0.00421438, 1, 0
8556.25, 0.999357, 0.00421573, 1, 0
8556.26, 0.999393, 0.00421582, 1, 0
8556.27, 0.998565, 0.00421348, 1, 0
8556.28, 0.997434, 0.00421022, 0.99644, 0.0239777
8556.29, 0.996572, 0.00420762, 0.99578, 0.0385097
8556.3, 0.995882, 0.0042056, 0.99523, 0.055948
8556.31, 0.995069, 0.00420355, 0.99478, 0.0755662
8556.32, 0.994222, 0.00420164, 0.9944, 0.0951843
8556.33, 0.993702, 0.00420058, 0.99407, 0.112623
8556.34, 0.993611, 0.00420053, 0.99376, 0.127881
8556.35, 0.993659, 0.00420083, 0.99344, 0.14096
8556.36, 0.993537, 0.00420072, 0.99311, 0.151859
8556.37, 0.992978, 0.00419931, 0.99276, 0.162031
8556.38, 0.991797, 0.0041959, 0.99238, 0.172204
8556.39, 0.990348, 0.00419155, 0.99196, 0.182376
8556.4, 0.989206, 0.00418801, 0.9915, 0.193275
8556.41, 0.988502, 0.0041858, 0.99101, 0.204901
8556.42, 0.987954, 0.00418426, 0.99046, 0.218706
8556.43, 0.987369, 0.00418291, 0.98986, 0.232511
8556.44, 0.986761, 0.00418161, 0.9892, 0.249223
8556.45, 0.986065, 0.00417997, 0.98847, 0.267388
8556.46, 0.984791, 0.00417629, 0.98765, 0.288459
8556.47, 0.982445, 0.00416891, 0.98674, 0.312437
8556.48, 0.979684, 0.00416013, 0.98571, 0.339321
8556.49, 0.977799, 0.00415448, 0.98453, 0.371291
8556.5, 0.976853, 0.00415218, 0.98318, 0.408348
8556.51, 0.975415, 0.00414828, 0.98161, 0.45267
8556.52, 0.972685, 0.00414001, 0.97976, 0.504259
8556.53, 0.969676, 0.00413089, 0.97756, 0.564566
8556.54, 0.967373, 0.00412434, 0.97491, 0.635773
8556.55, 0.964971, 0.00411757, 0.97169, 0.717879
8556.56, 0.961124, 0.0041059, 0.96777, 0.810883
8556.57, 0.955792, 0.00408933, 0.96299, 0.915513
8556.58, 0.949914, 0.00407134, 0.95718, 1.02959
8556.59, 0.943958, 0.00405355, 0.95018, 1.15529
8556.6, 0.93763, 0.00403458, 0.94183, 1.28826
8556.61, 0.930565, 0.004013, 0.93201, 1.42776
8556.62, 0.922373, 0.00398795, 0.92064, 1.57236
8556.63, 0.912648, 0.00395858, 0.90771, 1.71986
8556.64, 0.900897, 0.00392313, 0.89324, 1.86881
8556.65, 0.886625, 0.00387954, 0.87737, 2.01776
8556.66, 0.870151, 0.0038287, 0.86028, 2.16671
8556.67, 0.852561, 0.0037743, 0.84221, 2.31276
8556.68, 0.834403, 0.00371827, 0.82348, 2.4559
8556.69, 0.815126, 0.00365884, 0.80444, 2.59541
8556.7, 0.794251, 0.00359442, 0.78549, 2.72983
8556.71, 0.772182, 0.00352616, 0.76707, 2.85771
8556.72, 0.749605, 0.00345603, 0.74961, 2.97832
8556.73, 0.727671, 0.00338737, 0.73358, 3.08731
8556.74, 0.707787, 0.00332429, 0.7194, 3.18468
8556.75, 0.690933, 0.0032701, 0.70748, 3.26751
8556.76, 0.677573, 0.0032272, 0.69818, 3.33218
8556.77, 0.668125, 0.00319745, 0.69178, 3.37868
8556.78, 0.662962, 0.00318157, 0.68849, 3.40338
8556.79, 0.662441, 0.00318019, 0.68839, 3.40556
8556.8, 0.666854, 0.00319436, 0.69149, 3.3874
8556.81, 0.676406, 0.00322502, 0.69768, 3.34671
8556.82, 0.690343, 0.00326984, 0.70673, 3.28713
8556.83, 0.707221, 0.00332412, 0.71838, 3.21011
8556.84, 0.725938, 0.00338402, 0.73226, 3.1171
8556.85, 0.745915, 0.00344712, 0.74797, 3.01175
8556.86, 0.766699, 0.00351169, 0.76509, 2.89622
8556.87, 0.788108, 0.00357798, 0.78317, 2.77197
8556.88, 0.80988, 0.00364602, 0.80179, 2.64046
8556.89, 0.830832, 0.00371175, 0.82053, 2.50386
8556.9, 0.849468, 0.00376965, 0.839, 2.36362
8556.91, 0.865863, 0.00381996, 0.85686, 2.21903
8556.92, 0.881483, 0.00386801, 0.8738, 2.07226
8556.93, 0.896785, 0.00391549, 0.88959, 1.92476
8556.94, 0.910315, 0.00395717, 0.90405, 1.77653
8556.95, 0.920946, 0.0039891, 0.91705, 1.62903
8556.96, 0.929637, 0.00401514, 0.92856, 1.48444
8556.97, 0.937715, 0.00404044, 0.93857, 1.34421
8556.98, 0.945247, 0.00406483, 0.94715, 1.21051
8556.99, 0.951647, 0.00408534, 0.95443, 1.08408
8557, 0.956898, 0.00410151, 0.96052, 0.967102
8557.01, 0.961603, 0.00411555, 0.96559, 0.859565
8557.02, 0.966088, 0.00412881, 0.96979, 0.763654
8557.03, 0.969999, 0.00414043, 0.97326, 0.679369
8557.04, 0.972958, 0.00414943, 0.97614, 0.604529
8557.05, 0.974909, 0.00415575, 0.97855, 0.540589
8557.06, 0.975954, 0.00415976, 0.98057, 0.485367
8557.07, 0.976873, 0.00416368, 0.98228, 0.437412
8557.08, 0.978849, 0.00417083, 0.98375, 0.397449
8557.09, 0.981705, 0.00418034, 0.98503, 0.362572
8557.1, 0.983489, 0.00418591, 0.98614, 0.332782
8557.11, 0.982982, 0.00418381, 0.98713, 0.306624
8557.12, 0.981262, 0.00417824, 0.988, 0.2841
8557.13, 0.979642, 0.00417404, 0.98879, 0.263755
8557.14, 0.978546, 0.00417192, 0.98949, 0.246317
8557.15, 0.978051, 0.00417105, 0.99013, 0.230331
8557.16, 0.978012, 0.00417071, 0.99071, 0.216526
8557.17, 0.978117, 0.00417027, 0.99124, 0.203447
8557.18, 0.978485, 0.00417063, 0.99172, 0.191095
8557.19, 0.979902, 0.004175, 0.99216, 0.17947
8557.2, 0.982791, 0.00418505, 0.99257, 0.167844
8557.21, 0.986199, 0.00419674, 0.99295, 0.155492
8557.22, 0.989064, 0.00420559, 0.99331, 0.14096
8557.23, 0.991563, 0.00421251, 0.99366, 0.123522
8557.24, 0.994379, 0.00422068, 0.99403, 0.103903
8557.25, 0.997359, 0.00422983, 0.99445, 0.0828321
8557.26, 0.999593, 0.00423667, 0.99494, 0.0610342
8557.27, 1.00075, 0.00423994, 0.99554, 0.0421427
8557.28, 1.00162, 0.00424233, 0.99623, 0.0268841
8557.29, 1.00287, 0.00424621, 1, 0
8557.3, 1.0043, 0.00425113, 1, 0
8557.31, 1.00552, 0.00425597, 1, 0
8557.32, 1.00641, 0.00425996, 1, 0
8557.33, 1.00706, 0.0042626, 1, 0
8557.34, 1.00752, 0.00426395, 1, 0
8557.35, 1.00793, 0.00426486, 1, 0
8557.36, 1.00839, 0.0042662, 1, 0
8557.37, 1.00886, 0.00426754, 1, 0
