wav, obs, sigma_obs, syn, weight
8595.5, 1.00348, 0.00368718, 1, 0
8595.51, 1.00346, 0.00368713, 1, 0
8595.52, 1.00349, 0.00368754, 1, 0
8595.53, 1.00353, 0.00368833, 1, 0
8595.54, 1.00327, 0.00368844, 1, 0
8595.55, 1.00238, 0.0036866, 1, 0
8595.56, 1.00067, 0.00368204, 1, 0
8595.57, 0.998638, 0.00367633, 1, 0
8595.58, 0.996983, 0.00367167, 1, 0
8595.59, 0.996249, 0.00366979, 1, 0
8595.6, 0.996165, 0.0036699, 1, 0
8595.61, 0.996186, 0.00367035, 0.99346, 0.0568444
8595.62, 0.995829, 0.00366969, 0.99307, 0.0723474
8595.63, 0.995047, 0.00366778, 0.99274, 0.0904343
8595.64, 0.993964, 0.00366501, 0.99247, 0.107229
8595.65, 0.992707, 0.00366177, 0.99224, 0.126608
8595.66, 0.991386, 0.00365837, 0.99204, 0.147279
8595.67, 0.990103, 0.0036551, 0.99185, 0.169241
8595.68, 0.988959, 0.00365223, 0.99165, 0.193788
8595.69, 0.988012, 0.00364981, 0.99141, 0.22221
8595.7, 0.987298, 0.00364778, 0.99111, 0.254508
8595.71, 0.986835, 0.00364604, 0.99073, 0.293265
8595.72, 0.986446, 0.00364431, 0.99022, 0.339774
8595.73, 0.985816, 0.0036422, 0.98956, 0.396619
8595.74, 0.984645, 0.00363931, 0.98868, 0.462507
8595.75, 0.983003, 0.00363572, 0.98755, 0.541314
8595.76, 0.981268, 0.00363185, 0.9861, 0.634332
8595.77, 0.979808, 0.00362812, 0.98426, 0.738977
8595.78, 0.978489, 0.00362417, 0.98198, 0.857833
8595.79, 0.976667, 0.00361886, 0.97917, 0.993485
8595.8, 0.973695, 0.00361106, 0.97578, 1.14076
8595.81, 0.969427, 0.0036005, 0.97175, 1.30096
8595.82, 0.964323, 0.003588, 0.96703, 1.47149
8595.83, 0.958872, 0.00357441, 0.96163, 1.65107
8595.84, 0.953367, 0.00356025, 0.95555, 1.83582
8595.85, 0.947814, 0.00354559, 0.94885, 2.02314
8595.86, 0.942197, 0.00353041, 0.94163, 2.21047
8595.87, 0.936365, 0.00351441, 0.93404, 2.39263
8595.88, 0.929938, 0.00349673, 0.92626, 2.56833
8595.89, 0.922516, 0.00347647, 0.91851, 2.73241
8595.9, 0.914074, 0.00345367, 0.91104, 2.88227
8595.91, 0.905348, 0.00343023, 0.90412, 3.01534
8595.92, 0.897168, 0.0034083, 0.898, 3.12644
8595.93, 0.890253, 0.00338975, 0.89295, 3.21558
8595.94, 0.885061, 0.00337587, 0.88916, 3.28018
8595.95, 0.882006, 0.00336783, 0.88681, 3.32023
8595.96, 0.88134, 0.00336632, 0.88599, 3.33315
8595.97, 0.882822, 0.00337066, 0.88675, 3.32023
8595.98, 0.886124, 0.00337988, 0.88905, 3.27889
8595.99, 0.890941, 0.00339308, 0.89279, 3.21429
8596, 0.897065, 0.00340949, 0.89779, 3.12515
8596.01, 0.904305, 0.00342841, 0.90386, 3.01275
8596.02, 0.91242, 0.00344909, 0.91073, 2.87968
8596.03, 0.920942, 0.00347075, 0.91815, 2.73111
8596.04, 0.92934, 0.00349261, 0.92585, 2.56575
8596.05, 0.937159, 0.00351391, 0.93359, 2.39005
8596.06, 0.944334, 0.00353405, 0.94113, 2.2066
8596.07, 0.95093, 0.00355251, 0.94829, 2.01927
8596.08, 0.957, 0.00356882, 0.95494, 1.83065
8596.09, 0.962525, 0.00358299, 0.96097, 1.6459
8596.1, 0.967459, 0.00359519, 0.96633, 1.46633
8596.11, 0.971762, 0.00360558, 0.971, 1.29579
8596.12, 0.975465, 0.00361442, 0.97501, 1.1356
8596.13, 0.978629, 0.00362195, 0.97839, 0.988317
8596.14, 0.981313, 0.00362841, 0.98121, 0.85525
8596.15, 0.983536, 0.00363394, 0.98353, 0.736393
8596.16, 0.985294, 0.00363861, 0.98543, 0.630456
8596.17, 0.986592, 0.00364248, 0.98697, 0.53873
8596.18, 0.987562, 0.00364565, 0.98821, 0.461215
8596.19, 0.988413, 0.00364822, 0.98922, 0.395327
8596.2, 0.989349, 0.00365031, 0.99003, 0.338482
8596.21, 0.990406, 0.00365216, 0.99069, 0.293265
8596.22, 0.991489, 0.00365412, 0.99123, 0.253216
8596.23, 0.992502, 0.00365652, 0.99168, 0.220918
8596.24, 0.993385, 0.00365917, 0.99205, 0.193788
8596.25, 0.994112, 0.00366144, 0.99235, 0.169241
8596.26, 0.994663, 0.00366267, 0.99262, 0.148571
8596.27, 0.995077, 0.00366292, 0.99286, 0.1279
8596.28, 0.995467, 0.00366298, 0.99309, 0.108521
8596.29, 0.995942, 0.00366367, 0.99332, 0.0904343
8596.3, 0.996545, 0.00366522, 0.99358, 0.0749312
8596.31, 0.997221, 0.00366713, 0.99389, 0.0581363
8596.32, 0.997912, 0.00366885, 1, 0
8596.33, 0.998539, 0.00366999, 1, 0
8596.34, 0.998995, 0.00367046, 1, 0
8596.35, 0.999172, 0.00367019, 1, 0
8596.36, 0.999075, 0.00366935, 1, 0
8596.37, 0.998911, 0.00366853, 1, 0
8596.38, 0.998909, 0.00366837, 1, 0
8596.39, 0.999199, 0.00366922, 1, 0
8596.4, 0.999695, 0.00367078, 1, 0
8596.41, 1.00026, 0.00367256, 1, 0
8596.42, 1.00069, 0.00367388, 1, 0
