wav, obs, sigma_obs, syn, weight
8647.7, 1.00476, 0.00354464, 1, 0
8647.71, 1.00431, 0.00354328, 1, 0
8647.72, 1.00378, 0.00354174, 1, 0
8647.73, 1.00306, 0.00353981, 1, 0
8647.74, 1.00219, 0.00353762, 1, 0
8647.75, 1.00141, 0.00353581, 1, 0
8647.76, 1.00092, 0.00353493, 1, 0
8647.77, 1.00066, 0.00353471, 1, 0
8647.78, 1.00039, 0.00353439, 1, 0
8647.79, 0.999907, 0.00353338, 1, 0
8647.8, 0.999146, 0.00353158, 0.99071, 0.0556932
8647.81, 0.998057, 0.00352899, 0.98951, 0.0762117
8647.82, 0.99673, 0.00352583, 0.98854, 0.0981959
8647.83, 0.995392, 0.00352262, 0.98781, 0.12018
8647.84, 0.994232, 0.00351976, 0.9873, 0.140699
8647.85, 0.993218, 0.00351713, 0.98699, 0.158286
8647.86, 0.992246, 0.00351444, 0.98685, 0.173675
8647.87, 0.991304, 0.00351172, 0.98685, 0.1854
8647.88, 0.990541, 0.00350961, 0.98696, 0.197125
8647.89, 0.990097, 0.00350871, 0.98718, 0.205918
8647.9, 0.98983, 0.00350856, 0.98747, 0.214712
8647.91, 0.989425, 0.0035081, 0.9878, 0.223506
8647.92, 0.988699, 0.00350665, 0.98816, 0.233032
8647.93, 0.987919, 0.00350488, 0.98852, 0.241826
8647.94, 0.98743, 0.00350371, 0.98885, 0.252085
8647.95, 0.987379, 0.00350367, 0.98914, 0.262344
8647.96, 0.987693, 0.00350486, 0.98937, 0.273336
8647.97, 0.988262, 0.00350718, 0.98951, 0.285794
8647.98, 0.988805, 0.00350945, 0.98958, 0.298252
8647.99, 0.988977, 0.00351013, 0.98955, 0.311442
8648, 0.988676, 0.00350868, 0.98944, 0.325365
8648.01, 0.988269, 0.00350667, 0.98924, 0.340022
8648.02, 0.988145, 0.00350576, 0.98896, 0.356876
8648.03, 0.988297, 0.00350619, 0.9886, 0.373731
8648.04, 0.988437, 0.00350719, 0.98818, 0.391318
8648.05, 0.988351, 0.00350805, 0.98768, 0.411104
8648.06, 0.988105, 0.00350837, 0.98712, 0.431622
8648.07, 0.987827, 0.00350781, 0.98649, 0.455072
8648.08, 0.987561, 0.00350655, 0.9858, 0.478522
8648.09, 0.987245, 0.0035053, 0.98503, 0.505636
8648.1, 0.986813, 0.00350469, 0.98418, 0.534215
8648.11, 0.986206, 0.00350417, 0.98325, 0.564993
8648.12, 0.985369, 0.00350267, 0.98223, 0.598702
8648.13, 0.984238, 0.00349956, 0.9811, 0.636075
8648.14, 0.982733, 0.00349509, 0.97984, 0.676379
8648.15, 0.980783, 0.00348962, 0.97845, 0.72108
8648.16, 0.978506, 0.00348367, 0.97689, 0.770178
8648.17, 0.976162, 0.00347787, 0.97513, 0.824406
8648.18, 0.973908, 0.00347254, 0.97314, 0.884496
8648.19, 0.971446, 0.00346684, 0.97087, 0.951181
8648.2, 0.968376, 0.00345963, 0.96827, 1.02373
8648.21, 0.964625, 0.00345062, 0.96526, 1.10287
8648.22, 0.960559, 0.00344063, 0.96176, 1.18934
8648.23, 0.956515, 0.00343043, 0.95766, 1.28241
8648.24, 0.952341, 0.00341977, 0.95288, 1.38207
8648.25, 0.947659, 0.00340788, 0.94727, 1.48686
8648.26, 0.942152, 0.00339406, 0.94073, 1.59532
8648.27, 0.935664, 0.00337765, 0.93313, 1.7067
8648.28, 0.928064, 0.00335806, 0.92436, 1.82029
8648.29, 0.919266, 0.0033351, 0.91435, 1.93461
8648.3, 0.909227, 0.00330895, 0.90303, 2.04672
8648.31, 0.897932, 0.0032798, 0.89041, 2.15591
8648.32, 0.885493, 0.00324788, 0.87652, 2.26217
8648.33, 0.872053, 0.00321339, 0.86145, 2.3633
8648.34, 0.857595, 0.00317618, 0.84537, 2.46003
8648.35, 0.841874, 0.00313555, 0.82846, 2.55089
8648.36, 0.824681, 0.00309089, 0.811, 2.63737
8648.37, 0.806282, 0.00304292, 0.79327, 2.71797
8648.38, 0.787186, 0.00299306, 0.77561, 2.79199
8648.39, 0.767939, 0.00294277, 0.75838, 2.8616
8648.4, 0.749176, 0.00289368, 0.74195, 2.92389
8648.41, 0.731528, 0.00284739, 0.72671, 2.98105
8648.42, 0.715287, 0.00280461, 0.71304, 3.03088
8648.43, 0.700445, 0.00276523, 0.70129, 3.07338
8648.44, 0.687162, 0.00272967, 0.69178, 3.10709
8648.45, 0.676453, 0.00270083, 0.68478, 3.13201
8648.46, 0.669577, 0.00268236, 0.6805, 3.1474
8648.47, 0.667231, 0.00267621, 0.67905, 3.15179
8648.48, 0.669251, 0.00268184, 0.68049, 3.14667
8648.49, 0.675394, 0.00269847, 0.68476, 3.13128
8648.5, 0.685362, 0.00272523, 0.69175, 3.10563
8648.51, 0.698833, 0.00276121, 0.70125, 3.07192
8648.52, 0.715327, 0.00280514, 0.71298, 3.02942
8648.53, 0.733952, 0.00285471, 0.72663, 2.97812
8648.54, 0.753757, 0.00290744, 0.74184, 2.92169
8648.55, 0.773945, 0.00296117, 0.75823, 2.85794
8648.56, 0.793871, 0.00301399, 0.77542, 2.78906
8648.57, 0.812942, 0.00306416, 0.79302, 2.71358
8648.58, 0.830805, 0.00311084, 0.81068, 2.63297
8648.59, 0.847187, 0.00315345, 0.82805, 2.54723
8648.6, 0.861983, 0.00319179, 0.84484, 2.4549
8648.61, 0.875365, 0.00322622, 0.8608, 2.35817
8648.62, 0.88751, 0.00325715, 0.8757, 2.25557
8648.63, 0.898421, 0.00328491, 0.88941, 2.14932
8648.64, 0.908004, 0.00330979, 0.90183, 2.0394
8648.65, 0.916236, 0.00333196, 0.91292, 1.92654
8648.66, 0.923297, 0.00335129, 0.9227, 1.81223
8648.67, 0.929399, 0.00336759, 0.93122, 1.69937
8648.68, 0.934666, 0.00338103, 0.93857, 1.58652
8648.69, 0.939133, 0.00339207, 0.94487, 1.47807
8648.7, 0.942884, 0.00340132, 0.95026, 1.37328
8648.71, 0.946268, 0.00340993, 0.95486, 1.27435
8648.72, 0.949716, 0.00341924, 0.9588, 1.18055
8648.73, 0.953356, 0.00342947, 0.96219, 1.09408
8648.74, 0.956823, 0.00343905, 0.96514, 1.01494
8648.75, 0.959748, 0.00344646, 0.96773, 0.94312
8648.76, 0.96215, 0.00345203, 0.97004, 0.876435
8648.77, 0.96427, 0.00345721, 0.97212, 0.817078
8648.78, 0.96631, 0.00346298, 0.97402, 0.76285
8648.79, 0.968349, 0.00346896, 0.97576, 0.714485
8648.8, 0.970437, 0.00347456, 0.97737, 0.669784
8648.81, 0.972524, 0.00347965, 0.97887, 0.62948
8648.82, 0.974462, 0.00348449, 0.98027, 0.593572
8648.83, 0.97612, 0.00348927, 0.98156, 0.559863
8648.84, 0.977503, 0.00349361, 0.98276, 0.528352
8648.85, 0.978652, 0.00349693, 0.98387, 0.500506
8648.86, 0.979555, 0.00349896, 0.98489, 0.474858
8648.87, 0.980104, 0.00349995, 0.98582, 0.450675
8648.88, 0.980228, 0.00350023, 0.98667, 0.428691
8648.89, 0.980297, 0.00350066, 0.98744, 0.408172
8648.9, 0.980931, 0.0035024, 0.98813, 0.389852
8648.91, 0.98241, 0.00350593, 0.98876, 0.372265
8648.92, 0.984022, 0.00350977, 0.98934, 0.35541
8648.93, 0.984916, 0.00351218, 0.98986, 0.340022
8648.94, 0.985121, 0.00351328, 0.99033, 0.325365
8648.95, 0.985515, 0.003515, 0.99077, 0.311442
8648.96, 0.986777, 0.00351881, 0.99117, 0.298984
8648.97, 0.988386, 0.00352322, 0.99155, 0.28726
8648.98, 0.989439, 0.00352587, 0.99189, 0.275535
8648.99, 0.989643, 0.0035261, 0.99222, 0.265275
8649, 0.9897, 0.00352608, 0.99252, 0.255016
8649.01, 0.990319, 0.00352799, 0.99281, 0.24549
8649.02, 0.991429, 0.00353147, 0.99307, 0.236696
8649.03, 0.99251, 0.00353478, 0.99333, 0.227902
8649.04, 0.993213, 0.00353674, 0.99357, 0.219842
8649.05, 0.993673, 0.00353794, 0.99379, 0.211048
8649.06, 0.994102, 0.00353922, 0.99401, 0.202254
8649.07, 0.994513, 0.00354064, 0.99421, 0.191262
8649.08, 0.994738, 0.00354151, 0.99442, 0.178804
8649.09, 0.994659, 0.00354132, 0.99463, 0.163416
8649.1, 0.994472, 0.0035407, 0.99486, 0.145095
8649.11, 0.994465, 0.0035406, 0.99512, 0.124577
8649.12, 0.994682, 0.00354124, 0.99543, 0.10186
8649.13, 0.994771, 0.00354162, 0.99582, 0.0784101
8649.14, 0.994402, 0.00354079, 0.99628, 0.0578916
8649.15, 0.993748, 0.00353929, 1, 0
8649.16, 0.993262, 0.00353848, 1, 0
8649.17, 0.993177, 0.00353902, 1, 0
8649.18, 0.993128, 0.00353964, 1, 0
8649.19, 0.992676, 0.00353885, 1, 0
8649.2, 0.991935, 0.00353707, 1, 0
8649.21, 0.991521, 0.00353643, 1, 0
8649.22, 0.991929, 0.00353865, 1, 0
8649.23, 0.992979, 0.00354309, 1, 0
8649.24, 0.994137, 0.00354792, 1, 0
