wav, obs, sigma_obs, syn, weight
8685.92, 0.998472, 0.00483336, 1, 0
8685.93, 0.997426, 0.00483243, 1, 0
8685.94, 0.996938, 0.00483333, 1, 0
8685.95, 0.997167, 0.00483612, 1, 0
8685.96, 0.998122, 0.00483998, 1, 0
8685.97, 0.999451, 0.00484396, 1, 0
8685.98, 1.00025, 0.00484704, 1, 0
8685.99, 0.999869, 0.00484799, 1, 0
8686, 0.998523, 0.00484511, 0.99724, 0.00636035
8686.01, 0.996688, 0.00483797, 0.99699, 0.0143108
8686.02, 0.995458, 0.00483265, 0.99679, 0.0254414
8686.03, 0.995917, 0.00483609, 0.99661, 0.0413423
8686.04, 0.997277, 0.00484419, 0.99643, 0.0620134
8686.05, 0.997791, 0.00484725, 0.99625, 0.0858647
8686.06, 0.997039, 0.00484372, 0.99606, 0.114486
8686.07, 0.995839, 0.00483962, 0.99583, 0.141518
8686.08, 0.994852, 0.00483856, 0.99558, 0.170139
8686.09, 0.994425, 0.00483994, 0.99529, 0.200351
8686.1, 0.994562, 0.00484229, 0.99495, 0.235333
8686.11, 0.994412, 0.0048428, 0.99454, 0.275085
8686.12, 0.993227, 0.00483922, 0.99405, 0.324378
8686.13, 0.991465, 0.00483321, 0.99345, 0.381621
8686.14, 0.989862, 0.00482734, 0.99272, 0.451585
8686.15, 0.988303, 0.00482153, 0.9918, 0.534269
8686.16, 0.986261, 0.00481441, 0.99064, 0.632854
8686.17, 0.984079, 0.00480757, 0.98919, 0.744161
8686.18, 0.982872, 0.00480521, 0.98735, 0.871367
8686.19, 0.982527, 0.00480657, 0.98506, 1.01289
8686.2, 0.981004, 0.00480317, 0.98222, 1.16871
8686.21, 0.977139, 0.00479027, 0.97875, 1.33726
8686.22, 0.972512, 0.00477472, 0.97457, 1.51535
8686.23, 0.968591, 0.00476286, 0.96963, 1.69821
8686.24, 0.96421, 0.00474936, 0.96393, 1.88584
8686.25, 0.957702, 0.00472675, 0.95749, 2.07347
8686.26, 0.94989, 0.00469879, 0.95043, 2.25633
8686.27, 0.942793, 0.00467461, 0.94288, 2.43283
8686.28, 0.936611, 0.00465462, 0.93509, 2.59661
8686.29, 0.929957, 0.0046316, 0.9273, 2.74449
8686.3, 0.922201, 0.00460274, 0.91985, 2.87647
8686.31, 0.913909, 0.00457207, 0.91306, 2.98777
8686.32, 0.906078, 0.00454463, 0.90726, 3.07841
8686.33, 0.900541, 0.00452667, 0.90275, 3.1436
8686.34, 0.898659, 0.00452241, 0.89977, 3.18653
8686.35, 0.899097, 0.00452614, 0.89847, 3.20402
8686.36, 0.899984, 0.00453029, 0.89893, 3.19607
8686.37, 0.901318, 0.00453509, 0.90112, 3.16268
8686.38, 0.903997, 0.00454449, 0.90491, 3.10385
8686.39, 0.908407, 0.0045604, 0.91011, 3.02275
8686.4, 0.914504, 0.00458298, 0.91643, 2.92099
8686.41, 0.922072, 0.00461136, 0.92355, 2.79537
8686.42, 0.930681, 0.00464333, 0.93116, 2.65385
8686.43, 0.939677, 0.00467611, 0.93892, 2.49485
8686.44, 0.947918, 0.00470578, 0.94654, 2.32312
8686.45, 0.954548, 0.00472959, 0.95379, 2.14185
8686.46, 0.960209, 0.00475035, 0.96047, 1.9574
8686.47, 0.965824, 0.00477182, 0.96647, 1.76977
8686.48, 0.971461, 0.00479373, 0.97173, 1.58373
8686.49, 0.976796, 0.00481405, 0.97622, 1.40405
8686.5, 0.98155, 0.00483163, 0.97999, 1.23232
8686.51, 0.985482, 0.00484604, 0.9831, 1.07172
8686.52, 0.988418, 0.00485694, 0.98561, 0.92384
8686.53, 0.990267, 0.00486408, 0.98763, 0.790273
8686.54, 0.991282, 0.00486835, 0.98923, 0.672607
8686.55, 0.992452, 0.00487311, 0.99049, 0.570841
8686.56, 0.99445, 0.00488056, 0.99149, 0.483386
8686.57, 0.996378, 0.00488739, 0.99227, 0.408652
8686.58, 0.997172, 0.00488978, 0.99288, 0.346639
8686.59, 0.997259, 0.00488984, 0.99336, 0.295756
8686.6, 0.997636, 0.00489191, 0.99373, 0.251234
8686.61, 0.998544, 0.00489648, 0.99401, 0.214662
8686.62, 0.999677, 0.0049013, 0.99419, 0.17968
8686.63, 1.00064, 0.00490487, 0.99428, 0.149468
8686.64, 1.00096, 0.00490661, 0.99428, 0.119256
8686.65, 1.0006, 0.00490701, 0.99418, 0.092225
8686.66, 1.00038, 0.00490855, 0.99398, 0.0651936
8686.67, 1.00077, 0.0049121, 0.9937, 0.0445224
8686.68, 1.00053, 0.00491212, 0.99339, 0.0254414
8686.69, 0.99844, 0.00490341, 0.99314, 0.0143108
8686.7, 0.99552, 0.00489133, 0.99306, 0.00636035
8686.71, 0.993504, 0.00488456, 1, 0
8686.72, 0.992646, 0.00488372, 1, 0
8686.73, 0.992255, 0.00488439, 1, 0
8686.74, 0.991941, 0.00488438, 1, 0
8686.75, 0.991645, 0.00488414, 1, 0
8686.76, 0.99133, 0.00488414, 1, 0
8686.77, 0.991015, 0.00488414, 1, 0
8686.78, 0.990701, 0.00488414, 1, 0
