4551.81 7.16319 1.0441 0.222177
5517.53 7.16965 2.82448 0.403333
5665.56 7.14892 2.13416 1.26249
4866.88 6.70667 3.07752 0.577701
4947.61 6.78414 2.46506 0.686928
4921.73 6.97073 2.36939 1.15486
5666.68 6.68115 3.15317 3.41595
5645.61 6.78633 3.1212 1.15604
4782.99 6.77286 3.68347 14.5949
5793.07 7.23658 2.50475 0.35252
5690.43 7.23218 2.17747 0.518883
5701.1 7.29385 2.66714 2.25555
6087.7 7.10948 1.45629 0.153832
5948.54 7.31264 3.13123 2.1694
5684.48 7.10992 2.54619 3.02603
5747.67 6.56645 2.6564 1.86694
6091.92 7.32174 2.43098 0.168605
6194.42 7.41895 3.17939 0.255965
6112.93 6.87141 3.0652 0.503984
6131.57 6.65623 2.14462 0.967512
6106.42 6.84439 2.98693 0.755679
6155.13 6.83308 3.59129 2.65662
6145.02 6.65433 2.56902 0.686832
6142.48 6.66785 2.45866 0.50115
6125.02 6.6347 2.86755 0.975493
6220.21 7.27757 3.77842 0.922949
6310.28 7.32551 0.189323 36.6494
6254.19 7.00899 0.323172 8.38978
6195.43 7.37396 1.95104 0.073801
6243.82 6.66809 2.21507 1.69045
6244.47 6.6308 2.40283 1.1479
6237.32 6.68805 3.48716 2.91387
6414.98 7.27228 2.34178 0.530279
6407.29 7.18629 1.95229 0.206829
6384.78 6.75658 2.01007 5.08427
6452.3 7.38228 1.43584 0.433217
6467 7.32499 4.67778 7.94136
6518.73 8.03479 3.20694 49.5824
6526.63 7.11991 2.44728 2.03859
6527.2 7.48203 1.93417 0.459327
6739.49 6.6962 0.769402 2.50254
6635.69 7.0415 3.31603 0.514605
6555.46 7.62463 1.73612 1.33513
6741.63 7.3269 2.31959 0.118558
6721.85 7.043 3.66314 1.71098
7003.57 7.16882 2.57496 2.07001
6976.51 7.14195 2.10049 2.88094
6848.58 7.58127 2.88918 0.572068
6851.65 6.27176 1.78187 0.761093
6800.6 7.1873 3.0069 0.287711
6953.06 7.30161 2.98593 0.103044
7012.61 7.64954 1.63857 0.874012
7186.38 7.3183 2.88455 3.10465
7017.65 7.36842 0.249148 48.0557
7055.93 7.20385 2.54336 0.220536
7034.9 7.26531 1.74298 0.297421
7083.95 6.9604 1.7157 0.283885
7165.55 7.71303 0.307231 43.2368
7097.12 7.33258 2.56452 0.926248
7226.21 7.2191 1.99823 1.79193
7250.14 7.34708 0.00260521 1.66263
7275.29 7.0911 2.10308 0.84856
7290.27 7.3735 3.27361 50.2803
7229.11 8.03657 4.56963 31.5169
7409.08 7.10265 1.91909 5.3225
7330.11 7.37458 4.11253 5.94078
7415.35 7.21546 1.55521 0.927402
7405.77 7.34995 2.9896 2.9817
7330.88 7.37926 4.53296 4.62311
7373 7.27457 4.5489 2.17449
7375.25 7.43855 4.56745 0.523149
7680.27 7.31498 3.029 1.2952
7415.95 7.05479 1.06626 8.23613
7669.71 7.35016 1.59889 0.440272
7423.5 7.06584 1.99857 2.16875
7522.76 6.23389 1.78397 3.73524
7688.4 7.22008 3.14445 0.107717
7424.61 6.85734 3.16628 0.643513
7849.97 7.38959 2.28811 0.27912
7797.56 7.3071 2.20925 2.41436
7742.72 7.2291 2.8264 1.94682
7760.63 7.34996 2.51049 0.331078
7800 7.73684 2.32933 0.489867
7932.35 7.57698 8.06899 24.7444
7689.02 7.61152 2.90319 1.09275
7944 7.36265 2.29668 2.33324
7925.85 6.79884 3.35552 1.60877
8215.12 8.22599 5.2206 42.6804
8035.62 7.06555 2.53187 2.49011
8071.28 6.95339 3.64161 12.7664
8073.03 7.13361 3.64875 0.944519
8338.33 7.14341 0.873607 0.313436
8093.23 7.42121 4.09796 6.56909
7970.31 7.39219 5.00078 5.60881
8556.78 7.41153 2.86019 1.02416
8443.97 7.23908 2.16865 0.200943
8648.47 7.22257 2.92793 1.21259
8595.96 7.36784 2.33963 0.299131
8412.36 8.21558 0.943356 1.34513
8686.35 7.43137 1.75009 0.116637
