wav, obs, sigma_obs, syn, weight
7771.48, 1.0028, 0.00292007, 1, 0
7771.49, 1.00236, 0.00291925, 1, 0
7771.5, 1.00189, 0.00291841, 1, 0
7771.51, 1.00131, 0.00291748, 1, 0
7771.52, 1.00069, 0.00291653, 1, 0
7771.53, 1.00034, 0.00291582, 1, 0
7771.54, 1.00043, 0.00291547, 1, 0
7771.55, 1.0005, 0.00291507, 1, 0
7771.56, 1.00002, 0.00291416, 1, 0
7771.57, 0.999205, 0.00291311, 0.99655, 0.0227585
7771.58, 0.998791, 0.00291288, 0.99598, 0.0328733
7771.59, 0.99893, 0.00291343, 0.99546, 0.0442525
7771.6, 0.998754, 0.00291294, 0.99501, 0.0556318
7771.61, 0.997578, 0.00291007, 0.99461, 0.0695397
7771.62, 0.996137, 0.0029067, 0.99427, 0.0809189
7771.63, 0.995536, 0.00290549, 0.99398, 0.0935625
7771.64, 0.995703, 0.00290633, 0.99372, 0.10747
7771.65, 0.995594, 0.00290673, 0.9935, 0.122643
7771.66, 0.994631, 0.00290516, 0.9933, 0.142873
7771.67, 0.99331, 0.00290226, 0.99309, 0.16816
7771.68, 0.992172, 0.00289893, 0.99284, 0.199769
7771.69, 0.991212, 0.00289593, 0.9925, 0.238964
7771.7, 0.990217, 0.00289392, 0.99201, 0.287009
7771.71, 0.989061, 0.00289252, 0.99129, 0.346434
7771.72, 0.987699, 0.00289036, 0.99025, 0.418503
7771.73, 0.986063, 0.00288657, 0.98878, 0.503215
7771.74, 0.984019, 0.0028818, 0.98679, 0.601835
7771.75, 0.981433, 0.00287676, 0.98417, 0.713098
7771.76, 0.978251, 0.00287087, 0.98079, 0.83827
7771.77, 0.974456, 0.00286302, 0.97659, 0.977349
7771.78, 0.969964, 0.00285281, 0.97148, 1.12781
7771.79, 0.964613, 0.00284069, 0.96544, 1.28712
7771.8, 0.958258, 0.002827, 0.95844, 1.45654
7771.81, 0.950835, 0.00281137, 0.95054, 1.63229
7771.82, 0.942311, 0.00279341, 0.94182, 1.81183
7771.83, 0.932846, 0.00277324, 0.9324, 1.99516
7771.84, 0.922703, 0.00275134, 0.92245, 2.17849
7771.85, 0.912231, 0.00272853, 0.91219, 2.35803
7771.86, 0.901904, 0.00270618, 0.90185, 2.53251
7771.87, 0.892053, 0.00268519, 0.89171, 2.69688
7771.88, 0.882422, 0.00266458, 0.88205, 2.85239
7771.89, 0.872678, 0.00264312, 0.87315, 2.99147
7771.9, 0.863291, 0.00262209, 0.86528, 3.11285
7771.91, 0.85526, 0.0026044, 0.85869, 3.214
7771.92, 0.849161, 0.00259154, 0.8536, 3.29239
7771.93, 0.844845, 0.00258255, 0.85018, 3.34423
7771.94, 0.842204, 0.00257665, 0.84853, 3.36952
7771.95, 0.841649, 0.0025751, 0.84872, 3.36572
7771.96, 0.843706, 0.00257962, 0.85074, 3.33664
7771.97, 0.848344, 0.00259012, 0.85452, 3.27848
7771.98, 0.855088, 0.00260508, 0.85993, 3.1963
7771.99, 0.863467, 0.00262321, 0.86681, 3.09009
7772, 0.873038, 0.00264378, 0.87491, 2.96492
7772.01, 0.883399, 0.00266615, 0.88401, 2.82205
7772.02, 0.894367, 0.00268989, 0.8938, 2.664
7772.03, 0.905823, 0.00271462, 0.90402, 2.49711
7772.04, 0.917406, 0.00273959, 0.91439, 2.32136
7772.05, 0.928531, 0.00276368, 0.92464, 2.14056
7772.06, 0.938718, 0.00278588, 0.93454, 1.95723
7772.07, 0.94775, 0.00280549, 0.94388, 1.77516
7772.08, 0.955485, 0.00282197, 0.95251, 1.59562
7772.09, 0.962047, 0.00283594, 0.96032, 1.42114
7772.1, 0.967666, 0.00284846, 0.96723, 1.25424
7772.11, 0.972544, 0.00285989, 0.97323, 1.09493
7772.12, 0.976849, 0.00286982, 0.97832, 0.948269
7772.13, 0.980669, 0.00287796, 0.98256, 0.811718
7772.14, 0.983883, 0.00288446, 0.98602, 0.69034
7772.15, 0.986364, 0.00288955, 0.98879, 0.581605
7772.16, 0.988264, 0.00289365, 0.99097, 0.485514
7772.17, 0.989865, 0.00289722, 0.99266, 0.40333
7772.18, 0.991207, 0.0029002, 0.99396, 0.335055
7772.19, 0.992032, 0.00290184, 0.99495, 0.278159
7772.2, 0.992281, 0.00290196, 0.9957, 0.232642
7772.21, 0.99262, 0.00290233, 0.99628, 0.194711
7772.22, 0.993751, 0.00290484, 0.99673, 0.165631
7772.23, 0.995187, 0.00290836, 0.99708, 0.142873
7772.24, 0.995786, 0.00291004, 0.99737, 0.123907
7772.25, 0.995372, 0.0029093, 0.9976, 0.10747
7772.26, 0.995181, 0.00290881, 0.99779, 0.0935625
7772.27, 0.996116, 0.0029106, 0.99795, 0.0821833
7772.28, 0.997364, 0.00291318, 0.9981, 0.0695397
7772.29, 0.997784, 0.00291436, 0.99823, 0.0581605
7772.3, 0.997413, 0.0029141, 0.99837, 0.0442525
7772.31, 0.997054, 0.0029138, 0.99853, 0.0328733
7772.32, 0.997198, 0.00291433, 0.99871, 0.0240228
7772.33, 0.997799, 0.00291574, 1, 0
7772.34, 0.998694, 0.00291782, 1, 0
7772.35, 0.999445, 0.00291953, 1, 0
7772.36, 0.999565, 0.0029197, 1, 0
7772.37, 0.999048, 0.00291833, 1, 0
7772.38, 0.998344, 0.00291649, 1, 0
7772.39, 0.997867, 0.00291522, 1, 0
7772.4, 0.997389, 0.00291394, 1, 0
7772.41, 0.996912, 0.00291266, 1, 0
