wav, obs, sigma_obs, syn, weight
7773.71, 0.997521, 0.00292192, 1, 0
7773.72, 0.998019, 0.00292328, 1, 0
7773.73, 0.998552, 0.00292474, 1, 0
7773.74, 0.998936, 0.0029258, 1, 0
7773.75, 0.999051, 0.00292616, 1, 0
7773.76, 0.998739, 0.00292547, 1, 0
7773.77, 0.997885, 0.00292348, 1, 0
7773.78, 0.997092, 0.00292161, 1, 0
7773.79, 0.997485, 0.00292249, 1, 0
7773.8, 0.999143, 0.00292631, 0.9985, 0.0196102
7773.81, 1.00023, 0.00292884, 0.99826, 0.0280146
7773.82, 0.99926, 0.0029267, 0.99802, 0.0392205
7773.83, 0.997449, 0.0029228, 0.99779, 0.0490256
7773.84, 0.996682, 0.00292163, 0.99756, 0.0602314
7773.85, 0.997007, 0.00292311, 0.99733, 0.0714373
7773.86, 0.997084, 0.00292373, 0.99711, 0.0840438
7773.87, 0.996318, 0.00292193, 0.9969, 0.0980512
7773.88, 0.995542, 0.00291991, 0.99669, 0.113459
7773.89, 0.995514, 0.00291968, 0.99646, 0.133069
7773.9, 0.995873, 0.00292053, 0.99621, 0.159683
7773.91, 0.995944, 0.00292097, 0.9959, 0.193301
7773.92, 0.995414, 0.00292023, 0.9955, 0.233922
7773.93, 0.994259, 0.00291814, 0.99495, 0.285749
7773.94, 0.99259, 0.00291485, 0.99419, 0.350183
7773.95, 0.990769, 0.00291107, 0.99314, 0.424421
7773.96, 0.989076, 0.00290742, 0.99171, 0.51687
7773.97, 0.987259, 0.00290355, 0.9898, 0.620524
7773.98, 0.984914, 0.00289887, 0.98731, 0.739586
7773.99, 0.981811, 0.0028927, 0.98414, 0.874056
7774, 0.977856, 0.00288433, 0.98021, 1.02253
7774.01, 0.973055, 0.00287363, 0.97545, 1.18082
7774.02, 0.967598, 0.00286161, 0.96982, 1.35311
7774.03, 0.961626, 0.00284904, 0.96332, 1.5324
7774.04, 0.954929, 0.00283506, 0.956, 1.7187
7774.05, 0.947223, 0.00281837, 0.94794, 1.9092
7774.06, 0.938702, 0.00279959, 0.93928, 2.1025
7774.07, 0.929936, 0.00278077, 0.93019, 2.2944
7774.08, 0.921281, 0.00276288, 0.9209, 2.48069
7774.09, 0.912671, 0.00274484, 0.91164, 2.66139
7774.1, 0.904053, 0.00272572, 0.9027, 2.82808
7774.11, 0.89567, 0.00270668, 0.89434, 2.98076
7774.12, 0.887863, 0.00268947, 0.88685, 3.11663
7774.13, 0.881005, 0.00267502, 0.88047, 3.23009
7774.14, 0.875497, 0.00266368, 0.87543, 3.31973
7774.15, 0.871626, 0.00265573, 0.87192, 3.38136
7774.16, 0.869469, 0.00265145, 0.87005, 3.41498
7774.17, 0.86909, 0.00265106, 0.8699, 3.41778
7774.18, 0.870604, 0.00265469, 0.87148, 3.38977
7774.19, 0.874122, 0.00266239, 0.87472, 3.33374
7774.2, 0.879499, 0.00267386, 0.87951, 3.2511
7774.21, 0.886388, 0.00268851, 0.88569, 3.14184
7774.22, 0.894437, 0.00270575, 0.89303, 3.01157
7774.23, 0.903289, 0.00272508, 0.90128, 2.86169
7774.24, 0.912602, 0.00274589, 0.91017, 2.69641
7774.25, 0.922091, 0.00276717, 0.91941, 2.51851
7774.26, 0.931494, 0.00278786, 0.92875, 2.33362
7774.27, 0.940628, 0.00280763, 0.93791, 2.14172
7774.28, 0.949368, 0.00282674, 0.94668, 1.95122
7774.29, 0.957531, 0.00284506, 0.95488, 1.75932
7774.3, 0.964821, 0.00286176, 0.96236, 1.57162
7774.31, 0.971005, 0.00287611, 0.96903, 1.38952
7774.32, 0.976209, 0.0028884, 0.97484, 1.21724
7774.33, 0.980658, 0.00289915, 0.9798, 1.05615
7774.34, 0.984409, 0.00290836, 0.98393, 0.904872
7774.35, 0.987397, 0.0029156, 0.9873, 0.769001
7774.36, 0.989651, 0.00292083, 0.98999, 0.647138
7774.37, 0.991384, 0.00292466, 0.9921, 0.537881
7774.38, 0.99281, 0.00292778, 0.99372, 0.445432
7774.39, 0.99408, 0.00293069, 0.99495, 0.365591
7774.4, 0.995313, 0.00293382, 0.99588, 0.299756
7774.41, 0.996504, 0.00293698, 0.99657, 0.246529
7774.42, 0.997555, 0.00293948, 0.99709, 0.204507
7774.43, 0.998372, 0.00294101, 0.99748, 0.169488
7774.44, 0.998873, 0.00294185, 0.99777, 0.142875
7774.45, 0.999046, 0.00294239, 0.998, 0.120463
7774.46, 0.999201, 0.0029433, 0.99819, 0.103654
7774.47, 0.999698, 0.00294519, 0.99834, 0.0896468
7774.48, 1.00032, 0.00294728, 0.99846, 0.0770402
7774.49, 1.00044, 0.00294776, 0.99857, 0.0658343
7774.5, 0.999913, 0.00294626, 0.99866, 0.0532278
7774.51, 0.999452, 0.00294489, 0.99876, 0.0406212
7774.52, 0.999646, 0.00294543, 0.99886, 0.0308161
7774.53, 1.00025, 0.0029472, 0.99897, 0.021011
7774.54, 1.00081, 0.00294893, 1, 0
7774.55, 1.00116, 0.00295019, 1, 0
7774.56, 1.00135, 0.00295118, 1, 0
7774.57, 1.00137, 0.00295187, 1, 0
7774.58, 1.00114, 0.0029519, 1, 0
7774.59, 1.00059, 0.002951, 1, 0
7774.6, 0.999827, 0.00294947, 1, 0
7774.61, 0.999097, 0.00294804, 1, 0
7774.62, 0.998415, 0.00294675, 1, 0
