wav, obs, sigma_obs, syn, weight
7774.95, 0.996371, 0.00295239, 1, 0
7774.96, 0.995792, 0.00295087, 1, 0
7774.97, 0.995248, 0.00294951, 1, 0
7774.98, 0.994861, 0.00294881, 1, 0
7774.99, 0.994735, 0.00294899, 1, 0
7775, 0.994989, 0.00294996, 1, 0
7775.01, 0.995659, 0.00295157, 1, 0
7775.02, 0.996452, 0.00295341, 1, 0
7775.03, 0.99701, 0.002955, 1, 0
7775.04, 0.997148, 0.00295592, 0.99911, 0.0185378
7775.05, 0.996791, 0.00295574, 0.99897, 0.0286493
7775.06, 0.996125, 0.00295469, 0.99884, 0.0387609
7775.07, 0.995702, 0.00295394, 0.99871, 0.0488724
7775.08, 0.995881, 0.00295427, 0.99858, 0.0606692
7775.09, 0.996235, 0.00295488, 0.99843, 0.072466
7775.1, 0.996224, 0.00295477, 0.99825, 0.0876333
7775.11, 0.995894, 0.00295416, 0.99804, 0.102801
7775.12, 0.995609, 0.00295397, 0.99778, 0.123024
7775.13, 0.995343, 0.00295403, 0.99746, 0.149988
7775.14, 0.994543, 0.00295278, 0.99705, 0.182008
7775.15, 0.992965, 0.00294947, 0.99652, 0.224139
7775.16, 0.991463, 0.00294636, 0.99584, 0.278067
7775.17, 0.990948, 0.00294585, 0.99496, 0.342107
7775.18, 0.990873, 0.00294645, 0.99381, 0.422999
7775.19, 0.989971, 0.00294473, 0.99233, 0.517373
7775.2, 0.987783, 0.00293969, 0.99046, 0.6286
7775.21, 0.984833, 0.00293325, 0.98811, 0.754994
7775.22, 0.981644, 0.00292703, 0.98523, 0.896556
7775.23, 0.978554, 0.00292115, 0.98174, 1.05497
7775.24, 0.975752, 0.00291534, 0.97762, 1.22518
7775.25, 0.972525, 0.0029081, 0.97286, 1.40719
7775.26, 0.967781, 0.00289747, 0.96746, 1.60099
7775.27, 0.961557, 0.00288381, 0.96148, 1.79817
7775.28, 0.955142, 0.00287004, 0.95501, 2.00208
7775.29, 0.949262, 0.00285774, 0.94815, 2.206
7775.3, 0.942996, 0.00284455, 0.94107, 2.40486
7775.31, 0.935394, 0.00282808, 0.93395, 2.59866
7775.32, 0.927196, 0.00281018, 0.92698, 2.78404
7775.33, 0.919819, 0.00279436, 0.92039, 2.95088
7775.34, 0.91381, 0.00278172, 0.9144, 3.10087
7775.35, 0.908837, 0.00277092, 0.90921, 3.22895
7775.36, 0.904678, 0.00276122, 0.90501, 3.32838
7775.37, 0.901473, 0.0027536, 0.90196, 3.40253
7775.38, 0.899412, 0.00274914, 0.90018, 3.44466
7775.39, 0.89869, 0.00274809, 0.89974, 3.45477
7775.4, 0.89949, 0.00275039, 0.90065, 3.43118
7775.41, 0.901762, 0.00275574, 0.90288, 3.37557
7775.42, 0.905243, 0.00276368, 0.90634, 3.2913
7775.43, 0.909821, 0.00277402, 0.9109, 3.17839
7775.44, 0.915722, 0.00278724, 0.91638, 3.0402
7775.45, 0.923048, 0.00280357, 0.92259, 2.88179
7775.46, 0.931002, 0.00282139, 0.92932, 2.70652
7775.47, 0.93854, 0.00283859, 0.93634, 2.51946
7775.48, 0.945551, 0.00285481, 0.94345, 2.32228
7775.49, 0.952684, 0.00287116, 0.95045, 2.12005
7775.5, 0.960084, 0.00288781, 0.95716, 1.91613
7775.51, 0.966898, 0.00290306, 0.96346, 1.71559
7775.52, 0.972373, 0.00291546, 0.96921, 1.51841
7775.53, 0.976751, 0.0029255, 0.97436, 1.32967
7775.54, 0.980544, 0.00293423, 0.97887, 1.15103
7775.55, 0.983846, 0.00294174, 0.98271, 0.985874
7775.56, 0.986453, 0.00294744, 0.98592, 0.834201
7775.57, 0.988469, 0.00295158, 0.98853, 0.697696
7775.58, 0.990535, 0.00295587, 0.99061, 0.578042
7775.59, 0.993089, 0.00296155, 0.99222, 0.473557
7775.6, 0.99551, 0.00296734, 0.99343, 0.385923
7775.61, 0.996979, 0.00297145, 0.9943, 0.310087
7775.62, 0.997615, 0.00297384, 0.99491, 0.249418
7775.63, 0.998142, 0.00297556, 0.99531, 0.200545
7775.64, 0.998832, 0.00297708, 0.99555, 0.16347
7775.65, 0.999279, 0.00297799, 0.99565, 0.133135
7775.66, 0.999238, 0.00297812, 0.99567, 0.111227
7775.67, 0.999277, 0.00297858, 0.99561, 0.0910038
7775.68, 1.00003, 0.00298053, 0.99552, 0.0775217
7775.69, 1.00094, 0.00298269, 0.99541, 0.0657249
7775.7, 1.00082, 0.00298247, 0.99531, 0.0539282
7775.71, 0.999678, 0.00298001, 0.99526, 0.0438166
7775.72, 0.999089, 0.00297905, 0.99531, 0.0337051
7775.73, 1.00006, 0.00298188, 0.99548, 0.0252788
7775.74, 1.00139, 0.00298547, 0.99583, 0.0168525
7775.75, 1.00165, 0.00298621, 1, 0
7775.76, 1.00102, 0.00298475, 1, 0
7775.77, 1.00045, 0.00298374, 1, 0
7775.78, 1.00035, 0.00298419, 1, 0
7775.79, 1.00052, 0.00298508, 1, 0
7775.8, 1.00076, 0.00298564, 1, 0
7775.81, 1.00102, 0.00298594, 1, 0
7775.82, 1.00127, 0.00298633, 1, 0
7775.83, 1.00152, 0.00298677, 1, 0
