the number of points per synthesis =    71
start =   4551.300     stop =   4552.000     step =      0.010
  4551.300     1.00000
  4551.310     1.00000
  4551.320     1.00000
  4551.330     1.00000
  4551.340     1.00000
  4551.350     0.99654
  4551.360     0.99496
  4551.370     0.99414
  4551.380     0.99425
  4551.390     0.99488
  4551.400     0.99553
  4551.410     0.99598
  4551.420     0.99623
  4551.430     0.99634
  4551.440     0.99637
  4551.450     0.99637
  4551.460     0.99635
  4551.470     0.99631
  4551.480     0.99626
  4551.490     0.99618
  4551.500     0.99601
  4551.510     0.99564
  4551.520     0.99482
  4551.530     0.99314
  4551.540     0.98995
  4551.550     0.98450
  4551.560     0.97614
  4551.570     0.96457
  4551.580     0.95018
  4551.590     0.93401
  4551.600     0.91758
  4551.610     0.90249
  4551.620     0.89004
  4551.630     0.88106
  4551.640     0.87588
  4551.650     0.87461
  4551.660     0.87724
  4551.670     0.88376
  4551.680     0.89399
  4551.690     0.90740
  4551.700     0.92296
  4551.710     0.93918
  4551.720     0.95441
  4551.730     0.96723
  4551.740     0.97682
  4551.750     0.98306
  4551.760     0.98641
  4551.770     0.98766
  4551.780     0.98763
  4551.790     0.98699
  4551.800     0.98620
  4551.810     0.98554
  4551.820     0.98513
  4551.830     0.98503
  4551.840     0.98527
  4551.850     0.98582
  4551.860     0.98668
  4551.870     0.98781
  4551.880     0.98915
  4551.890     0.99061
  4551.900     0.99209
  4551.910     0.99348
  4551.920     0.99477
  4551.930     0.99601
  4551.940     0.99725
  4551.950     0.99838
  4551.960     1.00000
  4551.970     1.00000
  4551.980     1.00000
  4551.990     1.00000
  4552.000     1.00000
