the number of points per synthesis =    73
start =   4556.560     stop =   4557.280     step =      0.010
  4556.560     1.00000
  4556.570     1.00000
  4556.580     1.00000
  4556.590     1.00000
  4556.600     1.00000
  4556.610     1.00000
  4556.620     0.99808
  4556.630     0.99732
  4556.640     0.99652
  4556.650     0.99563
  4556.660     0.99459
  4556.670     0.99342
  4556.680     0.99220
  4556.690     0.99106
  4556.700     0.99011
  4556.710     0.98941
  4556.720     0.98898
  4556.730     0.98883
  4556.740     0.98894
  4556.750     0.98932
  4556.760     0.98994
  4556.770     0.99074
  4556.780     0.99158
  4556.790     0.99213
  4556.800     0.99187
  4556.810     0.99008
  4556.820     0.98591
  4556.830     0.97851
  4556.840     0.96737
  4556.850     0.95254
  4556.860     0.93476
  4556.870     0.91545
  4556.880     0.89637
  4556.890     0.87928
  4556.900     0.86554
  4556.910     0.85604
  4556.920     0.85120
  4556.930     0.85117
  4556.940     0.85595
  4556.950     0.86541
  4556.960     0.87913
  4556.970     0.89625
  4556.980     0.91538
  4556.990     0.93478
  4557.000     0.95270
  4557.010     0.96778
  4557.020     0.97933
  4557.030     0.98738
  4557.040     0.99247
  4557.050     0.99540
  4557.060     0.99697
  4557.070     0.99776
  4557.080     0.99814
  4557.090     0.99834
  4557.100     0.99843
  4557.110     0.99846
  4557.120     0.99842
  4557.130     0.99831
  4557.140     0.99811
  4557.150     0.99783
  4557.160     0.99749
  4557.170     0.99711
  4557.180     0.99676
  4557.190     0.99652
  4557.200     0.99652
  4557.210     0.99684
  4557.220     0.99750
  4557.230     1.00000
  4557.240     1.00000
  4557.250     1.00000
  4557.260     1.00000
  4557.270     1.00000
  4557.280     1.00000
