the number of points per synthesis =    67
start =   4536.160     stop =   4536.820     step =      0.010
  4536.160     1.00000
  4536.170     1.00000
  4536.180     1.00000
  4536.190     1.00000
  4536.200     1.00000
  4536.210     1.00000
  4536.220     0.99993
  4536.230     0.99974
  4536.240     0.99925
  4536.250     0.99830
  4536.260     0.99689
  4536.270     0.99535
  4536.280     0.99409
  4536.290     0.99338
  4536.300     0.99312
  4536.310     0.99300
  4536.320     0.99272
  4536.330     0.99197
  4536.340     0.99048
  4536.350     0.98797
  4536.360     0.98429
  4536.370     0.97940
  4536.380     0.97348
  4536.390     0.96687
  4536.400     0.95999
  4536.410     0.95328
  4536.420     0.94709
  4536.430     0.94164
  4536.440     0.93706
  4536.450     0.93340
  4536.460     0.93062
  4536.470     0.92870
  4536.480     0.92759
  4536.490     0.92726
  4536.500     0.92771
  4536.510     0.92895
  4536.520     0.93103
  4536.530     0.93400
  4536.540     0.93789
  4536.550     0.94271
  4536.560     0.94842
  4536.570     0.95487
  4536.580     0.96180
  4536.590     0.96882
  4536.600     0.97549
  4536.610     0.98140
  4536.620     0.98624
  4536.630     0.98991
  4536.640     0.99246
  4536.650     0.99411
  4536.660     0.99510
  4536.670     0.99569
  4536.680     0.99608
  4536.690     0.99648
  4536.700     0.99702
  4536.710     0.99774
  4536.720     0.99853
  4536.730     0.99921
  4536.740     0.99966
  4536.750     0.99988
  4536.760     0.99997
  4536.770     1.00000
  4536.780     1.00000
  4536.790     1.00000
  4536.800     1.00000
  4536.810     1.00000
  4536.820     1.00000
