the number of points per synthesis =    69
start =   4560.860     stop =   4561.540     step =      0.010
  4560.860     1.00000
  4560.870     1.00000
  4560.880     1.00000
  4560.890     1.00000
  4560.900     1.00000
  4560.910     1.00000
  4560.920     0.97921
  4560.930     0.96972
  4560.940     0.96050
  4560.950     0.95403
  4560.960     0.95235
  4560.970     0.95602
  4560.980     0.96382
  4560.990     0.97342
  4561.000     0.98247
  4561.010     0.98950
  4561.020     0.99414
  4561.030     0.99679
  4561.040     0.99812
  4561.050     0.99870
  4561.060     0.99893
  4561.070     0.99899
  4561.080     0.99892
  4561.090     0.99869
  4561.100     0.99814
  4561.110     0.99704
  4561.120     0.99509
  4561.130     0.99202
  4561.140     0.98774
  4561.150     0.98254
  4561.160     0.97708
  4561.170     0.97232
  4561.180     0.96920
  4561.190     0.96835
  4561.200     0.96988
  4561.210     0.97332
  4561.220     0.97787
  4561.230     0.98259
  4561.240     0.98672
  4561.250     0.98987
  4561.260     0.99192
  4561.270     0.99294
  4561.280     0.99294
  4561.290     0.99172
  4561.300     0.98876
  4561.310     0.98322
  4561.320     0.97406
  4561.330     0.96030
  4561.340     0.94147
  4561.350     0.91799
  4561.360     0.89134
  4561.370     0.86385
  4561.380     0.83805
  4561.390     0.81615
  4561.400     0.79980
  4561.410     0.79034
  4561.420     0.78914
  4561.430     0.79746
  4561.440     0.81568
  4561.450     0.84237
  4561.460     0.87406
  4561.470     0.90607
  4561.480     0.93415
  4561.490     1.00000
  4561.500     1.00000
  4561.510     1.00000
  4561.520     1.00000
  4561.530     1.00000
  4561.540     1.00000
