the number of points per synthesis =    75
start =   4543.490     stop =   4544.230     step =      0.010
  4543.490     1.00000
  4543.500     1.00000
  4543.510     1.00000
  4543.520     1.00000
  4543.530     1.00000
  4543.540     1.00000
  4543.550     0.99935
  4543.560     0.99913
  4543.570     0.99897
  4543.580     0.99884
  4543.590     0.99870
  4543.600     0.99848
  4543.610     0.99810
  4543.620     0.99740
  4543.630     0.99619
  4543.640     0.99425
  4543.650     0.99138
  4543.660     0.98750
  4543.670     0.98264
  4543.680     0.97690
  4543.690     0.97032
  4543.700     0.96275
  4543.710     0.95379
  4543.720     0.94297
  4543.730     0.93000
  4543.740     0.91500
  4543.750     0.89862
  4543.760     0.88196
  4543.770     0.86629
  4543.780     0.85278
  4543.790     0.84227
  4543.800     0.83525
  4543.810     0.83194
  4543.820     0.83247
  4543.830     0.83686
  4543.840     0.84493
  4543.850     0.85618
  4543.860     0.86972
  4543.870     0.88434
  4543.880     0.89877
  4543.890     0.91173
  4543.900     0.92196
  4543.910     0.92810
  4543.920     0.92867
  4543.930     0.92229
  4543.940     0.90814
  4543.950     0.88641
  4543.960     0.85852
  4543.970     0.82703
  4543.980     0.79513
  4543.990     0.76605
  4544.000     0.74241
  4544.010     0.72592
  4544.020     0.71741
  4544.030     0.71719
  4544.040     0.72538
  4544.050     0.74192
  4544.060     0.76629
  4544.070     0.79713
  4544.080     0.83220
  4544.090     0.86853
  4544.100     0.90304
  4544.110     0.93309
  4544.120     0.95700
  4544.130     0.97427
  4544.140     0.98555
  4544.150     0.99221
  4544.160     0.99586
  4544.170     0.99780
  4544.180     1.00000
  4544.190     1.00000
  4544.200     1.00000
  4544.210     1.00000
  4544.220     1.00000
  4544.230     1.00000
