the number of points per synthesis =    69
start =   4541.600     stop =   4542.280     step =      0.010
  4541.600     1.00000
  4541.610     1.00000
  4541.620     1.00000
  4541.630     1.00000
  4541.640     1.00000
  4541.650     1.00000
  4541.660     0.98493
  4541.670     0.98184
  4541.680     0.98118
  4541.690     0.98221
  4541.700     0.98378
  4541.710     0.98516
  4541.720     0.98616
  4541.730     0.98686
  4541.740     0.98738
  4541.750     0.98782
  4541.760     0.98825
  4541.770     0.98874
  4541.780     0.98933
  4541.790     0.99006
  4541.800     0.99091
  4541.810     0.99178
  4541.820     0.99246
  4541.830     0.99257
  4541.840     0.99169
  4541.850     0.98936
  4541.860     0.98532
  4541.870     0.97961
  4541.880     0.97262
  4541.890     0.96508
  4541.900     0.95780
  4541.910     0.95152
  4541.920     0.94671
  4541.930     0.94359
  4541.940     0.94217
  4541.950     0.94238
  4541.960     0.94413
  4541.970     0.94735
  4541.980     0.95186
  4541.990     0.95741
  4542.000     0.96354
  4542.010     0.96965
  4542.020     0.97515
  4542.030     0.97961
  4542.040     0.98289
  4542.050     0.98513
  4542.060     0.98666
  4542.070     0.98782
  4542.080     0.98891
  4542.090     0.99005
  4542.100     0.99119
  4542.110     0.99207
  4542.120     0.99227
  4542.130     0.99130
  4542.140     0.98872
  4542.150     0.98430
  4542.160     0.97813
  4542.170     0.97073
  4542.180     0.96303
  4542.190     0.95653
  4542.200     0.95341
  4542.210     0.95587
  4542.220     0.96440
  4542.230     1.00000
  4542.240     1.00000
  4542.250     1.00000
  4542.260     1.00000
  4542.270     1.00000
  4542.280     1.00000
