the number of points per synthesis =    73
start =   4527.420     stop =   4528.140     step =      0.010
  4527.420     1.00000
  4527.430     1.00000
  4527.440     1.00000
  4527.450     1.00000
  4527.460     1.00000
  4527.470     1.00000
  4527.480     0.91961
  4527.490     0.90376
  4527.500     0.90070
  4527.510     0.90923
  4527.520     0.92445
  4527.530     0.94130
  4527.540     0.95650
  4527.550     0.96862
  4527.560     0.97723
  4527.570     0.98282
  4527.580     0.98613
  4527.590     0.98793
  4527.600     0.98883
  4527.610     0.98924
  4527.620     0.98940
  4527.630     0.98939
  4527.640     0.98917
  4527.650     0.98856
  4527.660     0.98720
  4527.670     0.98454
  4527.680     0.97986
  4527.690     0.97244
  4527.700     0.96184
  4527.710     0.94811
  4527.720     0.93197
  4527.730     0.91471
  4527.740     0.89789
  4527.750     0.88300
  4527.760     0.87115
  4527.770     0.86303
  4527.780     0.85895
  4527.790     0.85903
  4527.800     0.86326
  4527.810     0.87152
  4527.820     0.88339
  4527.830     0.89802
  4527.840     0.91412
  4527.850     0.93012
  4527.860     0.94452
  4527.870     0.95625
  4527.880     0.96485
  4527.890     0.97049
  4527.900     0.97376
  4527.910     0.97538
  4527.920     0.97603
  4527.930     0.97617
  4527.940     0.97610
  4527.950     0.97599
  4527.960     0.97593
  4527.970     0.97599
  4527.980     0.97617
  4527.990     0.97649
  4528.000     0.97690
  4528.010     0.97739
  4528.020     0.97789
  4528.030     0.97842
  4528.040     0.97902
  4528.050     0.97991
  4528.060     0.98147
  4528.070     0.98409
  4528.080     0.98776
  4528.090     1.00000
  4528.100     1.00000
  4528.110     1.00000
  4528.120     1.00000
  4528.130     1.00000
  4528.140     1.00000
