the number of points per synthesis =    73
start =   4525.500     stop =   4526.220     step =      0.010
  4525.500     1.00000
  4525.510     1.00000
  4525.520     1.00000
  4525.530     1.00000
  4525.540     1.00000
  4525.550     1.00000
  4525.560     0.99511
  4525.570     0.99381
  4525.580     0.99300
  4525.590     0.99268
  4525.600     0.99269
  4525.610     0.99284
  4525.620     0.99302
  4525.630     0.99319
  4525.640     0.99330
  4525.650     0.99336
  4525.660     0.99335
  4525.670     0.99326
  4525.680     0.99310
  4525.690     0.99287
  4525.700     0.99257
  4525.710     0.99218
  4525.720     0.99163
  4525.730     0.99079
  4525.740     0.98939
  4525.750     0.98699
  4525.760     0.98304
  4525.770     0.97694
  4525.780     0.96829
  4525.790     0.95710
  4525.800     0.94388
  4525.810     0.92961
  4525.820     0.91549
  4525.830     0.90266
  4525.840     0.89197
  4525.850     0.88394
  4525.860     0.87885
  4525.870     0.87690
  4525.880     0.87830
  4525.890     0.88318
  4525.900     0.89143
  4525.910     0.90252
  4525.920     0.91548
  4525.930     0.92903
  4525.940     0.94192
  4525.950     0.95317
  4525.960     0.96228
  4525.970     0.96916
  4525.980     0.97395
  4525.990     0.97675
  4526.000     0.97749
  4526.010     0.97599
  4526.020     0.97209
  4526.030     0.96586
  4526.040     0.95769
  4526.050     0.94828
  4526.060     0.93851
  4526.070     0.92932
  4526.080     0.92151
  4526.090     0.91569
  4526.100     0.91225
  4526.110     0.91153
  4526.120     0.91377
  4526.130     0.91934
  4526.140     0.92866
  4526.150     0.94167
  4526.160     0.95711
  4526.170     1.00000
  4526.180     1.00000
  4526.190     1.00000
  4526.200     1.00000
  4526.210     1.00000
  4526.220     1.00000
