the number of points per synthesis =    81
start =   4531.230     stop =   4532.030     step =      0.010
  4531.230     1.00000
  4531.240     1.00000
  4531.250     1.00000
  4531.260     1.00000
  4531.270     1.00000
  4531.280     1.00000
  4531.290     0.95665
  4531.300     0.94764
  4531.310     0.94484
  4531.320     0.94711
  4531.330     0.95184
  4531.340     0.95688
  4531.350     0.96126
  4531.360     0.96475
  4531.370     0.96730
  4531.380     0.96901
  4531.390     0.96993
  4531.400     0.97016
  4531.410     0.96987
  4531.420     0.96925
  4531.430     0.96851
  4531.440     0.96778
  4531.450     0.96704
  4531.460     0.96611
  4531.470     0.96458
  4531.480     0.96182
  4531.490     0.95705
  4531.500     0.94931
  4531.510     0.93762
  4531.520     0.92104
  4531.530     0.89878
  4531.540     0.87042
  4531.550     0.83618
  4531.560     0.79712
  4531.570     0.75524
  4531.580     0.71338
  4531.590     0.67493
  4531.600     0.64328
  4531.610     0.62127
  4531.620     0.61072
  4531.630     0.61226
  4531.640     0.62547
  4531.650     0.64915
  4531.660     0.68156
  4531.670     0.72060
  4531.680     0.76375
  4531.690     0.80825
  4531.700     0.85120
  4531.710     0.88998
  4531.720     0.92256
  4531.730     0.94787
  4531.740     0.96594
  4531.750     0.97776
  4531.760     0.98485
  4531.770     0.98879
  4531.780     0.99087
  4531.790     0.99193
  4531.800     0.99244
  4531.810     0.99264
  4531.820     0.99263
  4531.830     0.99248
  4531.840     0.99223
  4531.850     0.99196
  4531.860     0.99172
  4531.870     0.99156
  4531.880     0.99149
  4531.890     0.99152
  4531.900     0.99165
  4531.910     0.99185
  4531.920     0.99213
  4531.930     0.99249
  4531.940     0.99299
  4531.950     0.99371
  4531.960     0.99475
  4531.970     0.99607
  4531.980     1.00000
  4531.990     1.00000
  4532.000     1.00000
  4532.010     1.00000
  4532.020     1.00000
  4532.030     1.00000
