the number of points per synthesis =    71
start =   4537.320     stop =   4538.020     step =      0.010
  4537.320     1.00000
  4537.330     1.00000
  4537.340     1.00000
  4537.350     1.00000
  4537.360     1.00000
  4537.370     1.00000
  4537.380     0.99957
  4537.390     0.99945
  4537.400     0.99936
  4537.410     0.99933
  4537.420     0.99932
  4537.430     0.99932
  4537.440     0.99933
  4537.450     0.99934
  4537.460     0.99934
  4537.470     0.99933
  4537.480     0.99931
  4537.490     0.99927
  4537.500     0.99922
  4537.510     0.99912
  4537.520     0.99894
  4537.530     0.99857
  4537.540     0.99780
  4537.550     0.99629
  4537.560     0.99355
  4537.570     0.98897
  4537.580     0.98205
  4537.590     0.97254
  4537.600     0.96069
  4537.610     0.94727
  4537.620     0.93346
  4537.630     0.92058
  4537.640     0.90976
  4537.650     0.90177
  4537.660     0.89700
  4537.670     0.89560
  4537.680     0.89757
  4537.690     0.90285
  4537.700     0.91124
  4537.710     0.92229
  4537.720     0.93518
  4537.730     0.94875
  4537.740     0.96172
  4537.750     0.97294
  4537.760     0.98173
  4537.770     0.98789
  4537.780     0.99171
  4537.790     0.99370
  4537.800     0.99437
  4537.810     0.99405
  4537.820     0.99279
  4537.830     0.99035
  4537.840     0.98625
  4537.850     0.97992
  4537.860     0.97095
  4537.870     0.95924
  4537.880     0.94520
  4537.890     0.92973
  4537.900     0.91412
  4537.910     0.89995
  4537.920     0.88892
  4537.930     0.88322
  4537.940     0.88567
  4537.950     0.89863
  4537.960     0.92135
  4537.970     1.00000
  4537.980     1.00000
  4537.990     1.00000
  4538.000     1.00000
  4538.010     1.00000
  4538.020     1.00000
