-------------MOOG OUTPUT FILE----------(MOOG version from 01/28/09)-------------

THE MODEL TYPE: GENERIC   

INPUT EQUILIBRIUM DATA:
 species  D0/Chi    const1      const2      const3      const4      const5
     1.1  13.600  5.0000D-01  5.0000D-01  5.0000D-01  5.0000D-01  4.9995D-01
     2.1  24.590  2.0000D+00  2.0000D+00  2.0000D+00  2.0000D+00  2.0000D+00
     6.1  11.260  6.5727D-01  6.4497D-01  6.3006D-01  6.1424D-01  5.9802D-01
     7.1  14.530  2.1323D+00  2.1417D+00  2.1471D+00  2.1064D+00  2.0534D+00
     8.1  13.620  3.8908D-01  4.0566D-01  4.2173D-01  4.3580D-01  4.4897D-01
     9.1  17.420  1.4653D+00  1.4798D+00  1.4942D+00  1.5083D+00  1.5267D+00
    12.1   7.646  1.9982D+00  1.9762D+00  1.8897D+00  1.6945D+00  1.3581D+00
    13.1   5.986  1.7226D-01  1.7051D-01  1.6928D-01  1.6335D-01  1.5035D-01
    14.1   8.152  6.3749D-01  6.0384D-01  5.7817D-01  5.5445D-01  5.2053D-01
    22.1   6.828  2.0691D+00  1.8553D+00  1.5741D+00  1.3068D+00  1.0870D+00
    26.1   7.902  1.6042D+00  1.5922D+00  1.5105D+00  1.3720D+00  1.2037D+00
   101.0   4.478  1.2117D+01 -1.0476D+00  1.6851D+00 -5.5831D+00  4.0060D+00
   106.0   3.465  1.1533D+01 -5.2110D-01 -7.4750D-01  1.4940D-01 -1.9670D-01
   107.0   3.470  1.1466D+01 -7.2650D-01 -6.4390D-01  4.0000D-04  1.2690D-01
   108.0   4.392  1.1802D+01 -8.5250D-01 -5.5250D-01  1.6250D-01 -1.9350D-01
   109.0   5.869  1.2290D+01 -9.1740D-01 -6.4160D-01  1.6160D-01 -1.2220D-01
   112.0   1.340  1.0288D+01 -3.4550D-01  1.6770D-01 -3.8628D+00  4.7348D+00
   113.0   3.060  1.1488D+01 -4.0240D-01 -4.8090D-01 -1.6283D+00  2.5415D+00
   114.0   3.060  1.1259D+01 -6.7580D-01 -5.8700D-01  6.6900D-02  3.1390D-01
   126.0   2.410  1.2121D+01  9.5310D-01  2.3351D+00 -2.2310D-01  3.0718D+00
   606.0   6.210  1.2468D+01 -4.4340D-01 -5.1600D-02 -1.3040D-01 -5.5500D-02
   607.0   7.760  1.2444D+01 -4.8230D-01 -4.7240D-01 -1.1721D+00  1.3124D+00
   608.0  11.092  1.3241D+01 -8.5020D-01 -7.2400D-02 -2.0980D-01 -2.0960D-01
   707.0   9.759  1.2887D+01 -8.8610D-01  2.6440D-01 -1.4001D+00  9.6450D-01
   708.0   6.497  1.1935D+01 -7.6310D-01  8.4800D-02 -8.1490D-01  4.6360D-01
   808.0   5.116  1.2876D+01 -4.9230D-01 -5.4740D-01  2.0970D-01 -3.3370D-01
 10108.0   9.622  2.4606D+01 -1.8370D+00  3.9590D+00 -1.0933D+01  7.4896D+00
 60808.0  16.538  2.6966D+01 -1.5802D+00  5.2319D+00 -1.2851D+01  7.2799D+00
   812.0   3.530  1.0797D+01 -4.3360D-01  4.5543D+00 -9.6555D+00  6.8587D+00
   822.0   6.870  1.2319D+01 -1.8737D+00  4.2408D+00 -7.4936D+00  3.3890D+00

MOLECULAR EQUILIBRIUM SOLUTIONS:  (log partial pressures listed under names)
  i     T  Pgas     1.0     2.0     6.0     7.0     8.0     9.0    12.0    13.0
                   14.0    22.0    26.0     1.1     2.1     6.1     7.1     8.1
                    9.1    12.1    13.1    14.1    22.1    26.1   101.0   106.0
                  107.0   108.0   109.0   112.0   113.0   114.0   126.0   606.0
                  607.0   608.0   707.0   708.0   808.0 10108.0 60808.0   812.0
                  822.0
 64  9110  5.65    5.61    4.54    1.51    1.03    1.89   -2.24   -1.08   -2.19
                  -0.49   -4.08   -0.99    3.75   -2.79    1.03   -0.73   -0.02
                  -5.72    0.80   -0.35    0.69   -1.85    0.69    1.08   -2.58
                  -3.06   -2.06   -5.86   -5.20   -6.49   -4.59   -6.10   -6.13
                  -5.74   -3.93   -5.71   -5.65   -6.36   -7.13  -13.54   -8.64
                 -11.62
 63  8870  5.62    5.58    4.51    1.49    1.00    1.86   -2.27   -1.11   -2.24
                  -0.51   -4.12   -1.01    3.62   -3.09    0.95   -0.87   -0.16
                  -5.91    0.77   -0.38    0.65   -1.88    0.66    1.13   -2.57
                  -3.06   -2.04   -5.83   -5.23   -6.51   -4.58   -6.11   -6.06
                  -5.66   -3.79   -5.61   -5.60   -6.34   -7.00  -13.28   -8.59
                 -11.52
 62  8625  5.59    5.55    4.48    1.48    0.97    1.83   -2.30   -1.14   -2.29
                  -0.52   -4.17   -1.03    3.48   -3.40    0.86   -1.02   -0.30
                  -6.11    0.74   -0.41    0.62   -1.91    0.63    1.18   -2.56
                  -3.06   -2.02   -5.78   -5.25   -6.53   -4.57   -6.11   -5.98
                  -5.57   -3.65   -5.49   -5.53   -6.31   -6.86  -13.00   -8.54
                 -11.41
 61  8375  5.56    5.52    4.46    1.47    0.94    1.80   -2.32   -1.17   -2.33
                  -0.53   -4.20   -1.05    3.33   -3.75    0.77   -1.19   -0.45
                  -6.33    0.71   -0.44    0.59   -1.94    0.60    1.24   -2.54
                  -3.04   -1.99   -5.73   -5.27   -6.54   -4.54   -6.11   -5.90
                  -5.47   -3.48   -5.36   -5.46   -6.27   -6.70  -12.70   -8.48
                 -11.29
 60  8119  5.53    5.50    4.43    1.45    0.92    1.78   -2.35   -1.19   -2.37
                  -0.53   -4.24   -1.06    3.17   -4.11    0.67   -1.36   -0.62
                  -6.57    0.68   -0.47    0.57   -1.96    0.58    1.31   -2.51
                  -3.02   -1.95   -5.66   -5.27   -6.55   -4.51   -6.10   -5.80
                  -5.35   -3.30   -5.21   -5.38   -6.22   -6.53  -12.37   -8.40
                 -11.16
 59  7855  5.51    5.47    4.40    1.44    0.89    1.75   -2.38   -1.21   -2.41
                  -0.53   -4.27   -1.06    3.00   -4.52    0.56   -1.56   -0.79
                  -6.82    0.66   -0.49    0.53   -1.99    0.55    1.39   -2.47
                  -2.99   -1.90   -5.58   -5.27   -6.54   -4.46   -6.08   -5.69
                  -5.22   -3.10   -5.03   -5.28   -6.16   -6.33  -12.01   -8.32
                 -11.00
 58  7580  5.48    5.45    4.38    1.43    0.87    1.73   -2.40   -1.22   -2.45
                  -0.52   -4.30   -1.06    2.80   -4.97    0.43   -1.77   -0.99
                  -7.10    0.63   -0.52    0.50   -2.01    0.52    1.48   -2.43
                  -2.95   -1.84   -5.49   -5.26   -6.53   -4.40   -6.05   -5.56
                  -5.07   -2.86   -4.84   -5.16   -6.09   -6.11  -11.61   -8.22
                 -10.83
 57  7287  5.46    5.42    4.35    1.41    0.84    1.70   -2.43   -1.22   -2.49
                  -0.50   -4.33   -1.06    2.59   -5.48    0.29   -2.01   -1.21
                  -7.43    0.61   -0.54    0.48   -2.04    0.50    1.59   -2.37
                  -2.90   -1.76   -5.37   -5.24   -6.50   -4.32   -6.00   -5.42
                  -4.90   -2.59   -4.61   -5.03   -6.00   -5.85  -11.16   -8.10
                 -10.64
 56  6966  5.43    5.39    4.32    1.39    0.81    1.67   -2.46   -1.22   -2.53
                  -0.48   -4.36   -1.04    2.33   -6.09    0.11   -2.30   -1.47
                  -7.81    0.58   -0.57    0.44   -2.07    0.47    1.71   -2.30
                  -2.84   -1.66   -5.22   -5.20   -6.46   -4.22   -5.94   -5.25
                  -4.69   -2.27   -4.33   -4.86   -5.88   -5.55  -10.62   -7.96
                 -10.40
 55  6600  5.40    5.36    4.29    1.37    0.78    1.64   -2.49   -1.20   -2.58
                  -0.45   -4.38   -1.02    2.00   -6.86   -0.11   -2.66   -1.81
                  -8.29    0.55   -0.60    0.40   -2.10    0.44    1.87   -2.21
                  -2.75   -1.53   -5.03   -5.15   -6.41   -4.08   -5.86   -5.04
                  -4.42   -1.86   -3.98   -4.64   -5.73   -5.18   -9.96   -7.79
                 -10.10
 54  6167  5.36    5.32    4.25    1.34    0.74    1.60   -2.53   -1.16   -2.62
                  -0.39   -4.40   -0.97    1.55   -7.90   -0.43   -3.16   -2.26
                  -8.95    0.50   -0.64    0.35   -2.14    0.39    2.08   -2.08
                  -2.62   -1.36   -4.77   -5.07   -6.31   -3.88   -5.73   -4.76
                  -4.06   -1.31   -3.51   -4.35   -5.53   -4.69   -9.10   -7.55
                  -9.70
 53  5744  5.30    5.26    4.20    1.28    0.68    1.54   -2.59   -1.10   -2.64
                  -0.32   -4.39   -0.89    1.00   -9.11   -0.83   -3.77   -2.82
                  -9.73    0.44   -0.70    0.26   -2.20    0.33    2.27   -1.98
                  -2.51   -1.19   -4.52   -4.97   -6.20   -3.67   -5.59   -4.49
                  -3.70   -0.74   -3.01   -4.05   -5.33   -4.21   -8.20   -7.30
                  -9.26
 52  5435  5.22    5.18    4.11    1.19    0.60    1.46   -2.67   -1.03   -2.66
                  -0.27   -4.38   -0.82    0.47  -10.19   -1.25   -4.34   -3.36
                 -10.46    0.36   -0.78    0.14   -2.28    0.24    2.37   -1.96
                  -2.48   -1.12   -4.37   -4.91   -6.14   -3.53   -5.50   -4.34
                  -3.47   -0.34   -2.66   -3.87   -5.23   -3.92   -7.58   -7.12
                  -8.94
 51  5190  5.13    5.09    4.02    1.08    0.51    1.35   -2.77   -0.98   -2.66
                  -0.24   -4.36   -0.76   -0.05  -11.19   -1.68   -4.90   -3.90
                 -11.15    0.25   -0.88   -0.02   -2.37    0.12    2.39   -2.01
                  -2.51   -1.11   -4.29   -4.88   -6.09   -3.45   -5.44   -4.29
                  -3.33   -0.05   -2.40   -3.77   -5.21   -3.76   -7.15   -7.00
                  -8.68
 50  5003  5.02    4.99    3.92    0.95    0.41    1.24   -2.88   -0.94   -2.67
                  -0.24   -4.35   -0.73   -0.52  -12.06   -2.09   -5.40   -4.38
                 -11.76    0.14   -0.98   -0.19   -2.48    0.00    2.37   -2.11
                  -2.57   -1.15   -4.27   -4.89   -6.09   -3.43   -5.44   -4.31
                  -3.27    0.12   -2.24   -3.75   -5.25   -3.70   -6.88   -6.95
                  -8.51
 49  4862  4.92    4.88    3.81    0.81    0.30    1.11   -2.99   -0.95   -2.72
                  -0.29   -4.37   -0.74   -0.91  -12.77   -2.45   -5.82   -4.79
                 -12.27    0.03   -1.09   -0.35   -2.58   -0.12    2.31   -2.24
                  -2.67   -1.24   -4.29   -4.96   -6.14   -3.48   -5.49   -4.40
                  -3.28    0.19   -2.15   -3.77   -5.34   -3.72   -6.76   -6.96
                  -8.43
 48  4755  4.81    4.78    3.71    0.67    0.19    0.99   -3.09   -0.99   -2.79
                  -0.36   -4.43   -0.78   -1.22  -13.34   -2.74   -6.16   -5.12
                 -12.67   -0.09   -1.19   -0.50   -2.69   -0.24    2.21   -2.40
                  -2.80   -1.36   -4.36   -5.07   -6.25   -3.58   -5.60   -4.53
                  -3.34    0.20   -2.13   -3.84   -5.46   -3.82   -6.74   -7.04
                  -8.43
 47  4674  4.71    4.67    3.60    0.54    0.09    0.87   -3.20   -1.06   -2.89
                  -0.44   -4.52   -0.85   -1.48  -13.80   -2.98   -6.43   -5.39
                 -13.00   -0.19   -1.30   -0.64   -2.79   -0.36    2.09   -2.57
                  -2.94   -1.49   -4.46   -5.22   -6.39   -3.71   -5.74   -4.67
                  -3.43    0.16   -2.16   -3.94   -5.59   -3.96   -6.80   -7.17
                  -8.50
 46  4610  4.60    4.57    3.50    0.42   -0.02    0.76   -3.31   -1.15   -3.00
                  -0.54   -4.62   -0.95   -1.69  -14.17   -3.17   -6.66   -5.61
                 -13.27   -0.30   -1.40   -0.76   -2.90   -0.47    1.95   -2.74
                  -3.10   -1.64   -4.58   -5.40   -6.57   -3.86   -5.91   -4.83
                  -3.54    0.10   -2.22   -4.06   -5.74   -4.13   -6.89   -7.32
                  -8.60
 45  4558  4.50    4.46    3.39    0.30   -0.13    0.65   -3.41   -1.26   -3.13
                  -0.65   -4.74   -1.05   -1.87  -14.49   -3.33   -6.85   -5.79
                 -13.49   -0.41   -1.51   -0.86   -3.01   -0.58    1.79   -2.92
                  -3.26   -1.80   -4.71   -5.59   -6.76   -4.03   -6.10   -4.98
                  -3.67    0.01   -2.31   -4.19   -5.90   -4.33   -7.02   -7.49
                  -8.74
 44  4514  4.39    4.35    3.28    0.19   -0.23    0.54   -3.52   -1.38   -3.27
                  -0.75   -4.87   -1.16   -2.03  -14.76   -3.46   -7.02   -5.95
                 -13.69   -0.51   -1.62   -0.96   -3.11   -0.68    1.63   -3.10
                  -3.44   -1.96   -4.86   -5.80   -6.97   -4.21   -6.29   -5.13
                  -3.80   -0.09   -2.41   -4.34   -6.06   -4.54   -7.17   -7.68
                  -8.90
 43  4476  4.28    4.25    3.18    0.08   -0.34    0.43   -3.62   -1.50   -3.41
                  -0.87   -5.01   -1.29   -2.17  -15.01   -3.59   -7.17   -6.10
                 -13.86   -0.62   -1.72   -1.06   -3.22   -0.78    1.47   -3.27
                  -3.61   -2.13   -5.01   -6.02   -7.19   -4.40   -6.50   -5.29
                  -3.94   -0.19   -2.53   -4.48   -6.22   -4.76   -7.33   -7.88
                  -9.07
 42  4440  4.18    4.14    3.07   -0.02   -0.44    0.33   -3.72   -1.63   -3.56
                  -0.98   -5.15   -1.41   -2.30  -15.24   -3.70   -7.31   -6.23
                 -14.03   -0.72   -1.83   -1.15   -3.33   -0.88    1.30   -3.45
                  -3.79   -2.30   -5.16   -6.24   -7.41   -4.59   -6.71   -5.44
                  -4.08   -0.30   -2.65   -4.64   -6.38   -4.99   -7.49   -8.08
                  -9.25
 41  4406  4.07    4.03    2.96   -0.13   -0.55    0.22   -3.83   -1.76   -3.71
                  -1.10   -5.29   -1.53   -2.44  -15.47   -3.81   -7.45   -6.36
                 -14.20   -0.82   -1.93   -1.25   -3.43   -0.98    1.13   -3.63
                  -3.97   -2.47   -5.32   -6.46   -7.63   -4.78   -6.93   -5.59
                  -4.22   -0.41   -2.77   -4.79   -6.55   -5.21   -7.66   -8.29
                  -9.43
 40  4372  3.96    3.93    2.86   -0.23   -0.66    0.12   -3.93   -1.89   -3.85
                  -1.21   -5.43   -1.66   -2.57  -15.70   -3.92   -7.59   -6.50
                 -14.36   -0.93   -2.04   -1.34   -3.54   -1.08    0.96   -3.81
                  -4.15   -2.64   -5.47   -6.68   -7.86   -4.97   -7.14   -5.75
                  -4.36   -0.52   -2.90   -4.94   -6.71   -5.44   -7.82   -8.49
                  -9.61
 39  4337  3.86    3.82    2.75   -0.34   -0.76    0.01   -4.04   -2.02   -4.00
                  -1.33   -5.57   -1.78   -2.71  -15.95   -4.04   -7.74   -6.64
                 -14.54   -1.03   -2.14   -1.44   -3.64   -1.19    0.79   -3.99
                  -4.32   -2.81   -5.62   -6.90   -8.08   -5.16   -7.35   -5.90
                  -4.50   -0.62   -3.02   -5.09   -6.87   -5.67   -7.98   -8.69
                  -9.78
 38  4301  3.75    3.72    2.65   -0.45   -0.87   -0.10   -4.14   -2.14   -4.14
                  -1.44   -5.70   -1.90   -2.85  -16.20   -4.16   -7.90   -6.78
                 -14.72   -1.13   -2.25   -1.53   -3.75   -1.29    0.63   -4.17
                  -4.50   -2.97   -5.78   -7.12   -8.29   -5.35   -7.56   -6.05
                  -4.63   -0.73   -3.13   -5.23   -7.04   -5.89   -8.14   -8.89
                  -9.95
 37  4263  3.64    3.61    2.54   -0.56   -0.98   -0.20   -4.25   -2.26   -4.28
                  -1.55   -5.83   -2.02   -3.00  -16.46   -4.29   -8.06   -6.94
                 -14.91   -1.24   -2.36   -1.64   -3.85   -1.39    0.46   -4.34
                  -4.67   -3.14   -5.92   -7.33   -8.51   -5.53   -7.76   -6.21
                  -4.76   -0.83   -3.24   -5.38   -7.20   -6.10   -8.29   -9.08
                 -10.12
 36  4224  3.54    3.50    2.43   -0.67   -1.08   -0.31   -4.36   -2.38   -4.41
                  -1.66   -5.96   -2.13   -3.17  -16.75   -4.43   -8.23   -7.10
                 -15.11   -1.35   -2.46   -1.74   -3.96   -1.50    0.30   -4.52
                  -4.85   -3.30   -6.07   -7.54   -8.71   -5.71   -7.96   -6.36
                  -4.90   -0.92   -3.34   -5.52   -7.36   -6.31   -8.43   -9.27
                 -10.27
 35  4183  3.43    3.40    2.33   -0.78   -1.19   -0.42   -4.46   -2.49   -4.55
                  -1.77   -6.09   -2.24   -3.33  -17.04   -4.58   -8.41   -7.27
                 -15.32   -1.45   -2.57   -1.84   -4.07   -1.60    0.15   -4.70
                  -5.01   -3.46   -6.21   -7.74   -8.91   -5.89   -8.16   -6.52
                  -5.02   -1.02   -3.43   -5.66   -7.51   -6.52   -8.57   -9.45
                 -10.42
 34  4141  3.33    3.29    2.22   -0.90   -1.30   -0.53   -4.57   -2.60   -4.68
                  -1.87   -6.21   -2.35   -3.51  -17.35   -4.74   -8.60   -7.46
                 -15.55   -1.56   -2.67   -1.95   -4.17   -1.71   -0.01   -4.88
                  -5.18   -3.62   -6.34   -7.94   -9.11   -6.06   -8.35   -6.67
                  -5.15   -1.10   -3.53   -5.79   -7.67   -6.72   -8.70   -9.63
                 -10.56
 33  4098  3.22    3.18    2.11   -1.02   -1.40   -0.65   -4.67   -2.71   -4.80
                  -1.98   -6.32   -2.45   -3.69  -17.67   -4.90   -8.79   -7.64
                 -15.78   -1.66   -2.78   -2.06   -4.28   -1.82   -0.16   -5.06
                  -5.35   -3.78   -6.48   -8.13   -9.30   -6.23   -8.53   -6.83
                  -5.28   -1.19   -3.61   -5.92   -7.83   -6.91   -8.83   -9.80
                 -10.70
 32  4054  3.11    3.08    2.01   -1.14   -1.51   -0.76   -4.78   -2.81   -4.93
                  -2.08   -6.44   -2.56   -3.88  -18.01   -5.08   -8.99   -7.84
                 -16.02   -1.77   -2.89   -2.18   -4.39   -1.93   -0.31   -5.24
                  -5.51   -3.94   -6.61   -8.33   -9.49   -6.39   -8.72   -6.99
                  -5.40   -1.28   -3.69   -6.06   -7.98   -7.11   -8.96   -9.97
                 -10.83
 31  4010  3.01    2.97    1.90   -1.27   -1.62   -0.87   -4.89   -2.91   -5.05
                  -2.18   -6.55   -2.65   -4.08  -18.36   -5.26   -9.20   -8.05
                 -16.27   -1.88   -2.99   -2.29   -4.49   -2.04   -0.46   -5.42
                  -5.67   -4.10   -6.73   -8.51   -9.68   -6.55   -8.89   -7.16
                  -5.52   -1.36   -3.77   -6.18   -8.14   -7.29   -9.08  -10.14
                 -10.96
 30  3965  2.90    2.86    1.79   -1.40   -1.72   -0.99   -4.99   -3.01   -5.17
                  -2.28   -6.66   -2.75   -4.28  -18.72   -5.45   -9.42   -8.26
                 -16.52   -1.99   -3.10   -2.41   -4.60   -2.15   -0.60   -5.60
                  -5.83   -4.25   -6.86   -8.70   -9.86   -6.71   -9.07   -7.32
                  -5.65   -1.44   -3.84   -6.31   -8.29   -7.48   -9.20  -10.30
                 -11.08
 29  3918  2.79    2.76    1.69   -1.53   -1.83   -1.11   -5.10   -3.10   -5.28
                  -2.38   -6.76   -2.84   -4.49  -19.10   -5.66   -9.65   -8.48
                 -16.79   -2.10   -3.21   -2.53   -4.71   -2.26   -0.75   -5.79
                  -5.99   -4.40   -6.98   -8.87  -10.03   -6.87   -9.24   -7.49
                  -5.77   -1.52   -3.90   -6.43   -8.45   -7.66   -9.31  -10.46
                 -11.19
 28  3871  2.68    2.65    1.58   -1.67   -1.94   -1.22   -5.21   -3.19   -5.40
                  -2.47   -6.87   -2.93   -4.71  -19.49   -5.87   -9.88   -8.72
                 -17.07   -2.21   -3.31   -2.65   -4.81   -2.37   -0.88   -5.97
                  -6.15   -4.56   -7.09   -9.04  -10.20   -7.02   -9.40   -7.67
                  -5.89   -1.60   -3.96   -6.55   -8.60   -7.83   -9.43  -10.61
                 -11.30
 27  3824  2.58    2.54    1.47   -1.81   -2.05   -1.34   -5.31   -3.28   -5.51
                  -2.57   -6.96   -3.01   -4.94  -19.90   -6.10  -10.13   -8.96
                 -17.36   -2.32   -3.42   -2.78   -4.92   -2.48   -1.02   -6.16
                  -6.30   -4.71   -7.21   -9.21  -10.36   -7.16   -9.56   -7.85
                  -6.01   -1.68   -4.01   -6.67   -8.76   -8.00   -9.54  -10.76
                 -11.40
 26  3775  2.47    2.43    1.37   -1.96   -2.16   -1.47   -5.42   -3.36   -5.61
                  -2.66   -7.06   -3.09   -5.18  -20.32   -6.34  -10.38   -9.21
                 -17.67   -2.43   -3.53   -2.91   -5.03   -2.60   -1.16   -6.36
                  -6.45   -4.85   -7.32   -9.38  -10.52   -7.31   -9.72   -8.05
                  -6.13   -1.75   -4.06   -6.79   -8.91   -8.17   -9.64  -10.91
                 -11.49
 25  3727  2.36    2.33    1.26   -2.12   -2.26   -1.59   -5.53   -3.44   -5.72
                  -2.76   -7.15   -3.17   -5.42  -20.75   -6.59  -10.64   -9.47
                 -17.97   -2.54   -3.64   -3.04   -5.14   -2.71   -1.29   -6.56
                  -6.60   -5.00   -7.42   -9.54  -10.68   -7.45   -9.88   -8.25
                  -6.26   -1.83   -4.11   -6.90   -9.06   -8.33   -9.75  -11.05
                 -11.58
 24  3679  2.26    2.22    1.15   -2.28   -2.37   -1.71   -5.64   -3.52   -5.82
                  -2.85   -7.24   -3.26   -5.66  -21.19   -6.84  -10.90   -9.73
                 -18.28   -2.65   -3.74   -3.17   -5.24   -2.83   -1.42   -6.76
                  -6.76   -5.15   -7.53   -9.70  -10.83   -7.59  -10.03   -8.45
                  -6.39   -1.92   -4.15   -7.01   -9.21   -8.49   -9.86  -11.19
                 -11.66
 23  3633  2.15    2.11    1.04   -2.44   -2.48   -1.83   -5.74   -3.60   -5.93
                  -2.94   -7.33   -3.34   -5.91  -21.62   -7.10  -11.17   -9.99
                 -18.60   -2.76   -3.85   -3.31   -5.35   -2.95   -1.55   -6.97
                  -6.91   -5.30   -7.64   -9.86  -10.99   -7.74  -10.19   -8.67
                  -6.52   -2.00   -4.19   -7.13   -9.36   -8.65   -9.97  -11.34
                 -11.75
 22  3587  2.04    2.00    0.93   -2.61   -2.60   -1.95   -5.85   -3.68   -6.04
                  -3.04   -7.43   -3.42   -6.15  -22.06   -7.36  -11.43  -10.24
                 -18.90   -2.87   -3.96   -3.44   -5.46   -3.07   -1.68   -7.18
                  -7.06   -5.44   -7.74  -10.02  -11.15   -7.89  -10.35   -8.89
                  -6.66   -2.09   -4.24   -7.24   -9.51   -8.82  -10.09  -11.48
                 -11.84
 21  3544  1.93    1.90    0.83   -2.77   -2.71   -2.07   -5.96   -3.77   -6.15
                  -3.14   -7.52   -3.51   -6.39  -22.48   -7.61  -11.68  -10.49
                 -19.21   -2.98   -4.07   -3.58   -5.57   -3.19   -1.82   -7.39
                  -7.22   -5.59   -7.86  -10.19  -11.31   -8.04  -10.51   -9.11
                  -6.80   -2.18   -4.29   -7.36   -9.66   -8.99  -10.21  -11.63
                 -11.94
 20  3504  1.82    1.79    0.72   -2.94   -2.82   -2.19   -6.07   -3.86   -6.26
                  -3.24   -7.63   -3.60   -6.62  -22.89   -7.86  -11.93  -10.73
                 -19.50   -3.10   -4.18   -3.71   -5.68   -3.30   -1.96   -7.60
                  -7.38   -5.75   -7.97  -10.37  -11.48   -8.19  -10.68   -9.34
                  -6.95   -2.28   -4.35   -7.48   -9.82   -9.16  -10.34  -11.78
                 -12.04
 19  3466  1.71    1.68    0.61   -3.10   -2.93   -2.31   -6.18   -3.95   -6.38
                  -3.35   -7.74   -3.70   -6.84  -23.28   -8.09  -12.17  -10.96
                 -19.78   -3.21   -4.29   -3.84   -5.79   -3.42   -2.11   -7.81
                  -7.54   -5.90   -8.10  -10.56  -11.66   -8.36  -10.86   -9.56
                  -7.09   -2.38   -4.42   -7.61   -9.97   -9.34  -10.47  -11.95
                 -12.16
 18  3431  1.60    1.56    0.49   -3.25   -3.05   -2.43   -6.29   -4.06   -6.51
                  -3.46   -7.85   -3.80   -7.05  -23.66   -8.30  -12.39  -11.18
                 -20.04   -3.32   -4.40   -3.96   -5.90   -3.54   -2.26   -8.02
                  -7.71   -6.06   -8.23  -10.75  -11.85   -8.53  -11.05   -9.77
                  -7.24   -2.49   -4.50   -7.74  -10.13   -9.54  -10.62  -12.12
                 -12.29
 17  3399  1.49    1.45    0.38   -3.40   -3.16   -2.55   -6.40   -4.17   -6.65
                  -3.57   -7.98   -3.91   -7.24  -24.00   -8.50  -12.60  -11.38
                 -20.29   -3.43   -4.51   -4.08   -6.01   -3.65   -2.42   -8.23
                  -7.89   -6.23   -8.37  -10.95  -12.06   -8.71  -11.25   -9.97
                  -7.40   -2.59   -4.59   -7.88  -10.29   -9.74  -10.77  -12.30
                 -12.43
 16  3370  1.37    1.33    0.26   -3.53   -3.28   -2.67   -6.52   -4.29   -6.79
                  -3.68   -8.11   -4.03   -7.42  -24.32   -8.67  -12.79  -11.56
                 -20.52   -3.55   -4.63   -4.19   -6.13   -3.76   -2.60   -8.44
                  -8.07   -6.40   -8.52  -11.17  -12.28   -8.90  -11.45  -10.17
                  -7.55   -2.71   -4.70   -8.03  -10.46   -9.97  -10.93  -12.50
                 -12.59
 15  3345  1.25    1.22    0.15   -3.66   -3.39   -2.79   -6.64   -4.43   -6.95
                  -3.80   -8.26   -4.16   -7.59  -24.61   -8.82  -12.97  -11.73
                 -20.73   -3.66   -4.75   -4.30   -6.25   -3.87   -2.78   -8.64
                  -8.27   -6.59   -8.69  -11.41  -12.52   -9.10  -11.68  -10.35
                  -7.70   -2.82   -4.82   -8.19  -10.64  -10.21  -11.10  -12.71
                 -12.78
 14  3323  1.13    1.10    0.03   -3.77   -3.51   -2.91   -6.76   -4.58   -7.12
                  -3.93   -8.42   -4.30   -7.74  -24.87   -8.94  -13.13  -11.88
                 -20.92   -3.78   -4.87   -4.40   -6.37   -3.99   -2.97   -8.84
                  -8.47   -6.78   -8.86  -11.66  -12.77   -9.31  -11.92  -10.52
                  -7.86   -2.94   -4.96   -8.36  -10.83  -10.47  -11.29  -12.95
                 -12.99
 13  3304  1.01    0.97   -0.10   -3.88   -3.64   -3.03   -6.88   -4.74   -7.30
                  -4.07   -8.60   -4.45   -7.87  -25.10   -9.03  -13.27  -12.01
                 -21.08   -3.90   -4.99   -4.49   -6.49   -4.10   -3.18   -9.04
                  -8.68   -6.98   -9.06  -11.93  -13.05   -9.54  -12.18  -10.67
                  -8.01   -3.07   -5.11   -8.55  -11.02  -10.75  -11.49  -13.20
                 -13.22
 12  3287  0.88    0.84   -0.23   -3.98   -3.76   -3.15   -7.01   -4.91   -7.49
                  -4.21   -8.78   -4.62   -7.99  -25.31   -9.10  -13.39  -12.13
                 -21.23   -4.02   -5.12   -4.58   -6.62   -4.21   -3.40   -9.23
                  -8.91   -7.20   -9.26  -12.22  -13.35   -9.79  -12.46  -10.82
                  -8.17   -3.20   -5.28   -8.74  -11.23  -11.05  -11.71  -13.47
                 -13.48
 11  3273  0.75    0.71   -0.36   -4.06   -3.89   -3.28   -7.14   -5.11   -7.70
                  -4.36   -8.99   -4.80   -8.09  -25.48   -9.15  -13.50  -12.22
                 -21.36   -4.14   -5.25   -4.67   -6.75   -4.32   -3.63   -9.43
                  -9.14   -7.43   -9.49  -12.54  -13.67  -10.05  -12.76  -10.95
                  -8.34   -3.34   -5.48   -8.96  -11.44  -11.38  -11.94  -13.77
                 -13.76
 10  3262  0.61    0.57   -0.50   -4.15   -4.02   -3.41   -7.28   -5.32   -7.93
                  -4.53   -9.21   -5.00   -8.18  -25.63   -9.17  -13.59  -12.30
                 -21.47   -4.27   -5.39   -4.76   -6.89   -4.44   -3.88   -9.63
                  -9.40   -7.67   -9.73  -12.88  -14.02  -10.34  -13.09  -11.08
                  -8.51   -3.49   -5.70   -9.18  -11.67  -11.73  -12.19  -14.09
                 -14.08
  9  3254  0.46    0.43   -0.64   -4.22   -4.17   -3.54   -7.42   -5.55   -8.18
                  -4.71   -9.46   -5.22   -8.25  -25.74   -9.16  -13.66  -12.36
                 -21.55   -4.41   -5.53   -4.85   -7.03   -4.57   -4.16   -9.83
                  -9.67   -7.93  -10.00  -13.26  -14.40  -10.65  -13.45  -11.20
                  -8.70   -3.65   -5.94   -9.43  -11.92  -12.12  -12.46  -14.45
                 -14.43
  8  3250  0.31    0.28   -0.79   -4.29   -4.31   -3.67   -7.57   -5.82   -8.45
                  -4.91   -9.73   -5.47   -8.30  -25.81   -9.11  -13.70  -12.39
                 -21.61   -4.56   -5.68   -4.94   -7.18   -4.70   -4.45  -10.05
                  -9.96   -8.20  -10.29  -13.67  -14.82  -11.00  -13.85  -11.32
                  -8.90   -3.83   -6.21   -9.70  -12.17  -12.53  -12.76  -14.83
                 -14.81
  7  3250  0.15    0.12   -0.95   -4.35   -4.47   -3.81   -7.73   -6.11   -8.75
                  -5.15  -10.03   -5.75   -8.32  -25.83   -9.04  -13.72  -12.38
                 -21.63   -4.71   -5.84   -5.03   -7.34   -4.84   -4.77  -10.27
                 -10.28   -8.50  -10.61  -14.12  -15.28  -11.40  -14.29  -11.46
                  -9.12   -4.03   -6.53   -9.99  -12.44  -12.98  -13.09  -15.26
                 -15.25
  6  3253 -0.02   -0.05   -1.12   -4.42   -4.64   -3.94   -7.90   -6.44   -9.08
                  -5.42  -10.36   -6.07   -8.31  -25.80   -8.94  -13.71  -12.34
                 -21.61   -4.87   -6.01   -5.13   -7.51   -5.00   -5.11  -10.51
                 -10.62   -8.81  -10.95  -14.62  -15.78  -11.84  -14.78  -11.60
                  -9.37   -4.26   -6.87  -10.30  -12.72  -13.47  -13.47  -15.73
                 -15.73
  5  3261 -0.19   -0.23   -1.30   -4.50   -4.81   -4.08   -8.08   -6.80   -9.44
                  -5.73  -10.72   -6.42   -8.27  -25.72   -8.81  -13.66  -12.27
                 -21.56   -5.04   -6.19   -5.25   -7.69   -5.16   -5.48  -10.78
                 -10.98   -9.14  -11.33  -15.16  -16.32  -12.34  -15.31  -11.78
                  -9.64   -4.52   -7.26  -10.64  -13.02  -14.00  -13.88  -16.24
                 -16.26
  4  3273 -0.37   -0.41   -1.48   -4.59   -4.99   -4.23   -8.26   -7.19   -9.83
                  -6.08  -11.11   -6.81   -8.21  -25.59   -8.67  -13.59  -12.17
                 -21.47   -5.22   -6.37   -5.39   -7.87   -5.33   -5.87  -11.07
                 -11.36   -9.50  -11.72  -15.74  -16.91  -12.89  -15.89  -12.00
                  -9.96   -4.82   -7.67  -11.00  -13.34  -14.57  -14.36  -16.80
                 -16.83
  3  3293 -0.56   -0.59   -1.66   -4.70   -5.17   -4.38   -8.44   -7.62  -10.25
                  -6.49  -11.54   -7.24   -8.09  -25.38   -8.49  -13.46  -12.01
                 -21.32   -5.41   -6.55   -5.54   -8.05   -5.51   -6.28  -11.40
                 -11.77   -9.88  -12.15  -16.38  -17.55  -13.51  -16.53  -12.27
                 -10.33   -5.18   -8.14  -11.40  -13.69  -15.18  -14.92  -17.42
                 -17.48
  2  3312 -0.75   -0.78   -1.85   -4.84   -5.37   -4.54   -8.64   -8.07  -10.68
                  -6.92  -11.98   -7.69   -7.98  -25.16   -8.35  -13.34  -11.87
                 -21.17   -5.60   -6.75   -5.71   -8.25   -5.70   -6.71  -11.76
                 -12.18  -10.27  -12.59  -17.03  -18.20  -14.16  -17.18  -12.61
                 -10.73   -5.58   -8.61  -11.82  -14.07  -15.82  -15.54  -18.06
                 -18.14
  1  3312 -6.00   -6.04   -7.11  -10.49  -10.62   -9.76  -13.89  -17.12  -19.73
                 -15.95  -21.03  -16.74   -9.42  -26.61  -10.19  -14.78  -13.28
                 -22.61  -10.85  -12.00  -10.94  -13.50  -10.95  -17.21  -22.67
                 -22.68  -20.74  -23.09  -31.33  -32.50  -28.44  -31.48  -23.91
                 -21.63  -16.45  -19.11  -22.28  -24.50  -31.53  -31.62  -32.32
                 -32.41

MODEL ATMOSPHERE HEADER:
TEFF=5448  GRAVITY=4.53 LTE                           vt= 1.50 M/H=-0.41        

INPUT ATMOSPHERE QUANTITIES          (reference wavelength =   5000.00)
   i  xref   tauref       T      logPg    Pgas      logPe     Ne         Vturb
   1-11.00 1.0000D-11   3312.5  -6.000 1.0000D-06  -8.985 2.2622D+03   1.50D+05
   2-10.00 1.0000D-10   3312.5  -0.750 1.7802D-01  -5.180 1.4464D+07   1.50D+05
   3 -9.81 1.5615D-10   3293.4  -0.558 2.7661D-01  -4.999 2.2034D+07   1.50D+05
   4 -9.61 2.4384D-10   3273.8  -0.371 4.2518D-01  -4.826 3.3003D+07   1.50D+05
   5 -9.42 3.8075D-10   3261.6  -0.190 6.4541D-01  -4.661 4.8490D+07   1.50D+05
   6 -9.23 5.9456D-10   3253.9  -0.015 9.6526D-01  -4.503 6.9936D+07   1.50D+05
   7 -9.03 9.2841D-10   3250.1   0.152 1.4195D+00  -4.353 9.8910D+07   1.50D+05
   8 -8.84 1.4497D-09   3250.3   0.312 2.0504D+00  -4.211 1.3720D+08   1.50D+05
   9 -8.65 2.2638D-09   3254.8   0.464 2.9099D+00  -4.076 1.8701D+08   1.50D+05
  10 -8.45 3.5350D-09   3262.8   0.609 4.0619D+00  -3.946 2.5120D+08   1.50D+05
  11 -8.26 5.5200D-09   3273.8   0.747 5.5862D+00  -3.822 3.3341D+08   1.50D+05
  12 -8.06 8.6195D-09   3287.5   0.880 7.5831D+00  -3.701 4.3845D+08   1.50D+05
  13 -7.87 1.3460D-08   3304.0   1.008 1.0181D+01  -3.583 5.7260D+08   1.50D+05
  14 -7.68 2.1017D-08   3323.3   1.132 1.3542D+01  -3.467 7.4423D+08   1.50D+05
  15 -7.48 3.2819D-08   3345.5   1.252 1.7873D+01  -3.351 9.6438D+08   1.50D+05
  16 -7.29 5.1248D-08   3370.9   1.370 2.3438D+01  -3.236 1.2476D+09   1.50D+05
  17 -7.10 8.0025D-08   3399.6   1.485 3.0572D+01  -3.121 1.6130D+09   1.50D+05
  18 -6.90 1.2496D-07   3431.4   1.599 3.9701D+01  -3.005 2.0853D+09   1.50D+05
  19 -6.71 1.9513D-07   3466.4   1.711 5.1370D+01  -2.889 2.6963D+09   1.50D+05
  20 -6.52 3.0470D-07   3504.3   1.821 6.6271D+01  -2.773 3.4871D+09   1.50D+05
  21 -6.32 4.7579D-07   3544.9   1.931 8.5293D+01  -2.656 4.5097D+09   1.50D+05
  22 -6.13 7.4296D-07   3587.9   2.040 1.0957D+02  -2.539 5.8305D+09   1.50D+05
  23 -5.94 1.1602D-06   3633.0   2.148 1.4057D+02  -2.423 7.5338D+09   1.50D+05
  24 -5.74 1.8116D-06   3679.6   2.256 1.8016D+02  -2.306 9.7261D+09   1.50D+05
  25 -5.55 2.8289D-06   3727.3   2.363 2.3073D+02  -2.190 1.2540D+10   1.50D+05
  26 -5.35 4.4173D-06   3775.6   2.470 2.9537D+02  -2.075 1.6142D+10   1.50D+05
  27 -5.16 6.8978D-06   3824.0   2.577 3.7799D+02  -1.961 2.0740D+10   1.50D+05
  28 -4.97 1.0771D-05   3871.8   2.685 4.8365D+02  -1.847 2.6594D+10   1.50D+05
  29 -4.77 1.6819D-05   3918.9   2.792 6.1874D+02  -1.735 3.4032D+10   1.50D+05
  30 -4.58 2.6264D-05   3965.1   2.898 7.9144D+02  -1.624 4.3469D+10   1.50D+05
  31 -4.39 4.1011D-05   4010.4   3.005 1.0122D+03  -1.513 5.5427D+10   1.50D+05
  32 -4.19 6.4040D-05   4054.8   3.112 1.2943D+03  -1.403 7.0565D+10   1.50D+05
  33 -4.00 1.0000D-04   4098.5   3.219 1.6547D+03  -1.294 8.9711D+10   1.50D+05
  34 -3.81 1.5615D-04   4141.4   3.325 2.1152D+03  -1.186 1.1389D+11   1.50D+05
  35 -3.61 2.4384D-04   4183.3   3.432 2.7033D+03  -1.079 1.4439D+11   1.50D+05
  36 -3.42 3.8075D-04   4224.0   3.538 3.4544D+03  -0.972 1.8277D+11   1.50D+05
  37 -3.23 5.9456D-04   4263.4   3.645 4.4135D+03  -0.867 2.3096D+11   1.50D+05
  38 -3.03 9.2841D-04   4301.2   3.751 5.6381D+03  -0.762 2.9134D+11   1.50D+05
  39 -2.84 1.4497D-03   4337.4   3.857 7.2016D+03  -0.658 3.6692D+11   1.50D+05
  40 -2.65 2.2638D-03   4372.4   3.964 9.1983D+03  -0.555 4.6138D+11   1.50D+05
  41 -2.45 3.5350D-03   4406.6   4.070 1.1748D+04  -0.453 5.7952D+11   1.50D+05
  42 -2.26 5.5200D-03   4440.8   4.176 1.5007D+04  -0.351 7.2763D+11   1.50D+05
  43 -2.06 8.6195D-03   4476.4   4.283 1.9170D+04  -0.248 9.1405D+11   1.50D+05
  44 -1.87 1.3460D-02   4514.9   4.389 2.4491D+04  -0.144 1.1503D+12   1.50D+05
  45 -1.68 2.1017D-02   4558.6   4.495 3.1291D+04  -0.039 1.4527D+12   1.50D+05
  46 -1.48 3.2819D-02   4610.3   4.602 3.9977D+04   0.070 1.8450D+12   1.50D+05
  47 -1.29 5.1248D-02   4674.0   4.708 5.1061D+04   0.183 2.3635D+12   1.50D+05
  48 -1.10 8.0025D-02   4755.4   4.814 6.5178D+04   0.304 3.0652D+12   1.50D+05
  49 -0.90 1.2496D-01   4862.0   4.920 8.3097D+04   0.434 4.0465D+12   1.50D+05
  50 -0.71 1.9513D-01   5003.7   5.024 1.0567D+05   0.579 5.4902D+12   1.50D+05
  51 -0.52 3.0470D-01   5190.9   5.126 1.3351D+05   0.749 7.8243D+12   1.50D+05
  52 -0.32 4.7579D-01   5435.0   5.220 1.6593D+05   0.966 1.2315D+13   1.50D+05
  53 -0.13 7.4296D-01   5744.5   5.300 1.9974D+05   1.256 2.2748D+13   1.50D+05
  54  0.06 1.1602D+00   6167.8   5.359 2.2853D+05   1.660 5.3679D+13   1.50D+05
  55  0.26 1.8116D+00   6600.9   5.399 2.5069D+05   2.052 1.2363D+14   1.50D+05
  56  0.45 2.8289D+00   6966.2   5.430 2.6924D+05   2.359 2.3747D+14   1.50D+05
  57  0.65 4.4173D+00   7287.4   5.457 2.8661D+05   2.608 4.0349D+14   1.50D+05
  58  0.84 6.8978D+00   7580.3   5.483 3.0407D+05   2.821 6.3270D+14   1.50D+05
  59  1.03 1.0771D+01   7855.8   5.508 3.2237D+05   3.009 9.4078D+14   1.50D+05
  60  1.23 1.6819D+01   8119.9   5.534 3.4208D+05   3.179 1.3473D+15   1.50D+05
  61  1.42 2.6264D+01   8375.8   5.561 3.6368D+05   3.336 1.8749D+15   1.50D+05
  62  1.61 4.1011D+01   8625.5   5.588 3.8767D+05   3.482 2.5502D+15   1.50D+05
  63  1.81 6.4040D+01   8870.2   5.618 4.1459D+05   3.620 3.4037D+15   1.50D+05
  64  2.00 1.0000D+02   9110.9   5.648 4.4511D+05   3.750 4.4723D+15   1.50D+05

INPUT ABUNDANCES: (log10 number densities, log H=12)
      Default solar abundances: Asplund et al. 2009
   H ( 1)=12.00   He( 2)=10.93   Li( 3)= 0.64   Be( 4)= 0.97   B ( 5)= 2.29
   C ( 6)= 8.02   N ( 7)= 7.42   O ( 8)= 8.28   F ( 9)= 4.15   Ne(10)= 7.52
   Na(11)= 5.83   Mg(12)= 7.19   Al(13)= 6.04   Si(14)= 7.10   P (15)= 5.00
   S (16)= 6.71   Cl(17)= 5.09   Ar(18)= 5.99   K (19)= 4.62   Ca(20)= 5.93
   Sc(21)= 2.74   Ti(22)= 4.54   V (23)= 3.52   Cr(24)= 5.23   Mn(25)= 5.02
   Fe(26)= 7.09   Co(27)= 4.58   Ni(28)= 5.81   Cu(29)= 3.78   Zn(30)= 4.15
   Ga(31)= 2.63   Ge(32)= 3.24   As(33)= 1.89   Se(34)= 2.93   Br(35)= 2.13
   Kr(36)= 2.84   Rb(37)= 2.11   Sr(38)= 2.46   Y (39)= 1.80   Zr(40)= 2.17
   Nb(41)= 1.05   Mo(42)= 1.47   Tc(43)=-5.41   Ru(44)= 1.34   Rh(45)= 0.50
   Pd(46)= 1.16   Ag(47)= 0.53   Cd(48)= 1.30   In(49)= 0.39   Sn(50)= 1.63
   Sb(51)= 0.60   Te(52)= 1.77   I (53)= 1.14   Xe(54)= 1.83   Cs(55)= 0.67
   Ba(56)= 1.77   La(57)= 0.69   Ce(58)= 1.17   Pr(59)= 0.31   Nd(60)= 1.01
   Pm(61)=-5.41   Sm(62)= 0.55   Eu(63)= 0.11   Gd(64)= 0.66   Tb(65)=-0.11
   Dy(66)= 0.69   Ho(67)= 0.07   Er(68)= 0.51   Tm(69)=-0.31   Yb(70)= 0.43
   Lu(71)=-0.31   Hf(72)= 0.44   Ta(73)=-0.53   Wl(74)= 0.44   Re(75)=-0.15
   Os(76)= 0.99   Ir(77)= 0.97   Pt(78)= 1.21   Au(79)= 0.51   Hg(80)= 0.76
   Tl(81)= 0.49   Pb(82)= 1.34   Bi(83)= 0.24   Po(84)=-5.41   At(85)=-5.41
   Rn(86)=-5.41   Fr(87)=-5.41   Ra(88)=-5.41   Ac(89)=-5.41   Th(90)=-0.39
   Pa(91)=-5.41   U (92)=-0.95   Np(93)=-5.41   Pu(94)=-5.41   Am(95)=-5.41

OPTIONS: atmosphere = 1     molecules  = 2
         lines      = 1     flux/int   = 0

KAPREF ARRAY:
  3.5871D-21  3.8166D-16  5.9717D-16  9.2519D-16  1.4138D-15  2.1286D-15
  3.1529D-15  4.5905D-15  6.5734D-15  9.2738D-15  1.2919D-14  1.7817D-14
  2.4385D-14  3.3203D-14  4.5078D-14  6.1149D-14  8.3031D-14  1.1306D-13
  1.5462D-13  2.1265D-13  2.9441D-13  4.1067D-13  5.7750D-13  8.1908D-13
  1.1716D-12  1.6903D-12  2.4584D-12  3.6048D-12  5.3243D-12  7.9178D-12
  1.1846D-11  1.7818D-11  2.6920D-11  4.0836D-11  6.2159D-11  9.4900D-11
  1.4525D-10  2.2280D-10  3.4246D-10  5.2713D-10  8.1231D-10  1.2531D-09
  1.9336D-09  2.9888D-09  4.6097D-09  7.1031D-09  1.0929D-08  1.6771D-08
  2.5656D-08  3.9196D-08  6.0591D-08  9.8316D-08  1.7556D-07  3.6084D-07
  7.1110D-07  1.2159D-06  1.8957D-06  2.7924D-06  3.9723D-06  5.5311D-06
  7.5954D-06  1.0337D-05  1.3986D-05  1.8866D-05

For these computations, some abundances have  been altered:
element C :  abundance =  8.02
element O :  abundance =  8.28
element Na:  abundance =  5.83
element Mg:  abundance =  7.19
element Al:  abundance =  6.04
element Si:  abundance =  7.10
element K :  abundance =  4.62
element Ca:  abundance =  5.93
element Ti:  abundance =  4.54
element Fe:  abundance =  6.99

INPUT EQUILIBRIUM DATA:
 species  D0/Chi    const1      const2      const3      const4      const5
     1.1  13.600  5.0000D-01  5.0000D-01  5.0000D-01  5.0000D-01  4.9995D-01
     2.1  24.590  2.0000D+00  2.0000D+00  2.0000D+00  2.0000D+00  2.0000D+00
     6.1  11.260  6.5727D-01  6.4497D-01  6.3006D-01  6.1424D-01  5.9802D-01
     7.1  14.530  2.1323D+00  2.1417D+00  2.1471D+00  2.1064D+00  2.0534D+00
     8.1  13.620  3.8908D-01  4.0566D-01  4.2173D-01  4.3580D-01  4.4897D-01
     9.1  17.420  1.4653D+00  1.4798D+00  1.4942D+00  1.5083D+00  1.5267D+00
    12.1   7.646  1.9982D+00  1.9762D+00  1.8897D+00  1.6945D+00  1.3581D+00
    13.1   5.986  1.7226D-01  1.7051D-01  1.6928D-01  1.6335D-01  1.5035D-01
    14.1   8.152  6.3749D-01  6.0384D-01  5.7817D-01  5.5445D-01  5.2053D-01
    22.1   6.828  2.0691D+00  1.8553D+00  1.5741D+00  1.3068D+00  1.0870D+00
    26.1   7.902  1.6042D+00  1.5922D+00  1.5105D+00  1.3720D+00  1.2037D+00
   101.0   4.478  1.2117D+01 -1.0476D+00  1.6851D+00 -5.5831D+00  4.0060D+00
   106.0   3.465  1.1533D+01 -5.2110D-01 -7.4750D-01  1.4940D-01 -1.9670D-01
   107.0   3.470  1.1466D+01 -7.2650D-01 -6.4390D-01  4.0000D-04  1.2690D-01
   108.0   4.392  1.1802D+01 -8.5250D-01 -5.5250D-01  1.6250D-01 -1.9350D-01
   109.0   5.869  1.2290D+01 -9.1740D-01 -6.4160D-01  1.6160D-01 -1.2220D-01
   112.0   1.340  1.0288D+01 -3.4550D-01  1.6770D-01 -3.8628D+00  4.7348D+00
   113.0   3.060  1.1488D+01 -4.0240D-01 -4.8090D-01 -1.6283D+00  2.5415D+00
   114.0   3.060  1.1259D+01 -6.7580D-01 -5.8700D-01  6.6900D-02  3.1390D-01
   126.0   2.410  1.2121D+01  9.5310D-01  2.3351D+00 -2.2310D-01  3.0718D+00
   606.0   6.210  1.2468D+01 -4.4340D-01 -5.1600D-02 -1.3040D-01 -5.5500D-02
   607.0   7.760  1.2444D+01 -4.8230D-01 -4.7240D-01 -1.1721D+00  1.3124D+00
   608.0  11.092  1.3241D+01 -8.5020D-01 -7.2400D-02 -2.0980D-01 -2.0960D-01
   707.0   9.759  1.2887D+01 -8.8610D-01  2.6440D-01 -1.4001D+00  9.6450D-01
   708.0   6.497  1.1935D+01 -7.6310D-01  8.4800D-02 -8.1490D-01  4.6360D-01
   808.0   5.116  1.2876D+01 -4.9230D-01 -5.4740D-01  2.0970D-01 -3.3370D-01
 10108.0   9.622  2.4606D+01 -1.8370D+00  3.9590D+00 -1.0933D+01  7.4896D+00
 60808.0  16.538  2.6966D+01 -1.5802D+00  5.2319D+00 -1.2851D+01  7.2799D+00
   812.0   3.530  1.0797D+01 -4.3360D-01  4.5543D+00 -9.6555D+00  6.8587D+00
   822.0   6.870  1.2319D+01 -1.8737D+00  4.2408D+00 -7.4936D+00  3.3890D+00

MOLECULAR EQUILIBRIUM SOLUTIONS:  (log partial pressures listed under names)
  i     T  Pgas     1.0     2.0     6.0     7.0     8.0     9.0    12.0    13.0
                   14.0    22.0    26.0     1.1     2.1     6.1     7.1     8.1
                    9.1    12.1    13.1    14.1    22.1    26.1   101.0   106.0
                  107.0   108.0   109.0   112.0   113.0   114.0   126.0   606.0
                  607.0   608.0   707.0   708.0   808.0 10108.0 60808.0   812.0
                  822.0
 64  9110  5.65    5.61    4.54    1.51    1.03    1.89   -2.24   -1.08   -2.19
                  -0.49   -4.08   -1.09    3.75   -2.79    1.03   -0.73   -0.02
                  -5.72    0.80   -0.35    0.69   -1.85    0.59    1.08   -2.58
                  -3.06   -2.06   -5.86   -5.20   -6.49   -4.59   -6.20   -6.13
                  -5.74   -3.93   -5.71   -5.65   -6.36   -7.13  -13.54   -8.64
                 -11.62
 63  8870  5.62    5.58    4.51    1.49    1.00    1.86   -2.27   -1.11   -2.24
                  -0.51   -4.12   -1.11    3.62   -3.09    0.95   -0.87   -0.16
                  -5.91    0.77   -0.38    0.65   -1.88    0.56    1.13   -2.57
                  -3.06   -2.04   -5.83   -5.23   -6.51   -4.58   -6.21   -6.06
                  -5.66   -3.79   -5.61   -5.60   -6.34   -7.00  -13.28   -8.59
                 -11.52
 62  8625  5.59    5.55    4.48    1.48    0.97    1.83   -2.30   -1.14   -2.29
                  -0.52   -4.17   -1.13    3.48   -3.40    0.86   -1.02   -0.30
                  -6.11    0.74   -0.41    0.62   -1.91    0.53    1.18   -2.56
                  -3.06   -2.02   -5.78   -5.25   -6.53   -4.57   -6.21   -5.98
                  -5.57   -3.65   -5.49   -5.53   -6.31   -6.86  -13.00   -8.54
                 -11.41
 61  8375  5.56    5.52    4.46    1.47    0.94    1.80   -2.32   -1.17   -2.33
                  -0.53   -4.20   -1.15    3.33   -3.75    0.77   -1.19   -0.45
                  -6.33    0.71   -0.44    0.59   -1.94    0.50    1.24   -2.54
                  -3.04   -1.99   -5.73   -5.27   -6.54   -4.54   -6.21   -5.90
                  -5.47   -3.48   -5.36   -5.46   -6.27   -6.70  -12.70   -8.48
                 -11.29
 60  8119  5.53    5.50    4.43    1.45    0.92    1.78   -2.35   -1.19   -2.37
                  -0.53   -4.24   -1.16    3.17   -4.11    0.67   -1.36   -0.62
                  -6.57    0.68   -0.47    0.57   -1.96    0.48    1.31   -2.51
                  -3.02   -1.95   -5.66   -5.27   -6.55   -4.51   -6.20   -5.80
                  -5.35   -3.30   -5.21   -5.38   -6.22   -6.53  -12.37   -8.40
                 -11.16
 59  7855  5.51    5.47    4.40    1.44    0.89    1.75   -2.38   -1.21   -2.41
                  -0.53   -4.27   -1.16    3.00   -4.52    0.56   -1.56   -0.79
                  -6.82    0.66   -0.49    0.53   -1.99    0.45    1.39   -2.47
                  -2.99   -1.90   -5.58   -5.27   -6.54   -4.46   -6.18   -5.69
                  -5.22   -3.10   -5.03   -5.28   -6.16   -6.33  -12.01   -8.32
                 -11.00
 58  7580  5.48    5.45    4.38    1.43    0.87    1.73   -2.40   -1.22   -2.45
                  -0.52   -4.30   -1.16    2.80   -4.97    0.43   -1.77   -0.99
                  -7.10    0.63   -0.52    0.50   -2.01    0.42    1.48   -2.43
                  -2.95   -1.84   -5.49   -5.26   -6.53   -4.40   -6.15   -5.56
                  -5.07   -2.86   -4.84   -5.16   -6.09   -6.11  -11.61   -8.22
                 -10.83
 57  7287  5.46    5.42    4.35    1.41    0.84    1.70   -2.43   -1.22   -2.49
                  -0.50   -4.33   -1.16    2.59   -5.48    0.29   -2.01   -1.21
                  -7.43    0.61   -0.54    0.48   -2.04    0.40    1.59   -2.37
                  -2.90   -1.76   -5.37   -5.24   -6.50   -4.32   -6.10   -5.42
                  -4.90   -2.59   -4.61   -5.03   -6.00   -5.85  -11.16   -8.10
                 -10.64
 56  6966  5.43    5.39    4.32    1.39    0.81    1.67   -2.46   -1.22   -2.53
                  -0.48   -4.36   -1.14    2.33   -6.09    0.11   -2.30   -1.47
                  -7.81    0.58   -0.57    0.44   -2.07    0.37    1.71   -2.30
                  -2.84   -1.66   -5.22   -5.20   -6.46   -4.22   -6.04   -5.25
                  -4.69   -2.27   -4.33   -4.86   -5.88   -5.55  -10.62   -7.96
                 -10.40
 55  6600  5.40    5.36    4.29    1.37    0.78    1.64   -2.49   -1.20   -2.58
                  -0.45   -4.38   -1.12    2.00   -6.86   -0.11   -2.66   -1.81
                  -8.29    0.55   -0.60    0.40   -2.10    0.34    1.87   -2.21
                  -2.75   -1.53   -5.03   -5.15   -6.41   -4.08   -5.96   -5.04
                  -4.42   -1.86   -3.98   -4.64   -5.73   -5.18   -9.96   -7.79
                 -10.10
 54  6167  5.36    5.32    4.25    1.34    0.74    1.60   -2.53   -1.16   -2.62
                  -0.39   -4.40   -1.07    1.55   -7.90   -0.43   -3.16   -2.26
                  -8.95    0.50   -0.64    0.35   -2.14    0.29    2.08   -2.08
                  -2.62   -1.36   -4.77   -5.07   -6.31   -3.88   -5.83   -4.76
                  -4.06   -1.31   -3.51   -4.35   -5.53   -4.69   -9.10   -7.55
                  -9.70
 53  5744  5.30    5.26    4.20    1.28    0.68    1.54   -2.59   -1.10   -2.64
                  -0.32   -4.39   -0.99    1.00   -9.11   -0.83   -3.77   -2.82
                  -9.73    0.44   -0.70    0.26   -2.20    0.23    2.27   -1.98
                  -2.51   -1.19   -4.52   -4.97   -6.20   -3.67   -5.69   -4.49
                  -3.70   -0.74   -3.01   -4.05   -5.33   -4.21   -8.20   -7.30
                  -9.26
 52  5435  5.22    5.18    4.11    1.19    0.60    1.46   -2.67   -1.03   -2.66
                  -0.27   -4.38   -0.92    0.47  -10.19   -1.25   -4.34   -3.36
                 -10.46    0.36   -0.78    0.14   -2.28    0.14    2.37   -1.96
                  -2.48   -1.12   -4.37   -4.91   -6.14   -3.53   -5.60   -4.34
                  -3.47   -0.34   -2.66   -3.87   -5.23   -3.92   -7.58   -7.12
                  -8.94
 51  5190  5.13    5.09    4.02    1.08    0.51    1.35   -2.77   -0.98   -2.66
                  -0.24   -4.36   -0.86   -0.05  -11.19   -1.68   -4.90   -3.90
                 -11.15    0.25   -0.88   -0.02   -2.37    0.02    2.39   -2.01
                  -2.51   -1.11   -4.29   -4.88   -6.09   -3.45   -5.54   -4.29
                  -3.33   -0.05   -2.40   -3.77   -5.21   -3.76   -7.15   -7.00
                  -8.68
 50  5003  5.02    4.99    3.92    0.95    0.41    1.24   -2.88   -0.94   -2.67
                  -0.24   -4.35   -0.83   -0.52  -12.06   -2.09   -5.40   -4.38
                 -11.76    0.14   -0.98   -0.19   -2.48   -0.10    2.37   -2.11
                  -2.57   -1.15   -4.27   -4.89   -6.09   -3.43   -5.54   -4.31
                  -3.27    0.12   -2.24   -3.75   -5.25   -3.70   -6.88   -6.95
                  -8.51
 49  4862  4.92    4.88    3.81    0.81    0.30    1.11   -2.99   -0.95   -2.72
                  -0.29   -4.37   -0.84   -0.91  -12.77   -2.45   -5.82   -4.79
                 -12.27    0.03   -1.09   -0.35   -2.58   -0.22    2.31   -2.24
                  -2.67   -1.24   -4.29   -4.96   -6.14   -3.48   -5.59   -4.40
                  -3.28    0.19   -2.15   -3.77   -5.34   -3.72   -6.76   -6.96
                  -8.43
 48  4755  4.81    4.78    3.71    0.67    0.19    0.99   -3.09   -0.99   -2.79
                  -0.36   -4.43   -0.88   -1.22  -13.34   -2.74   -6.16   -5.12
                 -12.67   -0.09   -1.19   -0.50   -2.69   -0.34    2.21   -2.40
                  -2.80   -1.36   -4.36   -5.07   -6.25   -3.58   -5.70   -4.53
                  -3.34    0.20   -2.13   -3.84   -5.46   -3.82   -6.74   -7.04
                  -8.43
 47  4674  4.71    4.67    3.60    0.54    0.09    0.87   -3.20   -1.06   -2.89
                  -0.44   -4.52   -0.95   -1.48  -13.80   -2.98   -6.43   -5.39
                 -13.00   -0.19   -1.30   -0.64   -2.79   -0.46    2.09   -2.57
                  -2.94   -1.49   -4.46   -5.22   -6.39   -3.71   -5.84   -4.67
                  -3.43    0.16   -2.16   -3.94   -5.59   -3.96   -6.80   -7.17
                  -8.50
 46  4610  4.60    4.57    3.50    0.42   -0.02    0.76   -3.31   -1.15   -3.00
                  -0.54   -4.62   -1.05   -1.69  -14.17   -3.17   -6.66   -5.61
                 -13.27   -0.30   -1.40   -0.76   -2.90   -0.57    1.95   -2.74
                  -3.10   -1.64   -4.58   -5.40   -6.57   -3.86   -6.01   -4.83
                  -3.54    0.10   -2.22   -4.06   -5.74   -4.13   -6.89   -7.32
                  -8.60
 45  4558  4.50    4.46    3.39    0.30   -0.13    0.65   -3.41   -1.26   -3.13
                  -0.65   -4.74   -1.15   -1.87  -14.49   -3.33   -6.85   -5.79
                 -13.49   -0.41   -1.51   -0.86   -3.01   -0.68    1.79   -2.92
                  -3.26   -1.80   -4.71   -5.59   -6.76   -4.03   -6.20   -4.98
                  -3.67    0.01   -2.31   -4.19   -5.90   -4.33   -7.02   -7.49
                  -8.74
 44  4514  4.39    4.35    3.28    0.19   -0.23    0.54   -3.52   -1.38   -3.27
                  -0.75   -4.87   -1.26   -2.03  -14.76   -3.46   -7.02   -5.95
                 -13.69   -0.51   -1.62   -0.96   -3.11   -0.78    1.63   -3.10
                  -3.44   -1.96   -4.86   -5.80   -6.97   -4.21   -6.39   -5.13
                  -3.80   -0.09   -2.41   -4.34   -6.06   -4.54   -7.17   -7.68
                  -8.90
 43  4476  4.28    4.25    3.18    0.08   -0.34    0.43   -3.62   -1.50   -3.41
                  -0.87   -5.01   -1.39   -2.17  -15.01   -3.59   -7.17   -6.10
                 -13.86   -0.62   -1.72   -1.06   -3.22   -0.88    1.47   -3.27
                  -3.61   -2.13   -5.01   -6.02   -7.19   -4.40   -6.60   -5.29
                  -3.94   -0.19   -2.53   -4.48   -6.22   -4.76   -7.33   -7.88
                  -9.07
 42  4440  4.18    4.14    3.07   -0.02   -0.44    0.33   -3.72   -1.63   -3.56
                  -0.98   -5.15   -1.51   -2.30  -15.24   -3.70   -7.31   -6.23
                 -14.03   -0.72   -1.83   -1.15   -3.33   -0.98    1.30   -3.45
                  -3.79   -2.30   -5.16   -6.24   -7.41   -4.59   -6.81   -5.44
                  -4.08   -0.30   -2.65   -4.64   -6.38   -4.99   -7.49   -8.08
                  -9.25
 41  4406  4.07    4.03    2.96   -0.13   -0.55    0.22   -3.83   -1.76   -3.71
                  -1.10   -5.29   -1.63   -2.44  -15.47   -3.81   -7.45   -6.36
                 -14.20   -0.82   -1.93   -1.25   -3.43   -1.08    1.13   -3.63
                  -3.97   -2.47   -5.32   -6.46   -7.63   -4.78   -7.03   -5.59
                  -4.22   -0.41   -2.77   -4.79   -6.55   -5.21   -7.66   -8.29
                  -9.43
 40  4372  3.96    3.93    2.86   -0.23   -0.66    0.12   -3.93   -1.89   -3.85
                  -1.21   -5.43   -1.76   -2.57  -15.70   -3.92   -7.59   -6.50
                 -14.36   -0.93   -2.04   -1.34   -3.54   -1.18    0.96   -3.81
                  -4.15   -2.64   -5.47   -6.68   -7.86   -4.97   -7.24   -5.75
                  -4.36   -0.52   -2.90   -4.94   -6.71   -5.44   -7.82   -8.49
                  -9.61
 39  4337  3.86    3.82    2.75   -0.34   -0.76    0.01   -4.04   -2.02   -4.00
                  -1.33   -5.57   -1.88   -2.71  -15.95   -4.04   -7.74   -6.64
                 -14.54   -1.03   -2.14   -1.44   -3.64   -1.29    0.79   -3.99
                  -4.32   -2.81   -5.62   -6.90   -8.08   -5.16   -7.45   -5.90
                  -4.50   -0.62   -3.02   -5.09   -6.87   -5.67   -7.98   -8.69
                  -9.78
 38  4301  3.75    3.72    2.65   -0.45   -0.87   -0.10   -4.14   -2.14   -4.14
                  -1.44   -5.70   -2.00   -2.85  -16.20   -4.16   -7.90   -6.78
                 -14.72   -1.13   -2.25   -1.53   -3.75   -1.39    0.63   -4.17
                  -4.50   -2.97   -5.78   -7.12   -8.29   -5.35   -7.66   -6.05
                  -4.63   -0.73   -3.13   -5.23   -7.04   -5.89   -8.14   -8.89
                  -9.95
 37  4263  3.64    3.61    2.54   -0.56   -0.98   -0.20   -4.25   -2.26   -4.28
                  -1.55   -5.83   -2.12   -3.00  -16.46   -4.29   -8.06   -6.94
                 -14.91   -1.24   -2.36   -1.64   -3.85   -1.49    0.46   -4.34
                  -4.67   -3.14   -5.92   -7.33   -8.51   -5.53   -7.86   -6.21
                  -4.76   -0.83   -3.24   -5.38   -7.20   -6.10   -8.29   -9.08
                 -10.12
 36  4224  3.54    3.50    2.43   -0.67   -1.08   -0.31   -4.36   -2.38   -4.41
                  -1.66   -5.96   -2.23   -3.17  -16.75   -4.43   -8.23   -7.10
                 -15.11   -1.35   -2.46   -1.74   -3.96   -1.60    0.30   -4.52
                  -4.85   -3.30   -6.07   -7.54   -8.71   -5.71   -8.06   -6.36
                  -4.90   -0.92   -3.34   -5.52   -7.36   -6.31   -8.43   -9.27
                 -10.27
 35  4183  3.43    3.40    2.33   -0.78   -1.19   -0.42   -4.46   -2.49   -4.55
                  -1.77   -6.09   -2.34   -3.33  -17.04   -4.58   -8.41   -7.27
                 -15.32   -1.45   -2.57   -1.84   -4.07   -1.70    0.15   -4.70
                  -5.01   -3.46   -6.21   -7.74   -8.91   -5.89   -8.26   -6.52
                  -5.02   -1.02   -3.43   -5.66   -7.51   -6.52   -8.57   -9.45
                 -10.42
 34  4141  3.33    3.29    2.22   -0.90   -1.30   -0.53   -4.57   -2.60   -4.68
                  -1.87   -6.21   -2.45   -3.51  -17.35   -4.74   -8.60   -7.46
                 -15.55   -1.56   -2.67   -1.95   -4.17   -1.81   -0.01   -4.88
                  -5.18   -3.62   -6.34   -7.94   -9.11   -6.06   -8.45   -6.67
                  -5.15   -1.10   -3.53   -5.79   -7.67   -6.72   -8.70   -9.63
                 -10.56
 33  4098  3.22    3.18    2.11   -1.02   -1.40   -0.65   -4.67   -2.71   -4.80
                  -1.98   -6.32   -2.55   -3.69  -17.67   -4.90   -8.79   -7.64
                 -15.78   -1.66   -2.78   -2.06   -4.28   -1.92   -0.16   -5.06
                  -5.35   -3.78   -6.48   -8.13   -9.30   -6.23   -8.63   -6.83
                  -5.28   -1.19   -3.61   -5.92   -7.83   -6.91   -8.83   -9.80
                 -10.70
 32  4054  3.11    3.08    2.01   -1.14   -1.51   -0.76   -4.78   -2.81   -4.93
                  -2.08   -6.44   -2.66   -3.88  -18.01   -5.08   -8.99   -7.84
                 -16.02   -1.77   -2.89   -2.18   -4.39   -2.03   -0.31   -5.24
                  -5.51   -3.94   -6.61   -8.33   -9.49   -6.39   -8.82   -6.99
                  -5.40   -1.28   -3.69   -6.06   -7.98   -7.11   -8.96   -9.97
                 -10.83
 31  4010  3.01    2.97    1.90   -1.27   -1.62   -0.87   -4.89   -2.91   -5.05
                  -2.18   -6.55   -2.75   -4.08  -18.36   -5.26   -9.20   -8.05
                 -16.27   -1.88   -2.99   -2.29   -4.49   -2.14   -0.46   -5.42
                  -5.67   -4.10   -6.73   -8.51   -9.68   -6.55   -8.99   -7.16
                  -5.52   -1.36   -3.77   -6.18   -8.14   -7.29   -9.08  -10.14
                 -10.96
 30  3965  2.90    2.86    1.79   -1.40   -1.72   -0.99   -4.99   -3.01   -5.17
                  -2.28   -6.66   -2.85   -4.28  -18.72   -5.45   -9.42   -8.26
                 -16.52   -1.99   -3.10   -2.41   -4.60   -2.25   -0.60   -5.60
                  -5.83   -4.25   -6.86   -8.70   -9.86   -6.71   -9.17   -7.32
                  -5.65   -1.44   -3.84   -6.31   -8.29   -7.48   -9.20  -10.30
                 -11.08
 29  3918  2.79    2.76    1.69   -1.53   -1.83   -1.11   -5.10   -3.10   -5.28
                  -2.38   -6.76   -2.94   -4.49  -19.10   -5.66   -9.65   -8.48
                 -16.79   -2.10   -3.21   -2.53   -4.71   -2.36   -0.75   -5.79
                  -5.99   -4.40   -6.98   -8.87  -10.03   -6.87   -9.34   -7.49
                  -5.77   -1.52   -3.90   -6.43   -8.45   -7.66   -9.31  -10.46
                 -11.19
 28  3871  2.68    2.65    1.58   -1.67   -1.94   -1.22   -5.21   -3.19   -5.40
                  -2.47   -6.87   -3.03   -4.71  -19.49   -5.87   -9.88   -8.72
                 -17.07   -2.21   -3.31   -2.65   -4.81   -2.47   -0.88   -5.97
                  -6.15   -4.56   -7.09   -9.04  -10.20   -7.02   -9.50   -7.67
                  -5.89   -1.60   -3.96   -6.55   -8.60   -7.83   -9.43  -10.61
                 -11.30
 27  3824  2.58    2.54    1.47   -1.81   -2.05   -1.34   -5.31   -3.28   -5.51
                  -2.57   -6.96   -3.11   -4.94  -19.90   -6.10  -10.13   -8.96
                 -17.36   -2.32   -3.42   -2.78   -4.92   -2.58   -1.02   -6.16
                  -6.30   -4.71   -7.21   -9.21  -10.36   -7.16   -9.66   -7.85
                  -6.01   -1.68   -4.01   -6.67   -8.76   -8.00   -9.54  -10.76
                 -11.40
 26  3775  2.47    2.43    1.37   -1.96   -2.16   -1.47   -5.42   -3.36   -5.61
                  -2.66   -7.06   -3.19   -5.18  -20.32   -6.34  -10.38   -9.21
                 -17.67   -2.43   -3.53   -2.91   -5.03   -2.70   -1.16   -6.36
                  -6.45   -4.85   -7.32   -9.38  -10.52   -7.31   -9.82   -8.05
                  -6.13   -1.75   -4.06   -6.79   -8.91   -8.17   -9.64  -10.91
                 -11.49
 25  3727  2.36    2.33    1.26   -2.12   -2.26   -1.59   -5.53   -3.44   -5.72
                  -2.76   -7.15   -3.27   -5.42  -20.75   -6.59  -10.64   -9.47
                 -17.97   -2.54   -3.64   -3.04   -5.14   -2.81   -1.29   -6.56
                  -6.60   -5.00   -7.42   -9.54  -10.68   -7.45   -9.98   -8.25
                  -6.26   -1.83   -4.11   -6.90   -9.06   -8.33   -9.75  -11.05
                 -11.58
 24  3679  2.26    2.22    1.15   -2.28   -2.37   -1.71   -5.64   -3.52   -5.82
                  -2.85   -7.24   -3.36   -5.66  -21.19   -6.84  -10.90   -9.73
                 -18.28   -2.65   -3.74   -3.17   -5.24   -2.93   -1.42   -6.76
                  -6.76   -5.15   -7.53   -9.70  -10.83   -7.59  -10.13   -8.45
                  -6.39   -1.92   -4.15   -7.01   -9.21   -8.49   -9.86  -11.19
                 -11.66
 23  3633  2.15    2.11    1.04   -2.44   -2.48   -1.83   -5.74   -3.60   -5.93
                  -2.94   -7.33   -3.44   -5.91  -21.62   -7.10  -11.17   -9.99
                 -18.60   -2.76   -3.85   -3.31   -5.35   -3.05   -1.55   -6.97
                  -6.91   -5.30   -7.64   -9.86  -10.99   -7.74  -10.29   -8.67
                  -6.52   -2.00   -4.19   -7.13   -9.36   -8.65   -9.97  -11.34
                 -11.75
 22  3587  2.04    2.00    0.93   -2.61   -2.60   -1.95   -5.85   -3.68   -6.04
                  -3.04   -7.43   -3.52   -6.15  -22.06   -7.36  -11.43  -10.24
                 -18.90   -2.87   -3.96   -3.44   -5.46   -3.17   -1.68   -7.18
                  -7.06   -5.44   -7.74  -10.02  -11.15   -7.89  -10.45   -8.89
                  -6.66   -2.09   -4.24   -7.24   -9.51   -8.82  -10.09  -11.48
                 -11.84
 21  3544  1.93    1.90    0.83   -2.77   -2.71   -2.07   -5.96   -3.77   -6.15
                  -3.14   -7.52   -3.61   -6.39  -22.48   -7.61  -11.68  -10.49
                 -19.21   -2.98   -4.07   -3.58   -5.57   -3.29   -1.82   -7.39
                  -7.22   -5.59   -7.86  -10.19  -11.31   -8.04  -10.61   -9.11
                  -6.80   -2.18   -4.29   -7.36   -9.66   -8.99  -10.21  -11.63
                 -11.94
 20  3504  1.82    1.79    0.72   -2.94   -2.82   -2.19   -6.07   -3.86   -6.26
                  -3.24   -7.63   -3.70   -6.62  -22.89   -7.86  -11.93  -10.73
                 -19.50   -3.10   -4.18   -3.71   -5.68   -3.40   -1.96   -7.60
                  -7.38   -5.75   -7.97  -10.37  -11.48   -8.19  -10.78   -9.34
                  -6.95   -2.28   -4.35   -7.48   -9.82   -9.16  -10.34  -11.78
                 -12.04
 19  3466  1.71    1.68    0.61   -3.10   -2.93   -2.31   -6.18   -3.95   -6.38
                  -3.35   -7.74   -3.80   -6.84  -23.28   -8.09  -12.17  -10.96
                 -19.78   -3.21   -4.29   -3.84   -5.79   -3.52   -2.11   -7.81
                  -7.54   -5.90   -8.10  -10.56  -11.66   -8.36  -10.96   -9.56
                  -7.09   -2.38   -4.42   -7.61   -9.97   -9.34  -10.47  -11.95
                 -12.16
 18  3431  1.60    1.56    0.49   -3.25   -3.05   -2.43   -6.29   -4.06   -6.51
                  -3.46   -7.85   -3.90   -7.05  -23.66   -8.30  -12.39  -11.18
                 -20.04   -3.32   -4.40   -3.96   -5.90   -3.64   -2.26   -8.02
                  -7.71   -6.06   -8.23  -10.75  -11.85   -8.53  -11.15   -9.77
                  -7.24   -2.49   -4.50   -7.74  -10.13   -9.54  -10.62  -12.12
                 -12.29
 17  3399  1.49    1.45    0.38   -3.40   -3.16   -2.55   -6.40   -4.17   -6.65
                  -3.57   -7.98   -4.01   -7.24  -24.00   -8.50  -12.60  -11.38
                 -20.29   -3.43   -4.51   -4.08   -6.01   -3.75   -2.42   -8.23
                  -7.89   -6.23   -8.37  -10.95  -12.06   -8.71  -11.35   -9.97
                  -7.40   -2.59   -4.59   -7.88  -10.29   -9.74  -10.77  -12.30
                 -12.43
 16  3370  1.37    1.33    0.26   -3.53   -3.28   -2.67   -6.52   -4.29   -6.79
                  -3.68   -8.11   -4.13   -7.42  -24.32   -8.67  -12.79  -11.56
                 -20.52   -3.55   -4.63   -4.19   -6.13   -3.86   -2.60   -8.44
                  -8.07   -6.40   -8.52  -11.17  -12.28   -8.90  -11.55  -10.17
                  -7.55   -2.71   -4.70   -8.03  -10.46   -9.97  -10.93  -12.50
                 -12.59
 15  3345  1.25    1.22    0.15   -3.66   -3.39   -2.79   -6.64   -4.43   -6.95
                  -3.80   -8.26   -4.26   -7.59  -24.61   -8.82  -12.97  -11.73
                 -20.73   -3.66   -4.75   -4.30   -6.25   -3.97   -2.78   -8.64
                  -8.27   -6.59   -8.69  -11.41  -12.52   -9.10  -11.78  -10.35
                  -7.70   -2.82   -4.82   -8.19  -10.64  -10.21  -11.10  -12.71
                 -12.78
 14  3323  1.13    1.10    0.03   -3.77   -3.51   -2.91   -6.76   -4.58   -7.12
                  -3.93   -8.42   -4.40   -7.74  -24.87   -8.94  -13.13  -11.88
                 -20.92   -3.78   -4.87   -4.40   -6.37   -4.09   -2.97   -8.84
                  -8.47   -6.78   -8.86  -11.66  -12.77   -9.31  -12.02  -10.52
                  -7.86   -2.94   -4.96   -8.36  -10.83  -10.47  -11.29  -12.95
                 -12.99
 13  3304  1.01    0.97   -0.10   -3.88   -3.64   -3.03   -6.88   -4.74   -7.30
                  -4.07   -8.60   -4.55   -7.87  -25.10   -9.03  -13.27  -12.01
                 -21.08   -3.90   -4.99   -4.49   -6.49   -4.20   -3.18   -9.04
                  -8.68   -6.98   -9.06  -11.93  -13.05   -9.54  -12.28  -10.67
                  -8.01   -3.07   -5.11   -8.55  -11.02  -10.75  -11.49  -13.20
                 -13.22
 12  3287  0.88    0.84   -0.23   -3.98   -3.76   -3.15   -7.01   -4.91   -7.49
                  -4.21   -8.78   -4.72   -7.99  -25.31   -9.10  -13.39  -12.13
                 -21.23   -4.02   -5.12   -4.58   -6.62   -4.31   -3.40   -9.23
                  -8.91   -7.20   -9.26  -12.22  -13.35   -9.79  -12.56  -10.82
                  -8.17   -3.20   -5.28   -8.74  -11.23  -11.05  -11.71  -13.47
                 -13.48
 11  3273  0.75    0.71   -0.36   -4.06   -3.89   -3.28   -7.14   -5.11   -7.70
                  -4.36   -8.99   -4.90   -8.09  -25.48   -9.15  -13.50  -12.22
                 -21.36   -4.14   -5.25   -4.67   -6.75   -4.42   -3.63   -9.43
                  -9.14   -7.43   -9.49  -12.54  -13.67  -10.05  -12.86  -10.95
                  -8.34   -3.34   -5.48   -8.96  -11.44  -11.38  -11.94  -13.77
                 -13.76
 10  3262  0.61    0.57   -0.50   -4.15   -4.02   -3.41   -7.28   -5.32   -7.93
                  -4.53   -9.21   -5.10   -8.18  -25.63   -9.17  -13.59  -12.30
                 -21.47   -4.27   -5.39   -4.76   -6.89   -4.54   -3.88   -9.63
                  -9.40   -7.67   -9.73  -12.88  -14.02  -10.34  -13.19  -11.08
                  -8.51   -3.49   -5.70   -9.18  -11.67  -11.73  -12.19  -14.09
                 -14.08
  9  3254  0.46    0.43   -0.64   -4.22   -4.17   -3.54   -7.42   -5.55   -8.18
                  -4.71   -9.46   -5.32   -8.25  -25.74   -9.16  -13.66  -12.36
                 -21.55   -4.41   -5.53   -4.85   -7.03   -4.67   -4.16   -9.83
                  -9.67   -7.93  -10.00  -13.26  -14.40  -10.65  -13.55  -11.20
                  -8.70   -3.65   -5.94   -9.43  -11.92  -12.12  -12.46  -14.45
                 -14.43
  8  3250  0.31    0.28   -0.79   -4.29   -4.31   -3.67   -7.57   -5.82   -8.45
                  -4.91   -9.73   -5.57   -8.30  -25.81   -9.11  -13.70  -12.39
                 -21.61   -4.56   -5.68   -4.94   -7.18   -4.80   -4.45  -10.05
                  -9.96   -8.20  -10.29  -13.67  -14.82  -11.00  -13.95  -11.32
                  -8.90   -3.83   -6.21   -9.70  -12.17  -12.53  -12.76  -14.83
                 -14.81
  7  3250  0.15    0.12   -0.95   -4.35   -4.47   -3.81   -7.73   -6.11   -8.75
                  -5.15  -10.03   -5.85   -8.32  -25.83   -9.04  -13.72  -12.38
                 -21.63   -4.71   -5.84   -5.03   -7.34   -4.94   -4.77  -10.27
                 -10.28   -8.50  -10.61  -14.12  -15.28  -11.40  -14.39  -11.46
                  -9.12   -4.03   -6.53   -9.99  -12.44  -12.98  -13.09  -15.26
                 -15.25
  6  3253 -0.02   -0.05   -1.12   -4.42   -4.64   -3.94   -7.90   -6.44   -9.08
                  -5.42  -10.36   -6.17   -8.31  -25.80   -8.94  -13.71  -12.34
                 -21.61   -4.87   -6.01   -5.13   -7.51   -5.10   -5.11  -10.51
                 -10.62   -8.81  -10.95  -14.62  -15.78  -11.84  -14.88  -11.60
                  -9.37   -4.26   -6.87  -10.30  -12.72  -13.47  -13.47  -15.73
                 -15.73
  5  3261 -0.19   -0.23   -1.30   -4.50   -4.81   -4.08   -8.08   -6.80   -9.44
                  -5.73  -10.72   -6.52   -8.27  -25.72   -8.81  -13.66  -12.27
                 -21.56   -5.04   -6.19   -5.25   -7.69   -5.26   -5.48  -10.78
                 -10.98   -9.14  -11.33  -15.16  -16.32  -12.34  -15.41  -11.78
                  -9.64   -4.52   -7.26  -10.64  -13.02  -14.00  -13.88  -16.24
                 -16.26
  4  3273 -0.37   -0.41   -1.48   -4.59   -4.99   -4.23   -8.26   -7.19   -9.83
                  -6.08  -11.11   -6.91   -8.21  -25.59   -8.67  -13.59  -12.17
                 -21.47   -5.22   -6.37   -5.39   -7.87   -5.43   -5.87  -11.07
                 -11.36   -9.50  -11.72  -15.74  -16.91  -12.89  -15.99  -12.00
                  -9.96   -4.82   -7.67  -11.00  -13.34  -14.57  -14.36  -16.80
                 -16.83
  3  3293 -0.56   -0.59   -1.66   -4.70   -5.17   -4.38   -8.44   -7.62  -10.25
                  -6.49  -11.54   -7.34   -8.09  -25.38   -8.49  -13.46  -12.01
                 -21.32   -5.41   -6.55   -5.54   -8.05   -5.61   -6.28  -11.40
                 -11.77   -9.88  -12.15  -16.38  -17.55  -13.51  -16.63  -12.27
                 -10.33   -5.18   -8.14  -11.40  -13.69  -15.18  -14.92  -17.42
                 -17.48
  2  3312 -0.75   -0.78   -1.85   -4.84   -5.37   -4.54   -8.64   -8.07  -10.68
                  -6.92  -11.98   -7.79   -7.98  -25.16   -8.35  -13.34  -11.87
                 -21.17   -5.60   -6.75   -5.71   -8.25   -5.80   -6.71  -11.76
                 -12.18  -10.27  -12.59  -17.03  -18.20  -14.16  -17.28  -12.61
                 -10.73   -5.58   -8.61  -11.82  -14.07  -15.82  -15.54  -18.06
                 -18.14
  1  3312 -6.00   -6.04   -7.11  -10.49  -10.62   -9.76  -13.89  -17.12  -19.73
                 -15.95  -21.03  -16.84   -9.42  -26.61  -10.19  -14.78  -13.28
                 -22.61  -10.85  -12.00  -10.94  -13.50  -11.05  -17.21  -22.67
                 -22.68  -20.74  -23.09  -31.33  -32.50  -28.44  -31.58  -23.91
                 -21.63  -16.45  -19.11  -22.28  -24.50  -31.53  -31.62  -32.32
                 -32.41

INPUT LINES DATA FOR   272 LINES
   #     wave1   spec         spec#   E.P.   loggf     damp    logSTR     E.W.
   1  4541.225  Mn I       25.00000  4.657  -0.310  UNSLDc6     -7.62    0.00
   2  4541.270  Nd II      60.10000  0.380  -0.740  UNSLDc6     -8.06    0.00
   3  4541.290  Hf II      72.10000  1.779  -1.650  UNSLDc6     -9.73    0.00
   4  4541.316  Fe I       26.00000  3.249  -2.950  UNSLDc6     -7.39    0.00
   5  4541.437  V  I       23.00000  2.764  -2.330  UNSLDc6    -10.83    0.00
   6  4541.506  Cr I       24.00000  3.077  -1.080  UNSLDc6     -7.35    0.00
   7  4541.514  Co I       27.00590  3.064  -5.857  UNSLDc6    -12.41    0.00
   8  4541.524  Fe II      26.10000  2.856  -2.980  UNSLDc6     -6.04    0.00
   9  4541.526  Co I       27.00590  3.064  -5.676  UNSLDc6    -12.23    0.00
  10  4541.537  Co I       27.00590  3.064  -5.645  UNSLDc6    -12.20    0.00
  11  4541.544  Co I       27.00590  3.064  -5.158  UNSLDc6    -11.71    0.00
  12  4541.547  Co I       27.00590  3.064  -5.709  UNSLDc6    -12.26    0.00
  13  4541.551  Co I       27.00590  3.064  -5.450  UNSLDc6    -12.00    0.00
  14  4541.551  Mo I       42.00000  3.165  -0.990  UNSLDc6    -10.81    0.00
  15  4541.556  Co I       27.00590  3.064  -5.908  UNSLDc6    -12.46    0.00
  16  4541.557  Co I       27.00590  3.064  -5.856  UNSLDc6    -12.41    0.00
  17  4541.562  Co I       27.00590  3.064  -6.573  UNSLDc6    -13.13    0.00
  18  4541.566  Co I       27.00590  3.064  -7.816  UNSLDc6    -14.37    0.00
  19  4541.568  Co I       27.00590  3.064  -6.163  UNSLDc6    -12.72    0.00
  20  4541.578  Co I       27.00590  3.064  -5.908  UNSLDc6    -12.46    0.00
  21  4541.581  Co I       27.00590  3.064  -5.709  UNSLDc6    -12.26    0.00
  22  4541.581  Co I       27.00590  3.064  -5.857  UNSLDc6    -12.41    0.00
  23  4541.582  Co I       27.00590  3.064  -5.645  UNSLDc6    -12.20    0.00
  24  4541.582  Co I       27.00590  3.064  -5.676  UNSLDc6    -12.23    0.00
  25  4541.588  Cr I       24.00000  3.119  -1.370  UNSLDc6     -7.67    0.00
  26  4541.633  Co I       27.00000  4.022  -2.920  UNSLDc6    -10.31    0.00
  27  4541.634  Na I       11.00000  2.101  -2.650  UNSLDc6     -8.08    0.00
  28  4541.672  Dy II      66.10000  2.425   0.200  UNSLDc6     -8.85    0.00
  29  4541.763  La I       57.00000  0.928  -0.790  UNSLDc6    -11.29    0.00
  30  4541.764  Cr I       24.00000  3.009  -2.170  UNSLDc6     -8.38    0.00
  31  4541.782  Re I       75.00000  3.588  -0.120  UNSLDc6    -11.26    0.00
  32  4541.942  Fe I       26.00000  3.265  -3.130  UNSLDc6     -7.59    0.00
  33  4541.965  Ti I       22.00000  3.348  -2.850  UNSLDc6    -10.85    0.00
  34  4542.031  Gd I       64.00000  0.027  -0.780  UNSLDc6    -10.49    0.00
  35  4542.046  Nd I       60.00000  0.000  -0.670  UNSLDc6    -10.77    0.00
  36  4542.050  Sm II      62.10000  0.248  -1.040  UNSLDc6     -8.36    0.00
  37  4542.101  Wl II      74.10000  3.118  -1.660  UNSLDc6    -11.01    0.00
  38  4542.176  Wl II      74.10000  2.483  -1.490  UNSLDc6    -10.29    0.00
  39  4542.189  Fe I       26.00000  3.639  -6.690  UNSLDc6    -11.47    0.00
  40  4542.223  Zr I       40.00000  0.632  -0.310  UNSLDc6     -8.38    0.00
  41  4542.237  Ni I       28.00000  4.232  -1.310  UNSLDc6     -7.47    0.00
  42  4542.412  Fe I       26.00000  3.637  -2.050  UNSLDc6     -6.83    0.00
  43  4542.452  Fe I       26.00000  4.253  -2.000  UNSLDc6     -7.32    0.00
  44  4542.540  Pr II      59.10000  0.550  -1.440  UNSLDc6     -9.69    0.00
  45  4542.548  Sc I       21.00450  1.851  -2.060  UNSLDc6    -10.42    0.00
  46  4542.549  Sc I       21.00450  1.851  -2.240  UNSLDc6    -10.60    0.00
  47  4542.550  Sc I       21.00450  1.851  -2.490  UNSLDc6    -10.85    0.00
  48  4542.552  Sc I       21.00450  1.851  -2.060  UNSLDc6    -10.42    0.00
  49  4542.552  Sc I       21.00450  1.851  -2.920  UNSLDc6    -11.28    0.00
  50  4542.554  Sc I       21.00450  1.851  -1.900  UNSLDc6    -10.26    0.00
  51  4542.557  Sc I       21.00450  1.851  -1.890  UNSLDc6    -10.25    0.00
  52  4542.558  Sc I       21.00450  1.851  -2.370  UNSLDc6    -10.73    0.00
  53  4542.561  Sc I       21.00450  1.851  -2.050  UNSLDc6    -10.41    0.00
  54  4542.562  Sc I       21.00450  1.851  -1.930  UNSLDc6    -10.29    0.00
  55  4542.567  Sc I       21.00450  1.851  -1.640  UNSLDc6    -10.00    0.00
  56  4542.573  Sc I       21.00450  1.851  -1.430  UNSLDc6     -9.79    0.00
  57  4542.600  Nd II      60.10000  0.742  -0.280  UNSLDc6     -7.91    0.00
  58  4542.616  Cr I       24.00000  3.085  -1.320  UNSLDc6     -7.59    0.00
  59  4542.646  Cr I       24.00000  4.102  -2.180  UNSLDc6     -9.35    0.00
  60  4542.697  Fe I       26.00000  3.684  -2.460  UNSLDc6     -7.28    0.00
  61  4542.789  Nb I       41.00000  0.000  -1.850  UNSLDc6    -10.51    0.00
  62  4542.807  Cr II      24.10000  3.101  -4.440  UNSLDc6     -8.70    0.00
  63  4542.880  Mo I       42.00000  2.593  -2.360  UNSLDc6    -11.68    0.00
  64  4542.882  Wl I       74.00000  1.915  -1.400  UNSLDc6    -10.76    0.00
  65  4543.010  V  I       23.00000  2.706  -3.590  UNSLDc6    -12.04    0.00
  66  4543.028  Sc I       21.00000  2.294  -4.260  UNSLDc6    -13.01    0.00
  67  4543.221  Fe I       26.00000  3.637  -4.570  UNSLDc6     -9.35    0.00
  68  4543.351  Ca I       20.00000  5.014  -6.470  UNSLDc6    -13.80    0.00
  69  4543.400  Mo I       42.00000  3.185  -1.910  UNSLDc6    -11.75    0.00
  70  4543.516  Wl I       74.00000  2.657  -0.040  UNSLDc6    -10.06    0.00
  71  4543.593  Co I       27.00590  3.927  -6.185  UNSLDc6    -13.50    0.00
  72  4543.617  Co I       27.00590  3.927  -4.884  UNSLDc6    -12.19    0.00
  73  4543.622  Co I       27.00590  3.927  -5.787  UNSLDc6    -13.10    0.00
  74  4543.624  U  II      92.10000  0.113  -1.190  UNSLDc6    -10.22    0.00
  75  4543.642  Co I       27.00590  3.927  -4.673  UNSLDc6    -11.98    0.00
  76  4543.644  Co I       27.00590  3.927  -3.876  UNSLDc6    -11.19    0.00
  77  4543.647  Co I       27.00590  3.927  -5.583  UNSLDc6    -12.89    0.00
  78  4543.664  Co I       27.00590  3.927  -4.600  UNSLDc6    -11.91    0.00
  79  4543.666  Co I       27.00590  3.927  -3.981  UNSLDc6    -11.29    0.00
  80  4543.669  Co I       27.00590  3.927  -5.486  UNSLDc6    -12.80    0.00
  81  4543.682  Co I       27.00590  3.927  -4.594  UNSLDc6    -11.90    0.00
  82  4543.684  Co I       27.00590  3.927  -4.097  UNSLDc6    -11.41    0.00
  83  4543.687  Co I       27.00590  3.927  -5.486  UNSLDc6    -12.80    0.00
  84  4543.691  Ru I       44.00000  1.138  -2.110  UNSLDc6    -10.53    0.00
  85  4543.697  Co I       27.00590  3.927  -4.641  UNSLDc6    -11.95    0.00
  86  4543.699  Co I       27.00590  3.927  -4.226  UNSLDc6    -11.54    0.00
  87  4543.701  Co I       27.00590  3.927  -5.641  UNSLDc6    -12.95    0.00
  88  4543.708  Co I       27.00590  3.927  -4.746  UNSLDc6    -12.06    0.00
  89  4543.710  Co I       27.00590  3.927  -4.372  UNSLDc6    -11.68    0.00
  90  4543.715  Co I       27.00590  3.927  -4.942  UNSLDc6    -12.25    0.00
  91  4543.718  Co I       27.00590  3.927  -4.542  UNSLDc6    -11.85    0.00
  92  4543.722  Co I       27.00590  3.927  -4.746  UNSLDc6    -12.06    0.00
  93  4543.722  Co I       27.00590  3.927  -5.009  UNSLDc6    -12.32    0.00
  94  4543.735  Cr I       24.00000  2.980  -1.560  UNSLDc6     -7.74    0.00
  95  4543.787  Co I       27.00590  2.716  -2.275  UNSLDc6     -8.52    0.00
  96  4543.792  Co I       27.00590  2.716  -2.094  UNSLDc6     -8.34    0.00
  97  4543.798  Co I       27.00590  2.716  -2.063  UNSLDc6     -8.31    0.00
  98  4543.803  Co I       27.00590  2.716  -2.127  UNSLDc6     -8.38    0.00
  99  4543.809  Co I       27.00590  2.716  -2.326  UNSLDc6     -8.57    0.00
 100  4543.811  Co I       27.00590  2.716  -1.868  UNSLDc6     -8.12    0.00
 101  4543.812  Co I       27.00590  2.716  -1.576  UNSLDc6     -7.82    0.00
 102  4543.812  Co I       27.00590  2.716  -2.274  UNSLDc6     -8.52    0.00
 103  4543.814  Co I       27.00590  2.716  -2.991  UNSLDc6     -9.24    0.00
 104  4543.815  Co I       27.00590  2.716  -4.231  UNSLDc6    -10.48    0.00
 105  4543.817  Co I       27.00590  2.716  -2.581  UNSLDc6     -8.83    0.00
 106  4543.823  Co I       27.00590  2.716  -2.326  UNSLDc6     -8.57    0.00
 107  4543.826  Co I       27.00590  2.716  -2.127  UNSLDc6     -8.38    0.00
 108  4543.828  Co I       27.00590  2.716  -2.063  UNSLDc6     -8.31    0.00
 109  4543.831  Co I       27.00590  2.716  -2.094  UNSLDc6     -8.34    0.00
 110  4543.836  Co I       27.00590  2.716  -2.275  UNSLDc6     -8.52    0.00
 111  4543.846  Mn II      25.10000  5.563  -3.510  UNSLDc6    -10.17    0.00
 112  4543.860  Fe I       26.00000  4.648  -1.950  UNSLDc6     -7.62    0.00
 113  4543.940  Sm II      62.10000  0.333  -0.490  UNSLDc6     -7.88    0.00
 114  4544.022  Hf I       72.00000  1.305  -1.370  UNSLDc6    -11.01    0.00
 115  4544.028  Ti II      22.10000  1.242  -2.400  UNSLDc6     -6.58    0.00
 116  4544.234  Gd I       64.00000  0.920  -0.550  UNSLDc6    -11.04    0.00
 117  4544.261  Rh I       45.00000  1.832  -1.790  UNSLDc6    -11.38    0.00
 118  4544.307  Y  I       39.00000  1.917  -0.120  UNSLDc6     -9.57    0.00
 119  4544.350  Gd II      64.10000  0.522  -2.620  UNSLDc6    -10.19    0.00
 120  4544.358  Fe I       26.00000  4.648  -2.860  UNSLDc6     -8.53    0.00
 121  4544.410  Mn I       25.00000  4.791  -1.030  UNSLDc6     -8.45    0.00
 122  4544.433  V  II      23.10000  6.708  -3.080  UNSLDc6    -13.00    0.00
 123  4544.434  Fe I       26.00000  4.317  -3.050  UNSLDc6     -8.43    0.00
 124  4544.447  Ti I       22.00000  3.348  -3.720  UNSLDc6    -11.72    0.00
 125  4544.447  V  I       23.00510  1.349  -7.855  UNSLDc6    -15.12    0.00
 126  4544.450  V  I       23.00510  1.349  -7.575  UNSLDc6    -14.84    0.00
 127  4544.450  V  I       23.00510  1.349  -7.855  UNSLDc6    -15.12    0.00
 128  4544.450  V  I       23.00510  1.349  -8.876  UNSLDc6    -16.14    0.00
 129  4544.455  V  I       23.00510  1.349  -7.437  UNSLDc6    -14.70    0.00
 130  4544.455  V  I       23.00510  1.349  -7.575  UNSLDc6    -14.84    0.00
 131  4544.455  V  I       23.00510  1.349  -8.177  UNSLDc6    -15.44    0.00
 132  4544.464  V  I       23.00510  1.349  -7.371  UNSLDc6    -14.63    0.00
 133  4544.464  V  I       23.00510  1.349  -7.437  UNSLDc6    -14.70    0.00
 134  4544.464  V  I       23.00510  1.349  -7.730  UNSLDc6    -14.99    0.00
 135  4544.475  V  I       23.00510  1.349  -7.364  UNSLDc6    -14.63    0.00
 136  4544.475  V  I       23.00510  1.349  -7.371  UNSLDc6    -14.63    0.00
 137  4544.475  V  I       23.00510  1.349  -7.399  UNSLDc6    -14.66    0.00
 138  4544.478  Fe I       26.00000  3.981  -3.190  UNSLDc6     -8.27    0.00
 139  4544.483  Co I       27.00590  3.626  -3.151  UNSLDc6    -10.20    0.00
 140  4544.483  Co I       27.00590  3.626  -3.347  UNSLDc6    -10.39    0.00
 141  4544.488  V  I       23.00510  1.349  -7.136  UNSLDc6    -14.40    0.00
 142  4544.488  V  I       23.00510  1.349  -7.364  UNSLDc6    -14.63    0.00
 143  4544.488  V  I       23.00510  1.349  -7.429  UNSLDc6    -14.69    0.00
 144  4544.490  Co I       27.00590  3.626  -3.126  UNSLDc6    -10.17    0.00
 145  4544.490  Co I       27.00590  3.626  -3.137  UNSLDc6    -10.18    0.00
 146  4544.490  Co I       27.00590  3.626  -3.347  UNSLDc6    -10.39    0.00
 147  4544.501  Co I       27.00590  3.626  -2.999  UNSLDc6    -10.05    0.00
 148  4544.501  Co I       27.00590  3.626  -3.023  UNSLDc6    -10.07    0.00
 149  4544.501  Co I       27.00590  3.626  -3.126  UNSLDc6    -10.17    0.00
 150  4544.505  V  I       23.00510  1.349  -6.917  UNSLDc6    -14.18    0.00
 151  4544.505  V  I       23.00510  1.349  -7.429  UNSLDc6    -14.69    0.00
 152  4544.505  V  I       23.00510  1.349  -7.633  UNSLDc6    -14.89    0.00
 153  4544.510  Cr I       24.00000  3.011  -1.820  UNSLDc6     -8.03    0.00
 154  4544.514  Th II      90.10000  0.556  -2.070  UNSLDc6    -10.39    0.00
 155  4544.515  Co I       27.00590  3.626  -2.832  UNSLDc6     -9.88    0.00
 156  4544.515  Co I       27.00590  3.626  -2.980  UNSLDc6    -10.03    0.00
 157  4544.515  Co I       27.00590  3.626  -3.023  UNSLDc6    -10.07    0.00
 158  4544.524  V  I       23.00510  1.349  -6.730  UNSLDc6    -13.99    0.00
 159  4544.524  V  I       23.00510  1.349  -7.633  UNSLDc6    -14.89    0.00
 160  4544.533  Co I       27.00590  3.626  -2.663  UNSLDc6     -9.71    0.00
 161  4544.533  Co I       27.00590  3.626  -2.980  UNSLDc6    -10.03    0.00
 162  4544.533  Co I       27.00590  3.626  -2.991  UNSLDc6    -10.04    0.00
 163  4544.555  Co I       27.00590  3.626  -2.504  UNSLDc6     -9.55    0.00
 164  4544.555  Co I       27.00590  3.626  -2.991  UNSLDc6    -10.04    0.00
 165  4544.555  Co I       27.00590  3.626  -3.068  UNSLDc6    -10.11    0.00
 166  4544.580  Co I       27.00590  3.626  -2.356  UNSLDc6     -9.40    0.00
 167  4544.580  Co I       27.00590  3.626  -3.068  UNSLDc6    -10.11    0.00
 168  4544.580  Co I       27.00590  3.626  -3.283  UNSLDc6    -10.33    0.00
 169  4544.610  Co I       27.00590  3.626  -2.220  UNSLDc6     -9.27    0.00
 170  4544.610  Co I       27.00590  3.626  -3.283  UNSLDc6    -10.33    0.00
 171  4544.612  Cr I       24.00000  2.542  -0.590  UNSLDc6     -6.39    0.00
 172  4544.657  Sc I       21.00450  1.865  -1.280  UNSLDc6     -9.65    0.00
 173  4544.658  Sc I       21.00450  1.865  -2.120  UNSLDc6    -10.49    0.00
 174  4544.658  Sc I       21.00450  1.865  -3.240  UNSLDc6    -11.61    0.00
 175  4544.663  Sc I       21.00450  1.865  -1.420  UNSLDc6     -9.79    0.00
 176  4544.664  Sc I       21.00450  1.865  -1.920  UNSLDc6    -10.29    0.00
 177  4544.664  Sc I       21.00450  1.865  -2.820  UNSLDc6    -11.19    0.00
 178  4544.668  Sc I       21.00450  1.865  -1.590  UNSLDc6     -9.96    0.00
 179  4544.669  Sc I       21.00450  1.865  -1.870  UNSLDc6    -10.24    0.00
 180  4544.669  Sc I       21.00450  1.865  -2.600  UNSLDc6    -10.97    0.00
 181  4544.672  Sc I       21.00450  1.865  -1.780  UNSLDc6    -10.15    0.00
 182  4544.673  Sc I       21.00450  1.865  -1.890  UNSLDc6    -10.26    0.00
 183  4544.673  Sc I       21.00450  1.865  -2.480  UNSLDc6    -10.85    0.00
 184  4544.675  Sc I       21.00450  1.865  -2.040  UNSLDc6    -10.41    0.00
 185  4544.676  Sc I       21.00450  1.865  -1.980  UNSLDc6    -10.35    0.00
 186  4544.676  Sc I       21.00450  1.865  -2.430  UNSLDc6    -10.80    0.00
 187  4544.678  Sc I       21.00450  1.865  -2.170  UNSLDc6    -10.54    0.00
 188  4544.678  Sc I       21.00450  1.865  -2.430  UNSLDc6    -10.80    0.00
 189  4544.678  Sc I       21.00450  1.865  -2.460  UNSLDc6    -10.83    0.00
 190  4544.678  Co I       27.00000  3.663  -3.440  UNSLDc6    -10.52    0.00
 191  4544.687  Ti I       22.00000  0.818  -0.450  UNSLDc6     -6.23    0.00
 192  4544.689  Cr II      24.10000  3.103  -4.020  UNSLDc6     -8.28    0.00
 193  4544.737  Ti I       22.00000  2.504  -2.700  UNSLDc6     -9.96    0.00
 194  4544.781  Fe I       26.00000  4.603  -2.240  UNSLDc6     -7.87    0.00
 195  4544.833  Sm II      62.10000  0.333  -1.910  UNSLDc6     -9.30    0.00
 196  4544.953  Ce II      58.10000  0.417  -0.790  UNSLDc6     -8.13    0.00
 197  4544.977  Fe I       26.00000  4.545  -3.150  UNSLDc6     -8.73    0.00
 198  4545.113  Fe I       26.00000  4.555  -2.930  UNSLDc6     -8.52    0.00
 199  4545.133  Ti II      22.10000  1.130  -2.450  UNSLDc6     -6.53    0.00
 200  4545.166  Re I       75.00000  1.954  -1.210  UNSLDc6    -10.92    0.00
 201  4545.184  Na I       11.00000  2.103  -2.350  UNSLDc6     -7.78    0.00
 202  4545.194  Co I       27.00590  3.927  -3.662  UNSLDc6    -10.97    0.00
 203  4545.200  Co I       27.00590  3.927  -3.264  UNSLDc6    -10.57    0.00
 204  4545.206  Co I       27.00590  3.927  -3.060  UNSLDc6    -10.37    0.00
 205  4545.212  Co I       27.00590  3.927  -2.963  UNSLDc6    -10.27    0.00
 206  4545.217  Co I       27.00590  3.927  -2.963  UNSLDc6    -10.27    0.00
 207  4545.218  Co I       27.00590  3.927  -2.361  UNSLDc6     -9.67    0.00
 208  4545.221  Co I       27.00590  3.927  -2.150  UNSLDc6     -9.46    0.00
 209  4545.222  Co I       27.00590  3.927  -3.118  UNSLDc6    -10.43    0.00
 210  4545.223  Co I       27.00590  3.927  -2.077  UNSLDc6     -9.39    0.00
 211  4545.225  Co I       27.00590  3.927  -2.071  UNSLDc6     -9.38    0.00
 212  4545.227  Co I       27.00590  3.927  -2.118  UNSLDc6     -9.43    0.00
 213  4545.228  Co I       27.00590  3.927  -2.223  UNSLDc6     -9.53    0.00
 214  4545.229  Co I       27.00590  3.927  -2.419  UNSLDc6     -9.73    0.00
 215  4545.233  Co I       27.00590  3.927  -2.486  UNSLDc6     -9.80    0.00
 216  4545.236  Co I       27.00590  3.927  -2.223  UNSLDc6     -9.53    0.00
 217  4545.238  Co I       27.00590  3.927  -2.019  UNSLDc6     -9.33    0.00
 218  4545.240  Co I       27.00590  3.927  -1.849  UNSLDc6     -9.16    0.00
 219  4545.242  Co I       27.00590  3.927  -1.703  UNSLDc6     -9.01    0.00
 220  4545.244  Co I       27.00590  3.927  -1.574  UNSLDc6     -8.88    0.00
 221  4545.245  Co I       27.00590  3.927  -1.458  UNSLDc6     -8.77    0.00
 222  4545.246  Co I       27.00590  3.927  -1.353  UNSLDc6     -8.66    0.00
 223  4545.271  Mn I       25.00000  4.675  -1.860  UNSLDc6     -9.18    0.00
 224  4545.330  Nd II      60.10000  0.859  -1.400  UNSLDc6     -9.14    0.00
 225  4545.331  Cr I       24.00000  2.542  -1.300  UNSLDc6     -7.10    0.00
 226  4545.342  Mn I       25.00000  4.682  -2.100  UNSLDc6     -9.43    0.00
 227  4545.353  Ca I       20.00000  2.523  -3.940  UNSLDc6     -9.09    0.00
 228  4545.393  V  I       23.00000  1.954   0.380  UNSLDc6     -7.41    0.00
 229  4545.474  Cr II      24.10000  5.867  -3.800  UNSLDc6    -10.48    0.00
 230  4545.505  Cr II      24.10000  3.103  -4.220  UNSLDc6     -8.48    0.00
 231  4545.524  Fe I       26.00000  3.639  -3.400  UNSLDc6     -8.18    0.00
 232  4545.562  U  II      92.10000  0.284  -1.640  UNSLDc6    -10.82    0.00
 233  4545.633  Fe I       26.00000  4.648  -3.670  UNSLDc6     -9.34    0.00
 234  4545.677  Ir I       77.00000  1.621  -1.720  UNSLDc6     -9.70    0.00
 235  4545.754  Fe I       26.00000  3.234  -2.640  UNSLDc6     -7.07    0.00
 236  4545.778  Co I       27.00000  4.110  -3.360  UNSLDc6    -10.83    0.00
 237  4545.800  Sm II      62.10000  0.659  -1.710  UNSLDc6     -9.39    0.00
 238  4545.825  Co I       27.00000  3.729  -2.420  UNSLDc6     -9.56    0.00
 239  4545.867  Ce II      58.10000  0.736  -1.230  UNSLDc6     -8.85    0.00
 240  4545.938  Fe I       26.00000  3.651  -6.030  UNSLDc6    -10.82    0.00
 241  4545.953  Cr I       24.00000  0.941  -1.370  UNSLDc6     -5.76    0.00
 242  4545.986  Co I       27.00000  2.716  -1.860  UNSLDc6     -8.11    0.00
 243  4546.023  Cr I       24.00000  3.548  -3.530  UNSLDc6    -10.21    0.00
 244  4546.028  Cr II      24.10000  6.800  -3.320  UNSLDc6    -10.82    0.00
 245  4546.061  Ce I       58.00000  0.028  -0.780  UNSLDc6    -10.89    0.00
 246  4546.102  V  I       23.00000  2.636  -4.850  UNSLDc6    -13.24    0.00
 247  4546.212  V  II      23.10000  3.121  -7.420  UNSLDc6    -14.19    0.00
 248  4546.273  Cr I       24.00000  4.774  -2.320  UNSLDc6    -10.07    0.00
 249  4546.334  Fe I       26.00000  3.639  -4.900  UNSLDc6     -9.68    0.00
 250  4546.409  V  I       23.00510  1.852  -3.608  UNSLDc6    -11.31    0.00
 251  4546.412  V  I       23.00510  1.852  -3.490  UNSLDc6    -11.19    0.00
 252  4546.412  V  I       23.00510  1.852  -4.060  UNSLDc6    -11.76    0.00
 253  4546.418  V  I       23.00510  1.852  -3.372  UNSLDc6    -11.07    0.00
 254  4546.418  V  I       23.00510  1.852  -3.849  UNSLDc6    -11.55    0.00
 255  4546.418  V  I       23.00510  1.852  -5.060  UNSLDc6    -12.76    0.00
 256  4546.425  V  I       23.00510  1.852  -3.260  UNSLDc6    -10.96    0.00
 257  4546.425  V  I       23.00510  1.852  -3.753  UNSLDc6    -11.46    0.00
 258  4546.425  V  I       23.00510  1.852  -4.853  UNSLDc6    -12.56    0.00
 259  4546.434  V  I       23.00510  1.852  -3.156  UNSLDc6    -10.86    0.00
 260  4546.434  V  I       23.00510  1.852  -3.717  UNSLDc6    -11.42    0.00
 261  4546.434  V  I       23.00510  1.852  -4.825  UNSLDc6    -12.53    0.00
 262  4546.445  V  I       23.00510  1.852  -3.060  UNSLDc6    -10.76    0.00
 263  4546.445  V  I       23.00510  1.852  -3.733  UNSLDc6    -11.44    0.00
 264  4546.445  V  I       23.00510  1.852  -4.905  UNSLDc6    -12.61    0.00
 265  4546.458  V  I       23.00510  1.852  -2.970  UNSLDc6    -10.67    0.00
 266  4546.458  V  I       23.00510  1.852  -3.815  UNSLDc6    -11.52    0.00
 267  4546.458  V  I       23.00510  1.852  -5.097  UNSLDc6    -12.80    0.00
 268  4546.469  Fe I       26.00000  4.183  -2.510  UNSLDc6     -7.77    0.00
 269  4546.472  V  I       23.00510  1.852  -2.886  UNSLDc6    -10.59    0.00
 270  4546.472  V  I       23.00510  1.852  -4.033  UNSLDc6    -11.74    0.00
 271  4546.472  V  I       23.00510  1.852  -5.486  UNSLDc6    -13.19    0.00
 272  4546.481  Wl I       74.00000  2.265  -0.430  UNSLDc6    -10.10    0.00

SYNTHETIC SPECTRUM PARAMETERS (units=A)
          start =   4543.490      stop =   4544.230 
step size in the spectrum =      0.010 
at each point, opacity will include lines within     20.000 of the point

SPECTRUM DEPTHS
AT WAVELENGTH/FREQUENCY =   4543.490  CONTINUUM FLUX/INTENSITY = 2.35121D+14
  4543.490: depths= 0.001 0.001 0.001 0.001 0.001 0.001 0.001 0.001 0.001 0.001
  4543.590: depths= 0.001 0.001 0.001 0.002 0.002 0.002 0.002 0.003 0.004 0.007
  4543.690: depths= 0.013 0.025 0.043 0.063 0.076 0.080 0.075 0.075 0.094 0.135
  4543.790: depths= 0.189 0.237 0.262 0.260 0.234 0.194 0.152 0.115 0.084 0.058
  4543.890: depths= 0.038 0.028 0.031 0.048 0.068 0.078 0.069 0.053 0.052 0.092
  4543.990: depths= 0.186 0.314 0.428 0.495 0.511 0.475 0.387 0.261 0.140 0.059
  4544.090: depths= 0.021 0.008 0.004 0.003 0.002 0.002 0.002 0.002 0.002 0.002
  4544.140: depths= 0.002 0.002 0.002 0.002 0.002
FINAL WAVELENGTH/FREQUENCY =  4544.230

