wav, obs, sigma_obs, syn, weight
7698.37, 0.998287, 0.00365049, 1, 0
7698.38, 0.997467, 0.0036488, 1, 0
7698.39, 0.996522, 0.00364675, 1, 0
7698.4, 0.996185, 0.00364647, 1, 0
7698.41, 0.996529, 0.00364807, 1, 0
7698.42, 0.996542, 0.00364825, 1, 0
7698.43, 0.995573, 0.00364499, 1, 0
7698.44, 0.994717, 0.00364233, 1, 0
7698.45, 0.994926, 0.00364375, 0.99195, 0.0252305
7698.46, 0.995073, 0.00364538, 0.99155, 0.0423222
7698.47, 0.993905, 0.00364279, 0.99119, 0.0642972
7698.48, 0.992366, 0.00363875, 0.99082, 0.0887139
7698.49, 0.991853, 0.00363761, 0.99043, 0.113131
7698.5, 0.991963, 0.00363825, 0.99002, 0.135106
7698.51, 0.991665, 0.00363766, 0.98959, 0.153011
7698.52, 0.990891, 0.00363586, 0.98912, 0.166847
7698.53, 0.990047, 0.0036343, 0.98862, 0.178242
7698.54, 0.989216, 0.00363295, 0.98808, 0.188822
7698.55, 0.988285, 0.00363093, 0.9875, 0.199403
7698.56, 0.987311, 0.00362836, 0.98688, 0.209983
7698.57, 0.986476, 0.00362618, 0.9862, 0.221378
7698.58, 0.985703, 0.00362438, 0.98548, 0.2344
7698.59, 0.984673, 0.00362206, 0.98469, 0.248236
7698.6, 0.983315, 0.00361906, 0.98385, 0.2637
7698.61, 0.981857, 0.00361615, 0.98292, 0.279164
7698.62, 0.980519, 0.00361371, 0.98192, 0.297883
7698.63, 0.979481, 0.00361148, 0.98082, 0.31823
7698.64, 0.978632, 0.00360894, 0.97962, 0.340205
7698.65, 0.977353, 0.00360514, 0.97829, 0.365436
7698.66, 0.975295, 0.00359963, 0.97683, 0.393922
7698.67, 0.972821, 0.00359312, 0.97522, 0.426478
7698.68, 0.970278, 0.00358634, 0.97342, 0.463916
7698.69, 0.967698, 0.00357954, 0.97141, 0.50868
7698.7, 0.965018, 0.00357269, 0.96916, 0.561583
7698.71, 0.962017, 0.00356499, 0.96663, 0.626694
7698.72, 0.958431, 0.00355556, 0.96374, 0.707269
7698.73, 0.953958, 0.00354394, 0.96042, 0.803308
7698.74, 0.948366, 0.00352979, 0.95656, 0.91888
7698.75, 0.941866, 0.00351275, 0.95196, 1.05236
7698.76, 0.934768, 0.00349267, 0.94636, 1.2013
7698.77, 0.927049, 0.00347073, 0.93934, 1.36082
7698.78, 0.918425, 0.00344807, 0.93033, 1.52441
7698.79, 0.907572, 0.00342023, 0.91856, 1.68719
7698.8, 0.8928, 0.00338053, 0.9031, 1.8402
7698.81, 0.874389, 0.00332958, 0.88298, 1.98345
7698.82, 0.853695, 0.00327216, 0.85739, 2.11204
7698.83, 0.829324, 0.00320478, 0.8259, 2.22517
7698.84, 0.797844, 0.00311777, 0.78868, 2.32447
7698.85, 0.758242, 0.00300798, 0.74662, 2.4083
7698.86, 0.711833, 0.00287851, 0.7013, 2.4791
7698.87, 0.659166, 0.00273018, 0.65476, 2.53608
7698.88, 0.599837, 0.00256102, 0.6092, 2.58084
7698.89, 0.534854, 0.00237271, 0.56663, 2.61502
7698.9, 0.467285, 0.00217234, 0.5286, 2.63863
7698.91, 0.400336, 0.00196788, 0.49602, 2.6549
7698.92, 0.337192, 0.00176811, 0.46922, 2.66549
7698.93, 0.280962, 0.00158259, 0.448, 2.67362
7698.94, 0.234596, 0.00142235, 0.43195, 2.68014
7698.95, 0.20013, 0.00129658, 0.42053, 2.68502
7698.96, 0.177283, 0.00120937, 0.4133, 2.6899
7698.97, 0.165684, 0.00116418, 0.40994, 2.69316
7698.98, 0.165854, 0.00116512, 0.41031, 2.69153
7698.99, 0.178439, 0.00121507, 0.41443, 2.68909
7699, 0.203851, 0.00131148, 0.42247, 2.6842
7699.01, 0.242144, 0.00144957, 0.43478, 2.67769
7699.02, 0.29188, 0.00162043, 0.45183, 2.672
7699.03, 0.351005, 0.00181387, 0.47413, 2.66223
7699.04, 0.416525, 0.00201971, 0.50209, 2.65084
7699.05, 0.485028, 0.00222779, 0.53579, 2.63293
7699.06, 0.55264, 0.00242793, 0.57482, 2.6077
7699.07, 0.615463, 0.00261048, 0.61812, 2.57107
7699.08, 0.671523, 0.00277101, 0.66404, 2.52387
7699.09, 0.720013, 0.00290822, 0.7105, 2.46527
7699.1, 0.760831, 0.00302287, 0.75531, 2.39202
7699.11, 0.79442, 0.0031172, 0.79649, 2.30412
7699.12, 0.822197, 0.00319526, 0.8326, 2.2032
7699.13, 0.846353, 0.00326255, 0.86289, 2.086
7699.14, 0.867997, 0.00332211, 0.88733, 1.95496
7699.15, 0.887104, 0.00337449, 0.90643, 1.80927
7699.16, 0.903534, 0.00341967, 0.92106, 1.65382
7699.17, 0.917077, 0.00345712, 0.9322, 1.49104
7699.18, 0.927993, 0.00348748, 0.94074, 1.32745
7699.19, 0.937242, 0.0035132, 0.94742, 1.16956
7699.2, 0.945374, 0.00353566, 0.95278, 1.02306
7699.21, 0.952095, 0.00355413, 0.95719, 0.89365
7699.22, 0.957322, 0.00356848, 0.96092, 0.781333
7699.23, 0.961635, 0.00358044, 0.96413, 0.687736
7699.24, 0.965553, 0.00359146, 0.96692, 0.61123
7699.25, 0.969204, 0.00360167, 0.96938, 0.548561
7699.26, 0.97253, 0.0036108, 0.97155, 0.496472
7699.27, 0.975081, 0.00361812, 0.97349, 0.45415
7699.28, 0.976561, 0.00362317, 0.97522, 0.417525
7699.29, 0.977631, 0.00362694, 0.97678, 0.385783
7699.3, 0.979018, 0.00363066, 0.97818, 0.358111
7699.31, 0.980575, 0.00363466, 0.97945, 0.334508
7699.32, 0.981973, 0.00363904, 0.9806, 0.312533
7699.33, 0.98346, 0.00364412, 0.98165, 0.293
7699.34, 0.985391, 0.00365009, 0.9826, 0.275094
7699.35, 0.987258, 0.00365538, 0.98348, 0.258003
7699.36, 0.98826, 0.00365791, 0.98427, 0.243353
7699.37, 0.988653, 0.00365889, 0.985, 0.23033
7699.38, 0.989234, 0.00366113, 0.98567, 0.218122
7699.39, 0.990007, 0.00366437, 0.98628, 0.206728
7699.4, 0.990462, 0.00366639, 0.98683, 0.196147
7699.41, 0.990478, 0.00366669, 0.98733, 0.184753
7699.42, 0.990269, 0.00366622, 0.98778, 0.172544
7699.43, 0.990285, 0.00366641, 0.98818, 0.157894
7699.44, 0.991165, 0.00366903, 0.98853, 0.139175
7699.45, 0.992682, 0.00367343, 0.98885, 0.116386
7699.46, 0.993602, 0.00367617, 0.98912, 0.0919694
7699.47, 0.993497, 0.0036761, 0.98936, 0.0667389
7699.48, 0.99314, 0.00367542, 0.9896, 0.04395
7699.49, 0.993174, 0.00367595, 0.98987, 0.0252305
7699.5, 0.993862, 0.00367832, 1, 0
7699.51, 0.995141, 0.00368231, 1, 0
7699.52, 0.996363, 0.00368618, 1, 0
7699.53, 0.997049, 0.0036886, 1, 0
7699.54, 0.997304, 0.00368971, 1, 0
7699.55, 0.997307, 0.0036899, 1, 0
7699.56, 0.997193, 0.00368965, 1, 0
7699.57, 0.997146, 0.00368965, 1, 0
