wav, obs, sigma_obs, syn, weight
4544.97, 0.919658, 0.00774318, 1, 0
4544.98, 0.923022, 0.00777965, 1, 0
4544.99, 0.929097, 0.00783392, 1, 0
4545, 0.938698, 0.00790738, 1, 0
4545.01, 0.949761, 0.00798154, 1, 0
4545.02, 0.960773, 0.00805393, 0.99065, 0
4545.03, 0.967781, 0.00810688, 0.98898, 0
4545.04, 0.966977, 0.00811046, 0.983, 0
4545.05, 0.958371, 0.00803969, 0.96911, 0
4545.06, 0.936605, 0.00787561, 0.9427, 0
4545.07, 0.89799, 0.00760381, 0.89954, 0
4545.08, 0.844509, 0.00721469, 0.838, 0
4545.09, 0.775851, 0.00670953, 0.76116, 0
4545.1, 0.697363, 0.00612932, 0.67742, 0
4545.11, 0.62173, 0.00556524, 0.59915, 0
4545.12, 0.56525, 0.00515022, 0.53966, 0
4545.13, 0.539918, 0.00497112, 0.50971, 0
4545.14, 0.551272, 0.00505903, 0.51446, 0
4545.15, 0.596834, 0.00539181, 0.55215, 0
4545.16, 0.663478, 0.0058834, 0.61466, 0.0973783
4545.17, 0.736018, 0.00642303, 0.68993, 0
4545.18, 0.802426, 0.00691086, 0.76524, 0
4545.19, 0.855973, 0.00729994, 0.8304, 0.0973783
4545.2, 0.895523, 0.00758808, 0.87985, 0.0973783
4545.21, 0.923802, 0.00779438, 0.91306, 0.194757
4545.22, 0.944201, 0.00793218, 0.93309, 0.194757
4545.23, 0.954698, 0.00801173, 0.94422, 0.292135
4545.24, 0.956691, 0.00804539, 0.94975, 0.486891
4545.25, 0.956895, 0.00804433, 0.9508, 0.681648
4545.26, 0.950747, 0.0079959, 0.94624, 1.07116
4545.27, 0.935381, 0.00788745, 0.93365, 1.46067
4545.28, 0.911189, 0.00770883, 0.91088, 2.04494
4545.29, 0.876493, 0.0074465, 0.8779, 2.72659
4545.3, 0.834914, 0.00713312, 0.83786, 3.603
4545.31, 0.793634, 0.00682776, 0.79689, 4.28464
4545.32, 0.760095, 0.00658599, 0.76223, 4.96629
4545.33, 0.739324, 0.00643976, 0.73964, 5.55056
4545.34, 0.73429, 0.00640289, 0.7312, 5.8427
4545.35, 0.743679, 0.00646328, 0.73498, 6.13483
4545.36, 0.757188, 0.00656269, 0.74668, 6.03745
4545.37, 0.770987, 0.00667436, 0.76222, 5.8427
4545.38, 0.786248, 0.00679484, 0.77974, 5.45318
4545.39, 0.803575, 0.00691815, 0.79975, 4.86891
4545.4, 0.825819, 0.00706726, 0.82376, 4.18727
4545.41, 0.851469, 0.00724685, 0.85226, 3.40824
4545.42, 0.875584, 0.00743496, 0.88364, 2.62921
4545.43, 0.904465, 0.00764782, 0.91454, 1.85019
4545.44, 0.932875, 0.00785057, 0.94126, 1.16854
4545.45, 0.951501, 0.00799711, 0.96117, 0.681648
4545.46, 0.96679, 0.00812025, 0.97342, 0.389513
4545.47, 0.977665, 0.00820566, 0.97874, 0.292135
4545.48, 0.983109, 0.00824127, 0.97885, 0.0973783
4545.49, 0.987351, 0.00825409, 0.97584, 0.0973783
4545.5, 0.986346, 0.00824425, 0.97175, 0.0973783
4545.51, 0.982908, 0.0082297, 0.96835, 0.0973783
4545.52, 0.983542, 0.00823372, 0.96695, 0.0973783
4545.53, 0.981914, 0.00822987, 0.9681, 0
4545.54, 0.980629, 0.00822779, 0.97159, 0
4545.55, 0.982249, 0.00823553, 0.97658, 0
4545.56, 0.980466, 0.00822476, 0.98196, 0.0973783
4545.57, 0.981019, 0.00822321, 0.98674, 0
4545.58, 0.984712, 0.00823579, 0.99033, 0.0973783
4545.59, 0.984986, 0.00823478, 0.99261, 0
4545.6, 0.984581, 0.00823879, 0.99377, 0.0973783
4545.61, 0.988706, 0.00826209, 0.99415, 0.0973783
4545.62, 0.996125, 0.00829295, 0.99406, 0.0973783
4545.63, 0.994959, 0.00829495, 0.99368, 0.0973783
4545.64, 0.99054, 0.00828142, 0.99301, 0.0973783
4545.65, 0.99079, 0.00828496, 0.99173, 0
4545.66, 0.995293, 0.00831601, 0.98903, 0.0973783
4545.67, 0.996227, 0.00831733, 0.98331, 0.0973783
4545.68, 0.993543, 0.00829787, 0.97309, 0
4545.69, 0.992416, 0.00829877, 0.95784, 0
4545.7, 0.99292, 0.00829358, 1, 0
4545.71, 0.992718, 0.00829077, 1, 0
4545.72, 0.990685, 0.00830231, 1, 0
4545.73, 0.988907, 0.00831181, 1, 0
4545.74, 0.987156, 0.00832111, 1, 0
