wav, obs, sigma_obs, syn, weight
4547.29, 0.903365, 0.00772705, 1, 0
4547.3, 0.922782, 0.00787395, 1, 0
4547.31, 0.940728, 0.00799719, 1, 0
4547.32, 0.955553, 0.00809234, 1, 0
4547.33, 0.966427, 0.0081865, 1, 0
4547.34, 0.972149, 0.0082466, 0.934, 0
4547.35, 0.977783, 0.00828661, 0.95875, 0.19106
4547.36, 0.986597, 0.0083365, 0.97505, 0.19106
4547.37, 0.988524, 0.00835579, 0.9844, 0.286591
4547.38, 0.989129, 0.00836305, 0.98907, 0.286591
4547.39, 0.991773, 0.00837581, 0.99102, 0.382121
4547.4, 0.98997, 0.00837761, 0.99153, 0.382121
4547.41, 0.98885, 0.00838024, 0.99129, 0.477651
4547.42, 0.989112, 0.00838567, 0.99069, 0.382121
4547.43, 0.988887, 0.00838894, 0.98998, 0.382121
4547.44, 0.991527, 0.00839564, 0.98925, 0.382121
4547.45, 0.995098, 0.00840232, 0.98842, 0.382121
4547.46, 0.998236, 0.00841257, 0.98728, 0.286591
4547.47, 1.0007, 0.00842973, 0.98569, 0.286591
4547.48, 0.99527, 0.0084166, 0.98374, 0.19106
4547.49, 0.991258, 0.00840561, 0.98191, 0.19106
4547.5, 0.995973, 0.00842722, 0.98082, 0.19106
4547.51, 0.994013, 0.00842283, 0.98094, 0.19106
4547.52, 0.992898, 0.00841451, 0.98225, 0.0955302
4547.53, 0.997527, 0.00842511, 0.98431, 0.0955302
4547.54, 1.00039, 0.00843695, 0.98646, 0
4547.55, 0.996757, 0.00842199, 0.98818, 0.0955302
4547.56, 0.992161, 0.0084025, 0.98921, 0.0955302
4547.57, 0.99261, 0.00840426, 0.98957, 0.0955302
4547.58, 0.994707, 0.0084076, 0.98939, 0.19106
4547.59, 0.99374, 0.00840363, 0.98881, 0.19106
4547.6, 0.990094, 0.008392, 0.98791, 0.286591
4547.61, 0.988233, 0.00837926, 0.98674, 0.286591
4547.62, 0.989275, 0.00837846, 0.98532, 0.286591
4547.63, 0.987696, 0.00837186, 0.98367, 0.382121
4547.64, 0.982768, 0.00835237, 0.98183, 0.477651
4547.65, 0.983189, 0.00834978, 0.97979, 0.477651
4547.66, 0.985063, 0.00836724, 0.97754, 0.573181
4547.67, 0.984048, 0.00837539, 0.975, 0.668712
4547.68, 0.982021, 0.00835554, 0.97205, 0.859772
4547.69, 0.985971, 0.00835247, 0.96855, 1.14636
4547.7, 0.982995, 0.00832576, 0.96426, 1.62401
4547.71, 0.970449, 0.00826567, 0.95883, 2.1972
4547.72, 0.965952, 0.00823626, 0.95152, 3.1525
4547.73, 0.96027, 0.00818883, 0.94085, 4.01227
4547.74, 0.94857, 0.00809254, 0.92391, 4.96757
4547.75, 0.929916, 0.00794112, 0.89558, 5.73181
4547.76, 0.894837, 0.00770437, 0.84853, 6.20947
4547.77, 0.847104, 0.00736155, 0.77547, 6.59159
4547.78, 0.78659, 0.00688988, 0.67466, 6.68712
4547.79, 0.705113, 0.00627283, 0.55527, 6.78265
4547.8, 0.607546, 0.00554633, 0.43614, 6.49606
4547.81, 0.502861, 0.00476068, 0.33659, 6.11394
4547.82, 0.40236, 0.0039913, 0.26662, 5.54075
4547.83, 0.31992, 0.00335316, 0.22513, 4.77651
4547.84, 0.267417, 0.00294289, 0.20561, 3.91674
4547.85, 0.25478, 0.00284145, 0.20274, 3.05697
4547.86, 0.287006, 0.00309298, 0.21579, 2.1972
4547.87, 0.357762, 0.00365169, 0.249, 1.62401
4547.88, 0.458135, 0.00442968, 0.30963, 1.24189
4547.89, 0.57334, 0.00530232, 0.40192, 1.05083
4547.9, 0.681538, 0.00611998, 0.51973, 0.955302
4547.91, 0.769986, 0.00678282, 0.6449, 0.955302
4547.92, 0.8334, 0.00725158, 0.75557, 0.955302
4547.93, 0.873104, 0.00754692, 0.83798, 0.955302
4547.94, 0.897368, 0.00773748, 0.89119, 0.955302
4547.95, 0.917039, 0.0078721, 0.92257, 0.859772
4547.96, 0.932549, 0.00796235, 0.94081, 0.859772
4547.97, 0.935074, 0.00800135, 0.95212, 0.859772
4547.98, 0.93905, 0.00803611, 0.95992, 0.764242
4547.99, 0.946163, 0.00807382, 0.96577, 0.668712
4548, 0.948899, 0.0080986, 0.97032, 0.573181
4548.01, 0.95095, 0.00813024, 0.97385, 0.477651
4548.02, 0.955148, 0.0081651, 0.9764, 0.477651
4548.03, 0.960947, 0.00819367, 0.97779, 0.382121
4548.04, 0.964228, 0.00821024, 0.9775, 0.382121
4548.05, 0.959319, 0.00820039, 0.97468, 0.286591
4548.06, 0.953565, 0.00816973, 0.96843, 0.286591
4548.07, 0.950403, 0.00812075, 0.95846, 0.286591
4548.08, 0.936666, 0.00803945, 0.94576, 0.19106
4548.09, 0.929652, 0.00798855, 0.93299, 0.0955302
4548.1, 0.930633, 0.0079709, 0.9238, 0.0955302
4548.11, 0.925067, 0.00794618, 0.92136, 0.19106
4548.12, 0.927766, 0.00798397, 0.92673, 0.0955302
4548.13, 0.939954, 0.00807004, 0.93832, 0.19106
4548.14, 0.953476, 0.00815785, 0.95273, 0.19106
4548.15, 0.963422, 0.00823733, 0.9664, 0.0955302
4548.16, 0.972486, 0.00829938, 0.97703, 0.0955302
4548.17, 0.978171, 0.00833491, 0.98399, 0.0955302
4548.18, 0.977597, 0.0083486, 0.98788, 0.0955302
4548.19, 0.979128, 0.00836807, 0.98978, 0
4548.2, 0.979156, 0.0083696, 0.99067, 0.0955302
4548.21, 0.977764, 0.00835565, 0.99122, 0.0955302
4548.22, 0.981702, 0.00836778, 0.99175, 0
4548.23, 0.979111, 0.00836511, 0.99235, 0.0955302
4548.24, 0.97451, 0.00835363, 0.99298, 0
4548.25, 0.978024, 0.00836419, 0.99357, 0
4548.26, 0.983783, 0.00838772, 0.99405, 0
4548.27, 0.987709, 0.00841208, 0.99442, 0
4548.28, 0.988773, 0.00842659, 0.99469, 0
4548.29, 0.988256, 0.00842991, 0.99487, 0
4548.3, 0.988719, 0.00844245, 0.995, 0
4548.31, 0.989758, 0.00846023, 0.99509, 0
4548.32, 0.99012, 0.00846883, 0.99514, 0
4548.33, 0.990109, 0.00846511, 1, 0
4548.34, 0.990389, 0.00845824, 1, 0
4548.35, 0.990346, 0.00845295, 1, 0
4548.36, 0.989049, 0.00844788, 1, 0
4548.37, 0.987711, 0.00844281, 1, 0
