wav, obs, sigma_obs, syn, weight
4684.82, 0.978456, 0.00641261, 1, 0
4684.83, 0.976616, 0.00639873, 1, 0
4684.84, 0.97499, 0.00638351, 1, 0
4684.85, 0.972811, 0.00637174, 1, 0
4684.86, 0.970128, 0.00636822, 1, 0
4684.87, 0.970674, 0.00636615, 1, 0
4684.88, 0.972456, 0.00636619, 0.99496, 0.0199742
4684.89, 0.972132, 0.00637071, 0.99447, 0.0322165
4684.9, 0.971793, 0.00637497, 0.99402, 0.0431701
4684.91, 0.973924, 0.00638575, 0.99322, 0.0515464
4684.92, 0.977455, 0.00640094, 0.99154, 0.0573454
4684.93, 0.977346, 0.00640065, 0.9882, 0.060567
4684.94, 0.975505, 0.00639161, 0.9822, 0.0631443
4684.95, 0.971917, 0.0063719, 0.97257, 0.0657216
4684.96, 0.962997, 0.00632554, 0.95876, 0.0689433
4684.97, 0.951609, 0.00626587, 0.94103, 0.0715206
4684.98, 0.936416, 0.00618224, 0.9207, 0.0753866
4684.99, 0.914255, 0.00605583, 0.9, 0.0805412
4685, 0.891742, 0.00592516, 0.88161, 0.0863402
4685.01, 0.872857, 0.00581706, 0.86803, 0.0940722
4685.02, 0.859386, 0.00574415, 0.86108, 0.104381
4685.03, 0.8548, 0.00572078, 0.86167, 0.116624
4685.04, 0.861946, 0.00576052, 0.86969, 0.131443
4685.05, 0.878887, 0.00585425, 0.88397, 0.149485
4685.06, 0.898007, 0.00596273, 0.90249, 0.171392
4685.07, 0.919497, 0.00607977, 0.92262, 0.197809
4685.08, 0.940071, 0.00618879, 0.94169, 0.230026
4685.09, 0.951429, 0.00625613, 0.95753, 0.271263
4685.1, 0.95789, 0.00629754, 0.96891, 0.324742
4685.11, 0.961342, 0.00632158, 0.97559, 0.398196
4685.12, 0.959906, 0.00632233, 0.97801, 0.501289
4685.13, 0.956679, 0.00630766, 0.97679, 0.64884
4685.14, 0.95227, 0.00627795, 0.97221, 0.851804
4685.15, 0.94474, 0.00622897, 0.96391, 1.1192
4685.16, 0.932402, 0.00616213, 0.95071, 1.44716
4685.17, 0.917962, 0.00607935, 0.93089, 1.82474
4685.18, 0.899957, 0.00596895, 0.90262, 2.23389
4685.19, 0.868689, 0.00580218, 0.8648, 2.65657
4685.2, 0.828758, 0.00558151, 0.81761, 3.08119
4685.21, 0.781611, 0.00530969, 0.76286, 3.50129
4685.22, 0.721196, 0.00498026, 0.70384, 3.90979
4685.23, 0.656377, 0.00461289, 0.64505, 4.29446
4685.24, 0.593003, 0.00424073, 0.59181, 4.63466
4685.25, 0.534523, 0.00391205, 0.54978, 4.90013
4685.26, 0.497042, 0.00370137, 0.52412, 5.06443
4685.27, 0.488126, 0.00365048, 0.51837, 5.1076
4685.28, 0.507831, 0.00376722, 0.53346, 5.02384
4685.29, 0.555711, 0.00403845, 0.5674, 4.8241
4685.3, 0.623235, 0.00441678, 0.61587, 4.53157
4685.31, 0.698009, 0.00483868, 0.67332, 4.17526
4685.32, 0.768873, 0.00524294, 0.73403, 3.78093
4685.33, 0.829192, 0.0055814, 0.79282, 3.36791
4685.34, 0.874982, 0.00583552, 0.84552, 2.94523
4685.35, 0.905712, 0.00601966, 0.88934, 2.51869
4685.36, 0.929996, 0.0061583, 0.92309, 2.09665
4685.37, 0.950047, 0.00626098, 0.9472, 1.69459
4685.38, 0.961825, 0.00632587, 0.96328, 1.33054
4685.39, 0.966921, 0.00636402, 0.97344, 1.02062
4685.4, 0.970655, 0.00638983, 0.97967, 0.776418
4685.41, 0.976734, 0.0064136, 0.98349, 0.594716
4685.42, 0.981847, 0.00643547, 0.98589, 0.465206
4685.43, 0.984887, 0.00645524, 0.98749, 0.375
4685.44, 0.986615, 0.00647165, 0.98864, 0.311856
4685.45, 0.988396, 0.00648358, 0.98956, 0.266108
4685.46, 0.992217, 0.00650455, 0.99036, 0.231314
4685.47, 0.996006, 0.00652943, 0.99112, 0.204253
4685.48, 0.995587, 0.00653548, 0.99188, 0.181701
4685.49, 0.997763, 0.00654045, 0.99264, 0.162371
4685.5, 1.00068, 0.00654543, 0.99341, 0.146907
4685.51, 0.998322, 0.00654174, 0.99414, 0.133376
4685.52, 1.00005, 0.00655598, 0.99481, 0.122423
4685.53, 1.00291, 0.00657057, 0.9954, 0.112113
4685.54, 1.00039, 0.00655995, 0.99589, 0.103737
4685.55, 0.998127, 0.00654785, 0.99627, 0.0960052
4685.56, 1.00004, 0.00655523, 0.99656, 0.0889175
4685.57, 1.00434, 0.00657723, 0.99678, 0.0831186
4685.58, 1.00486, 0.00658465, 0.99694, 0.0779639
4685.59, 1.00463, 0.00658839, 0.99704, 0.0728093
4685.6, 1.00549, 0.00659277, 0.99707, 0.068299
4685.61, 1.00515, 0.00658611, 0.99705, 0.0637887
4685.62, 1.00405, 0.00657981, 0.99696, 0.058634
4685.63, 1.00192, 0.00657179, 0.99684, 0.0528351
4685.64, 0.998919, 0.00655474, 0.99671, 0.0438144
4685.65, 0.998382, 0.0065451, 0.99665, 0.0328608
4685.66, 0.997139, 0.00653597, 0.99675, 0.0206186
4685.67, 0.992961, 0.00652094, 1, 0
4685.68, 0.991917, 0.00651996, 1, 0
4685.69, 0.992903, 0.00652467, 1, 0
4685.7, 0.993468, 0.00652453, 1, 0
4685.71, 0.99411, 0.00652512, 1, 0
4685.72, 0.994764, 0.00652582, 1, 0
