wav, obs, sigma_obs, syn, weight
4839.87, 0.934305, 0.00572378, 1, 0
4839.88, 0.93894, 0.00574678, 1, 0
4839.89, 0.946927, 0.00579043, 1, 0
4839.9, 0.955366, 0.00584045, 1, 0
4839.91, 0.965376, 0.00589306, 1, 0
4839.92, 0.972476, 0.00593134, 0.94075, 0
4839.93, 0.976716, 0.00595264, 0.92858, 0.787037
4839.94, 0.979538, 0.00596008, 0.92663, 1.96759
4839.95, 0.975209, 0.00594015, 0.93176, 2.36111
4839.96, 0.968664, 0.00591312, 0.93888, 3.54167
4839.97, 0.964905, 0.00589359, 0.94481, 4.3287
4839.98, 0.960408, 0.00586535, 0.94891, 5.11574
4839.99, 0.955632, 0.00584741, 0.95161, 5.90278
4840, 0.952894, 0.00584546, 0.95391, 5.90278
4840.01, 0.954063, 0.00584736, 0.9566, 6.2963
4840.02, 0.958592, 0.00586327, 0.9601, 6.2963
4840.03, 0.964944, 0.00589646, 0.96446, 6.2963
4840.04, 0.971557, 0.0059363, 0.96943, 6.2963
4840.05, 0.977611, 0.00596407, 0.97451, 5.50926
4840.06, 0.9832, 0.00598975, 0.97913, 4.72222
4840.07, 0.98843, 0.00601823, 0.98281, 4.3287
4840.08, 0.992226, 0.00603601, 0.98527, 3.54167
4840.09, 0.990949, 0.00603926, 0.98649, 2.75463
4840.1, 0.987916, 0.00603247, 0.98657, 1.96759
4840.11, 0.987163, 0.00601848, 0.98556, 1.18056
4840.12, 0.981493, 0.00598765, 0.98315, 0.787037
4840.13, 0.971162, 0.00594335, 0.97845, 0.787037
4840.14, 0.958775, 0.00588603, 0.96988, 0.787037
4840.15, 0.94307, 0.00580154, 0.95534, 0.393519
4840.16, 0.919965, 0.00567909, 0.9328, 0.393519
4840.17, 0.888354, 0.00551995, 0.90096, 0.393519
4840.18, 0.849864, 0.00532874, 0.85994, 0.393519
4840.19, 0.803809, 0.00509238, 0.81133, 0.393519
4840.2, 0.749635, 0.00481255, 0.75806, 0.393519
4840.21, 0.689797, 0.00450744, 0.70374, 0.393519
4840.22, 0.631389, 0.00420584, 0.65204, 0.393519
4840.23, 0.58101, 0.00394034, 0.60608, 0.393519
4840.24, 0.543224, 0.00373972, 0.56805, 0
4840.25, 0.519913, 0.00362016, 0.53918, 0
4840.26, 0.509787, 0.00357089, 0.51994, 0
4840.27, 0.506131, 0.00355424, 0.51025, 0
4840.28, 0.502023, 0.00353349, 0.50966, 0
4840.29, 0.497722, 0.00350888, 0.51751, 0
4840.3, 0.496282, 0.00350178, 0.5331, 0
4840.31, 0.505837, 0.00355602, 0.5557, 0
4840.32, 0.537063, 0.00372128, 0.58464, 0
4840.33, 0.587423, 0.00398661, 0.6193, 0
4840.34, 0.652675, 0.0043298, 0.65911, 0
4840.35, 0.72732, 0.00471867, 0.70329, 0
4840.36, 0.798907, 0.00508709, 0.75047, 0
4840.37, 0.858947, 0.00539376, 0.79851, 0
4840.38, 0.903745, 0.00562297, 0.84461, 0
4840.39, 0.933715, 0.00577833, 0.88595, 0
4840.4, 0.953668, 0.00588759, 0.92031, 0
4840.41, 0.968167, 0.00596552, 0.94662, 0
4840.42, 0.979046, 0.00601217, 0.96512, 0
4840.43, 0.984853, 0.00604239, 0.97705, 0
4840.44, 0.986568, 0.00605704, 0.98417, 0
4840.45, 0.987354, 0.00606074, 0.98821, 0
4840.46, 0.990251, 0.00607832, 0.99046, 0
4840.47, 0.99441, 0.00609723, 0.99179, 0
4840.48, 0.996686, 0.00610544, 0.99265, 0
4840.49, 0.995169, 0.00610859, 0.9933, 0
4840.5, 0.995141, 0.00611039, 0.99384, 0
4840.51, 0.996671, 0.00611298, 0.99431, 0
4840.52, 0.996809, 0.00611791, 0.99474, 0
4840.53, 0.996584, 0.00612571, 0.99512, 0
4840.54, 0.996083, 0.00612783, 0.99544, 0
4840.55, 0.996327, 0.00612626, 0.99571, 0
4840.56, 0.998529, 0.00613259, 0.9959, 0
4840.57, 0.996526, 0.00612125, 0.99601, 0
4840.58, 0.992666, 0.00610271, 0.996, 0
4840.59, 0.993255, 0.00610548, 0.99587, 0
4840.6, 0.993589, 0.00611054, 0.99562, 0
4840.61, 0.992956, 0.0061113, 0.99526, 0
4840.62, 0.993013, 0.00611383, 0.99485, 0
4840.63, 0.994184, 0.00612407, 0.99452, 0
4840.64, 0.995102, 0.00613013, 0.99447, 0
4840.65, 0.994705, 0.00612921, 0.99495, 0
4840.66, 0.993435, 0.00612917, 0.99602, 0
4840.67, 0.99346, 0.0061295, 1, 0
4840.68, 0.993937, 0.00612715, 1, 0
4840.69, 0.993431, 0.00612106, 1, 0
4840.7, 0.992999, 0.00611523, 1, 0
4840.71, 0.992606, 0.00610954, 1, 0
