wav, obs, sigma_obs, syn, weight
4846.93, 1.00133, 0.00807779, 1, 0
4846.94, 1.00267, 0.00808261, 1, 0
4846.95, 1.00417, 0.00808847, 1, 0
4846.96, 1.00492, 0.00808963, 1, 0
4846.97, 1.00495, 0.00808666, 1, 0
4846.98, 1.00524, 0.00808637, 1, 0
4846.99, 1.00613, 0.00808885, 1, 0
4847, 1.00734, 0.00808999, 0.99901, 0.0187062
4847.01, 1.00799, 0.00808832, 0.99887, 0.0243994
4847.02, 1.00759, 0.00808347, 0.99874, 0.0300926
4847.03, 1.00691, 0.00807602, 0.99863, 0.0341592
4847.04, 1.00694, 0.00807233, 0.99851, 0.0382257
4847.05, 1.00837, 0.00808071, 0.99838, 0.041479
4847.06, 1.00892, 0.00808328, 0.99821, 0.0455455
4847.07, 1.00682, 0.00806476, 0.99797, 0.0496121
4847.08, 1.00592, 0.00805453, 0.99761, 0.0553053
4847.09, 1.00733, 0.00806098, 0.99704, 0.0601852
4847.1, 1.00699, 0.00805333, 0.9962, 0.0683183
4847.11, 1.00438, 0.00802984, 0.99503, 0.0764515
4847.12, 1.00128, 0.00800643, 0.99352, 0.0878378
4847.13, 0.997753, 0.00798154, 0.9917, 0.103291
4847.14, 0.993887, 0.00795301, 0.98967, 0.12525
4847.15, 0.990717, 0.00792788, 0.98752, 0.157783
4847.16, 0.98782, 0.00790397, 0.98532, 0.209022
4847.17, 0.983664, 0.00787184, 0.98303, 0.290353
4847.18, 0.979724, 0.0078416, 0.98043, 0.413976
4847.19, 0.97722, 0.0078214, 0.97708, 0.594532
4847.2, 0.972429, 0.00778628, 0.97233, 0.845033
4847.21, 0.963722, 0.00772525, 0.96534, 1.17117
4847.22, 0.953446, 0.00765372, 0.95531, 1.57376
4847.23, 0.941018, 0.00756775, 0.94165, 2.04223
4847.24, 0.924267, 0.00745268, 0.92424, 2.5595
4847.25, 0.903406, 0.00730886, 0.90362, 3.09954
4847.26, 0.880019, 0.00714737, 0.88103, 3.63144
4847.27, 0.856967, 0.0069914, 0.85823, 4.12594
4847.28, 0.835974, 0.00685158, 0.83728, 4.54967
4847.29, 0.817784, 0.00672772, 0.82016, 4.87581
4847.3, 0.804777, 0.00663617, 0.80847, 5.08483
4847.31, 0.799264, 0.00659661, 0.80316, 5.16291
4847.32, 0.801193, 0.00661633, 0.80447, 5.10598
4847.33, 0.809815, 0.00668704, 0.81188, 4.91648
4847.34, 0.823941, 0.00678374, 0.82424, 4.60742
4847.35, 0.841267, 0.00689323, 0.83998, 4.1967
4847.36, 0.859265, 0.00701029, 0.85731, 3.71115
4847.37, 0.877439, 0.00712845, 0.87456, 3.18087
4847.38, 0.89496, 0.00723929, 0.89038, 2.63839
4847.39, 0.909355, 0.00733172, 0.90396, 2.1138
4847.4, 0.919913, 0.0074004, 0.91507, 1.63313
4847.41, 0.927472, 0.00744541, 0.924, 1.21672
4847.42, 0.931485, 0.00746664, 0.93141, 0.875125
4847.43, 0.93225, 0.00747039, 0.93807, 0.612425
4847.44, 0.934029, 0.00748096, 0.94468, 0.42211
4847.45, 0.938057, 0.00750448, 0.95163, 0.291979
4847.46, 0.941173, 0.00752201, 0.95898, 0.207395
4847.47, 0.943829, 0.00753659, 0.96644, 0.15453
4847.48, 0.948338, 0.0075626, 0.97351, 0.121184
4847.49, 0.955011, 0.00760293, 0.97968, 0.100851
4847.5, 0.962696, 0.00765062, 0.98459, 0.0862112
4847.51, 0.968696, 0.00768756, 0.98805, 0.0756381
4847.52, 0.97292, 0.00771222, 0.99012, 0.067505
4847.53, 0.977358, 0.00773676, 0.99097, 0.0609985
4847.54, 0.982356, 0.00776442, 0.99086, 0.0553053
4847.55, 0.986973, 0.00779032, 0.99006, 0.0496121
4847.56, 0.988726, 0.00779847, 0.9888, 0.0447322
4847.57, 0.987984, 0.00779128, 0.98732, 0.0406657
4847.58, 0.988355, 0.00779206, 0.98582, 0.0374124
4847.59, 0.989083, 0.00779399, 0.98449, 0.0341592
4847.6, 0.988073, 0.00778207, 0.98349, 0.0300926
4847.61, 0.987749, 0.00777692, 0.98301, 0.026026
4847.62, 0.988956, 0.00778462, 0.98324, 0.0219595
4847.63, 0.988309, 0.00777497, 0.98441, 0.0170796
4847.64, 0.986251, 0.00775307, 1, 0
4847.65, 0.985842, 0.00774778, 1, 0
4847.66, 0.986187, 0.00775045, 1, 0
4847.67, 0.985655, 0.00774544, 1, 0
4847.68, 0.984245, 0.00773269, 1, 0
4847.69, 0.982291, 0.00771518, 1, 0
4847.7, 0.98036, 0.00769789, 1, 0
