wav, obs, sigma_obs, syn, weight
4877.44, 1.0035, 0.00568249, 1, 0
4877.45, 1.00221, 0.00567742, 1, 0
4877.46, 0.999883, 0.00566531, 1, 0
4877.47, 0.999504, 0.00566026, 1, 0
4877.48, 0.996737, 0.00564701, 1, 0
4877.49, 0.990845, 0.00562321, 1, 0
4877.5, 0.987101, 0.00560858, 0.98844, 0.0720456
4877.51, 0.980205, 0.00557886, 0.98618, 0.112435
4877.52, 0.969125, 0.00552629, 0.98189, 0.146274
4877.53, 0.956917, 0.00546357, 0.97405, 0.169198
4877.54, 0.939105, 0.00538418, 0.96098, 0.179022
4877.55, 0.913893, 0.00527335, 0.9414, 0.182297
4877.56, 0.882765, 0.00512595, 0.91538, 0.18448
4877.57, 0.848864, 0.00496414, 0.88504, 0.185572
4877.58, 0.819293, 0.00482108, 0.85459, 0.189938
4877.59, 0.799662, 0.00472632, 0.82944, 0.194305
4877.6, 0.79205, 0.00469876, 0.81446, 0.199763
4877.61, 0.803956, 0.0047547, 0.81221, 0.207404
4877.62, 0.832288, 0.00488127, 0.82197, 0.21832
4877.63, 0.864664, 0.0050402, 0.84021, 0.230328
4877.64, 0.900287, 0.00520756, 0.86213, 0.24561
4877.65, 0.931891, 0.00535538, 0.88353, 0.261984
4877.66, 0.951415, 0.00546066, 0.902, 0.281633
4877.67, 0.964253, 0.00552581, 0.91713, 0.302373
4877.68, 0.973799, 0.00556434, 0.92965, 0.324205
4877.69, 0.980053, 0.00558831, 0.94049, 0.347129
4877.7, 0.981521, 0.00560059, 0.95005, 0.372236
4877.71, 0.9804, 0.00560147, 0.95818, 0.396251
4877.72, 0.979181, 0.00559429, 0.9645, 0.421358
4877.73, 0.978032, 0.00558387, 0.96881, 0.447556
4877.74, 0.973371, 0.0055649, 0.9712, 0.474846
4877.75, 0.966119, 0.00553779, 0.97205, 0.503228
4877.76, 0.95988, 0.0055093, 0.97179, 0.533792
4877.77, 0.953987, 0.00548448, 0.9708, 0.56654
4877.78, 0.948844, 0.00546218, 0.96932, 0.601472
4877.79, 0.945315, 0.00544246, 0.96746, 0.639678
4877.8, 0.943301, 0.00543197, 0.96529, 0.680067
4877.81, 0.942913, 0.0054275, 0.96287, 0.725914
4877.82, 0.942138, 0.00542218, 0.96026, 0.775036
4877.83, 0.938196, 0.00541325, 0.95757, 0.829616
4877.84, 0.93656, 0.00541165, 0.95485, 0.889654
4877.85, 0.938294, 0.0054177, 0.95213, 0.957333
4877.86, 0.939901, 0.00542216, 0.94931, 1.03265
4877.87, 0.9414, 0.0054242, 0.94626, 1.11671
4877.88, 0.941677, 0.00542358, 0.94277, 1.21386
4877.89, 0.939126, 0.00541726, 0.93867, 1.32084
4877.9, 0.933917, 0.0054003, 0.93379, 1.44528
4877.91, 0.930187, 0.00538296, 0.92803, 1.58828
4877.92, 0.928831, 0.00537205, 0.92129, 1.75529
4877.93, 0.925167, 0.00535969, 0.91347, 1.9496
4877.94, 0.918588, 0.00533292, 0.90448, 2.17883
4877.95, 0.910471, 0.00529192, 0.89417, 2.45064
4877.96, 0.901673, 0.00524716, 0.88226, 2.77048
4877.97, 0.889836, 0.00519916, 0.86832, 3.13944
4877.98, 0.87561, 0.00513928, 0.85161, 3.54552
4877.99, 0.859808, 0.0050592, 0.831, 3.9636
4878, 0.839032, 0.0049595, 0.80484, 4.35658
4878.01, 0.8118, 0.00483102, 0.77103, 4.68951
4878.02, 0.778304, 0.00466955, 0.72747, 4.93731
4878.03, 0.738484, 0.00447848, 0.6729, 5.09013
4878.04, 0.687598, 0.00423388, 0.60804, 5.1458
4878.05, 0.626619, 0.00394165, 0.53616, 5.11196
4878.06, 0.560649, 0.00362657, 0.46269, 4.99298
4878.07, 0.486664, 0.00326069, 0.39387, 4.79649
4878.08, 0.410622, 0.0028787, 0.33499, 4.52032
4878.09, 0.341809, 0.00253368, 0.28907, 4.16773
4878.1, 0.282015, 0.00221952, 0.25651, 3.7431
4878.11, 0.238227, 0.00198219, 0.23567, 3.26716
4878.12, 0.215182, 0.00185767, 0.2239, 2.76393
4878.13, 0.20954, 0.00182516, 0.21829, 2.26944
4878.14, 0.214513, 0.00185219, 0.21602, 1.8197
4878.15, 0.221518, 0.00189201, 0.21449, 1.43764
4878.16, 0.222696, 0.00189753, 0.21174, 1.1309
4878.17, 0.215626, 0.00185962, 0.20681, 0.889654
4878.18, 0.200809, 0.00177851, 0.20004, 0.699716
4878.19, 0.182067, 0.00167103, 0.19294, 0.5458
4878.2, 0.167528, 0.00158659, 0.18776, 0.424632
4878.21, 0.164748, 0.00157177, 0.18702, 0.338396
4878.22, 0.179766, 0.00166019, 0.19333, 0.289274
4878.23, 0.216018, 0.00186497, 0.20963, 0.281633
4878.24, 0.271103, 0.0021663, 0.2393, 0.312198
4878.25, 0.340353, 0.00253309, 0.28552, 0.37551
4878.26, 0.417795, 0.00293059, 0.34949, 0.459564
4878.27, 0.495102, 0.00331818, 0.42877, 0.553441
4878.28, 0.566734, 0.00367023, 0.51684, 0.650594
4878.29, 0.629638, 0.00397537, 0.60468, 0.744471
4878.3, 0.681727, 0.00423009, 0.68356, 0.832891
4878.31, 0.724744, 0.00444092, 0.74769, 0.911486
4878.32, 0.761826, 0.00461933, 0.79562, 0.978074
4878.33, 0.79464, 0.00477493, 0.82963, 1.0261
4878.34, 0.820408, 0.00490341, 0.85368, 1.05558
4878.35, 0.841175, 0.0050106, 0.87154, 1.0654
4878.36, 0.86212, 0.00510869, 0.88581, 1.0523
4878.37, 0.879379, 0.00518657, 0.89793, 1.02283
4878.38, 0.892577, 0.00525071, 0.90851, 0.980257
4878.39, 0.904154, 0.00531202, 0.91778, 0.932227
4878.4, 0.914716, 0.00536103, 0.92582, 0.880921
4878.41, 0.9237, 0.0054012, 0.9327, 0.832891
4878.42, 0.931731, 0.00544084, 0.93856, 0.784861
4878.43, 0.940313, 0.00548154, 0.94355, 0.741197
4878.44, 0.944825, 0.0055099, 0.94785, 0.699716
4878.45, 0.947264, 0.00552875, 0.9516, 0.660418
4878.46, 0.953548, 0.00555213, 0.95492, 0.624395
4878.47, 0.957411, 0.00556935, 0.95788, 0.590556
4878.48, 0.95889, 0.0055829, 0.96054, 0.559991
4878.49, 0.961795, 0.00560026, 0.96296, 0.531609
4878.5, 0.965948, 0.00561621, 0.96515, 0.505411
4878.51, 0.969934, 0.00563205, 0.96715, 0.480304
4878.52, 0.97329, 0.00565104, 0.96898, 0.456289
4878.53, 0.976555, 0.00567101, 0.97066, 0.435548
4878.54, 0.977329, 0.00567618, 0.97221, 0.414808
4878.55, 0.977353, 0.00567581, 0.97363, 0.395159
4878.56, 0.980241, 0.00569109, 0.97494, 0.377694
4878.57, 0.982368, 0.00570379, 0.97616, 0.36132
4878.58, 0.984425, 0.00571323, 0.97729, 0.346037
4878.59, 0.987326, 0.00572364, 0.97834, 0.331846
4878.6, 0.986834, 0.00572302, 0.97931, 0.317656
4878.61, 0.98487, 0.00571978, 0.98022, 0.304556
4878.62, 0.984169, 0.00572236, 0.98107, 0.291457
4878.63, 0.984198, 0.00572449, 0.98187, 0.280541
4878.64, 0.98124, 0.00570774, 0.98261, 0.269625
4878.65, 0.974722, 0.00567561, 0.98331, 0.258709
4878.66, 0.967384, 0.00564634, 0.98398, 0.248885
4878.67, 0.961416, 0.00561997, 0.9846, 0.240152
4878.68, 0.954402, 0.005586, 0.98518, 0.231419
4878.69, 0.945553, 0.0055454, 0.98573, 0.223778
4878.7, 0.940405, 0.00552185, 0.98625, 0.215045
4878.71, 0.93904, 0.00551282, 0.98674, 0.206312
4878.72, 0.939973, 0.00551392, 0.9872, 0.196488
4878.73, 0.942773, 0.00552887, 0.98764, 0.180114
4878.74, 0.947719, 0.0055537, 0.98806, 0.152824
4878.75, 0.95432, 0.00558814, 0.98847, 0.11571
4878.76, 0.962319, 0.00563288, 0.98889, 0.0731372
4878.77, 0.973044, 0.00568001, 1, 0
4878.78, 0.981805, 0.00571808, 1, 0
4878.79, 0.986097, 0.0057443, 1, 0
4878.8, 0.99099, 0.00576946, 1, 0
4878.81, 0.996486, 0.00579521, 1, 0
4878.82, 1.00174, 0.00582072, 1, 0
