wav, obs, sigma_obs, syn, weight
4879.74, 0.997729, 0.00590659, 1, 0
4879.75, 0.994277, 0.00589833, 1, 0
4879.76, 0.995656, 0.005908, 1, 0
4879.77, 0.997643, 0.00591804, 1, 0
4879.78, 0.996564, 0.00591433, 1, 0
4879.79, 0.997036, 0.00591655, 0.99727, 0
4879.8, 0.998232, 0.0059173, 0.99698, 2.07559
4879.81, 0.998788, 0.0059163, 0.99668, 3.27943
4879.82, 0.999064, 0.00592552, 0.99636, 4.19269
4879.83, 0.99897, 0.00593326, 0.99598, 4.69083
4879.84, 0.999162, 0.00594024, 0.99554, 4.73234
4879.85, 0.999819, 0.00594876, 0.99507, 4.48327
4879.86, 0.999446, 0.00594446, 0.99468, 4.06815
4879.87, 0.999779, 0.00594415, 0.99448, 3.57001
4879.88, 1.00176, 0.00595502, 0.99456, 2.98885
4879.89, 1.00357, 0.00595947, 0.99493, 2.44919
4879.9, 1.00393, 0.0059609, 0.99551, 1.99257
4879.91, 1.00272, 0.00595919, 0.99615, 1.57745
4879.92, 1.00107, 0.00595286, 0.99672, 1.24535
4879.93, 1.00098, 0.00595313, 0.99711, 1.03779
4879.94, 1.00113, 0.00595732, 0.99729, 0.913259
4879.95, 1.00005, 0.00595639, 0.99722, 0.830235
4879.96, 0.99819, 0.00594576, 0.9968, 0.788724
4879.97, 0.994499, 0.00593114, 0.99585, 0.747212
4879.98, 0.988845, 0.00590964, 0.99403, 0.747212
4879.99, 0.982349, 0.00587487, 0.99088, 0.747212
4880, 0.975884, 0.00583882, 0.98604, 0.7057
4880.01, 0.968779, 0.00580309, 0.97947, 0.7057
4880.02, 0.961299, 0.00576684, 0.9718, 0.7057
4880.03, 0.955975, 0.00573754, 0.96437, 0.664188
4880.04, 0.951371, 0.00571858, 0.95889, 0.664188
4880.05, 0.949137, 0.00571585, 0.95687, 0.7057
4880.06, 0.95279, 0.00573382, 0.95886, 0.7057
4880.07, 0.957103, 0.00575948, 0.96424, 0.664188
4880.08, 0.961987, 0.00578954, 0.9715, 0.664188
4880.09, 0.969333, 0.00582683, 0.97886, 0.664188
4880.1, 0.976483, 0.00586743, 0.98498, 0.664188
4880.11, 0.982911, 0.00589603, 0.98923, 0.622677
4880.12, 0.987476, 0.00591043, 0.99168, 0.664188
4880.13, 0.98907, 0.00592587, 0.99271, 0.622677
4880.14, 0.993286, 0.00594542, 0.99277, 0.622677
4880.15, 0.996558, 0.00595512, 0.99218, 0.622677
4880.16, 0.994448, 0.00594984, 0.99118, 0.581165
4880.17, 0.995882, 0.00595941, 0.98992, 0.581165
4880.18, 0.996861, 0.00596818, 0.9886, 0.581165
4880.19, 0.994966, 0.00596408, 0.98742, 0.539653
4880.2, 0.995684, 0.00596273, 0.98655, 0.498141
4880.21, 0.992679, 0.00595168, 0.98605, 0.498141
4880.22, 0.988199, 0.00593772, 0.9859, 0.498141
4880.23, 0.988249, 0.0059352, 0.98604, 0.498141
4880.24, 0.985451, 0.00592523, 0.98642, 0.456629
4880.25, 0.981417, 0.00591001, 0.98707, 0.456629
4880.26, 0.979594, 0.00589685, 0.98801, 0.456629
4880.27, 0.978248, 0.00588364, 0.98926, 0.498141
4880.28, 0.977119, 0.00588021, 0.99076, 0.498141
4880.29, 0.977691, 0.00589259, 0.99239, 0.498141
4880.3, 0.981684, 0.00591842, 0.99397, 0.498141
4880.31, 0.988439, 0.00595087, 0.99534, 0.498141
4880.32, 0.995391, 0.00598046, 0.99639, 0.415118
4880.33, 0.999344, 0.00599821, 0.9971, 0.332094
4880.34, 0.999065, 0.00600234, 0.99751, 0.207559
4880.35, 1.00144, 0.00601452, 0.9977, 0.0830235
4880.36, 1.00492, 0.0060307, 1, 0
4880.37, 1.00208, 0.00602799, 1, 0
4880.38, 0.999955, 0.00602388, 1, 0
4880.39, 0.999899, 0.00602357, 1, 0
4880.4, 0.999244, 0.00602214, 1, 0
