wav, obs, sigma_obs, syn, weight
4989.65, 1.00374, 0.00493219, 1, 0
4989.66, 1.00318, 0.00492972, 1, 0
4989.67, 1.00377, 0.00493297, 1, 0
4989.68, 1.0053, 0.00494179, 1, 0
4989.69, 1.00469, 0.0049422, 1, 0
4989.7, 1.00455, 0.00494031, 1, 0
4989.71, 1.00725, 0.00494535, 0.99893, 0
4989.72, 1.00794, 0.0049485, 0.99889, 0
4989.73, 1.00654, 0.00494792, 0.99887, 0
4989.74, 1.00573, 0.00494674, 0.99882, 0
4989.75, 1.00527, 0.00494484, 0.99875, 0
4989.76, 1.00513, 0.00494411, 0.99862, 0
4989.77, 1.00516, 0.00494473, 0.99842, 0
4989.78, 1.00291, 0.00493533, 0.99812, 0
4989.79, 0.999663, 0.00492122, 0.99775, 0
4989.8, 0.999173, 0.00491935, 0.99731, 0.0955882
4989.81, 0.998711, 0.00491918, 0.99687, 0
4989.82, 0.996777, 0.00491282, 0.99649, 0
4989.83, 0.994938, 0.00490379, 0.99621, 0.0955882
4989.84, 0.992957, 0.00489483, 0.99604, 0.0955882
4989.85, 0.990006, 0.00488436, 0.99591, 0.191176
4989.86, 0.98558, 0.00486685, 0.99563, 0.382353
4989.87, 0.980713, 0.00484563, 0.99485, 0.669118
4989.88, 0.975728, 0.00482366, 0.99314, 1.14706
4989.89, 0.968965, 0.00479741, 0.99009, 1.625
4989.9, 0.960346, 0.0047649, 0.98544, 2.19853
4989.91, 0.951374, 0.00472956, 0.97932, 2.77206
4989.92, 0.944649, 0.00470222, 0.97232, 3.34559
4989.93, 0.939358, 0.00468064, 0.96543, 3.91912
4989.94, 0.934167, 0.00465999, 0.95985, 4.30147
4989.95, 0.931404, 0.00464881, 0.95661, 4.58824
4989.96, 0.931899, 0.00465118, 0.95634, 4.875
4989.97, 0.935048, 0.00466556, 0.95907, 4.875
4989.98, 0.940235, 0.00468704, 0.96422, 4.77941
4989.99, 0.94629, 0.00471, 0.97079, 4.58824
4990, 0.952137, 0.00473162, 0.97767, 4.30147
4990.01, 0.958699, 0.00475928, 0.98393, 3.91912
4990.02, 0.966073, 0.00479212, 0.989, 3.25
4990.03, 0.973235, 0.00482081, 0.99273, 2.77206
4990.04, 0.979898, 0.00484558, 0.99522, 2.19853
4990.05, 0.986294, 0.00486961, 0.99675, 1.52941
4990.06, 0.992442, 0.00489407, 0.99761, 1.05147
4990.07, 0.995352, 0.00490829, 0.99806, 0.669118
4990.08, 0.994586, 0.00490998, 0.99826, 0.382353
4990.09, 0.994236, 0.00491225, 0.99833, 0.286765
4990.1, 0.994926, 0.00491428, 0.99833, 0.0955882
4990.11, 0.995802, 0.00491449, 0.9983, 0
4990.12, 0.996334, 0.00491947, 0.99826, 0
4990.13, 0.99735, 0.00492653, 0.99821, 0
4990.14, 0.999334, 0.00493156, 0.99816, 0
4990.15, 1.00085, 0.00493708, 0.9981, 0
4990.16, 1.0013, 0.00494156, 0.99804, 0
4990.17, 1.00139, 0.00494326, 0.99795, 0
4990.18, 1.00316, 0.0049463, 0.99784, 0
4990.19, 1.00447, 0.00494791, 0.99768, 0
4990.2, 1.00265, 0.0049446, 0.99748, 0
4990.21, 1.00192, 0.00494571, 0.99724, 0
4990.22, 1.00261, 0.00494906, 0.997, 0
4990.23, 1.00212, 0.00494648, 0.99683, 0
4990.24, 1.00239, 0.00494808, 1, 0
4990.25, 1.00365, 0.00495398, 1, 0
4990.26, 1.00393, 0.00495386, 1, 0
4990.27, 1.00309, 0.00495051, 1, 0
4990.28, 1.0016, 0.0049473, 1, 0
4990.29, 1.00019, 0.00494405, 1, 0
