wav, obs, sigma_obs, syn, weight
5188.17, 0.971735, 0.004407, 1, 0
5188.18, 0.971286, 0.00440464, 1, 0
5188.19, 0.970867, 0.00440239, 1, 0
5188.2, 0.97032, 0.00439967, 1, 0
5188.21, 0.969964, 0.00439762, 1, 0
5188.22, 0.970665, 0.00439934, 1, 0
5188.23, 0.972515, 0.00440531, 1, 0
5188.24, 0.974903, 0.00441345, 0.99118, 0.0845524
5188.25, 0.97651, 0.00441869, 0.99063, 0.110504
5188.26, 0.976809, 0.00441894, 0.98992, 0.130596
5188.27, 0.97737, 0.00442031, 0.98873, 0.144827
5188.28, 0.978158, 0.00442308, 0.98679, 0.153199
5188.29, 0.977508, 0.00442136, 0.98389, 0.159896
5188.3, 0.975922, 0.00441567, 0.97998, 0.164919
5188.31, 0.974447, 0.00440863, 0.97519, 0.170779
5188.32, 0.972405, 0.00439913, 0.96986, 0.176639
5188.33, 0.969594, 0.0043875, 0.96451, 0.182499
5188.34, 0.967033, 0.00437731, 0.95975, 0.189196
5188.35, 0.965169, 0.0043705, 0.95616, 0.196731
5188.36, 0.963944, 0.00436709, 0.95419, 0.205102
5188.37, 0.963211, 0.00436431, 0.95408, 0.214311
5188.38, 0.963061, 0.00436146, 0.95578, 0.224357
5188.39, 0.964139, 0.00436427, 0.95901, 0.23524
5188.4, 0.966222, 0.00437232, 0.96328, 0.248634
5188.41, 0.968219, 0.00437863, 0.96799, 0.261191
5188.42, 0.970158, 0.00438361, 0.97253, 0.275423
5188.43, 0.972219, 0.00438973, 0.97644, 0.290492
5188.44, 0.973119, 0.00439303, 0.97943, 0.307235
5188.45, 0.972501, 0.00439161, 0.98141, 0.325652
5188.46, 0.971864, 0.00438878, 0.98249, 0.344907
5188.47, 0.971379, 0.00438575, 0.98281, 0.364998
5188.48, 0.970308, 0.00438178, 0.98257, 0.386764
5188.49, 0.968978, 0.00437599, 0.98191, 0.40853
5188.5, 0.967589, 0.00436793, 0.98089, 0.431971
5188.51, 0.965211, 0.00435824, 0.97946, 0.455411
5188.52, 0.961807, 0.00434738, 0.9774, 0.478014
5188.53, 0.958229, 0.00433496, 0.97418, 0.496431
5188.54, 0.953134, 0.00431603, 0.9688, 0.510663
5188.55, 0.944779, 0.00428556, 0.95965, 0.516523
5188.56, 0.934099, 0.00424635, 0.94451, 0.514011
5188.57, 0.920278, 0.00419532, 0.92088, 0.502291
5188.58, 0.898907, 0.00411763, 0.88663, 0.481363
5188.59, 0.867819, 0.00400516, 0.8407, 0.453736
5188.6, 0.826614, 0.00385528, 0.7836, 0.418576
5188.61, 0.773963, 0.00366309, 0.71746, 0.380904
5188.62, 0.709505, 0.0034272, 0.64575, 0.339884
5188.63, 0.636014, 0.00315658, 0.57287, 0.302212
5188.64, 0.557753, 0.00286517, 0.50369, 0.274586
5188.65, 0.480413, 0.00257216, 0.44314, 0.268726
5188.66, 0.412268, 0.00230945, 0.39567, 0.301375
5188.67, 0.361584, 0.00211079, 0.36466, 0.387601
5188.68, 0.331948, 0.00199337, 0.3518, 0.5408
5188.69, 0.325202, 0.00196668, 0.35674, 0.766831
5188.7, 0.34177, 0.0020325, 0.37694, 1.05481
5188.71, 0.377403, 0.00217247, 0.40794, 1.38465
5188.72, 0.424143, 0.00235308, 0.44394, 1.73039
5188.73, 0.472531, 0.00253823, 0.47873, 2.06358
5188.74, 0.51338, 0.0026936, 0.50665, 2.36495
5188.75, 0.539401, 0.00279132, 0.52336, 2.6228
5188.76, 0.546598, 0.00281721, 0.52636, 2.83543
5188.77, 0.534608, 0.00277192, 0.51517, 2.99952
5188.78, 0.50609, 0.00266487, 0.49137, 3.12174
5188.79, 0.465451, 0.00251075, 0.45843, 3.20211
5188.8, 0.418187, 0.0023286, 0.42113, 3.24815
5188.81, 0.371176, 0.00214443, 0.38469, 3.26573
5188.82, 0.332823, 0.00199259, 0.35381, 3.26908
5188.83, 0.307783, 0.00189221, 0.33198, 3.27075
5188.84, 0.298104, 0.00185202, 0.32134, 3.28499
5188.85, 0.307183, 0.00188804, 0.32299, 3.32517
5188.86, 0.336866, 0.00200801, 0.33728, 3.39549
5188.87, 0.384345, 0.0021951, 0.36405, 3.49511
5188.88, 0.445197, 0.00242889, 0.40247, 3.61482
5188.89, 0.513845, 0.00268846, 0.45098, 3.7404
5188.9, 0.583689, 0.0029495, 0.50722, 3.85509
5188.91, 0.648805, 0.00319041, 0.56823, 3.94215
5188.92, 0.707171, 0.00340415, 0.6307, 3.98736
5188.93, 0.757706, 0.0035874, 0.69135, 3.9815
5188.94, 0.799572, 0.00373805, 0.74723, 3.91536
5188.95, 0.83295, 0.00385801, 0.7961, 3.78477
5188.96, 0.858935, 0.00395236, 0.83674, 3.58971
5188.97, 0.879689, 0.00402821, 0.869, 3.33689
5188.98, 0.896852, 0.00408991, 0.89369, 3.04389
5188.99, 0.910245, 0.00413479, 0.91217, 2.73079
5189, 0.920594, 0.00416803, 0.92592, 2.42021
5189.01, 0.92956, 0.00420158, 0.93626, 2.13139
5189.02, 0.937253, 0.00423208, 0.94418, 1.87606
5189.03, 0.94337, 0.00425295, 0.95035, 1.65672
5189.04, 0.948624, 0.00427017, 0.95518, 1.47004
5189.05, 0.953246, 0.0042867, 0.95888, 1.31265
5189.06, 0.956561, 0.00429813, 0.96156, 1.17955
5189.07, 0.958664, 0.00430441, 0.96329, 1.06569
5189.08, 0.960139, 0.00430845, 0.96413, 0.966911
5189.09, 0.961246, 0.00431144, 0.9642, 0.881521
5189.1, 0.962083, 0.00431388, 0.9637, 0.806178
5189.11, 0.962618, 0.00431589, 0.96292, 0.740043
5189.12, 0.96286, 0.00431693, 0.96217, 0.682279
5189.13, 0.962943, 0.00431639, 0.96177, 0.630376
5189.14, 0.963522, 0.00431722, 0.96198, 0.586007
5189.15, 0.965089, 0.00432213, 0.96296, 0.544986
5189.16, 0.967043, 0.00432882, 0.96477, 0.508989
5189.17, 0.969435, 0.00433701, 0.9673, 0.477177
5189.18, 0.973231, 0.00434975, 0.97036, 0.448714
5189.19, 0.977371, 0.00436369, 0.9737, 0.422762
5189.2, 0.979991, 0.00437299, 0.97702, 0.400159
5189.21, 0.981237, 0.00437847, 0.98008, 0.37923
5189.22, 0.982147, 0.00438169, 0.98273, 0.359975
5189.23, 0.984267, 0.00438278, 0.98489, 0.342395
5189.24, 0.986609, 0.00438851, 0.98657, 0.326489
5189.25, 0.986701, 0.00440863, 0.98784, 0.311421
5189.26, 0.986569, 0.00443498, 0.9888, 0.296352
5189.27, 0.988403, 0.00445461, 0.98954, 0.282957
5189.28, 0.990225, 0.0044606, 0.99012, 0.2704
5189.29, 0.991114, 0.00445082, 0.99059, 0.257843
5189.3, 0.992047, 0.00442876, 0.991, 0.24696
5189.31, 0.99259, 0.00440867, 0.99136, 0.236077
5189.32, 0.992076, 0.00440454, 0.99169, 0.226868
5189.33, 0.992098, 0.00440793, 0.99198, 0.21766
5189.34, 0.993323, 0.00441031, 0.99225, 0.209288
5189.35, 0.994085, 0.00441167, 0.99251, 0.200079
5189.36, 0.993756, 0.00441119, 0.99274, 0.192545
5189.37, 0.992826, 0.00440794, 0.99296, 0.185848
5189.38, 0.992648, 0.00440727, 0.99316, 0.179151
5189.39, 0.993905, 0.00441235, 0.99335, 0.171616
5189.4, 0.995123, 0.00441645, 0.99353, 0.164082
5189.41, 0.995771, 0.00441772, 0.99369, 0.154036
5189.42, 0.996534, 0.00442025, 0.99387, 0.13813
5189.43, 0.997231, 0.00442221, 0.99407, 0.116364
5189.44, 0.997491, 0.00442089, 0.99437, 0.0895753
5189.45, 0.997768, 0.00442036, 1, 0
5189.46, 0.99813, 0.00442196, 1, 0
5189.47, 0.997892, 0.00442142, 1, 0
5189.48, 0.997082, 0.0044183, 1, 0
5189.49, 0.996417, 0.00441584, 1, 0
5189.5, 0.995766, 0.00441345, 1, 0
5189.51, 0.995116, 0.00441105, 1, 0
