wav, obs, sigma_obs, syn, weight
5261.13, 0.990145, 0.00524126, 1, 0
5261.14, 0.988364, 0.00523662, 1, 0
5261.15, 0.986442, 0.00523159, 1, 0
5261.16, 0.988169, 0.00523717, 1, 0
5261.17, 0.991096, 0.00524834, 1, 0
5261.18, 0.991154, 0.00525321, 1, 0
5261.19, 0.988014, 0.00524541, 0.99121, 0.0445236
5261.2, 0.986565, 0.00524119, 0.99066, 0.0667854
5261.21, 0.988274, 0.00524731, 0.98984, 0.0884111
5261.22, 0.987588, 0.00524584, 0.98855, 0.103676
5261.23, 0.985659, 0.0052408, 0.98656, 0.113853
5261.24, 0.985358, 0.00524076, 0.98371, 0.12085
5261.25, 0.987441, 0.00524752, 0.97994, 0.126574
5261.26, 0.988008, 0.00525261, 0.97539, 0.131027
5261.27, 0.986584, 0.00525123, 0.97048, 0.136115
5261.28, 0.985691, 0.00524558, 0.96588, 0.141839
5261.29, 0.984588, 0.00524167, 0.96233, 0.147564
5261.3, 0.98365, 0.00523921, 0.9605, 0.155197
5261.31, 0.983465, 0.00523616, 0.96072, 0.161557
5261.32, 0.982645, 0.00523697, 0.96289, 0.169826
5261.33, 0.982408, 0.00524113, 0.96651, 0.179366
5261.34, 0.983087, 0.00524319, 0.97085, 0.188907
5261.35, 0.981696, 0.00523736, 0.97516, 0.200356
5261.36, 0.980825, 0.00523595, 0.97885, 0.212441
5261.37, 0.982082, 0.00524249, 0.98163, 0.225162
5261.38, 0.982754, 0.00524266, 0.98342, 0.239155
5261.39, 0.981069, 0.00523892, 0.98432, 0.254421
5261.4, 0.978432, 0.00523576, 0.98448, 0.270958
5261.41, 0.977764, 0.00523333, 0.98401, 0.289403
5261.42, 0.977324, 0.00522916, 0.98292, 0.308485
5261.43, 0.976352, 0.00522587, 0.9812, 0.330747
5261.44, 0.974926, 0.0052244, 0.97883, 0.356189
5261.45, 0.97132, 0.00521152, 0.9759, 0.384175
5261.46, 0.966161, 0.00519203, 0.97262, 0.416614
5261.47, 0.961407, 0.00517541, 0.96936, 0.454777
5261.48, 0.958154, 0.00515751, 0.96652, 0.4993
5261.49, 0.955054, 0.00514347, 0.96442, 0.552093
5261.5, 0.952193, 0.00513852, 0.96317, 0.616334
5261.51, 0.952172, 0.00513925, 0.9626, 0.69584
5261.52, 0.951148, 0.00513554, 0.9623, 0.796336
5261.53, 0.947435, 0.00512268, 0.9617, 0.924183
5261.54, 0.943615, 0.00510465, 0.96017, 1.08765
5261.55, 0.939132, 0.0050855, 0.95707, 1.28737
5261.56, 0.932337, 0.00505912, 0.95158, 1.52016
5261.57, 0.921603, 0.0050144, 0.94253, 1.7714
5261.58, 0.905981, 0.00495061, 0.92805, 2.02137
5261.59, 0.88458, 0.00485954, 0.90549, 2.24971
5261.6, 0.855882, 0.00473204, 0.87177, 2.44244
5261.61, 0.817395, 0.00456922, 0.82436, 2.59064
5261.62, 0.769001, 0.00436379, 0.76258, 2.69431
5261.63, 0.710309, 0.00410675, 0.68875, 2.75665
5261.64, 0.639484, 0.00379704, 0.60822, 2.78336
5261.65, 0.56076, 0.00345002, 0.52831, 2.77954
5261.66, 0.479496, 0.00308436, 0.45629, 2.75283
5261.67, 0.40098, 0.00272272, 0.39754, 2.71021
5261.68, 0.336219, 0.00241748, 0.35456, 2.65806
5261.69, 0.292591, 0.00220783, 0.32729, 2.60145
5261.7, 0.272344, 0.00211014, 0.31434, 2.54357
5261.71, 0.276876, 0.00213173, 0.31441, 2.49078
5261.72, 0.308441, 0.00228548, 0.32716, 2.4488
5261.73, 0.366147, 0.00256561, 0.35329, 2.42208
5261.74, 0.44051, 0.00291428, 0.39375, 2.41254
5261.75, 0.522987, 0.00329039, 0.44854, 2.41254
5261.76, 0.607111, 0.0036671, 0.51567, 2.41509
5261.77, 0.687548, 0.00401988, 0.59078, 2.40873
5261.78, 0.756347, 0.00432348, 0.66774, 2.38392
5261.79, 0.809878, 0.00456357, 0.74012, 2.33304
5261.8, 0.851298, 0.00474393, 0.80275, 2.25162
5261.81, 0.883398, 0.00488463, 0.85287, 2.13713
5261.82, 0.90797, 0.00499683, 0.89022, 1.99148
5261.83, 0.925983, 0.00507792, 0.91648, 1.81974
5261.84, 0.938205, 0.00512467, 0.93422, 1.63465
5261.85, 0.946699, 0.00516958, 0.94597, 1.45147
5261.86, 0.952931, 0.00520897, 0.9538, 1.28164
5261.87, 0.955588, 0.00514461, 0.95913, 1.13535
5261.88, 0.960761, 0.00531792, 0.96288, 1.01577
5261.89, 0.963688, 0.00536112, 0.96559, 0.921638
5261.9, 0.949923, 0.00429778, 0.96758, 0.848493
5261.91, 0.992702, 0.00675212, 0.96908, 0.793156
5261.92, 0.99743, 0.00694659, 0.9702, 0.751177
5261.93, 0.979619, 0.00578048, 0.97103, 0.72001
5261.94, 0.981625, 0.00584675, 0.97162, 0.697748
5261.95, 0.986371, 0.00612784, 0.97196, 0.683755
5261.96, 0.985211, 0.00608439, 0.97203, 0.676123
5261.97, 0.983902, 0.00601849, 0.97174, 0.674214
5261.98, 0.98385, 0.00603146, 0.97096, 0.677395
5261.99, 0.982643, 0.00603712, 0.96948, 0.685027
5262, 0.980267, 0.00602021, 0.967, 0.693932
5262.01, 0.977827, 0.00600515, 0.96306, 0.704109
5262.02, 0.974213, 0.00598779, 0.95703, 0.711742
5262.03, 0.967785, 0.0059552, 0.948, 0.716194
5262.04, 0.95867, 0.00590899, 0.93471, 0.716194
5262.05, 0.946555, 0.00584932, 0.91555, 0.714286
5262.06, 0.928112, 0.00575849, 0.88878, 0.713014
5262.07, 0.901542, 0.00562678, 0.85311, 0.719374
5262.08, 0.869796, 0.00547022, 0.80847, 0.742272
5262.09, 0.835128, 0.00529985, 0.75668, 0.78934
5262.1, 0.797674, 0.00511338, 0.70159, 0.862486
5262.11, 0.758236, 0.00491526, 0.64833, 0.959166
5262.12, 0.718546, 0.00471839, 0.60181, 1.06793
5262.13, 0.679271, 0.00452524, 0.56493, 1.17797
5262.14, 0.640157, 0.00432964, 0.5374, 1.28101
5262.15, 0.601068, 0.00413116, 0.5158, 1.36687
5262.16, 0.56192, 0.00393234, 0.49512, 1.42921
5262.17, 0.522366, 0.00373101, 0.47096, 1.44829
5262.18, 0.482322, 0.00352518, 0.4414, 1.39168
5262.19, 0.443528, 0.00332346, 0.40762, 1.23267
5262.2, 0.408111, 0.00313704, 0.37495, 0.971887
5262.21, 0.377671, 0.00297526, 0.35071, 0.661493
5262.22, 0.354837, 0.00285294, 1, 0
5262.23, 0.344798, 0.0027982, 1, 0
5262.24, 0.347938, 0.00281341, 1, 0
5262.25, 0.353966, 0.00284395, 1, 0
5262.26, 0.357305, 0.00286021, 1, 0
5262.27, 0.360643, 0.00287647, 1, 0
