wav, obs, sigma_obs, syn, weight
5261.61, 0.816557, 0.00456742, 1, 0
5261.62, 0.760424, 0.00432228, 1, 0
5261.63, 0.701586, 0.00406543, 1, 0
5261.64, 0.630099, 0.00375313, 1, 0
5261.65, 0.550929, 0.00340325, 1, 0
5261.66, 0.46995, 0.0030381, 1, 0
5261.67, 0.392496, 0.00268055, 0.48248, 0.998373
5261.68, 0.329846, 0.00238456, 0.41618, 1.45026
5261.69, 0.288607, 0.00218618, 0.37481, 1.8413
5261.7, 0.27083, 0.0021004, 0.35473, 2.1046
5261.71, 0.277918, 0.00213434, 0.35259, 2.23715
5261.72, 0.312205, 0.00230155, 0.36664, 2.28113
5261.73, 0.371864, 0.00259045, 0.39486, 2.28716
5261.74, 0.447147, 0.00294212, 0.43591, 2.28535
5261.75, 0.52979, 0.00331829, 0.48773, 2.28535
5261.76, 0.613548, 0.00369257, 0.54751, 2.28656
5261.77, 0.692977, 0.00404051, 0.61178, 2.27933
5261.78, 0.760021, 0.00433711, 0.67681, 2.25462
5261.79, 0.812028, 0.0045701, 0.73891, 2.20582
5261.8, 0.852281, 0.0047449, 0.79492, 2.12809
5261.81, 0.883474, 0.00488222, 0.8426, 2.02024
5261.82, 0.90728, 0.00499116, 0.88089, 1.88287
5261.83, 0.924623, 0.0050686, 0.90995, 1.7226
5261.84, 0.93631, 0.00511266, 0.9309, 1.55028
5261.85, 0.944556, 0.00515986, 0.94537, 1.37856
5261.86, 0.950447, 0.00519129, 0.9551, 1.2195
5261.87, 0.952914, 0.00512629, 0.96157, 1.08152
5261.88, 0.95866, 0.00534053, 0.96591, 0.968849
5261.89, 0.959772, 0.00526676, 0.96888, 0.879677
5261.9, 0.947448, 0.00428801, 0.97097, 0.809785
5261.91, 0.993476, 0.00695329, 0.97248, 0.757365
5261.92, 0.992303, 0.00678961, 0.97357, 0.716997
5261.93, 0.97609, 0.00572278, 0.97434, 0.686871
5261.94, 0.979327, 0.00586793, 0.97482, 0.666385
5261.95, 0.983435, 0.00611541, 0.97503, 0.65313
5261.96, 0.981989, 0.00605518, 0.97491, 0.6459
5261.97, 0.980881, 0.00599928, 0.97435, 0.644092
5261.98, 0.980814, 0.00601518, 0.97319, 0.647105
5261.99, 0.979439, 0.00601758, 0.97115, 0.653732
5262, 0.977033, 0.00600003, 0.96786, 0.661565
5262.01, 0.974571, 0.00598547, 0.96275, 0.670603
5262.02, 0.970741, 0.00596706, 0.95503, 0.677833
5262.03, 0.964036, 0.00593295, 0.94368, 0.681448
5262.04, 0.954712, 0.00588582, 0.92751, 0.682051
5262.05, 0.942179, 0.00582417, 0.90537, 0.679641
5262.06, 0.922968, 0.00572947, 0.87652, 0.679038
5262.07, 0.895803, 0.00559482, 0.841, 0.686268
5262.08, 0.863812, 0.00543719, 0.79982, 0.708561
5262.09, 0.828973, 0.00526587, 0.75497, 0.753148
5262.1, 0.791371, 0.00507836, 0.70901, 0.821232
5262.11, 0.751952, 0.00488039, 0.66454, 0.910405
5262.12, 0.712424, 0.00468468, 0.62359, 1.01163
5262.13, 0.673297, 0.00449214, 0.58719, 1.11345
5262.14, 0.634311, 0.00429675, 0.55519, 1.20986
5262.15, 0.595339, 0.00409875, 0.52656, 1.29602
5262.16, 0.556277, 0.00390039, 0.4998, 1.37073
5262.17, 0.516792, 0.00369928, 0.47348, 1.43761
5262.18, 0.476941, 0.00349423, 0.44666, 1.49907
5262.19, 0.438433, 0.00329372, 0.4192, 1.55992
5262.2, 0.403388, 0.00310902, 0.39194, 1.62439
5262.21, 0.374037, 0.00295297, 0.36671, 1.69729
5262.22, 0.352804, 0.00283918, 0.34599, 1.77984
5262.23, 0.342406, 0.00278219, 0.33253, 1.87142
5262.24, 0.34517, 0.00279517, 0.32882, 1.96903
5262.25, 0.36278, 0.0028888, 0.33682, 2.06604
5262.26, 0.394804, 0.00305952, 0.35771, 2.15943
5262.27, 0.43889, 0.00329099, 0.39172, 2.24679
5262.28, 0.49235, 0.00356687, 0.43793, 2.32632
5262.29, 0.552227, 0.00387091, 0.49426, 2.3938
5262.3, 0.614828, 0.00418498, 0.5576, 2.44442
5262.31, 0.676342, 0.00449109, 0.6242, 2.47213
5262.32, 0.734116, 0.0047769, 0.69012, 2.47273
5262.33, 0.785981, 0.00503225, 0.75163, 2.4402
5262.34, 0.830144, 0.00524833, 0.80566, 2.37151
5262.35, 0.865665, 0.00542063, 0.85026, 2.26487
5262.36, 0.893537, 0.0055547, 0.88476, 2.12327
5262.37, 0.915052, 0.00565758, 0.90976, 1.95336
5262.38, 0.931507, 0.00573613, 0.92672, 1.76658
5262.39, 0.94399, 0.00579586, 0.93748, 1.58161
5262.4, 0.953299, 0.00584049, 0.94379, 1.40989
5262.41, 0.959791, 0.00587112, 0.94711, 1.26408
5262.42, 0.963559, 0.00588742, 0.9486, 1.14478
5262.43, 0.966191, 0.00589787, 0.94916, 1.04959
5262.44, 0.969805, 0.00591432, 0.94951, 0.972464
5262.45, 0.973, 0.00592943, 0.95019, 0.908598
5262.46, 0.973496, 0.00593087, 0.95158, 0.852563
5262.47, 0.972987, 0.00592715, 0.95385, 0.800747
5262.48, 0.973794, 0.00593003, 0.95695, 0.75134
5262.49, 0.975881, 0.00593868, 0.96066, 0.701934
5262.5, 0.978391, 0.00594858, 0.96457, 0.65313
5262.51, 0.979759, 0.00595309, 0.96816, 0.601313
5262.52, 0.979415, 0.00595025, 0.97086, 0.549497
5262.53, 0.978677, 0.00594651, 0.97213, 0.496475
5262.54, 0.977586, 0.00594145, 0.97158, 0.444658
5262.55, 0.974466, 0.00592565, 0.969, 0.394649
5262.56, 0.969478, 0.00589984, 0.9645, 0.349461
5262.57, 0.964369, 0.00587354, 0.95854, 0.310297
5262.58, 0.959214, 0.00584752, 0.95187, 0.276556
5262.59, 0.953309, 0.00581823, 0.94544, 0.250648
5262.6, 0.948335, 0.00579318, 0.94023, 0.228957
5262.61, 0.946379, 0.00578201, 0.93708, 0.211484
5262.62, 0.946154, 0.00578003, 0.93653, 0.198229
5262.63, 0.946205, 0.00578125, 0.93873, 0.187986
5262.64, 0.948089, 0.00579046, 0.94341, 0.178948
5262.65, 0.952701, 0.00581029, 0.94994, 0.171718
5262.66, 0.957864, 0.00583287, 0.9575, 0.16509
5262.67, 0.962283, 0.00585351, 0.96517, 0.16027
5262.68, 0.966848, 0.0058752, 0.97219, 0.15545
5262.69, 0.972197, 0.00590029, 0.97803, 0.151232
5262.7, 0.978337, 0.00592905, 0.98246, 0.147617
5262.71, 0.983816, 0.00595445, 0.98552, 0.144002
5262.72, 0.98629, 0.00596493, 0.98739, 0.140387
5262.73, 0.9868, 0.00596532, 0.98832, 0.136169
5262.74, 0.987969, 0.00596835, 0.98845, 0.132554
5262.75, 0.989125, 0.00597225, 0.98778, 0.127734
5262.76, 0.9885, 0.00596981, 0.98608, 0.121709
5262.77, 0.98581, 0.00595721, 0.98282, 0.113876
5262.78, 0.981333, 0.00593359, 0.97769, 0.102428
5262.79, 0.975777, 0.00590438, 0.9705, 0.0861601
5262.8, 0.969143, 0.00587132, 0.96223, 0.0656745
5262.81, 0.959719, 0.00582557, 0.95541, 0.0439838
5262.82, 0.947222, 0.00576502, 1, 0
5262.83, 0.933885, 0.00570002, 1, 0
5262.84, 0.920887, 0.00563618, 1, 0
5262.85, 0.907917, 0.00557246, 1, 0
5262.86, 0.894881, 0.00550849, 1, 0
5262.87, 0.881846, 0.00544452, 1, 0
