wav, obs, sigma_obs, syn, weight
5348.85, 0.997104, 0.00456907, 1, 0
5348.86, 0.999127, 0.00457657, 1, 0
5348.87, 0.998383, 0.00457448, 1, 0
5348.88, 0.997755, 0.00457357, 1, 0
5348.89, 0.998973, 0.00457981, 1, 0
5348.9, 0.99987, 0.00458444, 1, 0
5348.91, 1.00005, 0.00458634, 0.98939, 0.0265029
5348.92, 0.99982, 0.00458694, 0.99033, 0.0492198
5348.93, 0.999274, 0.00458623, 0.99127, 0.0764799
5348.94, 0.998938, 0.00458601, 0.99204, 0.102226
5348.95, 0.999325, 0.00458808, 0.99263, 0.120399
5348.96, 1.00036, 0.00459194, 0.99304, 0.133272
5348.97, 1.00011, 0.00459053, 0.99329, 0.141601
5348.98, 0.998008, 0.00458289, 0.99339, 0.149174
5348.99, 0.997227, 0.00458315, 0.9933, 0.155232
5349, 0.997096, 0.00458589, 0.99297, 0.162047
5349.01, 0.996017, 0.00458218, 0.99231, 0.169619
5349.02, 0.99494, 0.00457807, 0.99127, 0.176434
5349.03, 0.993062, 0.00457063, 0.98983, 0.184763
5349.04, 0.988816, 0.00455429, 0.988, 0.193093
5349.05, 0.981874, 0.00453198, 0.98591, 0.20218
5349.06, 0.97516, 0.00451149, 0.98369, 0.212024
5349.07, 0.971688, 0.00449913, 0.98146, 0.221868
5349.08, 0.970065, 0.00449209, 0.97929, 0.233226
5349.09, 0.969121, 0.00448904, 0.97717, 0.245342
5349.1, 0.968835, 0.00449046, 0.97502, 0.259729
5349.11, 0.97049, 0.00449673, 0.97285, 0.274116
5349.12, 0.973518, 0.00450777, 0.97073, 0.291532
5349.13, 0.976745, 0.00452276, 0.9689, 0.310463
5349.14, 0.981327, 0.00453956, 0.9677, 0.331665
5349.15, 0.985249, 0.00455355, 0.96744, 0.355897
5349.16, 0.98579, 0.00456081, 0.96832, 0.383157
5349.17, 0.986512, 0.00456498, 0.9703, 0.412689
5349.18, 0.988228, 0.004569, 0.97309, 0.445249
5349.19, 0.988812, 0.00457227, 0.97621, 0.483111
5349.2, 0.987516, 0.00456861, 0.97914, 0.524758
5349.21, 0.985043, 0.00455943, 0.98139, 0.571706
5349.22, 0.982686, 0.00455183, 0.98262, 0.625469
5349.23, 0.980179, 0.00454502, 0.98267, 0.686805
5349.24, 0.977088, 0.00453548, 0.98154, 0.757984
5349.25, 0.97326, 0.00452064, 0.97933, 0.842794
5349.26, 0.968901, 0.00450469, 0.97622, 0.944262
5349.27, 0.963929, 0.00448857, 0.97247, 1.06769
5349.28, 0.958323, 0.00447007, 0.96832, 1.22065
5349.29, 0.953808, 0.00445446, 0.96401, 1.40768
5349.3, 0.950042, 0.00444153, 0.95963, 1.63107
5349.31, 0.944856, 0.0044251, 0.955, 1.88701
5349.32, 0.940214, 0.00440875, 0.94949, 2.16037
5349.33, 0.934832, 0.00438758, 0.94183, 2.43221
5349.34, 0.923373, 0.00434645, 0.92998, 2.68437
5349.35, 0.906045, 0.00428486, 0.91122, 2.89866
5349.36, 0.882314, 0.00419962, 0.88263, 3.06828
5349.37, 0.84877, 0.00407863, 0.84196, 3.19095
5349.38, 0.803275, 0.00391111, 0.78858, 3.26668
5349.39, 0.744455, 0.0036911, 0.72415, 3.3
5349.4, 0.672471, 0.00342206, 0.65255, 3.29772
5349.41, 0.594052, 0.00312885, 0.57919, 3.26971
5349.42, 0.514341, 0.00282677, 0.50997, 3.22427
5349.43, 0.434726, 0.00251553, 0.45017, 3.17505
5349.44, 0.366287, 0.00224174, 0.40358, 3.13189
5349.45, 0.317648, 0.00204346, 0.37218, 3.1016
5349.46, 0.289162, 0.00192384, 0.35652, 3.08721
5349.47, 0.286635, 0.00191313, 0.35651, 3.08721
5349.48, 0.313244, 0.00202616, 0.37217, 3.1016
5349.49, 0.36433, 0.00223611, 0.40356, 3.13265
5349.5, 0.43545, 0.00252193, 0.45015, 3.17581
5349.51, 0.520246, 0.00285612, 0.50998, 3.22579
5349.52, 0.608776, 0.00319583, 0.5793, 3.27273
5349.53, 0.69241, 0.00351078, 0.6529, 3.30302
5349.54, 0.764367, 0.00377978, 0.72498, 3.30681
5349.55, 0.820519, 0.00398895, 0.79019, 3.27652
5349.56, 0.862594, 0.00414459, 0.84472, 3.20156
5349.57, 0.894297, 0.0042608, 0.88689, 3.08116
5349.58, 0.917982, 0.00434845, 0.91716, 2.91078
5349.59, 0.934987, 0.00441295, 0.93749, 2.69346
5349.6, 0.945989, 0.00445631, 0.95037, 2.43676
5349.61, 0.951544, 0.00447991, 0.95792, 2.15658
5349.62, 0.954828, 0.00449306, 0.96137, 1.87111
5349.63, 0.956853, 0.00449904, 0.96099, 1.60078
5349.64, 0.952356, 0.00448317, 0.95609, 1.35771
5349.65, 0.943587, 0.00445325, 0.94533, 1.14871
5349.66, 0.93225, 0.00441283, 0.92719, 0.972279
5349.67, 0.910234, 0.00433145, 0.90059, 0.825377
5349.68, 0.877875, 0.00421239, 0.86561, 0.701192
5349.69, 0.838637, 0.00406966, 0.82407, 0.597452
5349.7, 0.791325, 0.00389555, 0.77959, 0.508099
5349.71, 0.742373, 0.0037132, 0.73727, 0.435406
5349.72, 0.700919, 0.00355778, 0.70287, 0.37407
5349.73, 0.671201, 0.00344651, 0.68165, 0.323336
5349.74, 0.660528, 0.00340774, 0.6771, 0.28396
5349.75, 0.674033, 0.00346028, 0.69002, 0.253671
5349.76, 0.705972, 0.00358002, 0.71818, 0.230197
5349.77, 0.750126, 0.00374527, 0.75689, 0.214295
5349.78, 0.799671, 0.00393223, 0.80001, 0.203694
5349.79, 0.844755, 0.00409951, 0.8413, 0.198393
5349.8, 0.879519, 0.00422843, 0.87564, 0.196879
5349.81, 0.903269, 0.00432125, 0.89995, 0.196122
5349.82, 0.920523, 0.00438875, 0.91359, 0.196122
5349.83, 0.931524, 0.0044291, 0.91819, 0.196122
5349.84, 0.935355, 0.0044408, 0.91695, 0.194607
5349.85, 0.937432, 0.00444865, 0.91363, 0.191578
5349.86, 0.940831, 0.00446422, 0.91159, 0.18855
5349.87, 0.94557, 0.00448461, 0.9131, 0.183249
5349.88, 0.950207, 0.00450298, 0.919, 0.177191
5349.89, 0.955582, 0.00452298, 0.92883, 0.171133
5349.9, 0.963041, 0.00455111, 0.9412, 0.164318
5349.91, 0.970071, 0.00457871, 0.95429, 0.159775
5349.92, 0.976422, 0.00460331, 0.96646, 0.154474
5349.93, 0.982511, 0.00462504, 0.97658, 0.150688
5349.94, 0.984292, 0.00463201, 0.98417, 0.146902
5349.95, 0.983507, 0.00463144, 0.98934, 0.143116
5349.96, 0.985026, 0.00463937, 0.99256, 0.13933
5349.97, 0.987128, 0.00464702, 0.9944, 0.134786
5349.98, 0.988432, 0.00465054, 0.99536, 0.127971
5349.99, 0.989192, 0.00465434, 0.99577, 0.11737
5350, 0.990498, 0.00466305, 0.99583, 0.0991967
5350.01, 0.992066, 0.00467063, 0.99557, 0.0749655
5350.02, 0.992615, 0.00466853, 0.99503, 0.0484625
5350.03, 0.99184, 0.00466814, 0.99433, 0.0257457
5350.04, 0.990514, 0.00466934, 1, 0
5350.05, 0.989382, 0.00466277, 1, 0
5350.06, 0.98673, 0.00465299, 1, 0
5350.07, 0.98317, 0.00464387, 1, 0
5350.08, 0.98095, 0.00463574, 1, 0
5350.09, 0.979112, 0.00462783, 1, 0
