wav, obs, sigma_obs, syn, weight
5512.45, 0.848561, 0.00352905, 1, 0
5512.46, 0.815842, 0.00342526, 1, 0
5512.47, 0.773235, 0.00328921, 1, 0
5512.48, 0.717376, 0.00310983, 1, 0
5512.49, 0.655312, 0.00290974, 1, 0
5512.5, 0.595073, 0.00271445, 1, 0
5512.51, 0.54446, 0.00254843, 1, 0
5512.52, 0.510927, 0.00243679, 0.56945, 0.0160177
5512.53, 0.501142, 0.00240346, 0.56144, 0.0247547
5512.54, 0.517021, 0.00245536, 0.57663, 0.0342197
5512.55, 0.55709, 0.00258726, 0.60998, 0.0436848
5512.56, 0.615413, 0.00277792, 0.65594, 0.0531498
5512.57, 0.684103, 0.00299971, 0.70923, 0.0633429
5512.58, 0.753967, 0.00322254, 0.76452, 0.0742641
5512.59, 0.817283, 0.00342209, 0.8175, 0.0859134
5512.6, 0.870418, 0.00358864, 0.86475, 0.0975626
5512.61, 0.911395, 0.0037171, 0.90402, 0.110668
5512.62, 0.93999, 0.00380655, 0.93433, 0.123045
5512.63, 0.958686, 0.00386464, 0.95594, 0.136151
5512.64, 0.972227, 0.00390621, 0.97007, 0.149984
5512.65, 0.981495, 0.00393422, 0.9784, 0.16309
5512.66, 0.985255, 0.00394505, 0.98269, 0.177651
5512.67, 0.986027, 0.00394659, 0.98446, 0.192941
5512.68, 0.987101, 0.0039491, 0.98483, 0.208959
5512.69, 0.987789, 0.00395061, 0.98451, 0.226433
5512.7, 0.986941, 0.00394764, 0.98396, 0.246091
5512.71, 0.985212, 0.0039419, 0.98341, 0.267205
5512.72, 0.983267, 0.00393534, 0.98296, 0.29196
5512.73, 0.981225, 0.00392874, 0.98262, 0.320355
5512.74, 0.979279, 0.00392269, 0.98234, 0.354575
5512.75, 0.977715, 0.00391761, 0.98205, 0.393163
5512.76, 0.975833, 0.00391097, 0.98163, 0.440488
5512.77, 0.972355, 0.00389871, 0.98095, 0.498006
5512.78, 0.967897, 0.0038837, 0.97987, 0.571542
5512.79, 0.963776, 0.00387102, 0.97824, 0.664008
5512.8, 0.9597, 0.00385838, 0.97587, 0.78487
5512.81, 0.955047, 0.00384253, 0.97246, 0.937766
5512.82, 0.949882, 0.00382539, 0.96754, 1.12634
5512.83, 0.943878, 0.00380693, 0.96037, 1.35132
5512.84, 0.935554, 0.00378081, 0.9499, 1.60396
5512.85, 0.923605, 0.00374229, 0.93477, 1.87189
5512.86, 0.907177, 0.00369003, 0.91349, 2.14274
5512.87, 0.885331, 0.00362139, 0.88476, 2.40048
5512.88, 0.85705, 0.00353246, 0.84784, 2.63565
5512.89, 0.821586, 0.00342054, 0.80286, 2.84388
5512.9, 0.778491, 0.0032841, 0.75096, 3.02371
5512.91, 0.728186, 0.0031242, 0.69424, 3.17879
5512.92, 0.671711, 0.00294375, 0.63551, 3.31713
5512.93, 0.611189, 0.00274907, 0.578, 3.4409
5512.94, 0.549965, 0.00255023, 0.52512, 3.55521
5512.95, 0.493738, 0.0023646, 0.48009, 3.65787
5512.96, 0.447715, 0.00220954, 0.44574, 3.7416
5512.97, 0.415712, 0.00210044, 0.42422, 3.79766
5512.98, 0.401383, 0.0020515, 0.4169, 3.81732
5512.99, 0.408099, 0.00207481, 0.42422, 3.79766
5513, 0.435954, 0.00216936, 0.44573, 3.74233
5513.01, 0.482342, 0.0023238, 0.48008, 3.65787
5513.02, 0.54157, 0.00251848, 0.5251, 3.55521
5513.03, 0.606968, 0.00273124, 0.57796, 3.44018
5513.04, 0.673777, 0.00294578, 0.63543, 3.31495
5513.05, 0.737667, 0.00314791, 0.6941, 3.17734
5513.06, 0.793956, 0.00332468, 0.75073, 3.02153
5513.07, 0.839802, 0.0034685, 0.80252, 2.84169
5513.08, 0.87589, 0.00358129, 0.84739, 2.63346
5513.09, 0.903597, 0.00366732, 0.88422, 2.39757
5513.1, 0.924672, 0.00373239, 0.91289, 2.13983
5513.11, 0.940688, 0.00378147, 0.93416, 1.86971
5513.12, 0.952997, 0.00381865, 0.94935, 1.60105
5513.13, 0.962363, 0.00384688, 0.95996, 1.34913
5513.14, 0.969207, 0.00386811, 0.96737, 1.12488
5513.15, 0.973737, 0.00388198, 0.97265, 0.935582
5513.16, 0.976356, 0.00388881, 0.97656, 0.783413
5513.17, 0.978342, 0.00389355, 0.97956, 0.664736
5513.18, 0.980436, 0.00389935, 0.98195, 0.571542
5513.19, 0.98191, 0.00390379, 0.98389, 0.499462
5513.2, 0.982721, 0.00390624, 0.98549, 0.441216
5513.21, 0.98392, 0.00390931, 0.98683, 0.394619
5513.22, 0.985238, 0.00391221, 0.98795, 0.356759
5513.23, 0.985389, 0.00391167, 0.98889, 0.323267
5513.24, 0.985345, 0.00391113, 0.98965, 0.294872
5513.25, 0.986867, 0.00391623, 0.99022, 0.270846
5513.26, 0.988508, 0.00392158, 0.99056, 0.249003
5513.27, 0.988593, 0.00392108, 0.99055, 0.229345
5513.28, 0.989012, 0.00392089, 0.99002, 0.212599
5513.29, 0.990903, 0.00392527, 0.98869, 0.196581
5513.3, 0.99184, 0.00392773, 0.98628, 0.182748
5513.31, 0.991147, 0.00392602, 0.98246, 0.168914
5513.32, 0.991373, 0.00392617, 0.97704, 0.156537
5513.33, 0.992784, 0.00392892, 0.97002, 0.145616
5513.34, 0.99338, 0.00392977, 0.96171, 0.135423
5513.35, 0.993548, 0.00393016, 0.9527, 0.126686
5513.36, 0.994872, 0.00393427, 0.94387, 0.117949
5513.37, 0.996413, 0.00393859, 0.93621, 0.10994
5513.38, 0.996759, 0.00393847, 0.93066, 0.102659
5513.39, 0.996801, 0.00393765, 0.92794, 0.0953784
5513.4, 0.997387, 0.00393942, 0.92843, 0.0873695
5513.41, 0.997806, 0.00394077, 0.93209, 0.0771764
5513.42, 0.997845, 0.00394044, 0.9385, 0.0633429
5513.43, 0.998443, 0.00394139, 0.94692, 0.0495094
5513.44, 0.999395, 0.0039434, 0.95648, 0.0342197
5513.45, 0.999304, 0.00394274, 1, 0
5513.46, 0.998241, 0.00393935, 1, 0
5513.47, 0.99722, 0.00393562, 1, 0
5513.48, 0.996512, 0.00393264, 1, 0
5513.49, 0.996044, 0.00393072, 1, 0
5513.5, 0.995682, 0.00392933, 1, 0
5513.51, 0.995269, 0.00392769, 1, 0
