wav, obs, sigma_obs, syn, weight
5581.39, 1.00517, 0.00373407, 1, 0
5581.4, 1.00361, 0.00372955, 1, 0
5581.41, 1.00377, 0.00373043, 1, 0
5581.42, 1.00531, 0.00373549, 1, 0
5581.43, 1.00517, 0.00373491, 1, 0
5581.44, 1.0035, 0.00372939, 1, 0
5581.45, 1.00223, 0.00372559, 0.99784, 0.0282154
5581.46, 1.00124, 0.00372384, 0.99775, 0.0478095
5581.47, 1.00007, 0.00372231, 0.99764, 0.0713223
5581.48, 0.998815, 0.00371877, 0.9975, 0.0940514
5581.49, 0.997812, 0.00371445, 0.9973, 0.111294
5581.5, 0.997501, 0.00371288, 0.99699, 0.123051
5581.51, 0.997898, 0.00371489, 0.99652, 0.132456
5581.52, 0.998687, 0.00371893, 0.99581, 0.13951
5581.53, 0.999162, 0.00372042, 0.99477, 0.146564
5581.54, 0.999015, 0.00371857, 0.99337, 0.153617
5581.55, 0.998394, 0.00371626, 0.99169, 0.161455
5581.56, 0.997751, 0.00371509, 0.98989, 0.169293
5581.57, 0.99725, 0.00371491, 0.98825, 0.178698
5581.58, 0.996089, 0.00371269, 0.98707, 0.188887
5581.59, 0.994786, 0.00370941, 0.9866, 0.199859
5581.6, 0.995089, 0.00370998, 0.98689, 0.2124
5581.61, 0.995914, 0.00371228, 0.98783, 0.22494
5581.62, 0.995697, 0.0037125, 0.98913, 0.239831
5581.63, 0.995527, 0.00371194, 0.99049, 0.25629
5581.64, 0.995559, 0.00371083, 0.99163, 0.273533
5581.65, 0.994366, 0.00370729, 0.99242, 0.293911
5581.66, 0.992731, 0.00370296, 0.99282, 0.315072
5581.67, 0.991928, 0.00370019, 0.99288, 0.339369
5581.68, 0.9904, 0.00369644, 0.99268, 0.366017
5581.69, 0.988241, 0.00369231, 0.9923, 0.397367
5581.7, 0.988588, 0.00369396, 0.99177, 0.431853
5581.71, 0.990467, 0.00369897, 0.99112, 0.470257
5581.72, 0.990828, 0.00370049, 0.99037, 0.515715
5581.73, 0.989899, 0.00369799, 0.98949, 0.568227
5581.74, 0.98858, 0.00369354, 0.98847, 0.630145
5581.75, 0.987339, 0.00369032, 0.98728, 0.703035
5581.76, 0.985673, 0.00368648, 0.98585, 0.792383
5581.77, 0.982688, 0.00367778, 0.98411, 0.90211
5581.78, 0.979061, 0.00366768, 0.98193, 1.03848
5581.79, 0.975266, 0.00365825, 0.97907, 1.20621
5581.8, 0.970401, 0.00364417, 0.97518, 1.40529
5581.81, 0.964241, 0.00362524, 0.96972, 1.63258
5581.82, 0.957022, 0.00360498, 0.96186, 1.87633
5581.83, 0.947281, 0.00357742, 0.9504, 2.12008
5581.84, 0.933193, 0.00353564, 0.93362, 2.34972
5581.85, 0.913571, 0.0034787, 0.9093, 2.55115
5581.86, 0.886924, 0.00340237, 0.87493, 2.7173
5581.87, 0.851297, 0.00329849, 0.82839, 2.84662
5581.88, 0.804283, 0.00316013, 0.76909, 2.94068
5581.89, 0.744428, 0.00298361, 0.69905, 3.00259
5581.9, 0.673458, 0.00277249, 0.62326, 3.03943
5581.91, 0.594966, 0.00253583, 0.5486, 3.05824
5581.92, 0.514199, 0.00228808, 0.48191, 3.06921
5581.93, 0.437382, 0.00204772, 0.42802, 3.07862
5581.94, 0.371232, 0.00183594, 0.38887, 3.09429
5581.95, 0.322571, 0.00167642, 0.36411, 3.11702
5581.96, 0.296739, 0.00158971, 0.35238, 3.14289
5581.97, 0.296882, 0.00159038, 0.35275, 3.16797
5581.98, 0.324049, 0.00168151, 0.36544, 3.18991
5581.99, 0.376884, 0.00185528, 0.39184, 3.20951
5582, 0.449272, 0.00208739, 0.43371, 3.22675
5582.01, 0.533466, 0.00235011, 0.49158, 3.24164
5582.02, 0.620953, 0.0026167, 0.56324, 3.24713
5582.03, 0.703739, 0.00286487, 0.64307, 3.23772
5582.04, 0.775092, 0.00307735, 0.72306, 3.20559
5582.05, 0.832062, 0.00324592, 0.79521, 3.1421
5582.06, 0.874688, 0.0033711, 0.85404, 3.04413
5582.07, 0.906341, 0.00346404, 0.89775, 2.90541
5582.08, 0.929708, 0.00353304, 0.92777, 2.72514
5582.09, 0.946579, 0.00358297, 0.94729, 2.50569
5582.1, 0.95809, 0.0036164, 0.95968, 2.25488
5582.11, 0.965729, 0.0036378, 0.96767, 1.98605
5582.12, 0.971944, 0.00365632, 0.97308, 1.71722
5582.13, 0.977396, 0.00367331, 0.97699, 1.46642
5582.14, 0.981369, 0.00368442, 0.97999, 1.24618
5582.15, 0.984426, 0.00369276, 0.98238, 1.06435
5582.16, 0.987346, 0.00370223, 0.98434, 0.917002
5582.17, 0.990317, 0.00371245, 0.98598, 0.800221
5582.18, 0.992621, 0.00372044, 0.98736, 0.706953
5582.19, 0.993101, 0.00372225, 0.98854, 0.631712
5582.2, 0.992831, 0.00371966, 0.98957, 0.569011
5582.21, 0.992742, 0.00371831, 0.99046, 0.515715
5582.22, 0.991233, 0.00372685, 0.99123, 0.470257
5582.23, 0.988552, 0.00373593, 0.99192, 0.431069
5582.24, 0.986876, 0.00372182, 0.99252, 0.396584
5582.25, 0.985109, 0.00369899, 0.99305, 0.366017
5582.26, 0.981989, 0.00368951, 0.99352, 0.339369
5582.27, 0.98002, 0.00368724, 0.99394, 0.315856
5582.28, 0.980241, 0.00368672, 0.99431, 0.293911
5582.29, 0.981285, 0.003689, 0.99462, 0.2751
5582.3, 0.982676, 0.0036934, 0.9949, 0.257074
5582.31, 0.984337, 0.00369831, 0.99513, 0.241399
5582.32, 0.98579, 0.00370269, 0.99533, 0.228075
5582.33, 0.986801, 0.00370621, 0.99552, 0.214751
5582.34, 0.987493, 0.00370906, 0.99569, 0.202211
5582.35, 0.987358, 0.00370903, 0.99584, 0.192022
5582.36, 0.986116, 0.00370481, 0.99595, 0.182617
5582.37, 0.985583, 0.00370339, 0.99601, 0.172428
5582.38, 0.98616, 0.00370651, 0.996, 0.16459
5582.39, 0.985785, 0.00370657, 0.99592, 0.156752
5582.4, 0.98552, 0.0037061, 0.99578, 0.148915
5582.41, 0.987571, 0.00371177, 0.99564, 0.141861
5582.42, 0.990401, 0.00371946, 0.99556, 0.135591
5582.43, 0.99255, 0.00372536, 0.99559, 0.127753
5582.44, 0.994235, 0.00373061, 0.99576, 0.119132
5582.45, 0.996102, 0.003737, 0.99604, 0.106592
5582.46, 0.998618, 0.00374539, 0.99641, 0.0893489
5582.47, 1.00057, 0.00375162, 0.9968, 0.0681873
5582.48, 1.00147, 0.00375418, 0.99716, 0.046242
5582.49, 1.00276, 0.00375828, 0.99748, 0.0266479
5582.5, 1.00396, 0.00376234, 1, 0
5582.51, 1.00358, 0.00376115, 1, 0
5582.52, 1.003, 0.0037593, 1, 0
5582.53, 1.00347, 0.00376109, 1, 0
5582.54, 1.00412, 0.00376347, 1, 0
5582.55, 1.0046, 0.00376527, 1, 0
