wav, obs, sigma_obs, syn, weight
5587.59, 0.770121, 0.00324712, 1, 0
5587.6, 0.806644, 0.00336172, 1, 0
5587.61, 0.84356, 0.00347767, 1, 0
5587.62, 0.879822, 0.0035916, 1, 0
5587.63, 0.90945, 0.00368376, 1, 0
5587.64, 0.93075, 0.00374939, 1, 0
5587.65, 0.946947, 0.00380041, 0.96188, 0.0310792
5587.66, 0.958224, 0.00383621, 0.97182, 0.0551216
5587.67, 0.964656, 0.00385611, 0.97865, 0.0832688
5587.68, 0.968622, 0.00386948, 0.98281, 0.10907
5587.69, 0.971578, 0.00388052, 0.98497, 0.128422
5587.7, 0.973884, 0.00388851, 0.98595, 0.14015
5587.71, 0.975149, 0.00389284, 0.98619, 0.1466
5587.72, 0.975336, 0.00389385, 0.98579, 0.148359
5587.73, 0.975015, 0.00389273, 0.98447, 0.148359
5587.74, 0.972878, 0.00388559, 0.98138, 0.145427
5587.75, 0.96679, 0.00386658, 0.97491, 0.141322
5587.76, 0.955327, 0.00383238, 0.96254, 0.136045
5587.77, 0.936642, 0.00377654, 0.94103, 0.129008
5587.78, 0.908092, 0.00368852, 0.9072, 0.120798
5587.79, 0.865803, 0.00355626, 0.85918, 0.112002
5587.8, 0.808478, 0.0033766, 0.79774, 0.103793
5587.81, 0.741205, 0.0031659, 0.72697, 0.0955831
5587.82, 0.669656, 0.00294006, 0.65385, 0.0885463
5587.83, 0.600684, 0.00271828, 0.58688, 0.0832688
5587.84, 0.546929, 0.00254374, 0.53421, 0.0809232
5587.85, 0.518749, 0.00245235, 0.50221, 0.0809232
5587.86, 0.520284, 0.00245788, 0.4946, 0.0838552
5587.87, 0.550864, 0.00255796, 0.51224, 0.0903055
5587.88, 0.60588, 0.00273685, 0.55307, 0.0985151
5587.89, 0.676044, 0.0029625, 0.61224, 0.109657
5587.9, 0.749764, 0.00319723, 0.68247, 0.12373
5587.91, 0.815158, 0.00340432, 0.7552, 0.139563
5587.92, 0.868222, 0.00357139, 0.82231, 0.156569
5587.93, 0.908373, 0.00369693, 0.87787, 0.174161
5587.94, 0.935898, 0.00378277, 0.91918, 0.192925
5587.95, 0.953707, 0.00383875, 0.94679, 0.211104
5587.96, 0.9658, 0.00387755, 0.96337, 0.228109
5587.97, 0.972691, 0.00389959, 0.97242, 0.245115
5587.98, 0.975777, 0.00390879, 0.97704, 0.259775
5587.99, 0.978713, 0.00391762, 0.97945, 0.273262
5588, 0.981613, 0.00392665, 0.98093, 0.285577
5588.01, 0.983178, 0.00393157, 0.9821, 0.296718
5588.02, 0.98382, 0.00393368, 0.98315, 0.306687
5588.03, 0.984181, 0.00393549, 0.98409, 0.316656
5588.04, 0.984661, 0.00393872, 0.98487, 0.326038
5588.05, 0.98471, 0.00393954, 0.98545, 0.336007
5588.06, 0.983748, 0.00393564, 0.9858, 0.345976
5588.07, 0.981867, 0.0039314, 0.98595, 0.356531
5588.08, 0.979807, 0.00392785, 0.98592, 0.367673
5588.09, 0.97827, 0.00392307, 0.98578, 0.378814
5588.1, 0.976145, 0.00391568, 0.98557, 0.390542
5588.11, 0.973293, 0.00390675, 0.98534, 0.402857
5588.12, 0.971392, 0.00390053, 0.98511, 0.415171
5588.13, 0.970787, 0.00390148, 0.98491, 0.428658
5588.14, 0.971253, 0.00390998, 0.98471, 0.442145
5588.15, 0.973027, 0.00391598, 0.98451, 0.456805
5588.16, 0.975623, 0.00391838, 0.98428, 0.472052
5588.17, 0.97786, 0.00392441, 0.98399, 0.487298
5588.18, 0.979018, 0.00392976, 0.98362, 0.504304
5588.19, 0.979169, 0.00393069, 0.98315, 0.521309
5588.2, 0.979442, 0.00393172, 0.98258, 0.540074
5588.21, 0.979834, 0.00393285, 0.9819, 0.559425
5588.22, 0.979478, 0.00393095, 0.98113, 0.580536
5588.23, 0.977507, 0.00392487, 0.9803, 0.601646
5588.24, 0.974863, 0.00391838, 0.97946, 0.624516
5588.25, 0.974281, 0.00391916, 0.97866, 0.648558
5588.26, 0.974524, 0.00392196, 0.97794, 0.67436
5588.27, 0.973964, 0.00392077, 0.9773, 0.70192
5588.28, 0.974613, 0.00392267, 0.97673, 0.730654
5588.29, 0.976407, 0.00392844, 0.97621, 0.761733
5588.3, 0.977243, 0.00393191, 0.97567, 0.794572
5588.31, 0.976511, 0.00392924, 0.97507, 0.829169
5588.32, 0.975155, 0.00392334, 0.97438, 0.866699
5588.33, 0.975526, 0.00392546, 0.97356, 0.906574
5588.34, 0.976215, 0.00392988, 0.9726, 0.948208
5588.35, 0.974815, 0.00392582, 0.9715, 0.993361
5588.36, 0.973459, 0.00392161, 0.97024, 1.04145
5588.37, 0.972734, 0.0039203, 0.96881, 1.09305
5588.38, 0.970767, 0.00391548, 0.96717, 1.14758
5588.39, 0.968296, 0.00390835, 0.9653, 1.20681
5588.4, 0.966376, 0.00390207, 0.96318, 1.26956
5588.41, 0.964284, 0.00389669, 0.96079, 1.33758
5588.42, 0.9618, 0.00389096, 0.95815, 1.41146
5588.43, 0.959111, 0.00388296, 0.95531, 1.49004
5588.44, 0.955633, 0.00387102, 0.95231, 1.57566
5588.45, 0.951818, 0.0038581, 0.94922, 1.66831
5588.46, 0.949593, 0.00385229, 0.94605, 1.76741
5588.47, 0.947653, 0.0038478, 0.94278, 1.87531
5588.48, 0.943927, 0.00383595, 0.93931, 1.99083
5588.49, 0.939316, 0.0038216, 0.93551, 2.11573
5588.5, 0.93468, 0.00380818, 0.93124, 2.24826
5588.51, 0.930191, 0.00379499, 0.92631, 2.39017
5588.52, 0.925315, 0.00378056, 0.9206, 2.5397
5588.53, 0.919443, 0.00376343, 0.91396, 2.69451
5588.54, 0.912265, 0.00374254, 0.90626, 2.85225
5588.55, 0.903266, 0.00371559, 0.89732, 3.00764
5588.56, 0.892185, 0.00368087, 0.88695, 3.15366
5588.57, 0.880277, 0.00364236, 0.87484, 3.28149
5588.58, 0.867574, 0.00360133, 0.86054, 3.38177
5588.59, 0.85221, 0.00355387, 0.84342, 3.44568
5588.6, 0.833002, 0.00349442, 0.82251, 3.46679
5588.61, 0.809531, 0.00341971, 0.79656, 3.44568
5588.62, 0.782264, 0.00333295, 0.76409, 3.38118
5588.63, 0.750872, 0.00323363, 0.72381, 3.27915
5588.64, 0.714219, 0.00311723, 0.67522, 3.14369
5588.65, 0.671159, 0.00297956, 0.61923, 2.98126
5588.66, 0.620633, 0.00281631, 0.55838, 2.79595
5588.67, 0.561906, 0.00262367, 0.49656, 2.59365
5588.68, 0.49622, 0.00240552, 0.43807, 2.38137
5588.69, 0.426377, 0.00217042, 0.38652, 2.16381
5588.7, 0.35653, 0.00192798, 0.34414, 1.95037
5588.71, 0.291842, 0.0016945, 0.31152, 1.75099
5588.72, 0.237807, 0.00149167, 0.28804, 1.57683
5588.73, 0.197097, 0.00133172, 0.27254, 1.44196
5588.74, 0.17101, 0.00122388, 0.26395, 1.35693
5588.75, 0.160273, 0.00117861, 0.26156, 1.33171
5588.76, 0.165975, 0.00120338, 0.26516, 1.36924
5588.77, 0.189062, 0.00130028, 0.27507, 1.46483
5588.78, 0.228773, 0.00145902, 0.29207, 1.60849
5588.79, 0.28371, 0.00166745, 0.31729, 1.78852
5588.8, 0.351645, 0.00191341, 0.35184, 1.992
5588.81, 0.426236, 0.00217366, 0.39614, 2.20604
5588.82, 0.500833, 0.00242629, 0.44928, 2.42183
5588.83, 0.572534, 0.00266472, 0.50874, 2.63176
5588.84, 0.637055, 0.00287677, 0.57066, 2.82879
5588.85, 0.689822, 0.0030482, 0.63073, 3.00764
5588.86, 0.732804, 0.00318723, 0.68525, 3.16245
5588.87, 0.768801, 0.00330399, 0.73193, 3.28677
5588.88, 0.798809, 0.00340103, 0.77014, 3.37708
5588.89, 0.823514, 0.0034801, 0.80055, 3.42809
5588.9, 0.843548, 0.00354343, 0.82449, 3.4363
5588.91, 0.859659, 0.003595, 0.8434, 3.39995
5588.92, 0.872621, 0.00363748, 0.85852, 3.32313
5588.93, 0.883139, 0.00367179, 0.87081, 3.2123
5588.94, 0.891487, 0.00369868, 0.88095, 3.07625
5588.95, 0.897961, 0.00371929, 0.88948, 2.92496
5588.96, 0.903236, 0.00373578, 0.89679, 2.76663
5588.97, 0.90858, 0.00375316, 0.90322, 2.60831
5588.98, 0.914703, 0.00377449, 0.90908, 2.45526
5588.99, 0.919025, 0.00378923, 0.91462, 2.30983
5589, 0.921842, 0.00379739, 0.92005, 2.1732
5589.01, 0.927161, 0.00381337, 0.92551, 2.04595
5589.02, 0.933622, 0.00383478, 0.93104, 1.92808
5589.03, 0.93907, 0.00385474, 0.93655, 1.8196
5589.04, 0.944999, 0.00387372, 0.94191, 1.71991
5589.05, 0.951123, 0.00389224, 0.94694, 1.62785
5589.06, 0.955834, 0.00390956, 0.95148, 1.5434
5589.07, 0.959774, 0.00392307, 0.95546, 1.46541
5589.08, 0.963802, 0.00393377, 0.95885, 1.3927
5589.09, 0.967988, 0.00394733, 0.9617, 1.32468
5589.1, 0.970738, 0.00395767, 0.9641, 1.26135
5589.11, 0.971291, 0.0039594, 0.96614, 1.20212
5589.12, 0.973153, 0.00396516, 0.96792, 1.14641
5589.13, 0.976047, 0.00397446, 0.96949, 1.09422
5589.14, 0.976618, 0.00397577, 0.9709, 1.04438
5589.15, 0.977501, 0.00397908, 0.97217, 0.998052
5589.16, 0.979955, 0.00398903, 0.97333, 0.954659
5589.17, 0.980059, 0.00399096, 0.97438, 0.913611
5589.18, 0.979368, 0.00398906, 0.97532, 0.874322
5589.19, 0.981027, 0.00399412, 0.97615, 0.837379
5589.2, 0.981823, 0.00399799, 0.97686, 0.802195
5589.21, 0.98087, 0.00399716, 0.97741, 0.76877
5589.22, 0.98058, 0.00399615, 0.97773, 0.735345
5589.23, 0.979639, 0.00399258, 0.9777, 0.703093
5589.24, 0.976499, 0.00398343, 0.97705, 0.669668
5589.25, 0.972019, 0.00396986, 0.97534, 0.63683
5589.26, 0.966627, 0.00395237, 0.97187, 0.602819
5589.27, 0.959823, 0.00392983, 0.96563, 0.568808
5589.28, 0.949576, 0.00389828, 0.95547, 0.534796
5589.29, 0.935005, 0.00385461, 0.94037, 0.503131
5589.3, 0.916915, 0.00379772, 0.91993, 0.471465
5589.31, 0.894842, 0.00372762, 0.89486, 0.443318
5589.32, 0.869771, 0.00364934, 0.86732, 0.417517
5589.33, 0.847172, 0.00357798, 0.84076, 0.394061
5589.34, 0.830948, 0.00352587, 0.81929, 0.374709
5589.35, 0.823373, 0.00350211, 0.80668, 0.358877
5589.36, 0.827124, 0.003516, 0.80535, 0.345389
5589.37, 0.841688, 0.00356458, 0.81558, 0.335421
5589.38, 0.862186, 0.00362925, 0.83546, 0.32897
5589.39, 0.886121, 0.00370458, 0.8614, 0.324865
5589.4, 0.911512, 0.00378709, 0.88922, 0.323693
5589.41, 0.934328, 0.00386035, 0.91517, 0.324865
5589.42, 0.952586, 0.00391758, 0.93674, 0.328384
5589.43, 0.966428, 0.00396192, 0.95298, 0.331902
5589.44, 0.975988, 0.00399417, 0.96422, 0.336007
5589.45, 0.98203, 0.00401554, 0.97156, 0.338939
5589.46, 0.986222, 0.00402917, 0.9763, 0.341285
5589.47, 0.989029, 0.00403785, 0.97953, 0.341871
5589.48, 0.990516, 0.00404376, 0.98197, 0.340698
5589.49, 0.991636, 0.00404817, 0.98398, 0.338939
5589.5, 0.992783, 0.00405175, 0.98567, 0.335421
5589.51, 0.993652, 0.00405468, 0.98708, 0.331902
5589.52, 0.994042, 0.00405646, 0.98819, 0.327797
5589.53, 0.994207, 0.00405752, 0.98904, 0.323693
5589.54, 0.994944, 0.00405989, 0.98966, 0.319588
5589.55, 0.995226, 0.00406103, 0.99011, 0.316069
5589.56, 0.994004, 0.00405852, 0.99044, 0.312551
5589.57, 0.993796, 0.00405938, 0.99069, 0.309619
5589.58, 0.994949, 0.00406375, 0.99088, 0.306101
5589.59, 0.995079, 0.00406382, 0.99102, 0.303169
5589.6, 0.994342, 0.00406167, 0.99114, 0.300823
5589.61, 0.993664, 0.00406104, 0.99121, 0.298477
5589.62, 0.993411, 0.00406136, 0.99125, 0.296718
5589.63, 0.993068, 0.00406106, 0.99125, 0.295545
5589.64, 0.992291, 0.00405992, 0.99119, 0.294373
5589.65, 0.993204, 0.00406367, 0.99108, 0.293786
5589.66, 0.994862, 0.00406912, 0.9909, 0.293786
5589.67, 0.993075, 0.00406406, 0.99068, 0.293786
5589.68, 0.990668, 0.00405734, 0.99041, 0.294373
5589.69, 0.990875, 0.00405875, 0.99008, 0.295545
5589.7, 0.991562, 0.00406159, 0.98969, 0.297305
5589.71, 0.990838, 0.00406005, 0.98922, 0.29965
5589.72, 0.988219, 0.00405262, 0.98866, 0.301409
5589.73, 0.985961, 0.00404593, 0.98803, 0.301996
5589.74, 0.984797, 0.00404203, 0.98738, 0.296718
5589.75, 0.982873, 0.00403547, 0.98679, 0.279713
5589.76, 0.979764, 0.00402608, 0.98636, 0.244529
5589.77, 0.97561, 0.00401475, 0.98617, 0.19058
5589.78, 0.970239, 0.0039991, 0.98627, 0.129008
5589.79, 0.963889, 0.00397921, 0.98668, 0.0738864
5589.8, 0.956653, 0.00395596, 1, 0
5589.81, 0.946617, 0.00392456, 1, 0
5589.82, 0.934783, 0.003888, 1, 0
5589.83, 0.926125, 0.00385996, 1, 0
5589.84, 0.919907, 0.00383853, 1, 0
5589.85, 0.912839, 0.00381479, 1, 0
