wav, obs, sigma_obs, syn, weight
5593.55, 0.994816, 0.00436928, 1, 0
5593.56, 0.991946, 0.00436067, 1, 0
5593.57, 0.989873, 0.00435442, 1, 0
5593.58, 0.987745, 0.00434747, 1, 0
5593.59, 0.984232, 0.00433565, 1, 0
5593.6, 0.980044, 0.00432292, 1, 0
5593.61, 0.975558, 0.00431005, 0.99005, 0.0342478
5593.62, 0.970452, 0.00429348, 0.98554, 0.0604802
5593.63, 0.964824, 0.00427333, 0.97839, 0.0896273
5593.64, 0.957694, 0.00424815, 0.96724, 0.114402
5593.65, 0.946627, 0.00421249, 0.95084, 0.128976
5593.66, 0.931261, 0.00416134, 0.92839, 0.134805
5593.67, 0.910703, 0.00408937, 0.89995, 0.134077
5593.68, 0.881507, 0.00399085, 0.8667, 0.130433
5593.69, 0.845873, 0.0038716, 0.83096, 0.127519
5593.7, 0.808906, 0.00374408, 0.79598, 0.125332
5593.71, 0.773214, 0.00361917, 0.76557, 0.123875
5593.72, 0.744126, 0.00351755, 0.74343, 0.126061
5593.73, 0.728866, 0.00346503, 0.73247, 0.128976
5593.74, 0.73058, 0.00347059, 0.73419, 0.134805
5593.75, 0.7484, 0.003532, 0.74833, 0.142821
5593.76, 0.778018, 0.00363815, 0.77292, 0.152294
5593.77, 0.816037, 0.00377336, 0.80474, 0.164681
5593.78, 0.856936, 0.00391535, 0.83998, 0.178526
5593.79, 0.891664, 0.00403573, 0.87498, 0.193828
5593.8, 0.919417, 0.00413175, 0.90672, 0.209859
5593.81, 0.942394, 0.00421045, 0.93322, 0.227347
5593.82, 0.958809, 0.00426821, 0.95365, 0.245564
5593.83, 0.969994, 0.00430846, 0.96821, 0.262324
5593.84, 0.978732, 0.00433807, 0.97781, 0.279083
5593.85, 0.983024, 0.00435321, 0.98369, 0.295114
5593.86, 0.984201, 0.00435935, 0.98704, 0.310417
5593.87, 0.986895, 0.00437025, 0.98885, 0.32499
5593.88, 0.988982, 0.00437922, 0.98978, 0.338106
5593.89, 0.9895, 0.00438291, 0.99022, 0.351951
5593.9, 0.991576, 0.00439012, 0.99041, 0.365067
5593.91, 0.992076, 0.00439217, 0.99045, 0.378912
5593.92, 0.989303, 0.00438484, 0.9904, 0.392757
5593.93, 0.989815, 0.00438776, 0.99028, 0.408788
5593.94, 0.991749, 0.00439409, 0.99011, 0.423361
5593.95, 0.990465, 0.00438936, 0.9899, 0.44085
5593.96, 0.990345, 0.00439001, 0.98964, 0.457609
5593.97, 0.991176, 0.004395, 0.98935, 0.476555
5593.98, 0.989233, 0.00438985, 0.98902, 0.496229
5593.99, 0.988679, 0.0043874, 0.98865, 0.517361
5594, 0.990344, 0.00439247, 0.98825, 0.53995
5594.01, 0.989651, 0.00439358, 0.98781, 0.563996
5594.02, 0.988503, 0.00439121, 0.98733, 0.5895
5594.03, 0.988725, 0.00438924, 0.9868, 0.61719
5594.04, 0.988163, 0.00438905, 0.98623, 0.647065
5594.05, 0.987422, 0.00439029, 0.9856, 0.678399
5594.06, 0.987596, 0.00439128, 0.98492, 0.711918
5594.07, 0.987231, 0.00438924, 0.98417, 0.748352
5594.08, 0.985624, 0.0043835, 0.98336, 0.786971
5594.09, 0.983334, 0.00437657, 0.98248, 0.829235
5594.1, 0.982324, 0.00437567, 0.98153, 0.874413
5594.11, 0.982467, 0.00437894, 0.9805, 0.923963
5594.12, 0.981725, 0.00437685, 0.97939, 0.978614
5594.13, 0.979945, 0.00437, 0.97817, 1.03618
5594.14, 0.9781, 0.00436354, 0.97685, 1.1003
5594.15, 0.977434, 0.00436262, 0.9754, 1.16953
5594.16, 0.976129, 0.00435901, 0.97379, 1.24604
5594.17, 0.973144, 0.00434796, 0.97201, 1.32984
5594.18, 0.970826, 0.00433981, 0.97002, 1.42165
5594.19, 0.968531, 0.0043339, 0.9678, 1.52366
5594.2, 0.96483, 0.00432424, 0.96529, 1.63515
5594.21, 0.961021, 0.00430994, 0.96246, 1.75976
5594.22, 0.95741, 0.00429551, 0.95924, 1.89748
5594.23, 0.953322, 0.0042853, 0.95556, 2.04977
5594.24, 0.948522, 0.00427107, 0.95133, 2.21809
5594.25, 0.943658, 0.00425315, 0.94643, 2.40245
5594.26, 0.939446, 0.00423957, 0.94071, 2.60284
5594.27, 0.932937, 0.0042182, 0.93395, 2.81488
5594.28, 0.923816, 0.00418654, 0.92581, 3.03203
5594.29, 0.916024, 0.00416061, 0.91579, 3.24189
5594.3, 0.905879, 0.00412757, 0.90314, 3.43134
5594.31, 0.890089, 0.00407439, 0.88675, 3.58509
5594.32, 0.872314, 0.00401192, 0.86523, 3.69294
5594.33, 0.85157, 0.00393875, 0.83711, 3.74904
5594.34, 0.824439, 0.00384546, 0.80121, 3.75415
5594.35, 0.789746, 0.00372564, 0.75715, 3.71115
5594.36, 0.747741, 0.00357774, 0.70559, 3.62371
5594.37, 0.698753, 0.00340214, 0.6483, 3.49765
5594.38, 0.640382, 0.00319336, 0.5879, 3.3388
5594.39, 0.5726, 0.00295036, 0.52743, 3.15153
5594.4, 0.498809, 0.0026798, 0.47007, 2.9424
5594.41, 0.423369, 0.00239594, 0.41869, 2.71869
5594.42, 0.351276, 0.00211691, 0.37552, 2.4928
5594.43, 0.288055, 0.0018635, 0.34185, 2.28003
5594.44, 0.239023, 0.00165978, 0.31796, 2.10078
5594.45, 0.207335, 0.00152325, 0.30345, 1.97472
5594.46, 0.19231, 0.00145643, 0.29765, 1.91715
5594.47, 0.19485, 0.00146752, 0.30019, 1.93755
5594.48, 0.216849, 0.00156536, 0.31122, 2.02718
5594.49, 0.25933, 0.00174751, 0.33128, 2.17292
5594.5, 0.319473, 0.00199481, 0.36083, 2.34707
5594.51, 0.391456, 0.00227801, 0.39971, 2.52778
5594.52, 0.469424, 0.00257525, 0.44667, 2.69392
5594.53, 0.546777, 0.00286303, 0.49922, 2.82873
5594.54, 0.61657, 0.00311689, 0.55373, 2.922
5594.55, 0.674325, 0.0033259, 0.60585, 2.97082
5594.56, 0.717036, 0.00348187, 0.65093, 2.973
5594.57, 0.742899, 0.00357554, 0.68479, 2.92928
5594.58, 0.751853, 0.00360754, 0.70444, 2.84184
5594.59, 0.744812, 0.00358337, 0.70889, 2.71287
5594.6, 0.723248, 0.00350917, 0.69939, 2.54454
5594.61, 0.689702, 0.00339019, 0.67936, 2.34124
5594.62, 0.648796, 0.00324004, 0.65366, 2.11244
5594.63, 0.608942, 0.00309495, 0.62792, 1.87051
5594.64, 0.577825, 0.00298367, 0.60761, 1.63078
5594.65, 0.562069, 0.00292735, 0.59732, 1.41072
5594.66, 0.568039, 0.00295023, 0.60003, 1.22199
5594.67, 0.59592, 0.00305264, 0.61663, 1.0748
5594.68, 0.639683, 0.00321081, 0.64591, 0.971327
5594.69, 0.694125, 0.00340829, 0.68492, 0.908661
5594.7, 0.752308, 0.00362035, 0.72976, 0.880971
5594.71, 0.805279, 0.00381077, 0.77627, 0.880971
5594.72, 0.849797, 0.00396711, 0.82069, 0.89773
5594.73, 0.885576, 0.00409099, 0.86013, 0.923963
5594.74, 0.913168, 0.00418987, 0.89279, 0.951652
5594.75, 0.932662, 0.00426189, 0.91814, 0.973513
5594.76, 0.945164, 0.00430665, 0.93668, 0.988086
5594.77, 0.954738, 0.00433986, 0.94962, 0.990272
5594.78, 0.961965, 0.00436639, 0.95847, 0.982257
5594.79, 0.9656, 0.00438293, 0.96457, 0.963311
5594.8, 0.967974, 0.00439199, 0.96897, 0.934893
5594.81, 0.971176, 0.00440144, 0.97232, 0.902102
5594.82, 0.975652, 0.00441875, 0.975, 0.86494
5594.83, 0.978869, 0.00443185, 0.97722, 0.827049
5594.84, 0.98009, 0.00443635, 0.97906, 0.788429
5594.85, 0.981526, 0.00444277, 0.98059, 0.752724
5594.86, 0.983051, 0.00444991, 0.98189, 0.717747
5594.87, 0.984025, 0.00445428, 0.98298, 0.684957
5594.88, 0.984638, 0.00445678, 0.98392, 0.654352
5594.89, 0.985678, 0.00445979, 0.98474, 0.625934
5594.9, 0.987255, 0.00446445, 0.98546, 0.598244
5594.91, 0.987595, 0.0044683, 0.9861, 0.572012
5594.92, 0.987264, 0.00447009, 0.98665, 0.547965
5594.93, 0.987704, 0.0044705, 0.98713, 0.525376
5594.94, 0.987879, 0.00447229, 0.9875, 0.503516
5594.95, 0.987509, 0.004475, 0.98774, 0.482384
5594.96, 0.987086, 0.00447542, 0.98775, 0.46271
5594.97, 0.985981, 0.00447178, 0.98742, 0.443764
5594.98, 0.983813, 0.00446394, 0.98651, 0.424819
5594.99, 0.980696, 0.00445275, 0.98473, 0.405145
5595, 0.976179, 0.00443667, 0.98171, 0.387656
5595.01, 0.970732, 0.00441814, 0.97703, 0.369439
5595.02, 0.966205, 0.00440518, 0.97036, 0.351951
5595.03, 0.962528, 0.00439547, 0.96154, 0.334463
5595.04, 0.959324, 0.00438498, 0.95071, 0.318432
5595.05, 0.957421, 0.00437633, 0.93845, 0.30313
5595.06, 0.958127, 0.00437854, 0.92573, 0.288556
5595.07, 0.961938, 0.00439651, 0.91383, 0.276169
5595.08, 0.966854, 0.00441686, 0.90416, 0.26451
5595.09, 0.971583, 0.00443281, 0.898, 0.254308
5595.1, 0.975765, 0.00444562, 0.89623, 0.245564
5595.11, 0.979383, 0.00445932, 0.89915, 0.238277
5595.12, 0.982851, 0.00447443, 0.90642, 0.232448
5595.13, 0.986598, 0.00448801, 0.91713, 0.227347
5595.14, 0.989547, 0.00449947, 0.92997, 0.222975
5595.15, 0.991193, 0.00450813, 0.94351, 0.220061
5595.16, 0.992207, 0.00451289, 0.95641, 0.217874
5595.17, 0.99279, 0.00451601, 0.96767, 0.215688
5595.18, 0.993051, 0.00451871, 0.97672, 0.214231
5595.19, 0.99328, 0.00451892, 0.98345, 0.212045
5595.2, 0.99381, 0.00451938, 0.98809, 0.209859
5595.21, 0.994498, 0.00452223, 0.99108, 0.207673
5595.22, 0.994375, 0.00452374, 0.99289, 0.204758
5595.23, 0.994558, 0.0045254, 0.99396, 0.200386
5595.24, 0.996184, 0.00453002, 0.99459, 0.196743
5595.25, 0.99677, 0.00453397, 0.99499, 0.190185
5595.26, 0.9958, 0.00453498, 0.99526, 0.182169
5595.27, 0.994811, 0.0045339, 0.99547, 0.166138
5595.28, 0.995093, 0.00453517, 0.99566, 0.142092
5595.29, 0.995861, 0.00453794, 0.99584, 0.108573
5595.3, 0.995047, 0.00453672, 0.99607, 0.0714104
5595.31, 0.994314, 0.00453415, 0.99643, 0.0400772
5595.32, 0.99488, 0.0045345, 1, 0
5595.33, 0.995882, 0.00453974, 1, 0
5595.34, 0.996571, 0.00454531, 1, 0
5595.35, 0.996699, 0.00454766, 1, 0
5595.36, 0.996821, 0.00454996, 1, 0
5595.37, 0.996989, 0.00455254, 1, 0
