wav, obs, sigma_obs, syn, weight
5600.69, 0.997912, 0.00510797, 1, 0
5600.7, 0.997458, 0.00510498, 1, 0
5600.71, 0.996712, 0.00510098, 1, 0
5600.72, 0.995407, 0.00509509, 1, 0
5600.73, 0.993912, 0.00508882, 1, 0
5600.74, 0.992674, 0.00508387, 1, 0
5600.75, 0.991471, 0.00507868, 1, 0
5600.76, 0.989907, 0.00507114, 1, 0
5600.77, 0.987798, 0.00506161, 0.98301, 0.0798425
5600.78, 0.98525, 0.00505153, 0.98197, 0.102439
5600.79, 0.983421, 0.00504406, 0.98149, 0.12127
5600.8, 0.983253, 0.00504149, 0.98156, 0.135582
5600.81, 0.983306, 0.0050399, 0.98213, 0.14688
5600.82, 0.982133, 0.00503544, 0.98305, 0.155919
5600.83, 0.981086, 0.00503176, 0.98418, 0.163451
5600.84, 0.981682, 0.00503298, 0.98537, 0.171737
5600.85, 0.983042, 0.00503683, 0.98651, 0.180022
5600.86, 0.984045, 0.00504032, 0.98751, 0.188308
5600.87, 0.985016, 0.00504397, 0.98834, 0.197347
5600.88, 0.986291, 0.00504824, 0.98897, 0.207139
5600.89, 0.986917, 0.00504991, 0.98942, 0.218437
5600.9, 0.986037, 0.00504614, 0.98969, 0.230489
5600.91, 0.984218, 0.00503834, 0.98979, 0.24254
5600.92, 0.982177, 0.00502872, 0.98973, 0.256099
5600.93, 0.980074, 0.00501896, 0.98952, 0.271163
5600.94, 0.978022, 0.00501042, 0.98917, 0.287734
5600.95, 0.976366, 0.005004, 0.98871, 0.306565
5600.96, 0.975233, 0.00499949, 0.98814, 0.326149
5600.97, 0.973938, 0.00499355, 0.98747, 0.347993
5600.98, 0.97208, 0.00498457, 0.9867, 0.372849
5600.99, 0.970574, 0.00497766, 0.98584, 0.400719
5601, 0.96981, 0.00497523, 0.98487, 0.431602
5601.01, 0.968034, 0.00496854, 0.98377, 0.467757
5601.02, 0.964576, 0.0049536, 0.98252, 0.507678
5601.03, 0.962664, 0.00494443, 0.9811, 0.555131
5601.04, 0.963867, 0.00494827, 0.97947, 0.609364
5601.05, 0.963855, 0.00494749, 0.97759, 0.675648
5601.06, 0.959806, 0.00493054, 0.97539, 0.753985
5601.07, 0.954805, 0.00491012, 0.9728, 0.850398
5601.08, 0.951186, 0.00489567, 0.96969, 0.968655
5601.09, 0.947501, 0.00488061, 0.96589, 1.11403
5601.1, 0.942319, 0.00485895, 0.96109, 1.28878
5601.11, 0.935433, 0.00483095, 0.95482, 1.49366
5601.12, 0.926751, 0.00479661, 0.94632, 1.72113
5601.13, 0.916066, 0.00475369, 0.93449, 1.96141
5601.14, 0.9028, 0.00469912, 0.91786, 2.20019
5601.15, 0.885656, 0.00462884, 0.89471, 2.42465
5601.16, 0.86351, 0.0045392, 0.86338, 2.6235
5601.17, 0.835714, 0.00442761, 0.82277, 2.78771
5601.18, 0.801417, 0.00429008, 0.77279, 2.91501
5601.19, 0.759306, 0.00411996, 0.71473, 3.00539
5601.2, 0.709362, 0.00391651, 0.65126, 3.06264
5601.21, 0.653888, 0.00368968, 0.58608, 3.09051
5601.22, 0.595395, 0.00344944, 0.52329, 3.09729
5601.23, 0.536371, 0.00320405, 0.46672, 3.08825
5601.24, 0.480177, 0.00296658, 0.41929, 3.07394
5601.25, 0.431536, 0.00275787, 0.38277, 3.05737
5601.26, 0.39477, 0.00259783, 0.35778, 3.04381
5601.27, 0.373404, 0.00250378, 0.34429, 3.03628
5601.28, 0.369506, 0.00248604, 0.34202, 3.03251
5601.29, 0.383153, 0.00254508, 0.35092, 3.03477
5601.3, 0.413371, 0.00267587, 0.37116, 3.04155
5601.31, 0.457944, 0.00286673, 0.40289, 3.0536
5601.32, 0.513274, 0.00310036, 0.44577, 3.06565
5601.33, 0.574135, 0.00335294, 0.49849, 3.07469
5601.34, 0.636052, 0.00360549, 0.55855, 3.07168
5601.35, 0.695626, 0.00384562, 0.62244, 3.04983
5601.36, 0.750148, 0.00406363, 0.68609, 3.00313
5601.37, 0.797664, 0.00425263, 0.74562, 2.92404
5601.38, 0.837086, 0.00440881, 0.79794, 2.81031
5601.39, 0.868272, 0.00453178, 0.84129, 2.66041
5601.4, 0.892066, 0.00462503, 0.87532, 2.47512
5601.41, 0.910293, 0.00469593, 0.90083, 2.26045
5601.42, 0.924697, 0.00475124, 0.9194, 2.02695
5601.43, 0.936815, 0.00479662, 0.9328, 1.78742
5601.44, 0.946614, 0.00483256, 0.94264, 1.55618
5601.45, 0.952735, 0.00485524, 0.95017, 1.34452
5601.46, 0.956737, 0.00487072, 0.95623, 1.16073
5601.47, 0.962615, 0.00489322, 0.96134, 1.00707
5601.48, 0.970307, 0.00492202, 0.96576, 0.880527
5601.49, 0.976379, 0.00494403, 0.96963, 0.779594
5601.5, 0.980012, 0.00495643, 0.97301, 0.696739
5601.51, 0.98255, 0.00496485, 0.97594, 0.628948
5601.52, 0.984815, 0.00497235, 0.97842, 0.571703
5601.53, 0.987165, 0.00497981, 0.98052, 0.523496
5601.54, 0.989607, 0.00498751, 0.98226, 0.482068
5601.55, 0.99191, 0.00499532, 0.98372, 0.44516
5601.56, 0.993957, 0.00500243, 0.98494, 0.413524
5601.57, 0.995683, 0.00500763, 0.98597, 0.384901
5601.58, 0.996681, 0.0050097, 0.98686, 0.360045
5601.59, 0.996452, 0.00500776, 0.98763, 0.337448
5601.6, 0.995878, 0.00500477, 0.98832, 0.31711
5601.61, 0.99648, 0.00500531, 0.98893, 0.29828
5601.62, 0.997655, 0.00500741, 0.98948, 0.282462
5601.63, 0.997762, 0.00500587, 0.98998, 0.267397
5601.64, 0.996977, 0.00500147, 0.99043, 0.253839
5601.65, 0.996346, 0.00499785, 0.99084, 0.241034
5601.66, 0.995866, 0.00499505, 0.99122, 0.229736
5601.67, 0.995074, 0.00499145, 0.99157, 0.219944
5601.68, 0.994193, 0.00498714, 0.99188, 0.210152
5601.69, 0.993659, 0.0049828, 0.99217, 0.201113
5601.7, 0.992977, 0.00497739, 0.99244, 0.19358
5601.71, 0.991374, 0.00496941, 0.99268, 0.186048
5601.72, 0.989105, 0.00495958, 0.9929, 0.178516
5601.73, 0.986803, 0.00494945, 0.9931, 0.171737
5601.74, 0.984718, 0.00493996, 0.99329, 0.164204
5601.75, 0.982862, 0.00493141, 0.99345, 0.155166
5601.76, 0.980709, 0.00492184, 0.9936, 0.14462
5601.77, 0.977775, 0.00490932, 0.99373, 0.128803
5601.78, 0.974933, 0.00489719, 0.99387, 0.109219
5601.79, 0.973254, 0.00488951, 0.99402, 0.0858684
5601.8, 0.972315, 0.00488449, 1, 0
5601.81, 0.971505, 0.00487968, 1, 0
5601.82, 0.971726, 0.00487893, 1, 0
5601.83, 0.973912, 0.00488617, 1, 0
5601.84, 0.977019, 0.00489705, 1, 0
5601.85, 0.979742, 0.00490609, 1, 0
5601.86, 0.982098, 0.00491346, 1, 0
5601.87, 0.984632, 0.00492165, 1, 0
