wav, obs, sigma_obs, syn, weight
5604.59, 0.996365, 0.00460274, 1, 0
5604.6, 0.997224, 0.00460541, 1, 0
5604.61, 0.997872, 0.00460697, 1, 0
5604.62, 0.998129, 0.00460637, 1, 0
5604.63, 0.99837, 0.00460503, 1, 0
5604.64, 0.998959, 0.00460468, 1, 0
5604.65, 0.999473, 0.004605, 1, 0
5604.66, 0.999515, 0.00460538, 1, 0
5604.67, 0.999633, 0.00460606, 0.99946, 0.0363792
5604.68, 1.00022, 0.00460688, 0.99943, 0.0485056
5604.69, 1.00039, 0.0046057, 0.99941, 0.0545687
5604.7, 0.999654, 0.00460183, 0.99939, 0.0545687
5604.71, 0.999462, 0.0046001, 0.99938, 0.0606319
5604.72, 1.00069, 0.00460329, 0.99936, 0.0666951
5604.73, 1.00186, 0.00460629, 0.99935, 0.0666951
5604.74, 1.00189, 0.0046053, 0.99935, 0.0666951
5604.75, 1.00138, 0.00460217, 0.99934, 0.0727583
5604.76, 1.0008, 0.00459841, 0.99933, 0.0848847
5604.77, 0.999861, 0.00459333, 0.99929, 0.109137
5604.78, 0.99865, 0.00458757, 0.99922, 0.145517
5604.79, 0.997991, 0.00458441, 0.99906, 0.206149
5604.8, 0.998051, 0.00458433, 0.99876, 0.30316
5604.81, 0.997886, 0.00458313, 0.99824, 0.448676
5604.82, 0.997033, 0.00457863, 0.99738, 0.648762
5604.83, 0.995791, 0.00457182, 0.99605, 0.915542
5604.84, 0.994201, 0.00456361, 0.99415, 1.24902
5604.85, 0.991944, 0.00455447, 0.99156, 1.64313
5604.86, 0.988884, 0.00454388, 0.98825, 2.07968
5604.87, 0.985099, 0.00453037, 0.98428, 2.53442
5604.88, 0.980691, 0.00451371, 0.9798, 2.98915
5604.89, 0.975801, 0.0044949, 0.97507, 3.41358
5604.9, 0.970951, 0.00447624, 0.97046, 3.77737
5604.91, 0.966942, 0.00446083, 0.96639, 4.07447
5604.92, 0.964138, 0.00444974, 0.96327, 4.29274
5604.93, 0.962587, 0.00444257, 0.96144, 4.42007
5604.94, 0.962301, 0.00443983, 0.96111, 4.45645
5604.95, 0.963285, 0.00444249, 0.96234, 4.40188
5604.96, 0.965665, 0.00445051, 0.96498, 4.25636
5604.97, 0.969558, 0.00446321, 0.96876, 4.02596
5604.98, 0.974485, 0.00447903, 0.97328, 3.71067
5604.99, 0.979718, 0.0044961, 0.9781, 3.32869
5605, 0.984786, 0.00451294, 0.98283, 2.90427
5605.01, 0.989322, 0.00452823, 0.98713, 2.44347
5605.02, 0.992942, 0.00454025, 0.99077, 1.98873
5605.03, 0.995332, 0.00454761, 0.99365, 1.55824
5605.04, 0.996577, 0.00455095, 0.9958, 1.1702
5605.05, 0.996981, 0.00455175, 0.9973, 0.842784
5605.06, 0.997243, 0.00455202, 0.99827, 0.58813
5605.07, 0.997948, 0.00455334, 0.99887, 0.400171
5605.08, 0.998838, 0.00455512, 0.99922, 0.266781
5605.09, 0.999557, 0.00455644, 0.99941, 0.175833
5605.1, 1.00007, 0.00455703, 0.99951, 0.115201
5605.11, 1.00033, 0.00455659, 0.99955, 0.0848847
5605.12, 1.00013, 0.00455449, 0.99958, 0.0606319
5605.13, 0.999369, 0.00455058, 0.99958, 0.0485056
5605.14, 0.998381, 0.004546, 0.99958, 0.0485056
5605.15, 0.997537, 0.00454199, 0.99957, 0.0424424
5605.16, 0.997165, 0.00453954, 0.99955, 0.0485056
5605.17, 0.997407, 0.00453919, 0.99952, 0.0424424
5605.18, 0.99806, 0.00454063, 0.99947, 0.0363792
5605.19, 0.998749, 0.00454233, 0.9994, 0.0363792
5605.2, 0.998892, 0.00454092, 0.99931, 0.030316
5605.21, 0.998398, 0.00453632, 0.9992, 0.0242528
5605.22, 0.997884, 0.00453306, 1, 0
5605.23, 0.997727, 0.00453277, 1, 0
5605.24, 0.997944, 0.00453307, 1, 0
5605.25, 0.998265, 0.00453256, 1, 0
5605.26, 0.998155, 0.00453113, 1, 0
5605.27, 0.997534, 0.00452899, 1, 0
5605.28, 0.996881, 0.00452681, 1, 0
5605.29, 0.996322, 0.00452476, 1, 0
