wav, obs, sigma_obs, syn, weight
5638.41, 0.98048, 0.00383778, 1, 0
5638.42, 0.982992, 0.00384594, 1, 0
5638.43, 0.985189, 0.0038535, 1, 0
5638.44, 0.986701, 0.00385948, 1, 0
5638.45, 0.987784, 0.00386331, 1, 0
5638.46, 0.988985, 0.00386683, 1, 0
5638.47, 0.990827, 0.00387337, 0.99316, 0
5638.48, 0.992179, 0.00387819, 0.99304, 0.0431087
5638.49, 0.992169, 0.00387733, 0.99322, 0
5638.5, 0.992348, 0.00387758, 0.99354, 0
5638.51, 0.993257, 0.00388131, 0.99387, 0.0431087
5638.52, 0.994181, 0.00388534, 0.99419, 0.0431087
5638.53, 0.994906, 0.0038885, 0.99448, 0.0431087
5638.54, 0.995258, 0.00389007, 0.99476, 0.0431087
5638.55, 0.994777, 0.00388869, 0.99502, 0.0431087
5638.56, 0.993917, 0.003886, 0.99525, 0.0431087
5638.57, 0.993659, 0.00388534, 0.99543, 0.0431087
5638.58, 0.993843, 0.0038862, 0.99556, 0.0431087
5638.59, 0.994055, 0.00388742, 0.99562, 0.0862174
5638.6, 0.994068, 0.00388867, 0.9956, 0.0862174
5638.61, 0.993748, 0.00388888, 0.99547, 0.129326
5638.62, 0.992889, 0.00388648, 0.99519, 0.258652
5638.63, 0.990833, 0.00388005, 0.99463, 0.344869
5638.64, 0.988291, 0.00387275, 0.99364, 0.560413
5638.65, 0.987702, 0.00387283, 0.99197, 0.819065
5638.66, 0.987593, 0.00387362, 0.98935, 1.16393
5638.67, 0.985159, 0.00386462, 0.98556, 1.59502
5638.68, 0.980694, 0.00385072, 0.98048, 2.06922
5638.69, 0.975071, 0.00383542, 0.97426, 2.54341
5638.7, 0.968994, 0.00381717, 0.96727, 3.06072
5638.71, 0.962275, 0.00379678, 0.96018, 3.4918
5638.72, 0.954932, 0.00377631, 0.95381, 3.92289
5638.73, 0.948561, 0.00375797, 0.94898, 4.26776
5638.74, 0.944658, 0.00374566, 0.94636, 4.44019
5638.75, 0.944263, 0.00374436, 0.94634, 4.56952
5638.76, 0.947756, 0.00375508, 0.94893, 4.65574
5638.77, 0.954607, 0.00377599, 0.95374, 4.61263
5638.78, 0.962916, 0.00380233, 0.96011, 4.44019
5638.79, 0.971268, 0.00382916, 0.96717, 4.18154
5638.8, 0.97877, 0.00385211, 0.97407, 3.87978
5638.81, 0.984427, 0.00386919, 0.98008, 3.44869
5638.82, 0.988104, 0.00388116, 0.98474, 2.9745
5638.83, 0.991119, 0.00389183, 0.98789, 2.5003
5638.84, 0.993787, 0.00390097, 0.98964, 1.983
5638.85, 0.995622, 0.00390622, 0.99023, 1.5088
5638.86, 0.996083, 0.00390851, 0.99003, 1.12083
5638.87, 0.995455, 0.00390902, 0.98937, 0.775956
5638.88, 0.99507, 0.00390818, 0.98855, 0.474196
5638.89, 0.994949, 0.00390679, 0.9878, 0.301761
5638.9, 0.994695, 0.00390585, 0.98731, 0.172435
5638.91, 0.994948, 0.00390638, 0.98718, 0.0862174
5638.92, 0.995835, 0.0039091, 0.98744, 0.0431087
5638.93, 0.996652, 0.00391374, 0.98811, 0
5638.94, 0.996611, 0.00391582, 0.98911, 0.0431087
5638.95, 0.995799, 0.00391331, 0.99036, 0
5638.96, 0.996357, 0.00391435, 0.99177, 0
5638.97, 0.997688, 0.00391864, 0.9932, 0
5638.98, 0.997155, 0.00391859, 0.99457, 0
5638.99, 0.996736, 0.00391822, 0.99578, 0
5639, 0.99799, 0.00392152, 0.9968, 0
5639.01, 0.998544, 0.0039243, 0.9976, 0
5639.02, 0.998117, 0.00392493, 0.99819, 0
5639.03, 0.998099, 0.00392463, 0.99862, 0
5639.04, 0.998654, 0.00392543, 0.99891, 0
5639.05, 0.999421, 0.00392801, 0.99914, 0
5639.06, 0.999824, 0.00393076, 1, 0
5639.07, 0.99999, 0.00393303, 1, 0
5639.08, 1.00034, 0.00393491, 1, 0
5639.09, 1.00078, 0.00393668, 1, 0
5639.1, 1.00117, 0.00393851, 1, 0
5639.11, 1.00156, 0.00394035, 1, 0
