wav, obs, sigma_obs, syn, weight
5856.61, 0.997163, 0.00389194, 1, 0
5856.62, 0.997644, 0.00389438, 1, 0
5856.63, 0.998119, 0.00389679, 1, 0
5856.64, 0.998492, 0.00389888, 1, 0
5856.65, 0.998503, 0.00389953, 1, 0
5856.66, 0.998118, 0.00389834, 1, 0
5856.67, 0.998608, 0.00389945, 0.99504, 0.0359052
5856.68, 0.999693, 0.00390255, 0.99486, 0.06125
5856.69, 0.998586, 0.00389978, 0.99472, 0.091523
5856.7, 0.996207, 0.0038935, 0.99459, 0.11898
5856.71, 0.995152, 0.00389083, 0.99445, 0.140101
5856.72, 0.994746, 0.00389039, 0.99431, 0.154885
5856.73, 0.994279, 0.00389032, 0.99416, 0.164037
5856.74, 0.994233, 0.00389131, 0.994, 0.170374
5856.75, 0.994857, 0.00389351, 0.99384, 0.176006
5856.76, 0.995941, 0.00389605, 0.99366, 0.180934
5856.77, 0.996325, 0.00389607, 0.99348, 0.186566
5856.78, 0.995519, 0.0038933, 0.99329, 0.191494
5856.79, 0.994449, 0.00389198, 0.99309, 0.19783
5856.8, 0.994009, 0.0038935, 0.99288, 0.203463
5856.81, 0.994571, 0.00389649, 0.99266, 0.210503
5856.82, 0.994836, 0.00389734, 0.99243, 0.217543
5856.83, 0.994154, 0.00389518, 0.99218, 0.223879
5856.84, 0.993509, 0.00389405, 0.99193, 0.231624
5856.85, 0.993265, 0.00389451, 0.99165, 0.239368
5856.86, 0.99308, 0.00389462, 0.99136, 0.247112
5856.87, 0.991827, 0.00389246, 0.99105, 0.25556
5856.88, 0.989895, 0.00388901, 0.99071, 0.264713
5856.89, 0.990012, 0.00388905, 0.99033, 0.274569
5856.9, 0.990741, 0.00388951, 0.98993, 0.284425
5856.91, 0.989081, 0.00388477, 0.98949, 0.294986
5856.92, 0.987306, 0.00388071, 0.98903, 0.305546
5856.93, 0.987442, 0.00388206, 0.98856, 0.317514
5856.94, 0.988879, 0.0038869, 0.98809, 0.330187
5856.95, 0.989538, 0.0038895, 0.98763, 0.343563
5856.96, 0.987659, 0.00388501, 0.98718, 0.357644
5856.97, 0.986011, 0.00388057, 0.98673, 0.371724
5856.98, 0.985915, 0.0038799, 0.98626, 0.387917
5856.99, 0.984902, 0.00387733, 0.98576, 0.404813
5857, 0.983415, 0.00387444, 0.98522, 0.422414
5857.01, 0.983153, 0.00387542, 0.98461, 0.442126
5857.02, 0.982485, 0.00387441, 0.98395, 0.463247
5857.03, 0.980683, 0.00386901, 0.98321, 0.485072
5857.04, 0.979531, 0.00386555, 0.9824, 0.509009
5857.05, 0.97887, 0.00386439, 0.98153, 0.535057
5857.06, 0.977435, 0.00386192, 0.98058, 0.562514
5857.07, 0.97507, 0.00385576, 0.97955, 0.592787
5857.08, 0.972599, 0.00384789, 0.97844, 0.625172
5857.09, 0.971715, 0.00384569, 0.97723, 0.660374
5857.1, 0.971941, 0.00384734, 0.97593, 0.699799
5857.11, 0.971593, 0.00384629, 0.97451, 0.741336
5857.12, 0.969818, 0.00384099, 0.97297, 0.787802
5857.13, 0.967203, 0.00383387, 0.97128, 0.837787
5857.14, 0.965913, 0.00383065, 0.96942, 0.892701
5857.15, 0.965258, 0.0038292, 0.96737, 0.953247
5857.16, 0.963264, 0.00382383, 0.96511, 1.02013
5857.17, 0.960068, 0.00381454, 0.9626, 1.09335
5857.18, 0.956364, 0.00380342, 0.9598, 1.17572
5857.19, 0.952834, 0.00379336, 0.95668, 1.26654
5857.2, 0.949185, 0.00378377, 0.95317, 1.36792
5857.21, 0.944797, 0.00377239, 0.94922, 1.48056
5857.22, 0.939993, 0.00375869, 0.94474, 1.60799
5857.23, 0.935131, 0.00374342, 0.93962, 1.7495
5857.24, 0.930224, 0.00372824, 0.93376, 1.90861
5857.25, 0.924286, 0.00371097, 0.92699, 2.08391
5857.26, 0.916255, 0.00368826, 0.91911, 2.27399
5857.27, 0.90679, 0.00366066, 0.90982, 2.47394
5857.28, 0.895743, 0.00362739, 0.89871, 2.67458
5857.29, 0.881523, 0.00358503, 0.88513, 2.86326
5857.3, 0.864415, 0.00353415, 0.86819, 3.02871
5857.31, 0.84514, 0.00347585, 0.84665, 3.16036
5857.32, 0.822083, 0.00340498, 0.81906, 3.25118
5857.33, 0.793577, 0.003317, 0.784, 3.29905
5857.34, 0.758708, 0.00321021, 0.74062, 3.30609
5857.35, 0.718097, 0.00308516, 0.68923, 3.27441
5857.36, 0.672666, 0.00294298, 0.6317, 3.20823
5857.37, 0.621707, 0.00278295, 0.57133, 3.11108
5857.38, 0.565471, 0.00260565, 0.51224, 2.98787
5857.39, 0.50593, 0.00241428, 0.45837, 2.84355
5857.4, 0.445703, 0.00221603, 0.41262, 2.68514
5857.41, 0.388075, 0.00202172, 0.37637, 2.52251
5857.42, 0.337475, 0.00184703, 0.34963, 2.37045
5857.43, 0.297693, 0.0017066, 0.33153, 2.24302
5857.44, 0.271313, 0.00161199, 0.321, 2.15642
5857.45, 0.259544, 0.0015694, 0.31718, 2.12193
5857.46, 0.262989, 0.00158222, 0.31971, 2.14445
5857.47, 0.282364, 0.00165295, 0.32884, 2.22049
5857.48, 0.31821, 0.00178168, 0.34532, 2.34017
5857.49, 0.370088, 0.00196325, 0.37022, 2.48802
5857.5, 0.431601, 0.00217226, 0.4045, 2.64853
5857.51, 0.495856, 0.00238365, 0.44838, 2.80694
5857.52, 0.562223, 0.00259915, 0.50075, 2.95408
5857.53, 0.627316, 0.00280887, 0.55901, 3.08151
5857.54, 0.684283, 0.00298826, 0.61937, 3.18289
5857.55, 0.732018, 0.00313715, 0.67765, 3.25399
5857.56, 0.771846, 0.00326326, 0.73031, 3.2899
5857.57, 0.804518, 0.00336556, 0.77518, 3.28779
5857.58, 0.831086, 0.00344695, 0.81162, 3.24414
5857.59, 0.852864, 0.00351483, 0.84029, 3.15543
5857.6, 0.870158, 0.00356901, 0.86246, 3.02237
5857.61, 0.883349, 0.00360896, 0.87952, 2.84988
5857.62, 0.893994, 0.00364109, 0.89254, 2.64713
5857.63, 0.902091, 0.00366661, 0.90206, 2.42536
5857.64, 0.906105, 0.00368078, 0.9081, 2.19726
5857.65, 0.905598, 0.00368035, 0.9101, 1.97338
5857.66, 0.899818, 0.00366192, 0.90706, 1.76006
5857.67, 0.88635, 0.00362043, 0.89787, 1.56293
5857.68, 0.865267, 0.00355662, 0.88174, 1.3827
5857.69, 0.838871, 0.00347617, 0.85875, 1.22078
5857.7, 0.807794, 0.00338104, 0.83034, 1.07716
5857.71, 0.773169, 0.00327489, 0.79941, 0.949727
5857.72, 0.738667, 0.00316839, 0.77004, 0.840603
5857.73, 0.709593, 0.00307778, 0.74668, 0.746264
5857.74, 0.691895, 0.00302197, 0.73323, 0.668118
5857.75, 0.688865, 0.00301234, 0.73209, 0.603348
5857.76, 0.701142, 0.00305162, 0.74364, 0.551954
5857.77, 0.725888, 0.00313041, 0.76615, 0.513937
5857.78, 0.760007, 0.0032381, 0.79633, 0.48648
5857.79, 0.799981, 0.0033628, 0.83007, 0.468879
5857.8, 0.839597, 0.00348534, 0.86346, 0.459023
5857.81, 0.874394, 0.00359215, 0.89348, 0.455503
5857.82, 0.90457, 0.00368389, 0.9184, 0.454799
5857.83, 0.928744, 0.00375818, 0.93773, 0.456207
5857.84, 0.944985, 0.00381096, 0.95193, 0.456911
5857.85, 0.95591, 0.0038465, 0.96193, 0.455503
5857.86, 0.96414, 0.00387115, 0.96875, 0.451983
5857.87, 0.970112, 0.00389053, 0.97331, 0.444942
5857.88, 0.974602, 0.00390638, 0.97636, 0.435086
5857.89, 0.978494, 0.00391827, 0.97841, 0.423822
5857.9, 0.981526, 0.00392749, 0.97986, 0.410445
5857.91, 0.983412, 0.00393431, 0.98098, 0.396365
5857.92, 0.984357, 0.00393716, 0.98193, 0.382284
5857.93, 0.985281, 0.00393979, 0.9828, 0.368204
5857.94, 0.986902, 0.00394643, 0.98364, 0.354124
5857.95, 0.987617, 0.00395028, 0.98444, 0.340747
5857.96, 0.987121, 0.00394899, 0.98521, 0.328075
5857.97, 0.987503, 0.00394965, 0.98593, 0.316106
5857.98, 0.988591, 0.00395293, 0.98662, 0.304842
5857.99, 0.98942, 0.00395659, 0.98729, 0.293578
5858, 0.991098, 0.00396256, 0.98794, 0.283017
5858.01, 0.993088, 0.00396843, 0.98858, 0.273161
5858.02, 0.992644, 0.00396659, 0.98919, 0.264009
5858.03, 0.991594, 0.00396389, 0.98976, 0.25556
5858.04, 0.992728, 0.00396955, 0.99028, 0.247112
5858.05, 0.994229, 0.0039763, 0.99074, 0.238664
5858.06, 0.994943, 0.00397946, 0.99114, 0.23092
5858.07, 0.995473, 0.00398094, 0.99148, 0.223175
5858.08, 0.995789, 0.003982, 0.99178, 0.216839
5858.09, 0.995658, 0.00398286, 0.99203, 0.210503
5858.1, 0.995258, 0.00398243, 0.99225, 0.203463
5858.11, 0.994652, 0.00398036, 0.99243, 0.19783
5858.12, 0.993857, 0.00397772, 0.99258, 0.191494
5858.13, 0.993916, 0.00397839, 0.99269, 0.185862
5858.14, 0.995241, 0.00398376, 0.99275, 0.180934
5858.15, 0.995699, 0.00398655, 0.99273, 0.175302
5858.16, 0.994911, 0.00398513, 0.99259, 0.16967
5858.17, 0.994325, 0.00398382, 0.99224, 0.162629
5858.18, 0.993914, 0.00398251, 0.99154, 0.153477
5858.19, 0.993062, 0.00397972, 0.99033, 0.139397
5858.2, 0.991175, 0.00397484, 0.98846, 0.117572
5858.21, 0.987796, 0.00396601, 0.98584, 0.0901149
5858.22, 0.982925, 0.00395165, 0.98267, 0.06125
5858.23, 0.978365, 0.00393774, 0.97937, 0.0359052
5858.24, 0.975471, 0.00392911, 1, 0
5858.25, 0.973597, 0.00392366, 1, 0
5858.26, 0.972712, 0.00392159, 1, 0
5858.27, 0.973216, 0.00392465, 1, 0
5858.28, 0.974301, 0.00392989, 1, 0
5858.29, 0.975123, 0.00393415, 1, 0
