wav, obs, sigma_obs, syn, weight
5867.18, 0.999075, 0.00484572, 1, 0
5867.19, 0.999548, 0.00485201, 1, 0
5867.2, 1.00043, 0.00485695, 1, 0
5867.21, 1.0016, 0.00485906, 1, 0
5867.22, 1.00138, 0.00485884, 1, 0
5867.23, 1.00061, 0.00485938, 1, 0
5867.24, 1.00093, 0.00486291, 1, 0
5867.25, 1.001, 0.00486464, 0.99945, 0.0105782
5867.26, 1.00081, 0.00486517, 0.99942, 0.0144249
5867.27, 1.00161, 0.00486903, 0.99939, 0.0192331
5867.28, 1.00242, 0.00487209, 0.99937, 0.0230798
5867.29, 1.00248, 0.00487227, 0.99933, 0.0269264
5867.3, 1.00213, 0.00487279, 0.99929, 0.0317347
5867.31, 1.00256, 0.00487737, 0.99925, 0.0346197
5867.32, 1.00385, 0.0048844, 0.99919, 0.0384663
5867.33, 1.00414, 0.00488514, 0.99912, 0.0432746
5867.34, 1.00348, 0.0048831, 0.99904, 0.0480829
5867.35, 1.00277, 0.00488344, 0.99895, 0.0557761
5867.36, 1.00249, 0.00488198, 0.99883, 0.0663543
5867.37, 1.0026, 0.00488153, 0.9987, 0.0798175
5867.38, 1.00279, 0.00488593, 0.99852, 0.101936
5867.39, 1.00298, 0.00488704, 0.99829, 0.136555
5867.4, 1.00255, 0.00488328, 0.99797, 0.190408
5867.41, 1.00076, 0.00487915, 0.99749, 0.272149
5867.42, 0.998453, 0.00487323, 0.99673, 0.392356
5867.43, 0.996246, 0.00486588, 0.99548, 0.560646
5867.44, 0.993845, 0.00485937, 0.99339, 0.785674
5867.45, 0.98979, 0.00484628, 0.98994, 1.06744
5867.46, 0.983558, 0.00482393, 0.98446, 1.4069
5867.47, 0.976234, 0.00479933, 0.97615, 1.79349
5867.48, 0.966106, 0.0047614, 0.96428, 2.21566
5867.49, 0.951374, 0.00470194, 0.94841, 2.65706
5867.5, 0.932787, 0.00463474, 0.92861, 3.09461
5867.51, 0.911622, 0.00456098, 0.90569, 3.51005
5867.52, 0.888683, 0.00447507, 0.88129, 3.88221
5867.53, 0.863421, 0.00437897, 0.8577, 4.19379
5867.54, 0.83935, 0.00428868, 0.8376, 4.43035
5867.55, 0.822539, 0.00422672, 0.82352, 4.58326
5867.56, 0.815777, 0.00420197, 0.81738, 4.64673
5867.57, 0.819746, 0.00421745, 0.82004, 4.6198
5867.58, 0.833167, 0.00427034, 0.83112, 4.50152
5867.59, 0.852122, 0.0043434, 0.8491, 4.29765
5867.6, 0.874449, 0.00442796, 0.87161, 4.01396
5867.61, 0.900663, 0.00452917, 0.89599, 3.66391
5867.62, 0.925962, 0.00462732, 0.91973, 3.26386
5867.63, 0.946188, 0.00470572, 0.94093, 2.83304
5867.64, 0.962346, 0.00477109, 0.95842, 2.39068
5867.65, 0.974811, 0.00482006, 0.97187, 1.9589
5867.66, 0.983626, 0.00484952, 0.98152, 1.55404
5867.67, 0.989556, 0.00487242, 0.98805, 1.19534
5867.68, 0.993339, 0.00489038, 0.99223, 0.889533
5867.69, 0.99577, 0.00489953, 0.99479, 0.641425
5867.7, 0.99802, 0.00490887, 0.99633, 0.451017
5867.71, 0.99915, 0.00491546, 0.99726, 0.312539
5867.72, 0.99746, 0.00490939, 0.99783, 0.216373
5867.73, 0.996498, 0.00490727, 0.9982, 0.151942
5867.74, 0.997568, 0.00491157, 0.99846, 0.111552
5867.75, 0.998001, 0.00490733, 0.99865, 0.0846258
5867.76, 0.997398, 0.00492501, 0.9988, 0.0682776
5867.77, 0.996509, 0.00492902, 0.99892, 0.0567378
5867.78, 0.996276, 0.00482259, 0.99902, 0.0490445
5867.79, 0.996117, 0.0050214, 0.9991, 0.0432746
5867.8, 0.99655, 0.00521192, 0.99916, 0.0375046
5867.81, 0.999142, 0.00432046, 0.99921, 0.033658
5867.82, 0.99866, 0.00456924, 0.99924, 0.030773
5867.83, 0.997631, 0.00492129, 0.99924, 0.0278881
5867.84, 0.99747, 0.004873, 0.9992, 0.0259647
5867.85, 0.997747, 0.00476774, 0.9991, 0.0211565
5867.86, 0.997716, 0.00477357, 0.99892, 0.0182715
5867.87, 0.99636, 0.00479927, 0.99865, 0.0134632
5867.88, 0.994092, 0.00479109, 0.99832, 0.00865491
5867.89, 0.993594, 0.0047798, 1, 0
5867.9, 0.995742, 0.00478579, 1, 0
5867.91, 0.997353, 0.00479324, 1, 0
5867.92, 0.996092, 0.00478879, 1, 0
5867.93, 0.993218, 0.00477741, 1, 0
5867.94, 0.991315, 0.0047702, 1, 0
5867.95, 0.989413, 0.00476299, 1, 0
