wav, obs, sigma_obs, syn, weight
5991.43, 0.922034, 0.00963984, 1, 0
5991.44, 0.922632, 0.00964466, 1, 0
5991.45, 0.922549, 0.00964361, 1, 0
5991.46, 0.922828, 0.00964567, 1, 0
5991.47, 0.926038, 0.00967302, 1, 0
5991.48, 0.932746, 0.00973056, 1, 0
5991.49, 0.941926, 0.00980944, 1, 0
5991.5, 0.952466, 0.00989664, 1, 0
5991.51, 0.963253, 0.00997436, 0.99672, 0
5991.52, 0.973273, 0.0100357, 0.99648, 0
5991.53, 0.981675, 0.0100937, 0.99608, 0
5991.54, 0.98778, 0.0101516, 0.9956, 0
5991.55, 0.991236, 0.0101878, 0.99515, 0
5991.56, 0.99222, 0.0101896, 0.99483, 0
5991.57, 0.992205, 0.0101762, 0.9947, 0
5991.58, 0.992557, 0.0101675, 0.99479, 0.0288129
5991.59, 0.993591, 0.010167, 0.9951, 0.0288129
5991.6, 0.995204, 0.0101742, 0.99557, 0.0288129
5991.61, 0.996488, 0.0101859, 0.99613, 0.0288129
5991.62, 0.996593, 0.0101976, 0.99668, 0.0576258
5991.63, 0.996079, 0.0102031, 0.9971, 0.0864387
5991.64, 0.995829, 0.0101982, 0.99728, 0.144065
5991.65, 0.995844, 0.0101933, 0.9971, 0.230503
5991.66, 0.995778, 0.0102018, 0.99645, 0.345755
5991.67, 0.99537, 0.0102092, 0.99522, 0.547445
5991.68, 0.994406, 0.0101906, 0.99332, 0.806761
5991.69, 0.992725, 0.0101489, 0.9907, 1.09489
5991.7, 0.990219, 0.0101036, 0.98735, 1.46946
5991.71, 0.987021, 0.0100639, 0.98336, 1.93046
5991.72, 0.983392, 0.0100307, 0.97888, 2.36266
5991.73, 0.978721, 0.0099946, 0.97413, 2.85248
5991.74, 0.971731, 0.00993849, 0.96935, 3.28467
5991.75, 0.964265, 0.00987398, 0.96478, 3.68805
5991.76, 0.961448, 0.0098433, 0.96064, 4.06262
5991.77, 0.963097, 0.00984974, 0.95705, 4.35075
5991.78, 0.961902, 0.00984376, 0.95408, 4.52363
5991.79, 0.955465, 0.00980817, 0.95172, 4.63888
5991.8, 0.950012, 0.00978308, 0.94992, 4.63888
5991.81, 0.949253, 0.00978688, 0.9486, 4.61007
5991.82, 0.9505, 0.00978573, 0.9477, 4.43719
5991.83, 0.951511, 0.00976082, 0.94715, 4.20668
5991.84, 0.952872, 0.00974373, 0.9469, 3.86093
5991.85, 0.954894, 0.00975659, 0.94692, 3.45755
5991.86, 0.955839, 0.00977216, 0.94714, 3.02536
5991.87, 0.954417, 0.00976527, 0.94751, 2.56435
5991.88, 0.952317, 0.00975137, 0.94795, 2.10334
5991.89, 0.951385, 0.00974891, 0.94835, 1.64234
5991.9, 0.951081, 0.00974785, 0.94864, 1.26777
5991.91, 0.950432, 0.00973424, 0.94877, 0.8932
5991.92, 0.949831, 0.00971789, 0.94877, 0.633884
5991.93, 0.949954, 0.00971391, 0.94876, 0.432194
5991.94, 0.950061, 0.00971623, 0.94897, 0.288129
5991.95, 0.949056, 0.0097115, 0.94967, 0.172877
5991.96, 0.948135, 0.00970277, 0.95113, 0.0864387
5991.97, 0.94951, 0.0097013, 0.95356, 0.0576258
5991.98, 0.95319, 0.00971351, 0.95704, 0.0288129
5991.99, 0.957855, 0.00974244, 0.96148, 0
5992, 0.963335, 0.0097873, 0.96664, 0
5992.01, 0.970294, 0.00984422, 0.97218, 0
5992.02, 0.977933, 0.00990524, 0.97769, 0
5992.03, 0.984113, 0.00995894, 0.98283, 0
5992.04, 0.988143, 0.0100011, 0.98732, 0
5992.05, 0.991004, 0.0100356, 0.99101, 0
5992.06, 0.993508, 0.0100626, 0.99387, 0
5992.07, 0.996101, 0.0100767, 0.99597, 0
5992.08, 0.998673, 0.0100763, 0.99743, 0
5992.09, 1.00025, 0.0100674, 0.99839, 0
5992.1, 1.00061, 0.0100567, 1, 0
5992.11, 1.00115, 0.0100519, 1, 0
5992.12, 1.00252, 0.0100563, 1, 0
5992.13, 1.00307, 0.0100613, 1, 0
5992.14, 1.00153, 0.01006, 1, 0
5992.15, 0.998806, 0.0100549, 1, 0
5992.16, 0.996761, 0.010052, 1, 0
5992.17, 0.994716, 0.0100491, 1, 0
