wav, obs, sigma_obs, syn, weight
6121.25, 0.995303, 0.00443978, 1, 0
6121.26, 0.996, 0.00444148, 1, 0
6121.27, 0.996549, 0.00444268, 1, 0
6121.28, 0.996188, 0.00444088, 1, 0
6121.29, 0.995086, 0.00443654, 1, 0
6121.3, 0.994129, 0.00443245, 1, 0
6121.31, 0.99364, 0.00442995, 1, 0
6121.32, 0.993314, 0.00442877, 1, 0
6121.33, 0.993045, 0.00442836, 0.99556, 0.0692346
6121.34, 0.992984, 0.0044279, 0.99388, 0.0953609
6121.35, 0.992951, 0.00442663, 0.99229, 0.120181
6121.36, 0.992333, 0.0044239, 0.99095, 0.141082
6121.37, 0.991204, 0.00442044, 0.98994, 0.157411
6121.38, 0.990613, 0.00441892, 0.98923, 0.168514
6121.39, 0.990766, 0.00441947, 0.98873, 0.176352
6121.4, 0.990503, 0.00441831, 0.98836, 0.182884
6121.41, 0.989551, 0.00441463, 0.98805, 0.188109
6121.42, 0.989288, 0.00441308, 0.98775, 0.192681
6121.43, 0.990211, 0.0044154, 0.98745, 0.197253
6121.44, 0.990956, 0.00441718, 0.98714, 0.203132
6121.45, 0.990612, 0.00441562, 0.98682, 0.208357
6121.46, 0.989549, 0.00441226, 0.98648, 0.213582
6121.47, 0.988296, 0.00440867, 0.98613, 0.219461
6121.48, 0.987395, 0.00440542, 0.98576, 0.225339
6121.49, 0.987079, 0.00440277, 0.98538, 0.231871
6121.5, 0.986848, 0.00440064, 0.98497, 0.238402
6121.51, 0.986288, 0.00439878, 0.98455, 0.244934
6121.52, 0.985486, 0.0043966, 0.98411, 0.252119
6121.53, 0.984669, 0.0043939, 0.98364, 0.259303
6121.54, 0.984252, 0.00439172, 0.98316, 0.267141
6121.55, 0.984326, 0.00439043, 0.98265, 0.275632
6121.56, 0.983886, 0.00438757, 0.98211, 0.28347
6121.57, 0.982225, 0.00438158, 0.98155, 0.291961
6121.58, 0.980358, 0.00437561, 0.98097, 0.301105
6121.59, 0.979323, 0.00437271, 0.98035, 0.310903
6121.6, 0.978877, 0.0043717, 0.9797, 0.3207
6121.61, 0.978507, 0.00437056, 0.97902, 0.331151
6121.62, 0.9778, 0.00436781, 0.97829, 0.342254
6121.63, 0.976582, 0.00436289, 0.97752, 0.354011
6121.64, 0.975647, 0.00435874, 0.97669, 0.366421
6121.65, 0.975665, 0.00435798, 0.97582, 0.378831
6121.66, 0.975381, 0.0043569, 0.97488, 0.392547
6121.67, 0.973334, 0.00435092, 0.97387, 0.406917
6121.68, 0.970107, 0.00434087, 0.97279, 0.422593
6121.69, 0.966878, 0.00432944, 0.97162, 0.438268
6121.7, 0.964334, 0.0043195, 0.97037, 0.454597
6121.71, 0.962783, 0.00431317, 0.96902, 0.472886
6121.72, 0.961262, 0.00430754, 0.96757, 0.491174
6121.73, 0.958594, 0.00429867, 0.96602, 0.511422
6121.74, 0.955667, 0.00428948, 0.96437, 0.532323
6121.75, 0.953982, 0.00428483, 0.96262, 0.555183
6121.76, 0.952854, 0.00428142, 0.96077, 0.578697
6121.77, 0.950829, 0.00427325, 0.95884, 0.604823
6121.78, 0.948601, 0.00426365, 0.95682, 0.632256
6121.79, 0.947704, 0.00425957, 0.9547, 0.662301
6121.8, 0.947264, 0.00425803, 0.95248, 0.693653
6121.81, 0.945308, 0.0042514, 0.95015, 0.726964
6121.82, 0.942259, 0.00424087, 0.94769, 0.764194
6121.83, 0.939796, 0.00423234, 0.9451, 0.803383
6121.84, 0.937642, 0.00422491, 0.94234, 0.846491
6121.85, 0.934354, 0.00421367, 0.93941, 0.892212
6121.86, 0.929766, 0.00419801, 0.93627, 0.942505
6121.87, 0.924583, 0.0041803, 0.9329, 0.997371
6121.88, 0.91919, 0.0041618, 0.92927, 1.05615
6121.89, 0.913712, 0.00414289, 0.92533, 1.12147
6121.9, 0.908077, 0.00412351, 0.92102, 1.19136
6121.91, 0.902072, 0.00410328, 0.9163, 1.26843
6121.92, 0.895595, 0.00408145, 0.91109, 1.35203
6121.93, 0.88864, 0.00405707, 0.90531, 1.44348
6121.94, 0.881078, 0.00403009, 0.89889, 1.54406
6121.95, 0.87267, 0.00400126, 0.89172, 1.65379
6121.96, 0.863403, 0.00397059, 0.88369, 1.77332
6121.97, 0.853478, 0.00393722, 0.87465, 1.9033
6121.98, 0.842855, 0.00390059, 0.86442, 2.04307
6121.99, 0.831221, 0.00386046, 0.85279, 2.19265
6122, 0.818386, 0.00381653, 0.83949, 2.34875
6122.01, 0.804311, 0.00376842, 0.82425, 2.50682
6122.02, 0.788908, 0.00371572, 0.80679, 2.66096
6122.03, 0.772015, 0.003658, 0.7869, 2.804
6122.04, 0.753391, 0.00359436, 0.76446, 2.92745
6122.05, 0.732707, 0.00352336, 0.73948, 3.02542
6122.06, 0.710032, 0.00344494, 0.71209, 3.0927
6122.07, 0.686009, 0.00336108, 0.68254, 3.12862
6122.08, 0.660817, 0.00327263, 0.65119, 3.13123
6122.09, 0.633864, 0.00317841, 0.61844, 3.10315
6122.1, 0.604565, 0.00307635, 0.58477, 3.04698
6122.11, 0.57245, 0.00296317, 0.55068, 2.96468
6122.12, 0.536701, 0.002835, 0.51672, 2.86017
6122.13, 0.495878, 0.00268722, 0.48342, 2.73607
6122.14, 0.449985, 0.00251963, 0.45139, 2.59565
6122.15, 0.401875, 0.0023406, 0.42123, 2.44281
6122.16, 0.353896, 0.00215709, 0.39355, 2.28474
6122.17, 0.306734, 0.00197129, 0.36898, 2.12668
6122.18, 0.262396, 0.00179138, 0.34814, 1.97841
6122.19, 0.226218, 0.00163981, 0.33161, 1.85039
6122.2, 0.201904, 0.00153352, 0.31989, 1.75373
6122.21, 0.18831, 0.00147192, 0.31337, 1.69821
6122.22, 0.184573, 0.00145485, 0.31228, 1.68906
6122.23, 0.192296, 0.00148958, 0.31666, 1.7276
6122.24, 0.212654, 0.00157987, 0.32635, 1.81055
6122.25, 0.244642, 0.001717, 0.34102, 1.92747
6122.26, 0.286167, 0.00188816, 0.36021, 2.06985
6122.27, 0.333052, 0.00207469, 0.38337, 2.22596
6122.28, 0.381665, 0.00226134, 0.40989, 2.38533
6122.29, 0.431279, 0.00244691, 0.43914, 2.54143
6122.3, 0.481073, 0.00263014, 0.47049, 2.68709
6122.31, 0.527998, 0.0028004, 0.50335, 2.81837
6122.32, 0.569489, 0.00294859, 0.53711, 2.93137
6122.33, 0.606442, 0.00307844, 0.57121, 3.02216
6122.34, 0.640189, 0.00319545, 0.6051, 3.08943
6122.35, 0.670683, 0.00330064, 0.63826, 3.12862
6122.36, 0.697794, 0.00339446, 0.6702, 3.13777
6122.37, 0.722455, 0.0034794, 0.70048, 3.11491
6122.38, 0.745592, 0.00355788, 0.72872, 3.05939
6122.39, 0.766837, 0.00362954, 0.75461, 2.97252
6122.4, 0.785615, 0.00369354, 0.77797, 2.85756
6122.41, 0.802109, 0.00375019, 0.79873, 2.7204
6122.42, 0.816771, 0.00380045, 0.81696, 2.56887
6122.43, 0.83028, 0.0038466, 0.83283, 2.4095
6122.44, 0.843232, 0.00389072, 0.8466, 2.25078
6122.45, 0.855371, 0.00393125, 0.85855, 2.09729
6122.46, 0.86618, 0.00396579, 0.86897, 1.95163
6122.47, 0.875343, 0.00399464, 0.87809, 1.81643
6122.48, 0.882759, 0.00401926, 0.88612, 1.69102
6122.49, 0.889237, 0.00404201, 0.89323, 1.57672
6122.5, 0.895734, 0.004065, 0.89955, 1.47222
6122.51, 0.901767, 0.00408587, 0.90519, 1.3762
6122.52, 0.906401, 0.00410102, 0.91024, 1.28868
6122.53, 0.909881, 0.00411158, 0.91479, 1.20834
6122.54, 0.912919, 0.00412053, 0.91891, 1.13519
6122.55, 0.915702, 0.00412884, 0.92264, 1.06791
6122.56, 0.918201, 0.00413655, 0.92606, 1.00651
6122.57, 0.920676, 0.00414454, 0.9292, 0.950343
6122.58, 0.923446, 0.00415379, 0.93211, 0.897438
6122.59, 0.92598, 0.00416226, 0.93482, 0.85041
6122.6, 0.927431, 0.0041668, 0.93736, 0.805996
6122.61, 0.928451, 0.00416969, 0.93975, 0.7655
6122.62, 0.930426, 0.00417582, 0.942, 0.727617
6122.63, 0.933367, 0.00418503, 0.94414, 0.692999
6122.64, 0.936472, 0.00419426, 0.94617, 0.660995
6122.65, 0.939322, 0.00420255, 0.94812, 0.63095
6122.66, 0.941797, 0.00421047, 0.95001, 0.602864
6122.67, 0.944344, 0.00421945, 0.95185, 0.576738
6122.68, 0.947729, 0.00423129, 0.95366, 0.552571
6122.69, 0.951817, 0.00424521, 0.95545, 0.52971
6122.7, 0.955824, 0.00425852, 0.95724, 0.509462
6122.71, 0.959048, 0.0042689, 0.95901, 0.489215
6122.72, 0.960939, 0.0042746, 0.96078, 0.470273
6122.73, 0.962144, 0.00427788, 0.96253, 0.453291
6122.74, 0.964192, 0.00428396, 0.96427, 0.436309
6122.75, 0.967051, 0.00429304, 0.96597, 0.421286
6122.76, 0.969396, 0.00430115, 0.96764, 0.406264
6122.77, 0.971003, 0.00430734, 0.96927, 0.3932
6122.78, 0.972655, 0.00431347, 0.97084, 0.380137
6122.79, 0.974421, 0.00431927, 0.97236, 0.367727
6122.8, 0.975693, 0.00432244, 0.97381, 0.355317
6122.81, 0.976502, 0.0043235, 0.97518, 0.344214
6122.82, 0.977528, 0.0043257, 0.97646, 0.333763
6122.83, 0.978874, 0.00432991, 0.97765, 0.323966
6122.84, 0.980025, 0.00433435, 0.97873, 0.314168
6122.85, 0.981148, 0.004339, 0.9797, 0.305024
6122.86, 0.983153, 0.00434582, 0.98057, 0.296533
6122.87, 0.985646, 0.00435325, 0.98134, 0.287389
6122.88, 0.9867, 0.00435565, 0.98202, 0.279551
6122.89, 0.986101, 0.00435285, 0.98262, 0.271713
6122.9, 0.985828, 0.00435167, 0.98316, 0.264529
6122.91, 0.98671, 0.00435482, 0.98365, 0.256691
6122.92, 0.987908, 0.00435916, 0.98411, 0.250159
6122.93, 0.988679, 0.00436178, 0.98454, 0.244281
6122.94, 0.988579, 0.00436072, 0.98494, 0.237096
6122.95, 0.987958, 0.00435729, 0.98533, 0.231218
6122.96, 0.988253, 0.00435732, 0.9857, 0.225339
6122.97, 0.989792, 0.00436229, 0.98606, 0.220114
6122.98, 0.991103, 0.00436664, 0.98641, 0.213582
6122.99, 0.991388, 0.00436734, 0.98675, 0.20901
6123, 0.991144, 0.00436628, 0.98708, 0.203132
6123.01, 0.990788, 0.00436489, 0.9874, 0.197907
6123.02, 0.990407, 0.00436304, 0.98771, 0.192681
6123.03, 0.990125, 0.00436115, 0.98802, 0.187456
6123.04, 0.990175, 0.00436072, 0.98836, 0.182231
6123.05, 0.990562, 0.00436199, 0.98875, 0.176352
6123.06, 0.990846, 0.00436257, 0.98926, 0.168514
6123.07, 0.990789, 0.00436141, 0.98998, 0.156758
6123.08, 0.990634, 0.00436056, 0.991, 0.140429
6123.09, 0.99074, 0.00436181, 0.99234, 0.119528
6123.1, 0.991579, 0.00436574, 0.99393, 0.0947078
6123.11, 0.993099, 0.00437121, 0.99559, 0.0685815
6123.12, 0.9941, 0.00437376, 1, 0
6123.13, 0.99388, 0.00437135, 1, 0
6123.14, 0.993179, 0.0043683, 1, 0
6123.15, 0.992674, 0.00436767, 1, 0
6123.16, 0.992429, 0.00436758, 1, 0
6123.17, 0.992398, 0.0043663, 1, 0
6123.18, 0.992457, 0.00436442, 1, 0
6123.19, 0.992459, 0.00436292, 1, 0
