wav, obs, sigma_obs, syn, weight
6155.67, 0.978328, 0.00511274, 1, 0
6155.68, 0.978721, 0.0051169, 1, 0
6155.69, 0.979247, 0.00512276, 1, 0
6155.7, 0.979447, 0.00512444, 1, 0
6155.71, 0.979359, 0.00512095, 1, 0
6155.72, 0.980404, 0.00512531, 1, 0
6155.73, 0.982852, 0.00513985, 1, 0
6155.74, 0.98544, 0.00515255, 0.93088, 0.00335809
6155.75, 0.988195, 0.00516336, 0.9446, 0.00671617
6155.76, 0.991696, 0.00517768, 0.95699, 0.00671617
6155.77, 0.995786, 0.00519531, 0.9674, 0.0100743
6155.78, 0.999572, 0.00521162, 0.97561, 0.0134323
6155.79, 1.00143, 0.00521799, 0.98173, 0.0134323
6155.8, 1.00173, 0.00521741, 0.9861, 0.0201485
6155.81, 1.00217, 0.00521983, 0.98914, 0.0235066
6155.82, 1.00382, 0.00522793, 0.99121, 0.0335809
6155.83, 1.00607, 0.00523783, 0.99262, 0.0436551
6155.84, 1.0055, 0.00523771, 0.99359, 0.0604455
6155.85, 1.00275, 0.00522952, 0.99427, 0.0906683
6155.86, 1.00176, 0.0052266, 0.99475, 0.137682
6155.87, 1.00243, 0.00523033, 0.99509, 0.211559
6155.88, 1.00325, 0.00523614, 0.99531, 0.322376
6155.89, 1.00328, 0.00523685, 0.99539, 0.480206
6155.9, 1.00224, 0.00523121, 0.99526, 0.688408
6155.91, 1.00044, 0.00522451, 0.99481, 0.960412
6155.92, 0.998075, 0.00521691, 0.99381, 1.28279
6155.93, 0.995146, 0.00520642, 0.99193, 1.65218
6155.94, 0.991368, 0.0051932, 0.98876, 2.05179
6155.95, 0.986035, 0.00517418, 0.98386, 2.46148
6155.96, 0.978084, 0.0051419, 0.9769, 2.85773
6155.97, 0.968274, 0.00510084, 0.96787, 3.2204
6155.98, 0.958124, 0.00506093, 0.95725, 3.54278
6155.99, 0.947182, 0.00502083, 0.9461, 3.80135
6156, 0.93633, 0.00498182, 0.93591, 3.99948
6156.01, 0.929683, 0.00495536, 0.92831, 4.12373
6156.02, 0.92801, 0.00494625, 0.92467, 4.18082
6156.03, 0.929381, 0.00495303, 0.92567, 4.16738
6156.04, 0.933795, 0.00497442, 0.93115, 4.08007
6156.05, 0.941467, 0.00500792, 0.94009, 3.92896
6156.06, 0.951416, 0.00504789, 0.951, 3.70733
6156.07, 0.962353, 0.00508983, 0.96224, 3.42189
6156.08, 0.972783, 0.00513044, 0.97247, 3.08272
6156.09, 0.980784, 0.00516249, 0.98086, 2.70326
6156.1, 0.985651, 0.00518289, 0.98715, 2.29693
6156.11, 0.990779, 0.00520565, 0.9915, 1.88724
6156.12, 0.996752, 0.00523198, 0.99429, 1.50106
6156.13, 0.999982, 0.00524476, 0.99597, 1.14847
6156.14, 1.00103, 0.00524874, 0.99695, 0.846238
6156.15, 1.0021, 0.00525643, 0.9975, 0.601097
6156.16, 1.00209, 0.00525948, 0.99782, 0.413045
6156.17, 1.00084, 0.0052548, 0.99801, 0.272005
6156.18, 1.00079, 0.00525462, 0.99814, 0.181337
6156.19, 1.00135, 0.0052577, 0.99824, 0.117533
6156.2, 1.00018, 0.00525445, 0.99831, 0.0805941
6156.21, 0.99776, 0.00524665, 0.99836, 0.0604455
6156.22, 0.995358, 0.00523823, 0.99841, 0.0436551
6156.23, 0.993881, 0.00523029, 0.99844, 0.0369389
6156.24, 0.992809, 0.00522261, 0.99846, 0.0302228
6156.25, 0.990767, 0.00521471, 0.99845, 0.0235066
6156.26, 0.988742, 0.00521001, 0.99839, 0.0235066
6156.27, 0.987918, 0.00521056, 0.99824, 0.0167904
6156.28, 0.987698, 0.00521162, 0.99794, 0.0134323
6156.29, 0.987973, 0.00521327, 0.99739, 0.00671617
6156.3, 0.989306, 0.00522074, 0.99647, 0.00671617
6156.31, 0.991018, 0.00522896, 1, 0
6156.32, 0.99232, 0.00523207, 1, 0
6156.33, 0.993983, 0.0052375, 1, 0
6156.34, 0.995965, 0.0052472, 1, 0
6156.35, 0.996879, 0.00525312, 1, 0
6156.36, 0.996802, 0.00525472, 1, 0
6156.37, 0.997039, 0.0052577, 1, 0
