wav, obs, sigma_obs, syn, weight
6160.87, 0.96507, 0.00561059, 1, 0
6160.88, 0.972228, 0.00564246, 1, 0
6160.89, 0.978746, 0.005672, 1, 0
6160.9, 0.982301, 0.00569068, 1, 0
6160.91, 0.984382, 0.00570359, 1, 0
6160.92, 0.986439, 0.00571447, 1, 0
6160.93, 0.987007, 0.00571446, 0.98927, 0.0179248
6160.94, 0.98651, 0.00571004, 0.98936, 0.0375842
6160.95, 0.987052, 0.00571809, 0.98946, 0.065917
6160.96, 0.989263, 0.00573375, 0.98951, 0.097719
6160.97, 0.992073, 0.00574588, 0.98947, 0.127208
6160.98, 0.992492, 0.00574597, 0.98935, 0.150337
6160.99, 0.990835, 0.00573947, 0.98913, 0.165371
6161, 0.989535, 0.00573836, 0.98876, 0.1752
6161.01, 0.989637, 0.00574207, 0.98818, 0.182717
6161.02, 0.990343, 0.00574441, 0.9873, 0.189656
6161.03, 0.989045, 0.00573711, 0.98599, 0.196594
6161.04, 0.986476, 0.00572558, 0.98414, 0.20469
6161.05, 0.984701, 0.00571958, 0.98165, 0.213363
6161.06, 0.983686, 0.00571744, 0.97851, 0.224927
6161.07, 0.981706, 0.00570974, 0.97485, 0.238226
6161.08, 0.976369, 0.00568494, 0.97095, 0.255573
6161.09, 0.971426, 0.00566403, 0.96719, 0.280436
6161.1, 0.970379, 0.00566497, 0.96399, 0.314551
6161.11, 0.969206, 0.0056619, 0.96169, 0.364278
6161.12, 0.966593, 0.00564879, 0.96043, 0.435977
6161.13, 0.964432, 0.00564112, 0.96004, 0.534274
6161.14, 0.961856, 0.00563232, 0.96005, 0.663796
6161.15, 0.957843, 0.00561487, 0.95968, 0.82454
6161.16, 0.953028, 0.0055951, 0.95781, 1.01188
6161.17, 0.946799, 0.00557068, 0.95289, 1.21946
6161.18, 0.937392, 0.00553125, 0.94297, 1.43745
6161.19, 0.922837, 0.00546596, 0.92579, 1.66007
6161.2, 0.901619, 0.00537023, 0.89917, 1.8821
6161.21, 0.873083, 0.00524873, 0.86169, 2.10125
6161.22, 0.837359, 0.00509693, 0.81349, 2.31808
6161.23, 0.794526, 0.0049061, 0.75675, 2.5326
6161.24, 0.743117, 0.0046743, 0.69556, 2.74423
6161.25, 0.685509, 0.00441445, 0.63516, 2.94776
6161.26, 0.62905, 0.00415579, 0.58076, 3.13626
6161.27, 0.579044, 0.00392444, 0.53655, 3.29758
6161.28, 0.540142, 0.00374502, 0.50515, 3.41901
6161.29, 0.51811, 0.00364287, 0.4878, 3.49013
6161.3, 0.515247, 0.00362886, 0.48487, 3.50574
6161.31, 0.530429, 0.00369986, 0.4964, 3.46353
6161.32, 0.563793, 0.00385548, 0.52217, 3.3687
6161.33, 0.613338, 0.00408525, 0.56136, 3.22935
6161.34, 0.671525, 0.00435491, 0.61198, 3.05936
6161.35, 0.729703, 0.00462329, 0.67048, 2.86912
6161.36, 0.780729, 0.00485532, 0.732, 2.66964
6161.37, 0.825848, 0.00505801, 0.79124, 2.46668
6161.38, 0.865477, 0.00523508, 0.84361, 2.26199
6161.39, 0.895316, 0.00536782, 0.88616, 2.05615
6161.4, 0.915964, 0.00546018, 0.91802, 1.84857
6161.41, 0.93117, 0.00552969, 0.94009, 1.63925
6161.42, 0.944107, 0.00558749, 0.95436, 1.43225
6161.43, 0.954337, 0.00563252, 0.96308, 1.23392
6161.44, 0.958102, 0.00565366, 0.96819, 1.05178
6161.45, 0.959895, 0.0056672, 0.97115, 0.893927
6161.46, 0.96442, 0.00568872, 0.97288, 0.76614
6161.47, 0.966514, 0.00569764, 0.97389, 0.668999
6161.48, 0.965818, 0.00569478, 0.97449, 0.60077
6161.49, 0.967126, 0.00570223, 0.97481, 0.557403
6161.5, 0.968605, 0.00570978, 0.97495, 0.530805
6161.51, 0.967786, 0.00570579, 0.97494, 0.51635
6161.52, 0.965954, 0.00569969, 0.97482, 0.510567
6161.53, 0.964569, 0.00569701, 0.9746, 0.509989
6161.54, 0.964546, 0.00569798, 0.9743, 0.51288
6161.55, 0.965336, 0.00570121, 0.97393, 0.518084
6161.56, 0.96529, 0.00570124, 0.97349, 0.525601
6161.57, 0.962147, 0.00568897, 0.97299, 0.534853
6161.58, 0.958361, 0.00567524, 0.97243, 0.545261
6161.59, 0.957204, 0.00567322, 0.9718, 0.555669
6161.6, 0.955546, 0.00566519, 0.97111, 0.562029
6161.61, 0.952669, 0.00564939, 0.97035, 0.556825
6161.62, 0.951593, 0.00564627, 0.96953, 0.527336
6161.63, 0.950429, 0.00564542, 0.96864, 0.463153
6161.64, 0.947384, 0.0056343, 0.96768, 0.364278
6161.65, 0.946249, 0.00562931, 0.96665, 0.249791
6161.66, 0.946318, 0.00562968, 0.96568, 0.144555
6161.67, 0.943383, 0.00561977, 0.96496, 0.0699645
6161.68, 0.940505, 0.00560903, 1, 0
6161.69, 0.939643, 0.00560358, 1, 0
6161.7, 0.936571, 0.00558917, 1, 0
6161.71, 0.932127, 0.00557155, 1, 0
6161.72, 0.929975, 0.00556651, 1, 0
6161.73, 0.928817, 0.00556665, 1, 0
