wav, obs, sigma_obs, syn, weight
6163.34, 0.962842, 0.00592546, 1, 0
6163.35, 0.939577, 0.00581875, 1, 0
6163.36, 0.916003, 0.00570988, 1, 0
6163.37, 0.893598, 0.00560931, 1, 0
6163.38, 0.870194, 0.00550652, 1, 0
6163.39, 0.840726, 0.00537375, 1, 0
6163.4, 0.810134, 0.00523239, 0.77532, 0.0105587
6163.41, 0.785533, 0.00511558, 0.75754, 0.0224372
6163.42, 0.768133, 0.0050299, 0.75203, 0.0389351
6163.43, 0.760025, 0.00499008, 0.75779, 0.0574128
6163.44, 0.763584, 0.00501275, 0.77254, 0.0745707
6163.45, 0.775781, 0.00507662, 0.79244, 0.0864492
6163.46, 0.791805, 0.00515363, 0.81303, 0.0943682
6163.47, 0.80668, 0.0052229, 0.82988, 0.0989876
6163.48, 0.816956, 0.00527185, 0.83957, 0.103607
6163.49, 0.8194, 0.00528662, 0.84047, 0.108886
6163.5, 0.809292, 0.00523936, 0.83307, 0.115486
6163.51, 0.787893, 0.00513521, 0.81991, 0.124724
6163.52, 0.762516, 0.0050133, 0.80492, 0.135943
6163.53, 0.739976, 0.00490818, 0.79249, 0.151121
6163.54, 0.725395, 0.00484415, 0.78645, 0.171579
6163.55, 0.721352, 0.00483096, 0.7892, 0.199955
6163.56, 0.730198, 0.00487671, 0.80126, 0.24153
6163.57, 0.752972, 0.00498471, 0.82132, 0.301582
6163.58, 0.786242, 0.00514213, 0.84671, 0.388691
6163.59, 0.824473, 0.00532321, 0.87404, 0.508796
6163.6, 0.861044, 0.00549366, 0.8999, 0.665857
6163.61, 0.890934, 0.00563455, 0.92133, 0.859212
6163.62, 0.911253, 0.0057356, 0.93604, 1.08424
6163.63, 0.922076, 0.00579111, 0.94234, 1.33303
6163.64, 0.923078, 0.00579534, 0.93899, 1.5937
6163.65, 0.91409, 0.00574801, 0.92513, 1.85899
6163.66, 0.897611, 0.0056713, 0.90033, 2.12493
6163.67, 0.873145, 0.00556462, 0.86486, 2.38758
6163.68, 0.836333, 0.00539612, 0.82002, 2.64759
6163.69, 0.789382, 0.00517432, 0.76827, 2.90364
6163.7, 0.736576, 0.0049218, 0.71308, 3.15507
6163.71, 0.679766, 0.00464852, 0.65861, 3.39396
6163.72, 0.6226, 0.00437118, 0.60911, 3.60909
6163.73, 0.571024, 0.00411723, 0.56845, 3.78661
6163.74, 0.533195, 0.00393005, 0.53964, 3.91397
6163.75, 0.514498, 0.00383861, 0.52466, 3.9793
6163.76, 0.515355, 0.00384428, 0.52447, 3.976
6163.77, 0.535865, 0.00394722, 0.53905, 3.90539
6163.78, 0.574547, 0.00414011, 0.5674, 3.77275
6163.79, 0.625627, 0.00439444, 0.60756, 3.58929
6163.8, 0.683715, 0.00468063, 0.65655, 3.3702
6163.81, 0.743904, 0.00497006, 0.71064, 3.12867
6163.82, 0.798646, 0.00522762, 0.76571, 2.87724
6163.83, 0.844102, 0.00544001, 0.81785, 2.62053
6163.84, 0.883386, 0.0056295, 0.86388, 2.3625
6163.85, 0.914592, 0.00578389, 0.90183, 2.1025
6163.86, 0.935294, 0.00588469, 0.93107, 1.84249
6163.87, 0.951229, 0.00596001, 0.9522, 1.58182
6163.88, 0.964408, 0.00602132, 0.9666, 1.32709
6163.89, 0.97219, 0.00605759, 0.97597, 1.08622
6163.9, 0.976296, 0.00607835, 0.98189, 0.867791
6163.91, 0.979271, 0.00609528, 0.98563, 0.679715
6163.92, 0.98214, 0.0061101, 0.98804, 0.527934
6163.93, 0.985027, 0.00612444, 0.98966, 0.412448
6163.94, 0.987432, 0.00613819, 0.99083, 0.328639
6163.95, 0.988411, 0.00614367, 0.99171, 0.270566
6163.96, 0.988673, 0.00614473, 0.99241, 0.230311
6163.97, 0.990433, 0.0061565, 0.99297, 0.203255
6163.98, 0.993014, 0.00617211, 0.99345, 0.183457
6163.99, 0.994796, 0.00618027, 0.99385, 0.168939
6164, 0.994794, 0.00617949, 0.9942, 0.15706
6164.01, 0.994747, 0.00618115, 0.9945, 0.147162
6164.02, 0.996694, 0.00619529, 0.99477, 0.138583
6164.03, 0.99715, 0.00619815, 0.99501, 0.131324
6164.04, 0.995986, 0.00618973, 0.99522, 0.124724
6164.05, 0.997654, 0.00620121, 0.99541, 0.117465
6164.06, 0.999582, 0.00621552, 0.99558, 0.110206
6164.07, 0.999013, 0.00621275, 0.99573, 0.0989876
6164.08, 0.999122, 0.00621129, 0.99588, 0.0831496
6164.09, 0.999286, 0.00621407, 0.99601, 0.064012
6164.1, 0.997108, 0.00621255, 0.99615, 0.0428946
6164.11, 0.996548, 0.00621307, 0.9963, 0.0244169
6164.12, 0.998659, 0.00621814, 0.9965, 0.0118785
6164.13, 0.999278, 0.00622132, 1, 0
6164.14, 0.998609, 0.00622224, 1, 0
6164.15, 0.998492, 0.00622369, 1, 0
6164.16, 0.999554, 0.00622842, 1, 0
6164.17, 1.00151, 0.00623607, 1, 0
6164.18, 1.00324, 0.00624299, 1, 0
