wav, obs, sigma_obs, syn, weight
6165.99, 0.994566, 0.00492718, 1, 0
6166, 0.995961, 0.00493272, 1, 0
6166.01, 0.997587, 0.00493895, 1, 0
6166.02, 0.998792, 0.00494393, 1, 0
6166.03, 0.999257, 0.0049466, 1, 0
6166.04, 0.999192, 0.0049469, 1, 0
6166.05, 0.999008, 0.00494525, 1, 0
6166.06, 0.999031, 0.00494349, 1, 0
6166.07, 0.999518, 0.00494431, 0.99607, 0.0285533
6166.08, 1.00024, 0.00494726, 0.99643, 0.0392608
6166.09, 1.00045, 0.00494843, 0.99674, 0.0499682
6166.1, 0.999812, 0.00494577, 0.99696, 0.0606757
6166.11, 0.998833, 0.00494116, 0.99709, 0.0692417
6166.12, 0.99812, 0.00493703, 0.99712, 0.0778077
6166.13, 0.998272, 0.00493616, 0.99708, 0.084946
6166.14, 0.999597, 0.00494024, 0.99699, 0.0920843
6166.15, 1.00068, 0.0049438, 0.99684, 0.0999365
6166.16, 0.999687, 0.00493964, 0.99666, 0.109216
6166.17, 0.997459, 0.00493075, 0.99643, 0.11921
6166.18, 0.996428, 0.00492631, 0.99617, 0.131345
6166.19, 0.997143, 0.00492827, 0.99585, 0.145622
6166.2, 0.998125, 0.00493085, 0.99549, 0.164181
6166.21, 0.998198, 0.00492989, 0.99506, 0.187024
6166.22, 0.996901, 0.00492476, 0.99455, 0.218433
6166.23, 0.994264, 0.00491606, 0.99393, 0.261976
6166.24, 0.991612, 0.00490709, 0.99316, 0.320511
6166.25, 0.990137, 0.00490069, 0.99217, 0.401887
6166.26, 0.988914, 0.00489459, 0.99081, 0.509676
6166.27, 0.986389, 0.00488483, 0.98884, 0.647446
6166.28, 0.982047, 0.00486882, 0.98586, 0.818051
6166.29, 0.975976, 0.00484483, 0.98125, 1.01721
6166.3, 0.967968, 0.00481243, 0.97408, 1.24135
6166.31, 0.957507, 0.00477243, 0.96319, 1.48191
6166.32, 0.943649, 0.00472207, 0.94721, 1.73033
6166.33, 0.92476, 0.00465264, 0.9248, 1.98017
6166.34, 0.899424, 0.00455689, 0.89496, 2.22716
6166.35, 0.867013, 0.00443348, 0.85737, 2.46772
6166.36, 0.82703, 0.00428165, 0.81269, 2.70185
6166.37, 0.778916, 0.00409835, 0.76261, 2.92814
6166.38, 0.722563, 0.00388175, 0.70982, 3.14728
6166.39, 0.662332, 0.00364846, 0.65763, 3.35644
6166.4, 0.604933, 0.0034248, 0.60956, 3.54703
6166.41, 0.554998, 0.00322887, 0.5689, 3.7105
6166.42, 0.515234, 0.00307114, 0.53833, 3.83613
6166.43, 0.488912, 0.00296512, 0.5198, 3.91465
6166.44, 0.480267, 0.00292936, 0.51442, 3.93678
6166.45, 0.491902, 0.00297534, 0.52249, 3.90252
6166.46, 0.521934, 0.00309508, 0.54355, 3.81472
6166.47, 0.567252, 0.00327522, 0.57633, 3.68052
6166.48, 0.622375, 0.00349226, 0.61872, 3.51063
6166.49, 0.681343, 0.00372083, 0.6679, 3.31504
6166.5, 0.739879, 0.00394452, 0.72049, 3.10445
6166.51, 0.79459, 0.00415158, 0.77299, 2.88317
6166.52, 0.842698, 0.0043326, 0.82217, 2.65403
6166.53, 0.881972, 0.00448021, 0.86553, 2.41918
6166.54, 0.911994, 0.00459315, 0.90156, 2.17719
6166.55, 0.934849, 0.00467857, 0.92982, 1.92949
6166.56, 0.952221, 0.00474238, 0.95079, 1.67965
6166.57, 0.964422, 0.00478615, 0.96555, 1.43123
6166.58, 0.971919, 0.00481224, 0.97547, 1.19353
6166.59, 0.976644, 0.00482876, 0.98188, 0.97438
6166.6, 0.980646, 0.00484413, 0.98591, 0.780218
6166.61, 0.984006, 0.00485794, 0.98844, 0.616751
6166.62, 0.985998, 0.00486614, 0.99005, 0.483978
6166.63, 0.987148, 0.00487025, 0.99115, 0.382614
6166.64, 0.988905, 0.00487589, 0.99198, 0.306948
6166.65, 0.991393, 0.00488385, 0.99267, 0.251269
6166.66, 0.993054, 0.00488866, 0.9933, 0.211294
6166.67, 0.993233, 0.00488804, 0.99391, 0.182027
6166.68, 0.993407, 0.00488718, 0.9945, 0.159898
6166.69, 0.994728, 0.00489019, 0.99507, 0.142053
6166.7, 0.996163, 0.00489387, 0.9956, 0.12849
6166.71, 0.996457, 0.00489419, 0.99608, 0.117068
6166.72, 0.99613, 0.0048931, 0.99649, 0.107789
6166.73, 0.996341, 0.00489459, 0.99684, 0.0992226
6166.74, 0.997217, 0.00489876, 0.99712, 0.0913705
6166.75, 0.998195, 0.00490307, 0.99736, 0.0842322
6166.76, 0.999001, 0.00490633, 0.99755, 0.0770938
6166.77, 0.999698, 0.00490892, 0.9977, 0.0685279
6166.78, 1.00026, 0.00491065, 0.99783, 0.0599619
6166.79, 1.00045, 0.00491014, 0.99794, 0.0499682
6166.8, 1.00024, 0.00490711, 0.99804, 0.0392608
6166.81, 1.00023, 0.0049052, 0.99814, 0.0285533
6166.82, 1.00096, 0.00490772, 1, 0
6166.83, 1.00173, 0.00491163, 1, 0
6166.84, 1.00152, 0.00491213, 1, 0
6166.85, 1.00052, 0.00490916, 1, 0
6166.86, 0.999604, 0.00490546, 1, 0
6166.87, 0.999098, 0.00490227, 1, 0
6166.88, 0.998704, 0.00489922, 1, 0
6166.89, 0.998183, 0.004896, 1, 0
