wav, obs, sigma_obs, syn, weight
6168.94, 0.892724, 0.00434038, 1, 0
6168.95, 0.841428, 0.00415297, 1, 0
6168.96, 0.791136, 0.00396974, 1, 0
6168.97, 0.741113, 0.00378763, 1, 0
6168.98, 0.686278, 0.00358552, 1, 0
6168.99, 0.625603, 0.00335857, 1, 0
6169, 0.563547, 0.00312344, 1, 0
6169.01, 0.504973, 0.00289857, 1, 0
6169.02, 0.453532, 0.00269829, 0.43778, 1.07106
6169.03, 0.412711, 0.00253667, 0.41939, 1.42809
6169.04, 0.386712, 0.00243202, 0.4119, 1.75409
6169.05, 0.379693, 0.00240288, 0.41507, 2.01097
6169.06, 0.39237, 0.00245276, 0.42857, 2.17859
6169.07, 0.423274, 0.00257555, 0.45259, 2.26404
6169.08, 0.469594, 0.0027579, 0.4871, 2.28418
6169.09, 0.527229, 0.00297955, 0.53143, 2.26241
6169.1, 0.591422, 0.00322048, 0.58387, 2.21669
6169.11, 0.656493, 0.00346138, 0.64163, 2.15628
6169.12, 0.717591, 0.0036858, 0.70107, 2.0839
6169.13, 0.772087, 0.00388402, 0.75832, 2.00226
6169.14, 0.818114, 0.00404936, 0.81001, 1.90974
6169.15, 0.85554, 0.00418333, 0.85381, 1.80307
6169.16, 0.884782, 0.00428942, 0.88875, 1.68333
6169.17, 0.906994, 0.00437054, 0.91509, 1.55163
6169.18, 0.923634, 0.00442956, 0.934, 1.41067
6169.19, 0.936106, 0.00447188, 0.94703, 1.26699
6169.2, 0.945748, 0.00450446, 0.95576, 1.12658
6169.21, 0.95323, 0.0045302, 0.96154, 0.99596
6169.22, 0.958527, 0.00454782, 0.96537, 0.881125
6169.23, 0.961912, 0.00455788, 0.96793, 0.785883
6169.24, 0.9642, 0.00456442, 0.96964, 0.711866
6169.25, 0.966069, 0.00457047, 0.97077, 0.657442
6169.26, 0.967698, 0.00457559, 0.97146, 0.620978
6169.27, 0.969099, 0.00457886, 0.97179, 0.599753
6169.28, 0.969931, 0.00457987, 0.97179, 0.590501
6169.29, 0.969852, 0.00457854, 0.97149, 0.592678
6169.3, 0.969239, 0.00457633, 0.9709, 0.603562
6169.31, 0.96871, 0.0045751, 0.96999, 0.623699
6169.32, 0.967818, 0.00457251, 0.96876, 0.654177
6169.33, 0.965397, 0.0045634, 0.96715, 0.694995
6169.34, 0.961679, 0.00454846, 0.96513, 0.74833
6169.35, 0.958453, 0.00453489, 0.9626, 0.816905
6169.36, 0.956226, 0.00452501, 0.95943, 0.901262
6169.37, 0.953097, 0.00451199, 0.95542, 1.00249
6169.38, 0.947593, 0.00449061, 0.95024, 1.11787
6169.39, 0.940145, 0.00446282, 0.9434, 1.24577
6169.4, 0.931312, 0.004431, 0.93414, 1.37965
6169.41, 0.920695, 0.00439359, 0.92145, 1.51299
6169.42, 0.907594, 0.00434773, 0.90402, 1.64034
6169.43, 0.89113, 0.00428915, 0.88042, 1.75463
6169.44, 0.870349, 0.00421308, 0.84936, 1.85314
6169.45, 0.844448, 0.00411775, 0.81009, 1.9326
6169.46, 0.812745, 0.00400349, 0.76282, 1.9941
6169.47, 0.774689, 0.00386814, 0.70894, 2.03655
6169.48, 0.72989, 0.00370658, 0.65106, 2.06213
6169.49, 0.678565, 0.00351762, 0.59252, 2.07356
6169.5, 0.622028, 0.0033076, 0.5369, 2.07356
6169.51, 0.562123, 0.0030842, 0.48725, 2.0643
6169.52, 0.501906, 0.00285659, 0.44568, 2.05015
6169.53, 0.444821, 0.00263565, 0.4132, 2.03491
6169.54, 0.395115, 0.00243926, 0.3899, 2.01968
6169.55, 0.357028, 0.00228637, 0.37532, 2.0077
6169.56, 0.332727, 0.00218722, 0.36891, 1.99845
6169.57, 0.323352, 0.00214771, 0.37034, 1.9941
6169.58, 0.330044, 0.00217342, 0.37968, 1.99355
6169.59, 0.353879, 0.00226936, 0.39736, 1.99736
6169.6, 0.393595, 0.002429, 0.42396, 2.00389
6169.61, 0.445107, 0.00263187, 0.4598, 2.01151
6169.62, 0.504249, 0.00285873, 0.50452, 2.01804
6169.63, 0.567012, 0.00309422, 0.55674, 2.01913
6169.64, 0.629784, 0.00332535, 0.61401, 2.01097
6169.65, 0.690106, 0.00354489, 0.67301, 1.99137
6169.66, 0.745649, 0.00374613, 0.73017, 1.95654
6169.67, 0.793649, 0.00391926, 0.7823, 1.90484
6169.68, 0.831663, 0.00405517, 0.82719, 1.83463
6169.69, 0.861096, 0.00415886, 0.86383, 1.74592
6169.7, 0.885188, 0.0042421, 0.89239, 1.6398
6169.71, 0.905427, 0.00431096, 0.91385, 1.51843
6169.72, 0.921917, 0.00436701, 0.92962, 1.38672
6169.73, 0.934904, 0.00441129, 0.94113, 1.24958
6169.74, 0.944856, 0.00444442, 0.94961, 1.11406
6169.75, 0.952453, 0.00446884, 0.95601, 0.986163
6169.76, 0.958753, 0.00449062, 0.96099, 0.869152
6169.77, 0.964438, 0.00451326, 0.96501, 0.766834
6169.78, 0.968916, 0.00453119, 0.96833, 0.678668
6169.79, 0.971669, 0.00453924, 0.97115, 0.605195
6169.8, 0.973788, 0.00454303, 0.97357, 0.543696
6169.81, 0.976683, 0.00455054, 0.97569, 0.491993
6169.82, 0.980133, 0.00456133, 0.97755, 0.448454
6169.83, 0.983132, 0.00457084, 0.9792, 0.410357
6169.84, 0.985257, 0.00457729, 0.98067, 0.377703
6169.85, 0.986551, 0.0045811, 0.98198, 0.349402
6169.86, 0.987185, 0.00458274, 0.98315, 0.324911
6169.87, 0.987475, 0.00458264, 0.9842, 0.302598
6169.88, 0.987596, 0.00458135, 0.98514, 0.282461
6169.89, 0.987448, 0.00457961, 0.98598, 0.264501
6169.9, 0.986956, 0.00457791, 0.98672, 0.248174
6169.91, 0.986221, 0.00457589, 0.98739, 0.233479
6169.92, 0.985392, 0.00457313, 0.98798, 0.220417
6169.93, 0.984685, 0.00456958, 0.9885, 0.2079
6169.94, 0.984309, 0.00456542, 0.98895, 0.196471
6169.95, 0.984215, 0.00456163, 0.98934, 0.186674
6169.96, 0.984227, 0.00455953, 0.98967, 0.176878
6169.97, 0.984247, 0.00455921, 0.98995, 0.16817
6169.98, 0.984239, 0.00455987, 0.99018, 0.160007
6169.99, 0.984419, 0.00456113, 0.99035, 0.152931
6170, 0.985293, 0.0045632, 0.9905, 0.145856
6170.01, 0.987057, 0.0045666, 0.99061, 0.139325
6170.02, 0.989306, 0.00457241, 0.99072, 0.133339
6170.03, 0.991569, 0.00458058, 0.99083, 0.126808
6170.04, 0.993387, 0.00458758, 0.99097, 0.120277
6170.05, 0.994456, 0.00459032, 0.99115, 0.113202
6170.06, 0.995211, 0.00459078, 0.99136, 0.103406
6170.07, 0.996211, 0.00459199, 0.99162, 0.0914324
6170.08, 0.997217, 0.00459362, 0.99191, 0.0778263
6170.09, 0.997665, 0.00459392, 0.99222, 0.0614991
6170.1, 0.997838, 0.00459393, 0.99256, 0.0451719
6170.11, 0.99862, 0.00459671, 1, 0
6170.12, 0.999954, 0.00460172, 1, 0
6170.13, 1.00069, 0.0046043, 1, 0
6170.14, 1.00039, 0.00460232, 1, 0
6170.15, 1.00004, 0.00459859, 1, 0
6170.16, 1.00039, 0.00459553, 1, 0
6170.17, 1.00118, 0.00459305, 1, 0
6170.18, 1.00173, 0.00459026, 1, 0
