wav, obs, sigma_obs, syn, weight
6392.16, 0.994265, 0.0031375, 1, 0
6392.17, 0.994324, 0.00313746, 1, 0
6392.18, 0.994375, 0.00313745, 1, 0
6392.19, 0.994397, 0.00313766, 1, 0
6392.2, 0.994704, 0.00313865, 1, 0
6392.21, 0.995825, 0.00314128, 1, 0
6392.22, 0.997333, 0.00314459, 1, 0
6392.23, 0.998138, 0.00314639, 1, 0
6392.24, 0.998404, 0.00314711, 0.99923, 0
6392.25, 0.999128, 0.00314886, 0.99922, 0
6392.26, 1.00009, 0.00315111, 0.9992, 0
6392.27, 1.00032, 0.00315172, 0.99919, 0
6392.28, 1.00012, 0.00315143, 0.99918, 0
6392.29, 1.00052, 0.00315262, 0.99917, 0
6392.3, 1.00163, 0.00315558, 0.99915, 0
6392.31, 1.00306, 0.00315927, 0.99913, 0
6392.32, 1.00396, 0.00316156, 0.99911, 0
6392.33, 1.0035, 0.00316021, 0.99908, 0
6392.34, 1.00227, 0.0031571, 0.99904, 0.0906892
6392.35, 1.00149, 0.00315577, 0.99901, 0
6392.36, 1.00141, 0.00315636, 0.99896, 0.0906892
6392.37, 1.00176, 0.00315744, 0.9989, 0.0906892
6392.38, 1.00199, 0.0031577, 0.99881, 0.272068
6392.39, 1.00154, 0.00315619, 0.99866, 0.362757
6392.4, 1.00072, 0.00315385, 0.99837, 0.544135
6392.41, 1.00003, 0.00315204, 0.9978, 0.816203
6392.42, 0.999043, 0.00314987, 0.99673, 1.08827
6392.43, 0.997043, 0.00314569, 0.99475, 1.45103
6392.44, 0.993709, 0.00313826, 0.99131, 1.81378
6392.45, 0.988698, 0.0031263, 0.98574, 2.17654
6392.46, 0.98087, 0.00310754, 0.9773, 2.62999
6392.47, 0.969163, 0.00307994, 0.96548, 2.99274
6392.48, 0.954027, 0.00304398, 0.95019, 3.44619
6392.49, 0.936367, 0.00300117, 0.93209, 3.71826
6392.5, 0.917149, 0.00295441, 0.91265, 3.99033
6392.51, 0.897823, 0.00290785, 0.89406, 4.1717
6392.52, 0.881669, 0.00286925, 0.87886, 4.26239
6392.53, 0.871856, 0.00284594, 0.86937, 4.26239
6392.54, 0.869558, 0.00284054, 0.86714, 4.35308
6392.55, 0.87504, 0.00285369, 0.87254, 4.26239
6392.56, 0.887066, 0.00288288, 0.88467, 4.08102
6392.57, 0.903857, 0.00292412, 0.90159, 3.80895
6392.58, 0.922945, 0.00297072, 0.92081, 3.53688
6392.59, 0.941873, 0.00301615, 0.93987, 3.17412
6392.6, 0.958582, 0.00305576, 0.95687, 2.72068
6392.61, 0.971663, 0.00308654, 0.97067, 2.35792
6392.62, 0.981176, 0.00310895, 0.98096, 1.99516
6392.63, 0.987645, 0.00312447, 0.98804, 1.54172
6392.64, 0.992135, 0.00313567, 0.99256, 1.26965
6392.65, 0.995313, 0.00314398, 0.99525, 0.997582
6392.66, 0.996846, 0.00314808, 0.99674, 0.725514
6392.67, 0.996982, 0.00314834, 0.99752, 0.453446
6392.68, 0.997352, 0.00314903, 0.99791, 0.362757
6392.69, 0.99868, 0.00315224, 0.9981, 0.181378
6392.7, 0.999776, 0.00315532, 0.99819, 0.181378
6392.71, 0.99988, 0.00315624, 0.99823, 0.0906892
6392.72, 0.999291, 0.00315486, 0.99824, 0
6392.73, 0.998546, 0.00315237, 0.99824, 0.0906892
6392.74, 0.998382, 0.00315169, 0.99823, 0.0906892
6392.75, 0.998907, 0.00315346, 0.99821, 0.0906892
6392.76, 0.999335, 0.00315499, 0.99818, 0.0906892
6392.77, 0.999387, 0.00315532, 0.99816, 0.0906892
6392.78, 0.999504, 0.00315601, 0.99813, 0
6392.79, 0.999792, 0.00315726, 0.99809, 0.0906892
6392.8, 0.999908, 0.00315745, 0.99806, 0
6392.81, 0.999809, 0.00315668, 0.99802, 0.0906892
6392.82, 0.999802, 0.00315694, 0.99798, 0
6392.83, 0.999878, 0.00315823, 1, 0
6392.84, 0.999714, 0.00315849, 1, 0
6392.85, 0.999261, 0.00315729, 1, 0
6392.86, 0.998736, 0.00315568, 1, 0
6392.87, 0.998234, 0.00315416, 1, 0
6392.88, 0.997733, 0.00315265, 1, 0
6392.89, 0.997227, 0.00315112, 1, 0
6392.9, 0.996722, 0.00314959, 1, 0
