wav, obs, sigma_obs, syn, weight
6437.86, 0.996333, 0.00323611, 1, 0
6437.87, 0.996429, 0.00323565, 1, 0
6437.88, 0.9966, 0.00323531, 1, 0
6437.89, 0.996726, 0.0032349, 1, 0
6437.9, 0.996583, 0.00323407, 1, 0
6437.91, 0.996195, 0.00323299, 1, 0
6437.92, 0.995842, 0.00323241, 1, 0
6437.93, 0.995654, 0.00323239, 1, 0
6437.94, 0.995386, 0.00323143, 0.99595, 0.0733887
6437.95, 0.994813, 0.00322845, 0.99588, 0.0986739
6437.96, 0.993984, 0.00322495, 0.9958, 0.122726
6437.97, 0.993006, 0.00322268, 0.99572, 0.143694
6437.98, 0.99195, 0.00322112, 0.99564, 0.159728
6437.99, 0.990886, 0.00321892, 0.99556, 0.170829
6438, 0.99013, 0.00321679, 0.99549, 0.178847
6438.01, 0.990148, 0.00321679, 0.99541, 0.184397
6438.02, 0.990781, 0.00321863, 0.99533, 0.188714
6438.03, 0.991149, 0.00321933, 0.99524, 0.193031
6438.04, 0.990838, 0.00321752, 0.99515, 0.196731
6438.05, 0.990409, 0.00321531, 0.99505, 0.201048
6438.06, 0.990384, 0.00321457, 0.99495, 0.204748
6438.07, 0.990814, 0.00321526, 0.99484, 0.209065
6438.08, 0.991568, 0.00321675, 0.99474, 0.213382
6438.09, 0.992036, 0.00321758, 0.99463, 0.217083
6438.1, 0.991536, 0.00321619, 0.99454, 0.222016
6438.11, 0.990454, 0.0032135, 0.99444, 0.22695
6438.12, 0.989798, 0.00321183, 0.99435, 0.231267
6438.13, 0.989997, 0.00321218, 0.99425, 0.236201
6438.14, 0.990887, 0.00321419, 0.99415, 0.241134
6438.15, 0.992006, 0.0032167, 0.99404, 0.246685
6438.16, 0.99245, 0.00321731, 0.99392, 0.251619
6438.17, 0.991838, 0.00321511, 0.99379, 0.257169
6438.18, 0.991359, 0.00321341, 0.99366, 0.262719
6438.19, 0.992068, 0.00321516, 0.99352, 0.268886
6438.2, 0.993135, 0.00321801, 0.99338, 0.274437
6438.21, 0.993333, 0.00321846, 0.99323, 0.280604
6438.22, 0.992879, 0.00321701, 0.99307, 0.286771
6438.23, 0.992686, 0.00321605, 0.99291, 0.293555
6438.24, 0.992943, 0.00321618, 0.99274, 0.300339
6438.25, 0.993231, 0.00321651, 0.99256, 0.307123
6438.26, 0.993321, 0.00321653, 0.99238, 0.31514
6438.27, 0.993277, 0.00321639, 0.99218, 0.32254
6438.28, 0.993192, 0.00321611, 0.99198, 0.329941
6438.29, 0.993175, 0.00321541, 0.99178, 0.338575
6438.3, 0.993283, 0.00321439, 0.99156, 0.347209
6438.31, 0.99336, 0.00321496, 0.99134, 0.355843
6438.32, 0.993235, 0.00321879, 0.99111, 0.365094
6438.33, 0.992988, 0.00322287, 0.99087, 0.375578
6438.34, 0.992793, 0.00322255, 0.99063, 0.384828
6438.35, 0.99259, 0.00321818, 0.99037, 0.395312
6438.36, 0.99217, 0.00321353, 0.9901, 0.40703
6438.37, 0.991599, 0.00321059, 0.98981, 0.417514
6438.38, 0.991263, 0.00320916, 0.98952, 0.429848
6438.39, 0.991365, 0.0032089, 0.9892, 0.442183
6438.4, 0.991723, 0.00320947, 0.98886, 0.454517
6438.41, 0.992087, 0.00321035, 0.98849, 0.468085
6438.42, 0.992108, 0.00321049, 0.98811, 0.481652
6438.43, 0.99151, 0.00320898, 0.98769, 0.496453
6438.44, 0.990511, 0.00320629, 0.98724, 0.511254
6438.45, 0.989496, 0.00320332, 0.98675, 0.527289
6438.46, 0.988788, 0.003201, 0.98623, 0.54394
6438.47, 0.988647, 0.00320017, 0.98568, 0.561208
6438.48, 0.988756, 0.0032001, 0.98508, 0.579709
6438.49, 0.988263, 0.0031986, 0.98446, 0.598827
6438.5, 0.986953, 0.00319516, 0.98382, 0.618562
6438.51, 0.985628, 0.00319201, 0.98317, 0.640147
6438.52, 0.984845, 0.00319056, 0.98251, 0.662349
6438.53, 0.984313, 0.00318942, 0.98187, 0.685167
6438.54, 0.983668, 0.00318718, 0.98125, 0.710452
6438.55, 0.98283, 0.00318408, 0.98064, 0.735738
6438.56, 0.981813, 0.00318083, 0.98004, 0.76349
6438.57, 0.980797, 0.00317812, 0.97942, 0.791858
6438.58, 0.980017, 0.00317656, 0.97876, 0.822077
6438.59, 0.979418, 0.00317544, 0.97804, 0.85353
6438.6, 0.978725, 0.00317316, 0.97724, 0.886215
6438.61, 0.977869, 0.00316966, 0.97633, 0.920135
6438.62, 0.977043, 0.00316684, 0.97529, 0.955287
6438.63, 0.976273, 0.00316538, 0.97407, 0.991056
6438.64, 0.975205, 0.00316316, 0.9726, 1.02868
6438.65, 0.973537, 0.00315846, 0.97079, 1.06753
6438.66, 0.971312, 0.00315219, 0.96851, 1.10762
6438.67, 0.968603, 0.00314548, 0.96558, 1.15078
6438.68, 0.965181, 0.0031374, 0.96186, 1.1958
6438.69, 0.960757, 0.00312647, 0.95722, 1.24453
6438.7, 0.955555, 0.0031132, 0.95166, 1.29695
6438.71, 0.950115, 0.00309934, 0.94535, 1.35492
6438.72, 0.944779, 0.00308593, 0.93861, 1.41782
6438.73, 0.939691, 0.00307326, 0.93196, 1.48689
6438.74, 0.935008, 0.00306173, 0.92597, 1.56213
6438.75, 0.93093, 0.00305192, 0.92117, 1.64477
6438.76, 0.927689, 0.00304433, 0.91787, 1.73358
6438.77, 0.925597, 0.00303925, 0.91612, 1.82917
6438.78, 0.924771, 0.00303659, 0.91564, 1.93278
6438.79, 0.92434, 0.00303464, 0.91591, 2.04255
6438.8, 0.923256, 0.00303142, 0.9163, 2.15973
6438.81, 0.921363, 0.0030265, 0.91616, 2.28183
6438.82, 0.918903, 0.00302016, 0.915, 2.40888
6438.83, 0.915545, 0.00301169, 0.91247, 2.53777
6438.84, 0.910516, 0.0029996, 0.90841, 2.66605
6438.85, 0.903713, 0.00298352, 0.90277, 2.78939
6438.86, 0.895916, 0.00296452, 0.89555, 2.90471
6438.87, 0.887365, 0.00294283, 0.8867, 3.00462
6438.88, 0.877046, 0.00291666, 0.87613, 3.08541
6438.89, 0.864088, 0.00288449, 0.86355, 3.14277
6438.9, 0.848692, 0.00284648, 0.84852, 3.17298
6438.91, 0.831206, 0.00280302, 0.83038, 3.17545
6438.92, 0.81144, 0.00275372, 0.80831, 3.14893
6438.93, 0.788969, 0.00269773, 0.78139, 3.09589
6438.94, 0.763022, 0.00263298, 0.74881, 3.01881
6438.95, 0.732633, 0.00255665, 0.71024, 2.91952
6438.96, 0.697324, 0.00246734, 0.66609, 2.80296
6438.97, 0.6571, 0.00236502, 0.61779, 2.67098
6438.98, 0.611609, 0.00224857, 0.56763, 2.5279
6438.99, 0.55988, 0.00211503, 0.51834, 2.37681
6439, 0.502115, 0.00196421, 0.47255, 2.2214
6439.01, 0.441814, 0.00180383, 0.43221, 2.06599
6439.02, 0.382829, 0.00164273, 0.39838, 1.91551
6439.03, 0.328124, 0.00148876, 0.37128, 1.77613
6439.04, 0.280373, 0.0013496, 0.35055, 1.65279
6439.05, 0.241928, 0.00123369, 0.33565, 1.5535
6439.06, 0.214931, 0.00114965, 0.32604, 1.48258
6439.07, 0.200632, 0.0011037, 0.32133, 1.44681
6439.08, 0.199574, 0.00110001, 0.32133, 1.44681
6439.09, 0.211702, 0.00113885, 0.32604, 1.48258
6439.1, 0.236238, 0.00121568, 0.33565, 1.55288
6439.11, 0.272415, 0.00132555, 0.35055, 1.65341
6439.12, 0.319578, 0.00146336, 0.37128, 1.77551
6439.13, 0.376324, 0.00162267, 0.39838, 1.91551
6439.14, 0.438679, 0.00179262, 0.43221, 2.06537
6439.15, 0.502294, 0.00196199, 0.47255, 2.22078
6439.16, 0.56376, 0.00212264, 0.51834, 2.37619
6439.17, 0.620149, 0.00226793, 0.56763, 2.52729
6439.18, 0.669991, 0.00239479, 0.6178, 2.67098
6439.19, 0.712726, 0.00250235, 0.6661, 2.80296
6439.2, 0.748714, 0.00259209, 0.71025, 2.92013
6439.21, 0.779168, 0.00266769, 0.74884, 3.01942
6439.22, 0.805045, 0.00273185, 0.78143, 3.09775
6439.23, 0.826855, 0.00278561, 0.80837, 3.15263
6439.24, 0.845227, 0.00283045, 0.83046, 3.18162
6439.25, 0.86118, 0.00286915, 0.84864, 3.18347
6439.26, 0.875504, 0.00290396, 0.86375, 3.15818
6439.27, 0.887779, 0.00293381, 0.8765, 3.107
6439.28, 0.89745, 0.00295728, 0.88742, 3.03299
6439.29, 0.905284, 0.00297632, 0.8969, 2.94172
6439.3, 0.91254, 0.00299413, 0.90521, 2.83626
6439.31, 0.919335, 0.00301093, 0.91257, 2.72155
6439.32, 0.924992, 0.00302483, 0.91912, 2.60314
6439.33, 0.929506, 0.00303578, 0.925, 2.48288
6439.34, 0.933653, 0.00304586, 0.9303, 2.36386
6439.35, 0.937823, 0.003056, 0.93511, 2.24853
6439.36, 0.941622, 0.00306487, 0.93947, 2.13691
6439.37, 0.944805, 0.00307176, 0.94344, 2.03022
6439.38, 0.947832, 0.00307853, 0.94705, 1.92969
6439.39, 0.951152, 0.00308689, 0.95033, 1.8341
6439.4, 0.954481, 0.00309531, 0.95332, 1.74406
6439.41, 0.957367, 0.0031016, 0.95604, 1.65957
6439.42, 0.959949, 0.0031067, 0.95852, 1.58002
6439.43, 0.962648, 0.00311305, 0.96079, 1.50478
6439.44, 0.965405, 0.00312037, 0.96287, 1.43447
6439.45, 0.967762, 0.00312616, 0.96478, 1.36848
6439.46, 0.969623, 0.00312974, 0.96653, 1.30681
6439.47, 0.971391, 0.00313302, 0.96815, 1.24884
6439.48, 0.973199, 0.00313699, 0.96964, 1.19334
6439.49, 0.974513, 0.00314036, 0.97101, 1.14215
6439.5, 0.975018, 0.00314219, 0.97228, 1.09343
6439.51, 0.975491, 0.00314393, 0.97344, 1.04841
6439.52, 0.976699, 0.00314697, 0.97452, 1.00524
6439.53, 0.97787, 0.00314926, 0.97553, 0.964538
6439.54, 0.97781, 0.00314788, 0.97649, 0.926302
6439.55, 0.977068, 0.00314484, 0.97741, 0.890532
6439.56, 0.977209, 0.00314499, 0.97829, 0.856613
6439.57, 0.978465, 0.00314874, 0.97916, 0.824544
6439.58, 0.979757, 0.00315216, 0.97999, 0.794325
6439.59, 0.980516, 0.00315349, 0.9808, 0.76534
6439.6, 0.98105, 0.00315452, 0.98157, 0.738204
6439.61, 0.981605, 0.00315648, 0.98231, 0.712303
6439.62, 0.982094, 0.00315828, 0.98299, 0.687017
6439.63, 0.982442, 0.00315895, 0.98363, 0.663582
6439.64, 0.982843, 0.0031592, 0.98423, 0.641997
6439.65, 0.983507, 0.00316011, 0.98479, 0.620412
6439.66, 0.984235, 0.00316166, 0.98532, 0.600678
6439.67, 0.984689, 0.00316345, 0.98581, 0.58156
6439.68, 0.985082, 0.0031653, 0.98628, 0.563058
6439.69, 0.985992, 0.00316718, 0.98672, 0.54579
6439.7, 0.987261, 0.00316877, 0.98714, 0.528522
6439.71, 0.987907, 0.00316936, 0.98753, 0.512488
6439.72, 0.98774, 0.00316926, 0.98791, 0.49707
6439.73, 0.988047, 0.00317062, 0.98827, 0.482886
6439.74, 0.989589, 0.00317447, 0.98862, 0.468701
6439.75, 0.991183, 0.00317819, 0.98895, 0.455134
6439.76, 0.991652, 0.00317923, 0.98926, 0.442183
6439.77, 0.991531, 0.00317854, 0.98956, 0.430465
6439.78, 0.991755, 0.00317797, 0.98985, 0.418748
6439.79, 0.992266, 0.00317809, 0.99013, 0.40703
6439.8, 0.99254, 0.00317888, 0.99039, 0.396546
6439.81, 0.992562, 0.0031799, 0.99065, 0.385445
6439.82, 0.992716, 0.00318052, 0.9909, 0.375578
6439.83, 0.99317, 0.00318079, 0.99113, 0.36571
6439.84, 0.993817, 0.00318167, 0.99136, 0.357076
6439.85, 0.994479, 0.00318337, 0.99157, 0.348442
6439.86, 0.994874, 0.00318437, 0.99178, 0.339192
6439.87, 0.9948, 0.00318354, 0.99198, 0.331174
6439.88, 0.994355, 0.00318157, 0.99218, 0.323157
6439.89, 0.993697, 0.00317946, 0.99236, 0.31514
6439.9, 0.992995, 0.00317771, 0.99254, 0.307739
6439.91, 0.992422, 0.00317666, 0.99272, 0.300956
6439.92, 0.992155, 0.00317632, 0.99289, 0.293555
6439.93, 0.992354, 0.00317646, 0.99305, 0.286771
6439.94, 0.992764, 0.0031766, 0.99321, 0.279987
6439.95, 0.992778, 0.00317597, 0.99336, 0.27382
6439.96, 0.992237, 0.00317451, 0.99351, 0.26827
6439.97, 0.991604, 0.00317308, 0.99365, 0.261486
6439.98, 0.991184, 0.00317217, 0.99379, 0.256552
6439.99, 0.990842, 0.00317129, 0.99392, 0.251002
6440, 0.990475, 0.00317011, 0.99404, 0.245451
6440.01, 0.990315, 0.00316934, 0.99417, 0.240518
6440.02, 0.990604, 0.00316976, 0.99428, 0.235584
6440.03, 0.991209, 0.00317095, 0.99439, 0.23065
6440.04, 0.991867, 0.00317209, 0.99449, 0.226333
6440.05, 0.992441, 0.00317297, 0.9946, 0.222016
6440.06, 0.992869, 0.00317369, 0.9947, 0.217699
6440.07, 0.992937, 0.00317389, 0.9948, 0.213382
6440.08, 0.992302, 0.00317273, 0.9949, 0.209065
6440.09, 0.991186, 0.00317053, 0.995, 0.205365
6440.1, 0.990657, 0.00316926, 0.99509, 0.201665
6440.11, 0.991179, 0.00316983, 0.99519, 0.197348
6440.12, 0.991634, 0.00317033, 0.99528, 0.193648
6440.13, 0.991151, 0.00316926, 0.99537, 0.189947
6440.14, 0.990715, 0.0031683, 0.99545, 0.186247
6440.15, 0.991513, 0.00316952, 0.99552, 0.18193
6440.16, 0.993092, 0.00317233, 0.99559, 0.17638
6440.17, 0.994412, 0.00317518, 0.99566, 0.168362
6440.18, 0.995291, 0.00317743, 0.99573, 0.156645
6440.19, 0.996082, 0.00317911, 0.9958, 0.141227
6440.2, 0.996912, 0.00318043, 0.99587, 0.120876
6440.21, 0.997664, 0.00318186, 0.99593, 0.0968238
6440.22, 0.998258, 0.00318342, 0.99599, 0.0715386
6440.23, 0.998682, 0.00318446, 1, 0
6440.24, 0.998935, 0.0031846, 1, 0
6440.25, 0.999023, 0.00318436, 1, 0
6440.26, 0.998963, 0.00318427, 1, 0
6440.27, 0.998817, 0.00318434, 1, 0
6440.28, 0.998699, 0.00318436, 1, 0
6440.29, 0.99859, 0.00318436, 1, 0
6440.3, 0.998482, 0.00318436, 1, 0
