wav, obs, sigma_obs, syn, weight
6455.17, 0.999816, 0.00305014, 1, 0
6455.18, 1.00092, 0.00305226, 1, 0
6455.19, 1.00196, 0.00305431, 1, 0
6455.2, 1.00236, 0.00305567, 1, 0
6455.21, 1.00221, 0.00305619, 1, 0
6455.22, 1.00215, 0.00305606, 1, 0
6455.23, 1.00234, 0.00305555, 1, 0
6455.24, 1.00235, 0.00305495, 1, 0
6455.25, 1.00204, 0.00305444, 0.99789, 0.0208347
6455.26, 1.00171, 0.00305404, 0.99798, 0.028474
6455.27, 1.00135, 0.00305334, 0.99805, 0.0368079
6455.28, 1.00044, 0.00305136, 0.99809, 0.0451418
6455.29, 0.999231, 0.00304868, 0.99809, 0.0520867
6455.3, 0.999239, 0.00304854, 0.99806, 0.0583371
6455.31, 1.00072, 0.00305155, 0.99801, 0.0645875
6455.32, 1.00139, 0.00305317, 0.99792, 0.0708379
6455.33, 1.00024, 0.00305115, 0.99781, 0.0777827
6455.34, 0.999294, 0.00304883, 0.99766, 0.0854221
6455.35, 0.999582, 0.00304818, 0.99749, 0.0958395
6455.36, 0.999182, 0.00304669, 0.99728, 0.10834
6455.37, 0.996813, 0.00304241, 0.99702, 0.125008
6455.38, 0.99365, 0.00303613, 0.99672, 0.148621
6455.39, 0.99081, 0.00302903, 0.99635, 0.181956
6455.4, 0.988311, 0.00302238, 0.9959, 0.229876
6455.41, 0.986036, 0.00301703, 0.99532, 0.297936
6455.42, 0.983988, 0.0030127, 0.99453, 0.391692
6455.43, 0.982215, 0.00300898, 0.99341, 0.516005
6455.44, 0.980846, 0.00300585, 0.99171, 0.67296
6455.45, 0.979708, 0.00300287, 0.98901, 0.86325
6455.46, 0.977524, 0.00299787, 0.98466, 1.08201
6455.47, 0.972895, 0.00298814, 0.9777, 1.3237
6455.48, 0.964901, 0.00297034, 0.96689, 1.58135
6455.49, 0.952613, 0.00294118, 0.95084, 1.84803
6455.5, 0.934578, 0.00289829, 0.92822, 2.11958
6455.51, 0.90931, 0.00283938, 0.89818, 2.39182
6455.52, 0.875806, 0.00276163, 0.86071, 2.66267
6455.53, 0.83366, 0.00266324, 0.81695, 2.93005
6455.54, 0.784827, 0.00254842, 0.76924, 3.18979
6455.55, 0.732136, 0.00242361, 0.72085, 3.43564
6455.56, 0.679051, 0.0022967, 0.6755, 3.65648
6455.57, 0.629618, 0.00217711, 0.63681, 3.84261
6455.58, 0.590134, 0.00208075, 0.60781, 3.9815
6455.59, 0.567122, 0.00202441, 0.59068, 4.06345
6455.6, 0.562587, 0.00201347, 0.58665, 4.08359
6455.61, 0.576389, 0.00204781, 0.59599, 4.03845
6455.62, 0.606643, 0.00212224, 0.61806, 3.9315
6455.63, 0.650438, 0.00222879, 0.65124, 3.77246
6455.64, 0.702996, 0.00235529, 0.693, 3.57037
6455.65, 0.758635, 0.00248764, 0.74002, 3.33841
6455.66, 0.811998, 0.00261335, 0.78858, 3.08631
6455.67, 0.858231, 0.00272157, 0.83506, 2.8224
6455.68, 0.895837, 0.00280924, 0.87652, 2.55294
6455.69, 0.925345, 0.00287798, 0.91109, 2.28209
6455.7, 0.947556, 0.00292969, 0.9381, 2.00985
6455.71, 0.963446, 0.00296646, 0.95794, 1.73969
6455.72, 0.974131, 0.00299097, 0.97168, 1.47648
6455.73, 0.980827, 0.00300625, 0.98071, 1.22369
6455.74, 0.984776, 0.00301532, 0.98636, 0.991036
6455.75, 0.987206, 0.00302106, 0.98975, 0.782689
6455.76, 0.988757, 0.00302489, 0.99168, 0.605594
6455.77, 0.989599, 0.00302703, 0.99272, 0.461141
6455.78, 0.990133, 0.00302833, 0.99318, 0.350022
6455.79, 0.990957, 0.00303015, 0.9933, 0.266684
6455.8, 0.992348, 0.00303313, 0.99324, 0.207652
6455.81, 0.994242, 0.00303716, 0.9931, 0.165983
6455.82, 0.996157, 0.00304135, 0.993, 0.137509
6455.83, 0.997222, 0.00304415, 0.99302, 0.116674
6455.84, 0.99745, 0.00304546, 0.99322, 0.10209
6455.85, 0.997847, 0.00304682, 0.9936, 0.0895891
6455.86, 0.998796, 0.00304885, 0.99414, 0.0812552
6455.87, 0.999871, 0.00305096, 0.99481, 0.0736158
6455.88, 1.0007, 0.00305257, 0.99552, 0.0673654
6455.89, 1.00108, 0.00305332, 0.99621, 0.061115
6455.9, 1.0011, 0.00305358, 0.99684, 0.0555591
6455.91, 1.00134, 0.00305474, 0.99736, 0.0493087
6455.92, 1.00187, 0.00305669, 0.99777, 0.0430583
6455.93, 1.00206, 0.00305692, 0.99807, 0.0361134
6455.94, 1.00172, 0.00305503, 0.99829, 0.0277796
6455.95, 1.00154, 0.00305426, 0.99844, 0.0194457
6455.96, 1.00182, 0.00305593, 1, 0
6455.97, 1.00219, 0.00305736, 1, 0
6455.98, 1.00234, 0.00305696, 1, 0
6455.99, 1.00228, 0.00305598, 1, 0
6456, 1.00209, 0.00305542, 1, 0
6456.01, 1.00184, 0.00305507, 1, 0
6456.02, 1.00163, 0.00305458, 1, 0
6456.03, 1.00142, 0.00305408, 1, 0
