wav, obs, sigma_obs, syn, weight
6471.11, 1.0002, 0.00339371, 1, 0
6471.12, 1.00089, 0.00339515, 1, 0
6471.13, 1.00076, 0.00339478, 1, 0
6471.14, 0.999288, 0.00339153, 1, 0
6471.15, 0.998336, 0.00338983, 1, 0
6471.16, 0.999106, 0.00339243, 1, 0
6471.17, 0.999367, 0.00339354, 1, 0
6471.18, 0.998011, 0.00339034, 0.99554, 0.0302984
6471.19, 0.997315, 0.00338878, 0.99569, 0.0489435
6471.2, 0.997907, 0.00339053, 0.99587, 0.0699193
6471.21, 0.997545, 0.00338974, 0.99604, 0.0901182
6471.22, 0.995773, 0.00338542, 0.99617, 0.107986
6471.23, 0.994159, 0.00338198, 0.99624, 0.12197
6471.24, 0.993197, 0.00338022, 0.99626, 0.132847
6471.25, 0.992485, 0.00337814, 0.99621, 0.141392
6471.26, 0.991557, 0.00337523, 0.99611, 0.149161
6471.27, 0.990089, 0.00337197, 0.99597, 0.157707
6471.28, 0.988802, 0.00336976, 0.99579, 0.166253
6471.29, 0.988471, 0.00336964, 0.99558, 0.175575
6471.3, 0.988347, 0.00336966, 0.99534, 0.186451
6471.31, 0.987756, 0.00336829, 0.99508, 0.198105
6471.32, 0.987531, 0.00336786, 0.99478, 0.211312
6471.33, 0.988134, 0.00336961, 0.99445, 0.225296
6471.34, 0.988645, 0.00337098, 0.99409, 0.240833
6471.35, 0.988721, 0.00337118, 0.99369, 0.257925
6471.36, 0.989151, 0.00337283, 0.99324, 0.278123
6471.37, 0.990131, 0.00337632, 0.99275, 0.300653
6471.38, 0.991101, 0.00337931, 0.99219, 0.325513
6471.39, 0.991605, 0.00338067, 0.99157, 0.354258
6471.4, 0.99136, 0.00338038, 0.99085, 0.388441
6471.41, 0.990668, 0.00337902, 0.99003, 0.427285
6471.42, 0.990042, 0.0033773, 0.98908, 0.474674
6471.43, 0.98916, 0.00337487, 0.98797, 0.533717
6471.44, 0.987567, 0.00337125, 0.98666, 0.607521
6471.45, 0.985764, 0.00336744, 0.98512, 0.69997
6471.46, 0.984121, 0.00336393, 0.98327, 0.817279
6471.47, 0.981716, 0.00335821, 0.98101, 0.961779
6471.48, 0.97769, 0.00334807, 0.97817, 1.13502
6471.49, 0.971868, 0.00333331, 0.97445, 1.33235
6471.5, 0.964256, 0.003314, 0.96932, 1.54677
6471.51, 0.95498, 0.00329032, 0.96193, 1.76507
6471.52, 0.943822, 0.00326155, 0.95103, 1.97872
6471.53, 0.930145, 0.00322603, 0.93492, 2.17682
6471.54, 0.913071, 0.00318161, 0.91173, 2.35395
6471.55, 0.891403, 0.00312543, 0.87978, 2.50855
6471.56, 0.862528, 0.00305053, 0.83822, 2.63829
6471.57, 0.823535, 0.00294898, 0.78757, 2.7455
6471.58, 0.775122, 0.00282212, 0.73004, 2.83251
6471.59, 0.719328, 0.00267473, 0.6693, 2.9032
6471.6, 0.657485, 0.00250944, 0.6097, 2.96302
6471.61, 0.591609, 0.0023308, 0.55542, 3.01508
6471.62, 0.526525, 0.00215134, 0.50955, 3.06324
6471.63, 0.467305, 0.00198503, 0.47375, 3.10675
6471.64, 0.418338, 0.00184551, 0.44835, 3.14481
6471.65, 0.383842, 0.00174608, 0.43287, 3.17278
6471.66, 0.367849, 0.00169942, 0.42665, 3.18599
6471.67, 0.372525, 0.00171279, 0.42932, 3.18133
6471.68, 0.397827, 0.00178694, 0.44103, 3.15958
6471.69, 0.441422, 0.00191347, 0.4624, 3.12539
6471.7, 0.499138, 0.00207691, 0.49405, 3.08422
6471.71, 0.565896, 0.00226208, 0.53605, 3.03838
6471.72, 0.636186, 0.00245424, 0.58732, 2.98866
6471.73, 0.704887, 0.00263964, 0.64532, 2.93195
6471.74, 0.767312, 0.0028059, 0.70624, 2.86669
6471.75, 0.81999, 0.00294503, 0.76565, 2.7859
6471.76, 0.860996, 0.00305311, 0.81952, 2.68801
6471.77, 0.89211, 0.00313512, 0.86497, 2.56759
6471.78, 0.915335, 0.00319637, 0.9008, 2.42309
6471.79, 0.931665, 0.00323929, 0.92736, 2.25529
6471.8, 0.942624, 0.00326788, 0.94607, 2.06417
6471.81, 0.950696, 0.00328898, 0.95881, 1.85519
6471.82, 0.95752, 0.00330696, 0.96738, 1.63689
6471.83, 0.963713, 0.00332324, 0.97322, 1.41936
6471.84, 0.96945, 0.0033386, 0.97734, 1.21427
6471.85, 0.974628, 0.00335332, 0.9804, 1.02937
6471.86, 0.979397, 0.00336691, 0.98278, 0.872438
6471.87, 0.9839, 0.00337842, 0.9847, 0.745029
6471.88, 0.987361, 0.00338666, 0.98628, 0.642481
6471.89, 0.989117, 0.00339124, 0.98761, 0.561685
6471.9, 0.990458, 0.00339534, 0.98874, 0.497981
6471.91, 0.992436, 0.00340119, 0.9897, 0.44593
6471.92, 0.993955, 0.00340546, 0.99054, 0.403201
6471.93, 0.994262, 0.00340613, 0.99126, 0.367465
6471.94, 0.994041, 0.00340569, 0.9919, 0.33639
6471.95, 0.994094, 0.0034065, 0.99246, 0.310752
6471.96, 0.995106, 0.00340981, 0.99295, 0.286669
6471.97, 0.996759, 0.00341446, 0.9934, 0.265693
6471.98, 0.997817, 0.00341715, 0.99381, 0.247048
6471.99, 0.998045, 0.00341775, 0.99418, 0.231511
6472, 0.997927, 0.00341822, 0.99452, 0.21675
6472.01, 0.99779, 0.00341878, 0.99482, 0.203543
6472.02, 0.997814, 0.00341892, 0.99509, 0.191113
6472.03, 0.997859, 0.00341882, 0.9953, 0.17946
6472.04, 0.997796, 0.00341899, 0.99544, 0.170137
6472.05, 0.997942, 0.00342007, 0.99547, 0.160038
6472.06, 0.99842, 0.00342202, 0.99538, 0.151492
6472.07, 0.998576, 0.00342281, 0.99511, 0.142946
6472.08, 0.99807, 0.00342166, 0.99465, 0.133624
6472.09, 0.997351, 0.00342045, 0.99397, 0.122747
6472.1, 0.996658, 0.00341959, 0.99312, 0.108763
6472.11, 0.99588, 0.00341742, 0.99215, 0.0901182
6472.12, 0.995075, 0.00341503, 0.99118, 0.0699193
6472.13, 0.994454, 0.00341563, 0.99037, 0.0497204
6472.14, 0.993951, 0.00341697, 0.98986, 0.0302984
6472.15, 0.99342, 0.00341441, 1, 0
6472.16, 0.993419, 0.0034118, 1, 0
6472.17, 0.994542, 0.00341487, 1, 0
6472.18, 0.996008, 0.00342011, 1, 0
6472.19, 0.996941, 0.00342287, 1, 0
6472.2, 0.997586, 0.00342426, 1, 0
6472.21, 0.99839, 0.0034264, 1, 0
