wav, obs, sigma_obs, syn, weight
6508.49, 1.00108, 0.00314056, 1, 0
6508.5, 1.0007, 0.00313964, 1, 0
6508.51, 1.00014, 0.00313815, 1, 0
6508.52, 0.999843, 0.00313753, 1, 0
6508.53, 1.00004, 0.00313858, 1, 0
6508.54, 1.00071, 0.00314071, 1, 0
6508.55, 1.00168, 0.00314278, 1, 0
6508.56, 1.00275, 0.00314454, 1, 0
6508.57, 1.00369, 0.00314643, 0.99984, 0.00780971
6508.58, 1.00429, 0.00314819, 0.99982, 0.010413
6508.59, 1.00443, 0.00314857, 0.9998, 0.0130162
6508.6, 1.00408, 0.00314701, 0.99978, 0.0156194
6508.61, 1.00348, 0.00314463, 0.99976, 0.0234291
6508.62, 1.0029, 0.00314265, 0.99972, 0.0260324
6508.63, 1.00262, 0.00314166, 0.99967, 0.0312389
6508.64, 1.00283, 0.00314198, 0.99959, 0.0416518
6508.65, 1.0031, 0.00314262, 0.9995, 0.0572712
6508.66, 1.00282, 0.00314216, 0.99938, 0.0780971
6508.67, 1.00209, 0.0031406, 0.99922, 0.114542
6508.68, 1.00153, 0.00313897, 0.99903, 0.16921
6508.69, 1.00116, 0.0031374, 0.99879, 0.249911
6508.7, 1.00027, 0.00313488, 0.99847, 0.359247
6508.71, 0.998599, 0.00313112, 0.99805, 0.510235
6508.72, 0.996859, 0.00312743, 0.99743, 0.702874
6508.73, 0.995588, 0.00312462, 0.99648, 0.944975
6508.74, 0.994259, 0.00312122, 0.99503, 1.23133
6508.75, 0.992166, 0.00311544, 0.99281, 1.55413
6508.76, 0.988939, 0.00310695, 0.98956, 1.90557
6508.77, 0.984359, 0.0030959, 0.98501, 2.27002
6508.78, 0.978405, 0.00308204, 0.97902, 2.63448
6508.79, 0.971192, 0.0030649, 0.97162, 2.9781
6508.8, 0.963073, 0.00304509, 0.96314, 3.2931
6508.81, 0.954652, 0.00302446, 0.95421, 3.56123
6508.82, 0.946549, 0.00300477, 0.94571, 3.7773
6508.83, 0.939391, 0.00298759, 0.93866, 3.9361
6508.84, 0.933965, 0.00297474, 0.93399, 4.03242
6508.85, 0.931564, 0.00296887, 0.93239, 4.06365
6508.86, 0.933296, 0.0029723, 0.93408, 4.03242
6508.87, 0.938721, 0.00298463, 0.93882, 3.93349
6508.88, 0.946835, 0.00300431, 0.94592, 3.7747
6508.89, 0.956343, 0.00302772, 0.95444, 3.55863
6508.9, 0.965812, 0.00305015, 0.96339, 3.29049
6508.91, 0.974388, 0.00306956, 0.97188, 2.9755
6508.92, 0.981795, 0.00308648, 0.97929, 2.62927
6508.93, 0.987787, 0.00310089, 0.98533, 2.26221
6508.94, 0.992138, 0.00311159, 0.98993, 1.90036
6508.95, 0.994879, 0.00311814, 0.99326, 1.54893
6508.96, 0.996745, 0.0031223, 0.99555, 1.22352
6508.97, 0.998448, 0.00312589, 0.99706, 0.937166
6508.98, 1.00001, 0.00312894, 0.99804, 0.695065
6508.99, 1.00122, 0.003131, 0.99865, 0.499822
6509, 1.00177, 0.00313175, 0.99904, 0.351437
6509.01, 1.00133, 0.00313094, 0.99929, 0.239498
6509.02, 1.00034, 0.00312932, 0.99945, 0.161401
6509.03, 0.999904, 0.00312839, 0.99955, 0.109336
6509.04, 1.00029, 0.00312854, 0.99962, 0.0728907
6509.05, 1.00055, 0.00312847, 0.99968, 0.0520648
6509.06, 1.00005, 0.00312733, 0.99971, 0.0364453
6509.07, 0.999141, 0.00312557, 0.99974, 0.0286356
6509.08, 0.998249, 0.00312375, 0.99977, 0.0234291
6509.09, 0.997535, 0.00312191, 0.99978, 0.0208259
6509.1, 0.99705, 0.00311994, 0.99979, 0.0182227
6509.11, 0.996493, 0.00311759, 0.9998, 0.0130162
6509.12, 0.995436, 0.00311457, 0.99982, 0.010413
6509.13, 0.993841, 0.00311086, 0.99983, 0.00780971
6509.14, 0.991957, 0.00310661, 1, 0
6509.15, 0.989884, 0.00310176, 1, 0
6509.16, 0.98753, 0.00309595, 1, 0
6509.17, 0.984645, 0.00308862, 1, 0
6509.18, 0.980683, 0.00307881, 1, 0
6509.19, 0.975312, 0.00306597, 1, 0
6509.2, 0.969087, 0.00305132, 1, 0
6509.21, 0.963188, 0.00303736, 1, 0
