wav, obs, sigma_obs, syn, weight
6572.37, 1.00272, 0.00327599, 1, 0
6572.38, 1.00196, 0.00327407, 1, 0
6572.39, 1.0013, 0.00327229, 1, 0
6572.4, 1.00099, 0.00327096, 1, 0
6572.41, 1.00105, 0.00327036, 1, 0
6572.42, 1.00145, 0.00327083, 1, 0
6572.43, 1.0019, 0.00327189, 1, 0
6572.44, 1.00181, 0.00327161, 1, 0
6572.45, 1.00077, 0.00326859, 1, 0
6572.46, 0.999406, 0.0032645, 0.99713, 0.00522125
6572.47, 0.998541, 0.00326157, 0.99713, 0.00671304
6572.48, 0.998209, 0.00326003, 0.99708, 0.00820482
6572.49, 0.998022, 0.00325902, 0.99691, 0.00969661
6572.5, 0.997756, 0.0032581, 0.99663, 0.0104425
6572.51, 0.997379, 0.0032573, 0.99623, 0.0119343
6572.52, 0.996821, 0.00325627, 0.99573, 0.014172
6572.53, 0.995908, 0.00325372, 0.99518, 0.0156638
6572.54, 0.994536, 0.00324879, 0.99462, 0.0193932
6572.55, 0.993026, 0.00324359, 0.99411, 0.0246145
6572.56, 0.991812, 0.00324092, 0.99369, 0.0328193
6572.57, 0.991024, 0.00324047, 0.99338, 0.0484831
6572.58, 0.990588, 0.00323987, 0.99317, 0.0723516
6572.59, 0.990324, 0.0032381, 0.99298, 0.111138
6572.6, 0.989919, 0.00323598, 0.99268, 0.17081
6572.61, 0.989049, 0.00323379, 0.992, 0.258079
6572.62, 0.987386, 0.00322998, 0.99056, 0.378168
6572.63, 0.984644, 0.00322293, 0.98776, 0.536297
6572.64, 0.980775, 0.00321284, 0.98285, 0.735451
6572.65, 0.975759, 0.00320038, 0.97489, 0.975628
6572.66, 0.968479, 0.00318266, 0.96287, 1.25459
6572.67, 0.956929, 0.00315393, 0.94581, 1.56563
6572.68, 0.939205, 0.00310918, 0.92301, 1.90277
6572.69, 0.913616, 0.00304478, 0.89421, 2.25782
6572.7, 0.879025, 0.00295832, 0.85977, 2.62107
6572.71, 0.836152, 0.0028511, 0.82077, 2.98059
6572.72, 0.786405, 0.002726, 0.77901, 3.32594
6572.73, 0.733404, 0.00259182, 0.73689, 3.64294
6572.74, 0.681809, 0.00246017, 0.69718, 3.92191
6572.75, 0.636019, 0.00234247, 0.66274, 4.1494
6572.76, 0.600163, 0.00224994, 0.63625, 4.31574
6572.77, 0.577753, 0.00219201, 0.61983, 4.41494
6572.78, 0.571097, 0.00217455, 0.6148, 4.44329
6572.79, 0.581589, 0.00220108, 0.62154, 4.39853
6572.8, 0.60732, 0.00226679, 0.63942, 4.28217
6572.81, 0.645384, 0.00236432, 0.66686, 4.10092
6572.82, 0.691737, 0.00248284, 0.7016, 3.86074
6572.83, 0.741693, 0.00260964, 0.74093, 3.57283
6572.84, 0.79084, 0.0027334, 0.78204, 3.24762
6572.85, 0.835092, 0.00284448, 0.8223, 2.89779
6572.86, 0.87159, 0.00293605, 0.85955, 2.53604
6572.87, 0.900321, 0.00300762, 0.89226, 2.17428
6572.88, 0.921866, 0.00306031, 0.91958, 1.82222
6572.89, 0.937753, 0.00309871, 0.94137, 1.49104
6572.9, 0.949783, 0.00312835, 0.958, 1.18597
6572.91, 0.959343, 0.00315252, 0.97022, 0.915957
6572.92, 0.967528, 0.00317296, 0.97892, 0.68473
6572.93, 0.974836, 0.00319042, 0.98499, 0.495273
6572.94, 0.980961, 0.0032043, 0.98918, 0.34684
6572.95, 0.985726, 0.00321455, 0.99208, 0.234956
6572.96, 0.989461, 0.0032229, 0.99411, 0.155146
6572.97, 0.992513, 0.00323095, 0.99554, 0.100696
6572.98, 0.994789, 0.00323751, 0.99656, 0.0648927
6572.99, 0.996057, 0.00324049, 0.99728, 0.0432618
6573, 0.996531, 0.00324052, 0.99779, 0.0298357
6573.01, 0.996774, 0.00324033, 0.99816, 0.0223768
6573.02, 0.997183, 0.00324147, 0.99843, 0.0179014
6573.03, 0.997868, 0.00324342, 0.99864, 0.0149179
6573.04, 0.998836, 0.00324553, 0.9988, 0.0134261
6573.05, 0.99982, 0.00324713, 0.99893, 0.0111884
6573.06, 1.00053, 0.00324768, 0.99904, 0.0104425
6573.07, 1.00085, 0.00324748, 0.99914, 0.00820482
6573.08, 1.0008, 0.00324722, 0.99923, 0.00671304
6573.09, 1.00054, 0.0032472, 0.9993, 0.00596714
6573.1, 1.00043, 0.00324741, 0.99938, 0.00522125
6573.11, 1.00068, 0.00324783, 1, 0
6573.12, 1.00114, 0.00324835, 1, 0
6573.13, 1.00168, 0.00324888, 1, 0
6573.14, 1.00211, 0.00324929, 1, 0
6573.15, 1.00227, 0.00324945, 1, 0
6573.16, 1.00221, 0.00324941, 1, 0
6573.17, 1.00213, 0.00324935, 1, 0
6573.18, 1.00211, 0.00324935, 1, 0
6573.19, 1.00209, 0.00324935, 1, 0
