wav, obs, sigma_obs, syn, weight
7132.6, 0.996751, 0.00276598, 1, 0
7132.61, 0.997367, 0.00276786, 1, 0
7132.62, 0.998019, 0.00276984, 1, 0
7132.63, 0.998496, 0.00277134, 1, 0
7132.64, 0.998763, 0.00277222, 1, 0
7132.65, 0.999135, 0.00277308, 1, 0
7132.66, 0.999929, 0.00277459, 1, 0
7132.67, 1.00092, 0.00277653, 1, 0
7132.68, 1.00167, 0.00277829, 0.9975, 0
7132.69, 1.00193, 0.0027793, 0.99778, 0
7132.7, 1.00165, 0.00277906, 0.99804, 0
7132.71, 1.00108, 0.00277789, 0.99824, 0
7132.72, 1.00098, 0.00277732, 0.99839, 0
7132.73, 1.00164, 0.00277807, 0.99849, 0
7132.74, 1.00201, 0.00277838, 0.99854, 0
7132.75, 1.00114, 0.00277669, 0.99855, 0
7132.76, 0.999879, 0.00277461, 0.99853, 0
7132.77, 0.999549, 0.00277457, 0.99847, 0
7132.78, 0.999983, 0.00277592, 0.99837, 0
7132.79, 1.0001, 0.00277611, 0.99823, 0
7132.8, 0.999571, 0.00277457, 0.99803, 0
7132.81, 0.99891, 0.00277306, 0.99772, 0.0172199
7132.82, 0.998389, 0.00277241, 0.99723, 0
7132.83, 0.997629, 0.00277131, 0.99642, 0.0172199
7132.84, 0.996184, 0.00276836, 0.99507, 0
7132.85, 0.993655, 0.00276295, 0.99283, 0.0172199
7132.86, 0.989648, 0.00275463, 0.98922, 0.0172199
7132.87, 0.983696, 0.00274247, 0.98359, 0.0172199
7132.88, 0.97528, 0.00272528, 0.97522, 0.0172199
7132.89, 0.963559, 0.00270114, 0.96339, 0.0344398
7132.9, 0.947411, 0.00266752, 0.94754, 0.0344398
7132.91, 0.92643, 0.00262357, 0.92747, 0.0516598
7132.92, 0.901413, 0.00257123, 0.90354, 0.0688797
7132.93, 0.873426, 0.00251287, 0.87676, 0.0688797
7132.94, 0.844025, 0.00245138, 0.8488, 0.10332
7132.95, 0.815014, 0.00239016, 0.82183, 0.154979
7132.96, 0.789144, 0.00233531, 0.79825, 0.189419
7132.97, 0.769477, 0.00229381, 0.78035, 0.241079
7132.98, 0.758318, 0.00227055, 0.76996, 0.309959
7132.99, 0.757392, 0.00226888, 0.76817, 0.396058
7133, 0.766923, 0.00228914, 0.77517, 0.499378
7133.01, 0.785199, 0.00232787, 0.79022, 0.619917
7133.02, 0.810145, 0.00238074, 0.81175, 0.757676
7133.03, 0.839117, 0.00244204, 0.83762, 0.947095
7133.04, 0.869387, 0.00250587, 0.86544, 1.13651
7133.05, 0.898221, 0.00256635, 0.89289, 1.39481
7133.06, 0.923081, 0.00261806, 0.9181, 1.67033
7133.07, 0.943355, 0.00266008, 0.93977, 1.96307
7133.08, 0.959497, 0.0026939, 0.95728, 2.29025
7133.09, 0.972018, 0.00272067, 0.97064, 2.60021
7133.1, 0.981471, 0.00274119, 0.98027, 2.92739
7133.11, 0.988436, 0.00275622, 0.98685, 3.22012
7133.12, 0.993534, 0.00276667, 0.99113, 3.49564
7133.13, 0.997256, 0.00277347, 0.99379, 3.70228
7133.14, 0.999634, 0.00277773, 0.99538, 3.87448
7133.15, 1.00069, 0.00278054, 0.99632, 3.99502
7133.16, 1.00111, 0.00278259, 0.99689, 4.08112
7133.17, 1.00181, 0.00278437, 0.99725, 4.08112
7133.18, 1.00279, 0.00278582, 0.99752, 4.0639
7133.19, 1.00342, 0.00278645, 0.99775, 3.9778
7133.2, 1.00346, 0.00278635, 0.99796, 3.85726
7133.21, 1.00332, 0.00278638, 0.99815, 3.70228
7133.22, 1.00328, 0.00278697, 0.99834, 3.47842
7133.23, 1.00322, 0.00278735, 0.9985, 3.23734
7133.24, 1.00298, 0.00278676, 0.99863, 2.94461
7133.25, 1.00266, 0.00278565, 0.99872, 2.65187
7133.26, 1.00241, 0.00278476, 0.99878, 2.30747
7133.27, 1.00224, 0.00278436, 0.99879, 1.96307
7133.28, 1.00202, 0.00278437, 0.99876, 1.63589
7133.29, 1.00149, 0.00278393, 0.9987, 1.30871
7133.3, 1.0002, 0.0027814, 0.99862, 1.01598
7133.31, 0.998144, 0.00277658, 0.99853, 0.757676
7133.32, 0.996178, 0.0027722, 0.99844, 0.533817
7133.33, 0.994945, 0.00277022, 0.99839, 0.344398
7133.34, 0.99389, 0.00276874, 0.99837, 0.206639
7133.35, 0.992314, 0.0027654, 1, 0
7133.36, 0.99042, 0.00276093, 1, 0
7133.37, 0.988783, 0.00275738, 1, 0
7133.38, 0.987588, 0.00275523, 1, 0
7133.39, 0.986709, 0.00275372, 1, 0
7133.4, 0.986024, 0.00275236, 1, 0
7133.41, 0.985415, 0.00275104, 1, 0
7133.42, 0.984745, 0.00274969, 1, 0
