wav, obs, sigma_obs, syn, weight
7325.51, 0.96838, 0.00322671, 1, 0
7325.52, 0.974291, 0.00324088, 1, 0
7325.53, 0.979938, 0.00325541, 1, 0
7325.54, 0.98504, 0.00326946, 1, 0
7325.55, 0.989176, 0.00328047, 1, 0
7325.56, 0.991997, 0.00328689, 1, 0
7325.57, 0.993317, 0.00328934, 1, 0
7325.58, 0.993411, 0.00328946, 1, 0
7325.59, 0.993515, 0.00329048, 0.99667, 0.0426136
7325.6, 0.994534, 0.00329443, 0.99587, 0.0647095
7325.61, 0.996259, 0.00329979, 0.99508, 0.089962
7325.62, 0.998163, 0.00330463, 0.99429, 0.114425
7325.63, 0.999306, 0.00330732, 0.99349, 0.135732
7325.64, 0.999074, 0.00330703, 0.99265, 0.152304
7325.65, 0.998195, 0.00330521, 0.99177, 0.165719
7325.66, 0.99753, 0.00330361, 0.99087, 0.175978
7325.67, 0.997389, 0.0033032, 0.98999, 0.184659
7325.68, 0.997806, 0.00330429, 0.98915, 0.194129
7325.69, 0.998184, 0.00330523, 0.98839, 0.203598
7325.7, 0.99797, 0.00330449, 0.98774, 0.213068
7325.71, 0.997783, 0.00330408, 0.98722, 0.223327
7325.72, 0.998347, 0.00330631, 0.98683, 0.235164
7325.73, 0.998751, 0.0033083, 0.98658, 0.247001
7325.74, 0.99773, 0.00330605, 0.98647, 0.260416
7325.75, 0.995831, 0.00330124, 0.98648, 0.27541
7325.76, 0.994234, 0.00329753, 0.98659, 0.291982
7325.77, 0.992984, 0.00329493, 0.98677, 0.309343
7325.78, 0.991616, 0.00329178, 0.98699, 0.328282
7325.79, 0.990136, 0.00328819, 0.9872, 0.3488
7325.8, 0.988778, 0.0032851, 0.98736, 0.372474
7325.81, 0.987386, 0.00328226, 0.98743, 0.397727
7325.82, 0.985599, 0.0032787, 0.98737, 0.426136
7325.83, 0.983689, 0.00327461, 0.98715, 0.457701
7325.84, 0.982338, 0.00327102, 0.98674, 0.492424
7325.85, 0.981409, 0.00326815, 0.98614, 0.53267
7325.86, 0.980115, 0.00326558, 0.98532, 0.576862
7325.87, 0.978294, 0.00326273, 0.98428, 0.628945
7325.88, 0.976378, 0.00325887, 0.98299, 0.68813
7325.89, 0.97455, 0.00325426, 0.98141, 0.758364
7325.9, 0.9727, 0.00325014, 0.9795, 0.842013
7325.91, 0.970496, 0.00324579, 0.97715, 0.941445
7325.92, 0.967365, 0.00323826, 0.97422, 1.05745
7325.93, 0.963042, 0.00322659, 0.97048, 1.19081
7325.94, 0.957686, 0.00321267, 0.96563, 1.34233
7325.95, 0.951245, 0.00319713, 0.95925, 1.50647
7325.96, 0.943301, 0.0031783, 0.95087, 1.6785
7325.97, 0.933733, 0.00315535, 0.93997, 1.85132
7325.98, 0.922972, 0.00312916, 0.92607, 2.01862
7325.99, 0.910765, 0.00309927, 0.90881, 2.17408
7326, 0.895418, 0.00306212, 0.88801, 2.31376
7326.01, 0.875775, 0.00301484, 0.86373, 2.43529
7326.02, 0.85226, 0.00295679, 0.83624, 2.53709
7326.03, 0.825098, 0.0028876, 0.80601, 2.62152
7326.04, 0.793476, 0.00280689, 0.77364, 2.6886
7326.05, 0.756823, 0.00271448, 0.73987, 2.73911
7326.06, 0.715732, 0.00261073, 0.70548, 2.77541
7326.07, 0.67111, 0.00249669, 0.67133, 2.79987
7326.08, 0.624192, 0.00237545, 0.63832, 2.81565
7326.09, 0.576619, 0.00225134, 0.6074, 2.82433
7326.1, 0.531289, 0.00213178, 0.57954, 2.82907
7326.11, 0.491074, 0.00202422, 0.55567, 2.83301
7326.12, 0.457455, 0.00193297, 0.5367, 2.83696
7326.13, 0.431773, 0.00186227, 0.52336, 2.84012
7326.14, 0.416524, 0.00182003, 0.51621, 2.84091
7326.15, 0.414113, 0.00181384, 0.51556, 2.84169
7326.16, 0.424425, 0.00184304, 0.52143, 2.83933
7326.17, 0.446463, 0.0019041, 0.53358, 2.83775
7326.18, 0.479265, 0.00199367, 0.55149, 2.8338
7326.19, 0.521611, 0.00210774, 0.57446, 2.82986
7326.2, 0.570214, 0.00223711, 0.60163, 2.82512
7326.21, 0.621029, 0.00237077, 0.63204, 2.81723
7326.22, 0.67147, 0.00250212, 0.66474, 2.80303
7326.23, 0.719697, 0.00262685, 0.69877, 2.78093
7326.24, 0.763893, 0.00274044, 0.7332, 2.74621
7326.25, 0.802372, 0.00283857, 0.76717, 2.69807
7326.26, 0.834838, 0.00292046, 0.79984, 2.63494
7326.27, 0.861884, 0.00298765, 0.83045, 2.55366
7326.28, 0.883945, 0.00304192, 0.85833, 2.45344
7326.29, 0.901366, 0.00308523, 0.88291, 2.33428
7326.3, 0.915081, 0.00311997, 0.90381, 2.19539
7326.31, 0.926449, 0.00314875, 0.92082, 2.03914
7326.32, 0.935834, 0.00317246, 0.93393, 1.87026
7326.33, 0.942707, 0.00319037, 0.94334, 1.6935
7326.34, 0.9471, 0.00320231, 0.94934, 1.51515
7326.35, 0.949637, 0.0032087, 0.95232, 1.34233
7326.36, 0.950847, 0.00321101, 0.9527, 1.18134
7326.37, 0.951111, 0.00321173, 0.95089, 1.03693
7326.38, 0.950401, 0.00321099, 0.94732, 0.910668
7326.39, 0.948198, 0.00320594, 0.94244, 0.801767
7326.4, 0.944795, 0.00319697, 0.93669, 0.709437
7326.41, 0.941664, 0.00318925, 0.93057, 0.632101
7326.42, 0.939473, 0.00318495, 0.92455, 0.565814
7326.43, 0.937508, 0.00318095, 0.91908, 0.508996
7326.44, 0.935801, 0.00317669, 0.91456, 0.460858
7326.45, 0.935911, 0.00317697, 0.91133, 0.419034
7326.46, 0.938633, 0.00318433, 0.90962, 0.383522
7326.47, 0.942943, 0.00319587, 0.90958, 0.352746
7326.48, 0.947992, 0.00320916, 0.91128, 0.325915
7326.49, 0.953781, 0.00322415, 0.91465, 0.302241
7326.5, 0.960302, 0.00324075, 0.91958, 0.282512
7326.51, 0.96726, 0.00325795, 0.92582, 0.266729
7326.52, 0.974211, 0.0032747, 0.93307, 0.252525
7326.53, 0.98043, 0.00329034, 0.94097, 0.241477
7326.54, 0.985278, 0.00330396, 0.94912, 0.232796
7326.55, 0.988533, 0.0033136, 0.95712, 0.224905
7326.56, 0.99034, 0.00331829, 0.96462, 0.217014
7326.57, 0.991857, 0.00332137, 0.97136, 0.21149
7326.58, 0.993942, 0.00332579, 0.97716, 0.205966
7326.59, 0.995383, 0.00332935, 0.98195, 0.200442
7326.6, 0.994922, 0.00332937, 0.98574, 0.194918
7326.61, 0.993386, 0.00332667, 0.98864, 0.190183
7326.62, 0.991935, 0.00332288, 0.99079, 0.18387
7326.63, 0.990464, 0.0033188, 0.99233, 0.177557
7326.64, 0.988619, 0.00331493, 0.99343, 0.169665
7326.65, 0.98687, 0.0033117, 0.99421, 0.161774
7326.66, 0.985865, 0.00330945, 0.99479, 0.149148
7326.67, 0.985532, 0.00330834, 0.99524, 0.132576
7326.68, 0.985608, 0.00330853, 0.99564, 0.112058
7326.69, 0.986474, 0.00331116, 0.99606, 0.0883837
7326.7, 0.988657, 0.00331744, 0.99654, 0.0639204
7326.71, 0.991581, 0.00332541, 0.9971, 0.0418244
7326.72, 0.994229, 0.00333195, 1, 0
7326.73, 0.996465, 0.00333699, 1, 0
7326.74, 0.998601, 0.00334202, 1, 0
7326.75, 1.00054, 0.00334702, 1, 0
7326.76, 1.00197, 0.00335116, 1, 0
7326.77, 1.00295, 0.00335446, 1, 0
7326.78, 1.00393, 0.00335777, 1, 0
7326.79, 1.00499, 0.00336123, 1, 0
