4840.29 6.07113 3.10624 4.82374
4847.31 5.95393 3.62692 0.186355
4880.07 5.53626 1.09693 1.03632
4547.83 5.08707 0.588316 10.6394
4685.27 6.05023 3.17994 1.94196
4989.97 7.056 1.80662 23.4103
4545.35 6.99909 1.97627 0.269526
4878.13 6.34104 1.74945 5.99601
5512.98 6.12415 2.67801 4.22079
5601.28 6.15374 1.65719 4.68811
5261.7 6.05758 1.48431 6.13865
5262.24 5.98326 2.34573 5.39489
5581.97 5.91845 0.764261 2.51666
5188.84 6.10905 2.57859 2.79592
5594.46 5.88453 2.14853 3.33751
5349.47 5.83378 1.7559 1.96256
5588.72 5.89359 1.50339 1.98137
5638.76 6.06105 2.13966 0.567561
5604.94 5.83231 2.47751 0.060018
6163.76 6.11663 1.90542 2.89889
6156.02 6.26291 0.25909 0.256704
5867.56 6.02518 1.67703 0.306358
6161.3 6.18608 1.27026 3.26062
5991.8 5.06572 1.77739 0.213044
5857.45 6.11472 1.09463 1.82341
6122.22 6.34489 4.48618 1.73169
6455.6 6.01813 1.05994 2.11624
6471.66 6.03169 1.02636 3.69407
6392.53 6.42031 0.79442 0.389919
6166.44 6.06918 1.50179 0.902098
6169.56 6.17504 1.43944 1.90236
6439.08 5.8888 0.294344 1.31372
6572.78 6.31905 1.84525 2.51257
7133.01 5.07647 1.16254 1.99746
6508.85 6.13081 0.320044 0.170148
7326.15 6.01255 3.12776 5.28341
8542.07 6.15917 3.04192 2.82716
