wav, obs, sigma_obs, syn, weight
4490.32, 1.00132, 0.0167464, 1, 0
4490.33, 0.998383, 0.0166945, 1, 0
4490.34, 0.99545, 0.0166425, 1, 0
4490.35, 0.992261, 0.0165865, 1, 0
4490.36, 0.989781, 0.0165419, 1, 0
4490.37, 0.98912, 0.0165259, 1, 0
4490.38, 0.991135, 0.0165487, 0.99113, 0.104873
4490.39, 0.993505, 0.0165775, 0.98738, 0.145252
4490.4, 0.992792, 0.0165638, 0.9832, 0.187313
4490.41, 0.990797, 0.0165274, 0.97811, 0.2333
4490.42, 0.98822, 0.0164781, 0.97129, 0.286017
4490.43, 0.983197, 0.0163968, 0.96187, 0.345463
4490.44, 0.97783, 0.0163135, 0.94919, 0.407714
4490.45, 0.972525, 0.0162305, 0.93306, 0.4666
4490.46, 0.960707, 0.0160495, 0.91384, 0.517634
4490.47, 0.944439, 0.0157963, 0.89251, 0.555209
4490.48, 0.929519, 0.015557, 0.87059, 0.579885
4490.49, 0.909151, 0.0152594, 0.8498, 0.589419
4490.5, 0.885514, 0.0149328, 0.83179, 0.586615
4490.51, 0.872621, 0.0147419, 0.81785, 0.572033
4490.52, 0.864162, 0.0146074, 0.80882, 0.545114
4490.53, 0.853012, 0.0144434, 0.80511, 0.510904
4490.54, 0.848057, 0.0143626, 0.80679, 0.471647
4490.55, 0.84979, 0.014375, 0.81369, 0.434633
4490.56, 0.852905, 0.0144169, 0.82537, 0.40491
4490.57, 0.857886, 0.0144871, 0.84105, 0.388646
4490.58, 0.86733, 0.0146228, 0.8595, 0.390329
4490.59, 0.882943, 0.0148593, 0.87911, 0.41164
4490.6, 0.894878, 0.0150335, 0.89799, 0.454262
4490.61, 0.897604, 0.0150559, 0.91423, 0.522121
4490.62, 0.901959, 0.015117, 0.92603, 0.623629
4490.63, 0.906448, 0.0151889, 0.93182, 0.76888
4490.64, 0.903581, 0.0151378, 0.93018, 0.965727
4490.65, 0.897806, 0.0150401, 0.9199, 1.2108
4490.66, 0.889079, 0.0149049, 0.90017, 1.48785
4490.67, 0.870576, 0.0146317, 0.87086, 1.77218
4490.68, 0.841607, 0.0142058, 0.83278, 2.04081
4490.69, 0.802039, 0.0136208, 0.78761, 2.27972
4490.7, 0.749151, 0.0128348, 0.73774, 2.48666
4490.71, 0.689628, 0.011948, 0.68592, 2.67117
4490.72, 0.632418, 0.0110952, 0.63502, 2.84503
4490.73, 0.57466, 0.0102339, 0.58784, 3.01607
4490.74, 0.519622, 0.00941219, 0.54702, 3.18768
4490.75, 0.478007, 0.00878831, 0.51506, 3.35256
4490.76, 0.452997, 0.00840993, 0.49428, 3.4995
4490.77, 0.445793, 0.00829718, 0.48666, 3.61559
4490.78, 0.458459, 0.00848514, 0.49336, 3.69579
4490.79, 0.488751, 0.00893877, 0.51426, 3.73785
4490.8, 0.532035, 0.00958338, 0.54775, 3.74177
4490.81, 0.584243, 0.0103522, 0.59094, 3.707
4490.82, 0.641505, 0.0111914, 0.64027, 3.62456
4490.83, 0.700185, 0.0120565, 0.69219, 3.48436
4490.84, 0.75739, 0.0128962, 0.74363, 3.27966
4490.85, 0.810867, 0.0136729, 0.7922, 3.00822
4490.86, 0.858805, 0.0143707, 0.83624, 2.67566
4490.87, 0.897579, 0.0149354, 0.87474, 2.29879
4490.88, 0.925608, 0.015339, 0.90717, 1.90341
4490.89, 0.949002, 0.0156764, 0.9334, 1.51701
4490.9, 0.967539, 0.0159447, 0.95361, 1.16594
4490.91, 0.976365, 0.0160683, 0.96832, 0.873192
4490.92, 0.980303, 0.0161146, 0.9784, 0.645501
4490.93, 0.983479, 0.0161472, 0.98489, 0.482864
4490.94, 0.985263, 0.0161665, 0.98887, 0.372943
4490.95, 0.987886, 0.0162031, 0.99125, 0.301159
4490.96, 0.992517, 0.0162662, 0.9927, 0.253489
4490.97, 0.994285, 0.0162794, 0.99363, 0.221523
4490.98, 0.993399, 0.0162491, 0.99428, 0.197968
4490.99, 0.99377, 0.0162395, 0.99477, 0.178901
4491, 0.994589, 0.0162333, 0.99516, 0.16488
4491.01, 0.994732, 0.0162195, 0.99548, 0.152542
4491.02, 0.994185, 0.0162167, 0.99573, 0.143008
4491.03, 0.992072, 0.0161904, 0.99593, 0.135157
4491.04, 0.988292, 0.0161188, 0.99607, 0.128427
4491.05, 0.985259, 0.0160574, 0.99612, 0.122258
4491.06, 0.984522, 0.0160391, 0.99606, 0.117211
4491.07, 0.985874, 0.0160571, 0.99585, 0.112163
4491.08, 0.985974, 0.0160507, 0.99546, 0.108799
4491.09, 0.984283, 0.0160118, 0.99489, 0.104312
4491.1, 0.983813, 0.0159977, 0.9942, 0.100386
4491.11, 0.983657, 0.0159898, 0.99359, 0.0947781
4491.12, 0.983111, 0.0159715, 0.99334, 0.085805
4491.13, 0.984558, 0.0159839, 0.99375, 0.0723454
4491.14, 0.984834, 0.0159748, 0.99488, 0.0549601
4491.15, 0.980337, 0.0158859, 1, 0
4491.16, 0.978458, 0.0158504, 1, 0
4491.17, 0.981901, 0.0159048, 1, 0
4491.18, 0.986252, 0.0159534, 1, 0
4491.19, 0.988413, 0.0159678, 1, 0
4491.2, 0.987608, 0.0159541, 1, 0
