wav, obs, sigma_obs, syn, weight
4492.31, 0.797993, 0.0124459, 1, 0
4492.32, 0.817534, 0.012701, 1, 0
4492.33, 0.838738, 0.0129773, 1, 0
4492.34, 0.863788, 0.0133046, 1, 0
4492.35, 0.891934, 0.0136802, 1, 0
4492.36, 0.920078, 0.0140596, 1, 0
4492.37, 0.944095, 0.0143775, 0.97031, 0.0372098
4492.38, 0.96274, 0.0146191, 0.96706, 0.0522369
4492.39, 0.975806, 0.0147839, 0.969, 0.0658328
4492.4, 0.983281, 0.0148714, 0.97429, 0.077282
4492.41, 0.984283, 0.014875, 0.98013, 0.0865844
4492.42, 0.980876, 0.0148251, 0.98459, 0.0937402
4492.43, 0.981106, 0.0148215, 0.98699, 0.10018
4492.44, 0.981352, 0.0148148, 0.98752, 0.105189
4492.45, 0.973514, 0.0147002, 0.98647, 0.108052
4492.46, 0.962785, 0.0145441, 0.98426, 0.110198
4492.47, 0.953341, 0.0144063, 0.98124, 0.11163
4492.48, 0.944838, 0.0142908, 0.97781, 0.11163
4492.49, 0.934033, 0.0141422, 0.97437, 0.11163
4492.5, 0.919275, 0.0139322, 0.97126, 0.113061
4492.51, 0.903264, 0.0137091, 0.96874, 0.116639
4492.52, 0.891914, 0.0135519, 0.96693, 0.125225
4492.53, 0.889095, 0.0135087, 0.96577, 0.145977
4492.54, 0.890029, 0.0135199, 0.96501, 0.183902
4492.55, 0.891857, 0.0135424, 0.9641, 0.257607
4492.56, 0.894647, 0.0135684, 0.96213, 0.384979
4492.57, 0.89958, 0.013625, 0.95776, 0.588917
4492.58, 0.90574, 0.0137017, 0.94942, 0.886596
4492.59, 0.90904, 0.0137311, 0.93566, 1.28803
4492.6, 0.90354, 0.013644, 0.91564, 1.78393
4492.61, 0.887079, 0.0134206, 0.88956, 2.35567
4492.62, 0.86527, 0.0131266, 0.85884, 2.97249
4492.63, 0.83795, 0.0127593, 0.82595, 3.59934
4492.64, 0.803961, 0.0123065, 0.79395, 4.19326
4492.65, 0.771164, 0.0118677, 0.76592, 4.71062
4492.66, 0.744794, 0.0115103, 0.74443, 5.10848
4492.67, 0.726444, 0.0112581, 0.73131, 5.35392
4492.68, 0.719514, 0.0111607, 0.72754, 5.42691
4492.69, 0.726884, 0.0112559, 0.73344, 5.32029
4492.7, 0.749071, 0.0115436, 0.74864, 5.04336
4492.71, 0.780356, 0.0119509, 0.7721, 4.61903
4492.72, 0.81497, 0.0124046, 0.80199, 4.08449
4492.73, 0.852852, 0.0128976, 0.83578, 3.48055
4492.74, 0.889906, 0.0133783, 0.87048, 2.85371
4492.75, 0.920085, 0.0137725, 0.90316, 2.24475
4492.76, 0.942391, 0.0140606, 0.93146, 1.68661
4492.77, 0.957786, 0.0142519, 0.95398, 1.20932
4492.78, 0.968588, 0.0143802, 0.9704, 0.82935
4492.79, 0.979338, 0.0145105, 0.98137, 0.550992
4492.8, 0.988767, 0.014628, 0.98807, 0.363511
4492.81, 0.987364, 0.0146035, 0.99185, 0.247589
4492.82, 0.986323, 0.0145838, 0.99384, 0.18104
4492.83, 0.996209, 0.0147077, 0.99484, 0.143115
4492.84, 0.998979, 0.0147346, 0.99534, 0.121648
4492.85, 0.993968, 0.0146582, 0.99557, 0.108052
4492.86, 0.993674, 0.0146484, 0.99563, 0.0987492
4492.87, 0.993909, 0.0146482, 0.99557, 0.092309
4492.88, 0.992994, 0.0146304, 0.9954, 0.0880156
4492.89, 0.99585, 0.0146554, 0.99516, 0.0851533
4492.9, 0.998356, 0.0146784, 0.99488, 0.0837221
4492.91, 0.997167, 0.0146596, 0.99461, 0.0830066
4492.92, 0.996548, 0.0146422, 0.99439, 0.0830066
4492.93, 0.996609, 0.0146351, 0.99422, 0.0837221
4492.94, 0.995152, 0.0146188, 0.99415, 0.0844377
4492.95, 0.991981, 0.0145708, 0.99419, 0.0851533
4492.96, 0.990898, 0.0145412, 0.99439, 0.082291
4492.97, 0.995803, 0.0145979, 0.99484, 0.077282
4492.98, 0.997023, 0.0146072, 0.99562, 0.0672639
4492.99, 0.993017, 0.0145442, 0.99667, 0.0515213
4493, 0.9953, 0.0145661, 1, 0
4493.01, 0.996701, 0.01458, 1, 0
4493.02, 0.991306, 0.0145052, 1, 0
4493.03, 0.991315, 0.014496, 1, 0
4493.04, 0.995218, 0.0145365, 1, 0
4493.05, 0.994623, 0.0145232, 1, 0
