wav, obs, sigma_obs, syn, weight
4493.03, 0.990155, 0.0144869, 1, 0
4493.04, 0.992188, 0.0145051, 1, 0
4493.05, 0.994222, 0.0145234, 1, 0
4493.06, 0.996257, 0.0145421, 1, 0
4493.07, 0.998289, 0.01456, 1, 0
4493.08, 0.999881, 0.0145715, 1, 0
4493.09, 0.998614, 0.0145629, 0.99766, 0.129758
4493.1, 0.994857, 0.014537, 0.99759, 0.165802
4493.11, 0.99314, 0.0145209, 0.99764, 0.194637
4493.12, 0.992518, 0.0145051, 0.99771, 0.209055
4493.13, 0.991615, 0.014486, 0.99778, 0.218666
4493.14, 0.9936, 0.0145053, 0.99783, 0.223472
4493.15, 0.99655, 0.0145372, 0.99785, 0.223472
4493.16, 0.99608, 0.0145242, 0.99785, 0.228278
4493.17, 0.993022, 0.0144777, 0.99783, 0.230681
4493.18, 0.991445, 0.0144501, 0.99781, 0.233084
4493.19, 0.995639, 0.014496, 0.99778, 0.240293
4493.2, 0.999563, 0.01454, 0.99774, 0.245098
4493.21, 0.998379, 0.0145202, 0.99769, 0.249904
4493.22, 0.994587, 0.0144654, 0.99763, 0.261919
4493.23, 0.993106, 0.0144352, 0.99755, 0.276336
4493.24, 0.996338, 0.0144628, 0.99742, 0.305172
4493.25, 0.999063, 0.0144953, 0.99719, 0.362842
4493.26, 0.999246, 0.0144978, 0.99675, 0.46857
4493.27, 0.99763, 0.0144622, 0.99588, 0.64879
4493.28, 0.993649, 0.0143991, 0.99428, 0.925126
4493.29, 0.989625, 0.0143444, 0.99156, 1.312
4493.3, 0.989345, 0.0143343, 0.98735, 1.8046
4493.31, 0.985398, 0.0142785, 0.98145, 2.37169
4493.32, 0.974868, 0.0141418, 0.974, 2.96281
4493.33, 0.967137, 0.0140346, 0.96552, 3.52509
4493.34, 0.960681, 0.013938, 0.95689, 4.00808
4493.35, 0.950984, 0.0138011, 0.94912, 4.37573
4493.36, 0.941616, 0.0136747, 0.94321, 4.60641
4493.37, 0.936863, 0.0136147, 0.93991, 4.69291
4493.38, 0.938628, 0.0136403, 0.93961, 4.63524
4493.39, 0.941546, 0.0136682, 0.94215, 4.4358
4493.4, 0.943481, 0.0136749, 0.94676, 4.09458
4493.41, 0.947109, 0.0137163, 0.95193, 3.63322
4493.42, 0.950718, 0.0137606, 0.95538, 3.08055
4493.43, 0.951817, 0.0137679, 0.95438, 2.48943
4493.44, 0.949323, 0.0137372, 0.94614, 1.91033
4493.45, 0.941318, 0.0136346, 0.92867, 1.40091
4493.46, 0.924131, 0.0134023, 0.90144, 0.987602
4493.47, 0.891824, 0.0129805, 0.86589, 0.684834
4493.48, 0.850381, 0.0124505, 0.82541, 0.482988
4493.49, 0.812582, 0.0119682, 0.78483, 0.360439
4493.5, 0.779968, 0.0115471, 0.74956, 0.290754
4493.51, 0.754446, 0.0112129, 0.72462, 0.259516
4493.52, 0.741028, 0.0110368, 0.71367, 0.247501
4493.53, 0.741742, 0.0110402, 0.71838, 0.247501
4493.54, 0.756525, 0.0112197, 0.73809, 0.257113
4493.55, 0.783667, 0.0115607, 0.76998, 0.271531
4493.56, 0.820719, 0.0120286, 0.80966, 0.290754
4493.57, 0.863309, 0.0125621, 0.85202, 0.314783
4493.58, 0.903126, 0.01306, 0.89221, 0.338812
4493.59, 0.93334, 0.0134365, 0.92654, 0.365245
4493.6, 0.951597, 0.0136599, 0.95299, 0.386871
4493.61, 0.965987, 0.0138364, 0.97134, 0.406094
4493.62, 0.977821, 0.0139824, 0.98275, 0.4109
4493.63, 0.979841, 0.0140013, 0.98906, 0.396483
4493.64, 0.977585, 0.0139651, 0.9922, 0.348424
4493.65, 0.976156, 0.0139408, 0.99377, 0.271531
4493.66, 0.972248, 0.0138849, 1, 0
4493.67, 0.967783, 0.0138201, 1, 0
4493.68, 0.965453, 0.0137812, 1, 0
4493.69, 0.961825, 0.0137296, 1, 0
4493.7, 0.95614, 0.0136558, 1, 0
4493.71, 0.950995, 0.0135879, 1, 0
