wav, obs, sigma_obs, syn, weight
4502.23, 0.553574, 0.00633201, 1, 0
4502.24, 0.610133, 0.00686217, 1, 0
4502.25, 0.682757, 0.00754268, 1, 0
4502.26, 0.757886, 0.00823945, 1, 0
4502.27, 0.823832, 0.0088461, 1, 0
4502.28, 0.875997, 0.00933019, 1, 0
4502.29, 0.911229, 0.00965915, 0.89554, 0.00482862
4502.3, 0.932693, 0.00985321, 0.92971, 0.00772579
4502.31, 0.947114, 0.00997162, 0.95657, 0.00965723
4502.32, 0.954366, 0.0100386, 0.97391, 0.0115887
4502.33, 0.95974, 0.0100985, 0.98382, 0.0125544
4502.34, 0.96981, 0.0101867, 0.98898, 0.0144859
4502.35, 0.974629, 0.0102255, 0.99166, 0.0164173
4502.36, 0.973278, 0.0102119, 0.99314, 0.0164173
4502.37, 0.973208, 0.0102077, 0.99407, 0.0183487
4502.38, 0.973113, 0.0102042, 0.9947, 0.0202802
4502.39, 0.969707, 0.0101709, 0.99518, 0.0222116
4502.4, 0.962092, 0.010096, 0.99554, 0.0241431
4502.41, 0.956781, 0.0100417, 0.99583, 0.028006
4502.42, 0.954094, 0.010015, 0.99605, 0.0318689
4502.43, 0.95098, 0.00998807, 0.99621, 0.0395947
4502.44, 0.952747, 0.00999514, 0.99632, 0.0511833
4502.45, 0.958018, 0.0100338, 0.99635, 0.0743607
4502.46, 0.961976, 0.0100761, 0.99627, 0.120715
4502.47, 0.968487, 0.0101311, 0.99595, 0.208596
4502.48, 0.975079, 0.0101826, 0.99509, 0.364078
4502.49, 0.976802, 0.0102056, 0.99312, 0.619994
4502.5, 0.978327, 0.0102181, 0.98898, 0.997592
4502.51, 0.97837, 0.010209, 0.98113, 1.50653
4502.52, 0.971095, 0.0101414, 0.96778, 2.13232
4502.53, 0.953776, 0.00998392, 0.94744, 2.84019
4502.54, 0.927058, 0.00973851, 0.91981, 3.57897
4502.55, 0.893894, 0.00943238, 0.88649, 4.28395
4502.56, 0.858044, 0.00909862, 0.85124, 4.89911
4502.57, 0.822841, 0.00877202, 0.81938, 5.37522
4502.58, 0.793426, 0.00850286, 0.79661, 5.67942
4502.59, 0.779755, 0.00837438, 0.7874, 5.79531
4502.6, 0.785549, 0.00842303, 0.79365, 5.71805
4502.61, 0.808317, 0.00863188, 0.81406, 5.45054
4502.62, 0.841676, 0.00893851, 0.84462, 5.00728
4502.63, 0.880502, 0.00929433, 0.87974, 4.41722
4502.64, 0.91995, 0.00965403, 0.91391, 3.7248
4502.65, 0.953342, 0.00995307, 0.94297, 2.98891
4502.66, 0.974545, 0.0101453, 0.96491, 2.27138
4502.67, 0.983723, 0.0102363, 0.97967, 1.62531
4502.68, 0.992257, 0.0103079, 0.98859, 1.0903
4502.69, 0.999694, 0.0103679, 0.99346, 0.687595
4502.7, 1.00097, 0.0103855, 0.99591, 0.409467
4502.71, 0.997274, 0.0103537, 0.99709, 0.235637
4502.72, 0.993636, 0.0103147, 0.99767, 0.137133
4502.73, 0.992537, 0.0102988, 0.99798, 0.0849837
4502.74, 0.989329, 0.0102709, 0.99817, 0.0569777
4502.75, 0.987155, 0.010243, 0.99831, 0.0434576
4502.76, 0.988773, 0.0102385, 0.99841, 0.0357318
4502.77, 0.988997, 0.0102497, 0.9985, 0.0299374
4502.78, 0.989085, 0.0102569, 0.99857, 0.0251088
4502.79, 0.991807, 0.0102619, 0.99863, 0.0231774
4502.8, 0.996218, 0.0103009, 0.99868, 0.0202802
4502.81, 0.999902, 0.0103419, 0.99872, 0.0183487
4502.82, 1.00109, 0.0103508, 0.99875, 0.0154516
4502.83, 1.00033, 0.010344, 0.99878, 0.0154516
4502.84, 1.00079, 0.0103479, 0.99881, 0.0135201
4502.85, 1.00321, 0.0103649, 0.99883, 0.0125544
4502.86, 1.00388, 0.0103657, 0.99886, 0.0115887
4502.87, 1.00587, 0.0103798, 0.99888, 0.00965723
4502.88, 1.00987, 0.0104097, 0.99891, 0.00772579
4502.89, 1.01003, 0.0103971, 0.99895, 0.00676006
4502.9, 1.00823, 0.0103779, 1, 0
4502.91, 1.00728, 0.0103812, 1, 0
4502.92, 1.00681, 0.0103782, 1, 0
4502.93, 1.00645, 0.01037, 1, 0
4502.94, 1.00605, 0.0103638, 1, 0
4502.95, 1.00565, 0.0103577, 1, 0
