wav, obs, sigma_obs, syn, weight
4508.35, 0.85357, 0.00830189, 1, 0
4508.36, 0.898475, 0.00869809, 1, 0
4508.37, 0.93716, 0.00901746, 1, 0
4508.38, 0.963138, 0.00921431, 1, 0
4508.39, 0.974906, 0.00931825, 1, 0
4508.4, 0.981967, 0.00938131, 1, 0
4508.41, 0.98858, 0.00943044, 0.98586, 0.630912
4508.42, 0.992337, 0.00946204, 0.98727, 0.739865
4508.43, 0.992459, 0.00946383, 0.98902, 0.747466
4508.44, 0.991937, 0.00945992, 0.99055, 0.686655
4508.45, 0.993599, 0.00947543, 0.99175, 0.600507
4508.46, 0.995746, 0.00949134, 0.99269, 0.524493
4508.47, 0.997249, 0.00949457, 0.99341, 0.461149
4508.48, 0.9963, 0.0094824, 0.99398, 0.413007
4508.49, 0.991183, 0.00946098, 0.99443, 0.377534
4508.5, 0.98836, 0.00944304, 0.99478, 0.344595
4508.51, 0.988138, 0.00942735, 0.99508, 0.321791
4508.52, 0.986048, 0.00940949, 0.99532, 0.30152
4508.53, 0.989516, 0.00942191, 0.99551, 0.288851
4508.54, 0.992538, 0.00943905, 0.99567, 0.283784
4508.55, 0.987272, 0.00942301, 0.99575, 0.291385
4508.56, 0.986157, 0.00941221, 0.9957, 0.324324
4508.57, 0.989077, 0.00942134, 0.99538, 0.39527
4508.58, 0.991006, 0.00944, 0.99454, 0.534628
4508.59, 0.991432, 0.00944782, 0.99275, 0.767736
4508.6, 0.988917, 0.00943532, 0.98941, 1.1098
4508.61, 0.98446, 0.00940466, 0.98389, 1.57601
4508.62, 0.980223, 0.00935805, 0.97571, 2.13598
4508.63, 0.970779, 0.00926866, 0.96488, 2.74916
4508.64, 0.955661, 0.00914022, 0.95206, 3.35473
4508.65, 0.939188, 0.00900307, 0.93857, 3.89189
4508.66, 0.923845, 0.00887726, 0.92614, 4.32264
4508.67, 0.911271, 0.0087709, 0.91653, 4.61402
4508.68, 0.903719, 0.00870199, 0.91115, 4.76098
4508.69, 0.904243, 0.00870722, 0.91077, 4.75591
4508.7, 0.910795, 0.00876706, 0.91547, 4.60389
4508.71, 0.921758, 0.00886326, 0.92457, 4.29983
4508.72, 0.937387, 0.00899573, 0.93672, 3.86402
4508.73, 0.952875, 0.00911552, 0.9502, 3.31419
4508.74, 0.964843, 0.00920694, 0.96325, 2.70101
4508.75, 0.973566, 0.00929042, 0.97449, 2.08024
4508.76, 0.982014, 0.00936902, 0.98319, 1.51014
4508.77, 0.986856, 0.00941416, 0.9893, 1.03885
4508.78, 0.986614, 0.00942146, 0.9932, 0.684122
4508.79, 0.989899, 0.00945349, 0.99551, 0.440878
4508.8, 0.994263, 0.00947859, 0.99679, 0.291385
4508.81, 0.995714, 0.00947602, 0.99748, 0.205236
4508.82, 0.996144, 0.0094902, 0.99784, 0.159628
4508.83, 1.00067, 0.00952217, 0.99805, 0.134291
4508.84, 1.00465, 0.00954066, 0.99817, 0.121622
4508.85, 0.999672, 0.00951877, 0.99825, 0.11402
4508.86, 0.99601, 0.00949521, 0.99831, 0.108953
4508.87, 0.998353, 0.00950421, 0.99834, 0.103885
4508.88, 1.00275, 0.00953677, 0.99836, 0.101351
4508.89, 1.00171, 0.00953059, 0.99837, 0.0988176
4508.9, 0.999206, 0.00951552, 0.99836, 0.0988176
4508.91, 1.0006, 0.00952476, 0.99835, 0.0962838
4508.92, 1.00418, 0.00953239, 0.99832, 0.0962838
4508.93, 1.00305, 0.00952498, 0.99829, 0.0988176
4508.94, 0.999394, 0.00952136, 0.99824, 0.09375
4508.95, 1.00117, 0.00954236, 0.99819, 0.0912162
4508.96, 1.00125, 0.0095331, 0.99816, 0.0810811
4508.97, 1.00001, 0.00951689, 0.9982, 0.0608108
4508.98, 1.00193, 0.00954052, 1, 0
4508.99, 1.00409, 0.00956025, 1, 0
4509, 1.0043, 0.00955989, 1, 0
4509.01, 1.00247, 0.0095463, 1, 0
4509.02, 1.00083, 0.0095339, 1, 0
4509.03, 0.99925, 0.00952189, 1, 0
