wav, obs, sigma_obs, syn, weight
4509.37, 0.96406, 0.00918183, 1, 0
4509.38, 0.956652, 0.00913966, 1, 0
4509.39, 0.946165, 0.00905225, 1, 0
4509.4, 0.930584, 0.00889631, 1, 0
4509.41, 0.913913, 0.00875026, 1, 0
4509.42, 0.892184, 0.00858472, 1, 0
4509.43, 0.86888, 0.00839871, 0.77691, 0.0331162
4509.44, 0.856529, 0.00827055, 0.75755, 0.0404753
4509.45, 0.849384, 0.00821365, 0.75431, 0.043235
4509.46, 0.851058, 0.00825219, 0.76718, 0.043235
4509.47, 0.871355, 0.00841199, 0.79363, 0.0423151
4509.48, 0.903155, 0.00865225, 0.82896, 0.0423151
4509.49, 0.931317, 0.00888624, 0.86752, 0.043235
4509.5, 0.948046, 0.00905531, 0.90407, 0.0450748
4509.51, 0.962846, 0.00918569, 0.93486, 0.0478345
4509.52, 0.979559, 0.00930229, 0.95816, 0.0496743
4509.53, 0.992916, 0.00939374, 0.97406, 0.0542737
4509.54, 0.995026, 0.0094288, 0.9839, 0.0579533
4509.55, 0.996177, 0.00944761, 0.98948, 0.0634727
4509.56, 0.999069, 0.00946787, 0.99241, 0.0699119
4509.57, 0.998888, 0.00947677, 0.99384, 0.078191
4509.58, 0.997012, 0.00947011, 0.99446, 0.0919894
4509.59, 0.996851, 0.00946374, 0.99462, 0.114067
4509.6, 0.998693, 0.00946397, 0.99443, 0.153622
4509.61, 0.997534, 0.00944829, 0.9938, 0.226294
4509.62, 0.993056, 0.00941763, 0.99241, 0.353239
4509.63, 0.987412, 0.00937785, 0.98955, 0.562975
4509.64, 0.982383, 0.00933002, 0.98391, 0.880338
4509.65, 0.97584, 0.00927279, 0.97351, 1.32005
4509.66, 0.962436, 0.00915958, 0.95597, 1.87658
4509.67, 0.938458, 0.00895286, 0.92921, 2.52235
4509.68, 0.907184, 0.00870224, 0.89255, 3.21595
4509.69, 0.864774, 0.00835411, 0.8476, 3.90219
4509.7, 0.810367, 0.0078875, 0.79865, 4.52404
4509.71, 0.754284, 0.00741631, 0.75214, 5.0309
4509.72, 0.708158, 0.00702575, 0.71549, 5.38598
4509.73, 0.680626, 0.00678501, 0.69524, 5.56812
4509.74, 0.677023, 0.00675522, 0.69527, 5.5672
4509.75, 0.701423, 0.00697059, 0.71558, 5.38598
4509.76, 0.744772, 0.00734268, 0.75231, 5.02998
4509.77, 0.795302, 0.00776293, 0.79889, 4.52312
4509.78, 0.852635, 0.008237, 0.84793, 3.90035
4509.79, 0.902912, 0.00865827, 0.89297, 3.21319
4509.8, 0.936037, 0.00894171, 0.92972, 2.51959
4509.81, 0.957151, 0.00911979, 0.95657, 1.87198
4509.82, 0.972775, 0.00924846, 0.97421, 1.31637
4509.83, 0.985891, 0.00934689, 0.98471, 0.877579
4509.84, 0.99503, 0.00940172, 0.99045, 0.561135
4509.85, 0.996489, 0.00941976, 0.99341, 0.353239
4509.86, 0.996492, 0.00943856, 0.99491, 0.229054
4509.87, 1.00024, 0.00947172, 0.99567, 0.160061
4509.88, 1.00066, 0.00946992, 0.99604, 0.124186
4509.89, 1.00225, 0.00947191, 0.99621, 0.104868
4509.9, 1.00645, 0.00949746, 0.99628, 0.0929093
4509.91, 1.00645, 0.00950251, 0.99631, 0.0873899
4509.92, 1.00449, 0.0094798, 0.99637, 0.0809506
4509.93, 1.00222, 0.00945784, 0.9965, 0.0763512
4509.94, 0.999863, 0.00946093, 0.99671, 0.0708318
4509.95, 0.999805, 0.00945261, 0.997, 0.0662323
4509.96, 0.998883, 0.00942741, 0.99731, 0.0597931
4509.97, 0.995256, 0.00940175, 0.99758, 0.0542737
4509.98, 0.993448, 0.00938646, 0.99771, 0.0469146
4509.99, 0.990968, 0.00936825, 0.99763, 0.0404753
4510, 0.987872, 0.00934497, 0.99727, 0.034956
4510.01, 0.987989, 0.00933376, 0.99662, 0.0285167
4510.02, 0.988268, 0.00934176, 0.99576, 0.0229973
4510.03, 0.98685, 0.00934504, 0.9949, 0.0165581
4510.04, 0.98465, 0.00932643, 1, 0
4510.05, 0.983955, 0.00932429, 1, 0
4510.06, 0.984989, 0.00933588, 1, 0
4510.07, 0.986907, 0.00934624, 1, 0
4510.08, 0.988726, 0.00935688, 1, 0
4510.09, 0.990529, 0.00936757, 1, 0
