wav, obs, sigma_obs, syn, weight
4517.12, 0.793307, 0.00809469, 1, 0
4517.13, 0.777308, 0.0079541, 1, 0
4517.14, 0.766043, 0.0078466, 1, 0
4517.15, 0.769237, 0.0078565, 1, 0
4517.16, 0.785182, 0.00801644, 1, 0
4517.17, 0.814824, 0.00829627, 0.99495, 0
4517.18, 0.856067, 0.00865055, 0.99672, 0.0230695
4517.19, 0.899905, 0.00902459, 0.99768, 0.0311439
4517.2, 0.934371, 0.00931992, 0.99809, 0.0369112
4517.21, 0.95907, 0.00953433, 0.99816, 0.0415252
4517.22, 0.974301, 0.00967794, 0.99805, 0.0449856
4517.23, 0.978839, 0.00973723, 0.99782, 0.0478693
4517.24, 0.985924, 0.00977499, 0.9975, 0.0513297
4517.25, 0.99009, 0.00978943, 0.99715, 0.0547901
4517.26, 0.985137, 0.00976648, 0.99685, 0.059404
4517.27, 0.980613, 0.00974303, 0.99667, 0.0645947
4517.28, 0.983038, 0.0097634, 0.9966, 0.0697853
4517.29, 0.987074, 0.00980203, 0.99661, 0.0761294
4517.3, 0.989186, 0.00982658, 0.99662, 0.083627
4517.31, 0.996126, 0.00985894, 0.99654, 0.0922781
4517.32, 1.00027, 0.00989215, 0.99633, 0.102659
4517.33, 0.999539, 0.00991065, 0.99601, 0.115348
4517.34, 0.998508, 0.00991623, 0.99565, 0.130343
4517.35, 1.00042, 0.00993043, 0.99528, 0.149952
4517.36, 1.00465, 0.00992719, 0.99494, 0.176482
4517.37, 1.00175, 0.00989175, 0.99461, 0.2157
4517.38, 0.989019, 0.00984131, 0.99419, 0.279718
4517.39, 0.985216, 0.00980571, 0.99355, 0.386415
4517.4, 0.985094, 0.0097723, 0.99246, 0.556552
4517.41, 0.980464, 0.00973288, 0.99033, 0.799936
4517.42, 0.971859, 0.00968586, 0.98577, 1.10503
4517.43, 0.96466, 0.00960655, 0.97589, 1.43781
4517.44, 0.953936, 0.00948138, 0.95582, 1.76021
4517.45, 0.927059, 0.00924447, 0.91931, 2.04742
4517.46, 0.874268, 0.00881122, 0.86101, 2.29253
4517.47, 0.800865, 0.00819423, 0.77982, 2.50939
4517.48, 0.709963, 0.00740559, 0.68122, 2.71817
4517.49, 0.606032, 0.00648316, 0.57696, 2.93848
4517.5, 0.500421, 0.0055344, 0.48209, 3.17321
4517.51, 0.413272, 0.00475677, 0.41097, 3.40622
4517.52, 0.36512, 0.00432497, 0.37384, 3.61038
4517.53, 0.367446, 0.00434059, 0.37499, 3.7661
4517.54, 0.417693, 0.00479822, 0.41237, 3.87164
4517.55, 0.501191, 0.00555593, 0.47812, 3.9397
4517.56, 0.597705, 0.00639687, 0.56016, 3.98641
4517.57, 0.685707, 0.00715071, 0.64502, 4.01064
4517.58, 0.749607, 0.00774955, 0.72149, 3.99507
4517.59, 0.792869, 0.00815362, 0.78351, 3.91432
4517.6, 0.827761, 0.0084582, 0.83091, 3.74707
4517.61, 0.862513, 0.0087546, 0.86749, 3.48465
4517.62, 0.895894, 0.0090284, 0.89767, 3.13457
4517.63, 0.928377, 0.00931839, 0.92392, 2.72105
4517.64, 0.955444, 0.00956404, 0.94641, 2.27927
4517.65, 0.973122, 0.00971055, 0.96433, 1.8421
4517.66, 0.983882, 0.00981763, 0.9772, 1.43492
4517.67, 0.988484, 0.00987273, 0.98548, 1.07446
4517.68, 0.989336, 0.00988645, 0.99027, 0.773406
4517.69, 0.989588, 0.00989116, 0.99281, 0.53752
4517.7, 0.990476, 0.00989502, 0.9941, 0.367959
4517.71, 0.991674, 0.00988817, 0.99475, 0.254342
4517.72, 0.991034, 0.00984681, 0.99511, 0.183979
4517.73, 0.984711, 0.00977338, 0.9953, 0.142454
4517.74, 0.971731, 0.00972548, 0.99537, 0.117078
4517.75, 0.970539, 0.00971171, 0.99529, 0.100352
4517.76, 0.973668, 0.00969855, 0.99499, 0.0882409
4517.77, 0.965938, 0.00966996, 0.99435, 0.0795899
4517.78, 0.968114, 0.009674, 0.9933, 0.0715155
4517.79, 0.968995, 0.00967976, 0.99177, 0.0645947
4517.8, 0.967761, 0.0096879, 0.98985, 0.059404
4517.81, 0.974105, 0.0097215, 0.98774, 0.0547901
4517.82, 0.974558, 0.0097338, 0.98579, 0.0501762
4517.83, 0.974996, 0.00975718, 0.98433, 0.0467158
4517.84, 0.979183, 0.00979517, 0.9836, 0.0409484
4517.85, 0.982462, 0.00981813, 0.98362, 0.0346043
4517.86, 0.98671, 0.00986343, 0.98422, 0.0253765
4517.87, 0.991906, 0.00990265, 0.98514, 0.0155719
4517.88, 0.993161, 0.00990222, 1, 0
4517.89, 0.986101, 0.00986589, 1, 0
4517.9, 0.977286, 0.00981251, 1, 0
4517.91, 0.969189, 0.00973064, 1, 0
4517.92, 0.961438, 0.00962162, 1, 0
