wav, obs, sigma_obs, syn, weight
4523.03, 0.924009, 0.0131613, 1, 0
4523.04, 0.916956, 0.0130736, 1, 0
4523.05, 0.909456, 0.012982, 1, 0
4523.06, 0.903887, 0.0129078, 1, 0
4523.07, 0.902536, 0.0128816, 1, 0
4523.08, 0.907619, 0.0129414, 1, 0
4523.09, 0.91717, 0.013061, 0.9462, 0.0279919
4523.1, 0.927898, 0.0131915, 0.9441, 0.0368315
4523.11, 0.937892, 0.0133013, 0.94875, 0.0434612
4523.12, 0.947898, 0.0134123, 0.95748, 0.0471443
4523.13, 0.959715, 0.0135665, 0.96743, 0.0500909
4523.14, 0.971006, 0.0137107, 0.97656, 0.0515641
4523.15, 0.979314, 0.013802, 0.98381, 0.053774
4523.16, 0.984034, 0.0138533, 0.9888, 0.0559839
4523.17, 0.987709, 0.0139044, 0.99178, 0.0574572
4523.18, 0.992385, 0.0139749, 0.99324, 0.0604037
4523.19, 0.994729, 0.0140031, 0.99372, 0.0626136
4523.2, 0.994664, 0.0139901, 0.99367, 0.0662967
4523.21, 0.995208, 0.0139935, 0.99339, 0.0707165
4523.22, 0.995109, 0.0139895, 0.99304, 0.0766095
4523.23, 0.993681, 0.0139628, 0.99271, 0.0832392
4523.24, 0.993253, 0.0139533, 0.99241, 0.0964986
4523.25, 0.992526, 0.0139428, 0.99209, 0.117124
4523.26, 0.989433, 0.0138987, 0.99158, 0.155429
4523.27, 0.986895, 0.0138638, 0.99053, 0.226145
4523.28, 0.985785, 0.0138491, 0.98822, 0.350636
4523.29, 0.983452, 0.0138138, 0.98351, 0.554683
4523.3, 0.975736, 0.0137118, 0.97482, 0.856701
4523.31, 0.960385, 0.0135196, 0.96038, 1.267
4523.32, 0.939596, 0.0132586, 0.93879, 1.77823
4523.33, 0.912609, 0.0129204, 0.90958, 2.36974
4523.34, 0.877368, 0.0124833, 0.87369, 3.00913
4523.35, 0.836006, 0.0119657, 0.83354, 3.65884
4523.36, 0.793419, 0.0114306, 0.79279, 4.2754
4523.37, 0.755964, 0.0109715, 0.75563, 4.8124
4523.38, 0.724622, 0.0105901, 0.72617, 5.22639
4523.39, 0.701524, 0.0102989, 0.7077, 5.48053
4523.4, 0.696083, 0.0102192, 0.70227, 5.55566
4523.41, 0.708128, 0.0103605, 0.7105, 5.44443
4523.42, 0.730756, 0.0106462, 0.73148, 5.15641
4523.43, 0.763974, 0.0110592, 0.76287, 4.71591
4523.44, 0.806034, 0.0115692, 0.80118, 4.15901
4523.45, 0.850282, 0.0121056, 0.84225, 3.53288
4523.46, 0.891665, 0.0126129, 0.88192, 2.8817
4523.47, 0.926772, 0.0130477, 0.91678, 2.24967
4523.48, 0.953944, 0.0133775, 0.94467, 1.67215
4523.49, 0.973486, 0.0136057, 0.96493, 1.18008
4523.5, 0.986804, 0.0137597, 0.97824, 0.791141
4523.51, 0.993403, 0.0138373, 0.98609, 0.509748
4523.52, 0.995805, 0.0138658, 0.99022, 0.324117
4523.53, 1.00094, 0.0139205, 0.99214, 0.212886
4523.54, 1.00361, 0.0139464, 0.99291, 0.150273
4523.55, 0.998078, 0.0138832, 0.99315, 0.117861
4523.56, 0.99678, 0.0138655, 0.99317, 0.100182
4523.57, 1.00074, 0.0139057, 0.99302, 0.0898689
4523.58, 0.999145, 0.0138884, 0.99265, 0.0832392
4523.59, 0.996343, 0.0138539, 0.99185, 0.0788194
4523.6, 0.997356, 0.013855, 0.99031, 0.0758729
4523.61, 0.998957, 0.0138668, 0.98769, 0.0743996
4523.62, 0.997953, 0.0138526, 0.98371, 0.0729264
4523.63, 0.99376, 0.0137987, 0.97829, 0.0729264
4523.64, 0.992205, 0.0137739, 0.97168, 0.0729264
4523.65, 0.99342, 0.0137815, 0.96444, 0.0743996
4523.66, 0.991332, 0.0137522, 0.95734, 0.0773462
4523.67, 0.988909, 0.0137179, 0.95127, 0.0802927
4523.68, 0.989254, 0.0137122, 0.94708, 0.0847125
4523.69, 0.988936, 0.0136954, 0.94569, 0.0847125
4523.7, 0.986693, 0.0136639, 0.94812, 0.0795561
4523.71, 0.983724, 0.0136407, 0.95497, 0.0648235
4523.72, 0.982688, 0.013633, 1, 0
4523.73, 0.982556, 0.0136196, 1, 0
4523.74, 0.978866, 0.0135644, 1, 0
4523.75, 0.976789, 0.0135352, 1, 0
4523.76, 0.981302, 0.0135904, 1, 0
4523.77, 0.986751, 0.0136576, 1, 0
