wav, obs, sigma_obs, syn, weight
4525.5, 0.988643, 0.0126345, 1, 0
4525.51, 0.990761, 0.0126527, 1, 0
4525.52, 0.993633, 0.0126784, 1, 0
4525.53, 0.993802, 0.0126772, 1, 0
4525.54, 0.991496, 0.0126504, 1, 0
4525.55, 0.990675, 0.0126361, 1, 0
4525.56, 0.990204, 0.012628, 0.99304, 0.247315
4525.57, 0.988287, 0.0126086, 0.99322, 0.314018
4525.58, 0.987387, 0.0125872, 0.99344, 0.35404
4525.59, 0.988585, 0.0125835, 0.99367, 0.367381
4525.6, 0.991231, 0.0126107, 0.99388, 0.366355
4525.61, 0.993938, 0.0126386, 0.99407, 0.356093
4525.62, 0.995722, 0.0126473, 0.99426, 0.344804
4525.63, 0.996603, 0.0126457, 0.99442, 0.331464
4525.64, 0.998568, 0.0126595, 0.99456, 0.319149
4525.65, 1.00193, 0.0126927, 0.99466, 0.308887
4525.66, 1.00254, 0.0126975, 0.99471, 0.298625
4525.67, 1.00288, 0.0126985, 0.99467, 0.288363
4525.68, 1.00698, 0.0127382, 0.99453, 0.280154
4525.69, 1.00769, 0.0127373, 0.99426, 0.27297
4525.7, 1.0042, 0.0126896, 0.99386, 0.267839
4525.71, 1.00383, 0.0126796, 0.99336, 0.266813
4525.72, 1.00442, 0.012683, 0.99279, 0.27297
4525.73, 1.00364, 0.0126708, 0.9922, 0.293494
4525.74, 1.00474, 0.0126734, 0.99159, 0.344804
4525.75, 1.00418, 0.0126565, 0.99092, 0.448451
4525.76, 0.997842, 0.0125817, 0.98998, 0.628036
4525.77, 0.992508, 0.0125202, 0.98832, 0.910242
4525.78, 0.989542, 0.0124833, 0.98512, 1.30738
4525.79, 0.983367, 0.0124078, 0.9792, 1.81638
4525.8, 0.969951, 0.0122522, 0.96921, 2.41158
4525.81, 0.950208, 0.0120273, 0.95408, 3.0468
4525.82, 0.931068, 0.0118056, 0.93381, 3.67073
4525.83, 0.913044, 0.0115982, 0.91001, 4.22488
4525.84, 0.894156, 0.0113878, 0.88602, 4.6682
4525.85, 0.875501, 0.0111779, 0.86616, 4.96888
4525.86, 0.861113, 0.0110126, 0.85434, 5.11152
4525.87, 0.856018, 0.0109535, 0.85261, 5.09202
4525.88, 0.860606, 0.0110008, 0.86038, 4.91141
4525.89, 0.871973, 0.011119, 0.87475, 4.57481
4525.9, 0.885294, 0.0112564, 0.89189, 4.10276
4525.91, 0.901632, 0.0114293, 0.9085, 3.52501
4525.92, 0.921383, 0.0116445, 0.92284, 2.89287
4525.93, 0.93812, 0.0118257, 0.93478, 2.25765
4525.94, 0.951717, 0.011969, 0.94509, 1.67374
4525.95, 0.96523, 0.0121096, 0.95454, 1.18321
4525.96, 0.974528, 0.0122066, 0.96339, 0.803517
4525.97, 0.97874, 0.0122503, 0.97135, 0.536704
4525.98, 0.981826, 0.0122785, 0.97792, 0.364302
4525.99, 0.98286, 0.0122815, 0.9827, 0.260656
4526, 0.980999, 0.0122525, 0.98553, 0.201136
4526.01, 0.978817, 0.0122213, 0.9863, 0.166245
4526.02, 0.975255, 0.0121867, 0.98478, 0.144695
4526.03, 0.967568, 0.0121233, 0.98045, 0.129302
4526.04, 0.95545, 0.012001, 0.97266, 0.116987
4526.05, 0.94032, 0.0118277, 0.9609, 0.107751
4526.06, 0.924457, 0.0116436, 0.94536, 0.100568
4526.07, 0.908235, 0.0114607, 0.92725, 0.0933845
4526.08, 0.892558, 0.0112872, 0.90887, 0.0892797
4526.09, 0.880095, 0.0111418, 0.89325, 0.0841487
4526.1, 0.873392, 0.0110598, 0.8833, 0.0820963
4526.11, 0.873929, 0.0110658, 0.88101, 0.0779915
4526.12, 0.880922, 0.0111382, 0.88679, 0.0769652
4526.13, 0.893926, 0.0112715, 0.89942, 0.0728604
4526.14, 0.912266, 0.0114669, 0.91639, 0.0667032
4526.15, 0.932017, 0.0116763, 0.93478, 0.0574674
4526.16, 0.950648, 0.0118713, 0.95199, 0.0451529
4526.17, 0.967904, 0.0120572, 1, 0
4526.18, 0.979092, 0.0121772, 1, 0
4526.19, 0.982478, 0.0122069, 1, 0
4526.2, 0.986027, 0.0122392, 1, 0
4526.21, 0.99193, 0.0122996, 1, 0
4526.22, 0.997153, 0.0123519, 1, 0
