wav, obs, sigma_obs, syn, weight
4527.42, 0.794476, 0.00964498, 1, 0
4527.43, 0.792222, 0.00961318, 1, 0
4527.44, 0.78968, 0.00958098, 1, 0
4527.45, 0.78834, 0.00956446, 1, 0
4527.46, 0.792444, 0.00960435, 1, 0
4527.47, 0.804061, 0.00972233, 1, 0
4527.48, 0.823364, 0.00992042, 0.84737, 0.0861727
4527.49, 0.848913, 0.0101795, 0.85821, 0.115158
4527.5, 0.877349, 0.0104655, 0.88015, 0.13866
4527.51, 0.904464, 0.0107393, 0.90578, 0.155894
4527.52, 0.927884, 0.0109779, 0.92984, 0.169212
4527.53, 0.945636, 0.0111562, 0.94965, 0.179396
4527.54, 0.956747, 0.0112561, 0.96417, 0.188796
4527.55, 0.966449, 0.0113468, 0.97385, 0.197414
4527.56, 0.976585, 0.0114555, 0.97971, 0.205248
4527.57, 0.980299, 0.0114947, 0.98294, 0.212298
4527.58, 0.981556, 0.0114961, 0.98455, 0.218565
4527.59, 0.986372, 0.0115264, 0.98525, 0.224832
4527.6, 0.989118, 0.0115519, 0.98549, 0.232666
4527.61, 0.988098, 0.0115497, 0.98552, 0.239717
4527.62, 0.986289, 0.0115267, 0.98545, 0.248334
4527.63, 0.985762, 0.011515, 0.98533, 0.260085
4527.64, 0.986467, 0.011521, 0.98514, 0.278886
4527.65, 0.986068, 0.0115128, 0.98478, 0.311788
4527.66, 0.982139, 0.0114669, 0.98397, 0.372893
4527.67, 0.975065, 0.0113903, 0.98217, 0.477867
4527.68, 0.969614, 0.0113298, 0.97841, 0.650212
4527.69, 0.96373, 0.0112622, 0.97131, 0.907163
4527.7, 0.952435, 0.0111373, 0.95921, 1.25734
4527.71, 0.934627, 0.0109519, 0.94072, 1.69525
4527.72, 0.910648, 0.0107082, 0.9153, 2.1974
4527.73, 0.8817, 0.0104105, 0.88382, 2.72932
4527.74, 0.849836, 0.0100803, 0.84871, 3.24479
4527.75, 0.817987, 0.00974983, 0.81369, 3.70307
4527.76, 0.79, 0.00945887, 0.78302, 4.06813
4527.77, 0.770232, 0.00925226, 0.76072, 4.3149
4527.78, 0.761472, 0.0091585, 0.74973, 4.42928
4527.79, 0.763365, 0.00917373, 0.7515, 4.40812
4527.8, 0.777005, 0.00930966, 0.76566, 4.25066
4527.81, 0.802824, 0.0095707, 0.79014, 3.96708
4527.82, 0.836206, 0.0099069, 0.82148, 3.5746
4527.83, 0.869679, 0.0102422, 0.8555, 3.10222
4527.84, 0.896303, 0.0105083, 0.88808, 2.5891
4527.85, 0.91892, 0.0107342, 0.91601, 2.08068
4527.86, 0.938063, 0.0109236, 0.93753, 1.61691
4527.87, 0.948801, 0.0110246, 0.95239, 1.22992
4527.88, 0.952687, 0.0110575, 0.96153, 0.935365
4527.89, 0.953649, 0.0110649, 0.96646, 0.731684
4527.9, 0.95437, 0.0110679, 0.96869, 0.607126
4527.91, 0.95375, 0.0110557, 0.9694, 0.539754
4527.92, 0.950028, 0.0110136, 0.96937, 0.509986
4527.93, 0.945953, 0.0109683, 0.96903, 0.501368
4527.94, 0.944833, 0.0109526, 0.9686, 0.503718
4527.95, 0.948265, 0.0109829, 0.96819, 0.513119
4527.96, 0.95145, 0.0110097, 0.96785, 0.52487
4527.97, 0.951719, 0.0110041, 0.96763, 0.538187
4527.98, 0.951236, 0.0109869, 0.96758, 0.553072
4527.99, 0.951097, 0.0109807, 0.9677, 0.570306
4528, 0.951098, 0.0109873, 0.96796, 0.588324
4528.01, 0.949914, 0.0109736, 0.96832, 0.607126
4528.02, 0.948645, 0.0109524, 0.96871, 0.627494
4528.03, 0.948823, 0.01095, 0.96906, 0.647078
4528.04, 0.948885, 0.0109465, 0.96933, 0.662746
4528.05, 0.948061, 0.0109341, 0.96953, 0.665096
4528.06, 0.946791, 0.0109242, 0.96977, 0.636894
4528.07, 0.945624, 0.0109337, 0.9704, 0.563256
4528.08, 0.944742, 0.0109443, 0.97212, 0.443398
4528.09, 0.944008, 0.0109071, 1, 0
4528.1, 0.944403, 0.010872, 1, 0
4528.11, 0.945695, 0.0108773, 1, 0
4528.12, 0.944875, 0.0108686, 1, 0
4528.13, 0.942223, 0.0108391, 1, 0
4528.14, 0.940133, 0.010816, 1, 0
