wav, obs, sigma_obs, syn, weight
4531.23, 0.683848, 0.00736649, 1, 0
4531.24, 0.736777, 0.00783753, 1, 0
4531.25, 0.792522, 0.00833386, 1, 0
4531.26, 0.837076, 0.00872965, 1, 0
4531.27, 0.867327, 0.00899754, 1, 0
4531.28, 0.890635, 0.0092045, 1, 0
4531.29, 0.911179, 0.00938548, 0.93164, 0.881176
4531.3, 0.928735, 0.00953728, 0.93937, 1.08208
4531.31, 0.939462, 0.00962839, 0.94721, 1.16291
4531.32, 0.947191, 0.00969633, 0.9539, 1.14002
4531.33, 0.956262, 0.00977886, 0.95932, 1.06106
4531.34, 0.964884, 0.00985166, 0.96362, 0.966677
4531.35, 0.970856, 0.00989783, 0.96709, 0.876971
4531.36, 0.973651, 0.009919, 0.96992, 0.798011
4531.37, 0.976241, 0.00994001, 0.97218, 0.729797
4531.38, 0.979539, 0.0099663, 0.97388, 0.670927
4531.39, 0.982919, 0.0099911, 0.97495, 0.619533
4531.4, 0.986642, 0.0100199, 0.97524, 0.57468
4531.41, 0.988911, 0.010038, 0.97466, 0.535901
4531.42, 0.987679, 0.010025, 0.97317, 0.502728
4531.43, 0.987684, 0.0100183, 0.97094, 0.475162
4531.44, 0.989559, 0.0100276, 0.96836, 0.454137
4531.45, 0.988951, 0.0100243, 0.96596, 0.443391
4531.46, 0.988781, 0.0100234, 0.96426, 0.448064
4531.47, 0.989934, 0.0100271, 0.96356, 0.476564
4531.48, 0.988183, 0.0100079, 0.96374, 0.540106
4531.49, 0.985661, 0.00998363, 0.9641, 0.649903
4531.5, 0.982269, 0.00995035, 0.9633, 0.816233
4531.51, 0.970653, 0.00984444, 0.95945, 1.04143
4531.52, 0.953317, 0.00968705, 0.95038, 1.32223
4531.53, 0.934102, 0.00951209, 0.93399, 1.64601
4531.54, 0.908487, 0.00928369, 0.90866, 1.9969
4531.55, 0.873665, 0.0089743, 0.87345, 2.35572
4531.56, 0.828752, 0.00857195, 0.82846, 2.70847
4531.57, 0.773517, 0.0080788, 0.77502, 3.04534
4531.58, 0.711388, 0.00752526, 0.71599, 3.35931
4531.59, 0.648643, 0.00696388, 0.65585, 3.63871
4531.6, 0.591824, 0.00645334, 0.60045, 3.86578
4531.61, 0.547245, 0.00605089, 0.55639, 4.01575
4531.62, 0.520957, 0.0058117, 0.53004, 4.06715
4531.63, 0.518842, 0.00579188, 0.52616, 4.00828
4531.64, 0.542773, 0.00600719, 0.5466, 3.84382
4531.65, 0.588931, 0.00641735, 0.58944, 3.59432
4531.66, 0.647886, 0.00693701, 0.64912, 3.28596
4531.67, 0.713385, 0.00751413, 0.71776, 2.94395
4531.68, 0.784536, 0.00814679, 0.78687, 2.58746
4531.69, 0.848267, 0.00870794, 0.84914, 2.22677
4531.7, 0.895454, 0.00911325, 0.89975, 1.86701
4531.71, 0.932532, 0.00943971, 0.9369, 1.51519
4531.72, 0.95812, 0.00966712, 0.96155, 1.18113
4531.73, 0.971305, 0.00977476, 0.97638, 0.883045
4531.74, 0.982204, 0.00986373, 0.98456, 0.635886
4531.75, 0.991461, 0.00994349, 0.98879, 0.449465
4531.76, 0.995062, 0.00997517, 0.99093, 0.321914
4531.77, 0.995604, 0.00997841, 0.99205, 0.241553
4531.78, 0.995812, 0.00997748, 0.99269, 0.194363
4531.79, 0.996674, 0.00998308, 0.99307, 0.166797
4531.8, 0.996101, 0.00997556, 0.99331, 0.150445
4531.81, 0.993853, 0.00995256, 0.99341, 0.140633
4531.82, 0.991822, 0.00993157, 0.99337, 0.135026
4531.83, 0.990677, 0.00991693, 0.99315, 0.132223
4531.84, 0.989283, 0.00989907, 0.9927, 0.130354
4531.85, 0.985296, 0.00986033, 0.99203, 0.129887
4531.86, 0.979001, 0.00980343, 0.9912, 0.12942
4531.87, 0.973701, 0.00975601, 0.99033, 0.128953
4531.88, 0.974328, 0.00975945, 0.9896, 0.127084
4531.89, 0.976683, 0.00977619, 0.98919, 0.124748
4531.9, 0.97673, 0.00977193, 0.98921, 0.121477
4531.91, 0.97726, 0.00977407, 0.9897, 0.117272
4531.92, 0.979791, 0.00979381, 0.99057, 0.111665
4531.93, 0.984062, 0.0098271, 0.99166, 0.104657
4531.94, 0.988144, 0.00986109, 0.99275, 0.0962472
4531.95, 0.989788, 0.00987492, 0.99367, 0.0840995
4531.96, 0.988983, 0.00986805, 0.99433, 0.0691485
4531.97, 0.991188, 0.00989815, 0.99475, 0.0509269
4531.98, 0.994617, 0.00994142, 1, 0
4531.99, 0.993722, 0.00993339, 1, 0
4532, 0.990607, 0.00990001, 1, 0
4532.01, 0.987196, 0.009864, 1, 0
4532.02, 0.983837, 0.00982843, 1, 0
4532.03, 0.980479, 0.00979285, 1, 0
