wav, obs, sigma_obs, syn, weight
4536.16, 0.945439, 0.00851807, 1, 0
4536.17, 0.95086, 0.00856496, 1, 0
4536.18, 0.956281, 0.00861185, 1, 0
4536.19, 0.961702, 0.00865874, 1, 0
4536.2, 0.966785, 0.00870645, 1, 0
4536.21, 0.972499, 0.00875262, 1, 0
4536.22, 0.98005, 0.00879182, 1, 0.0313398
4536.23, 0.984847, 0.0088224, 0.99999, 0.0447711
4536.24, 0.985909, 0.00884285, 0.99992, 0.0492482
4536.25, 0.986602, 0.00885115, 0.99971, 0.0582025
4536.26, 0.985629, 0.00884678, 0.99914, 0.0582025
4536.27, 0.984974, 0.00884404, 0.99803, 0.0582025
4536.28, 0.988563, 0.00885887, 0.99636, 0.0582025
4536.29, 0.987989, 0.00885055, 0.9944, 0.0626796
4536.3, 0.982416, 0.00881668, 0.99255, 0.0626796
4536.31, 0.979861, 0.00879641, 0.99094, 0.0671567
4536.32, 0.977047, 0.00876577, 0.98929, 0.0671567
4536.33, 0.971979, 0.00872037, 0.98714, 0.0716338
4536.34, 0.966576, 0.00868301, 0.98411, 0.080588
4536.35, 0.959841, 0.00862979, 0.98005, 0.0984965
4536.36, 0.952184, 0.00856274, 0.97504, 0.143268
4536.37, 0.945906, 0.00851504, 0.96933, 0.223856
4536.38, 0.941571, 0.00848378, 0.96328, 0.367123
4536.39, 0.938719, 0.00845982, 0.95723, 0.622319
4536.4, 0.936765, 0.00844093, 0.95148, 0.993919
4536.41, 0.93682, 0.00843754, 0.94624, 1.50879
4536.42, 0.938836, 0.00844967, 0.94163, 2.14006
4536.43, 0.941082, 0.00846328, 0.9377, 2.83401
4536.44, 0.941704, 0.00846404, 0.93445, 3.5414
4536.45, 0.942993, 0.00846992, 0.93189, 4.17267
4536.46, 0.947377, 0.00850124, 0.92996, 4.68754
4536.47, 0.942484, 0.00846844, 0.92865, 5.05466
4536.48, 0.9302, 0.00837415, 0.92792, 5.25613
4536.49, 0.924089, 0.00830796, 0.92775, 5.28299
4536.5, 0.91625, 0.00824898, 0.92812, 5.1442
4536.51, 0.906784, 0.00819482, 0.92906, 4.83976
4536.52, 0.905482, 0.00818009, 0.93059, 4.37862
4536.53, 0.910836, 0.00821242, 0.93274, 3.77868
4536.54, 0.920174, 0.00828349, 0.93555, 3.09816
4536.55, 0.933086, 0.008382, 0.93906, 2.39078
4536.56, 0.951468, 0.00851489, 0.94328, 1.73264
4536.57, 0.969289, 0.0086465, 0.94821, 1.17748
4536.58, 0.977118, 0.00871997, 0.95378, 0.752155
4536.59, 0.980877, 0.00875631, 0.95985, 0.456666
4536.6, 0.987276, 0.00879778, 0.96617, 0.277581
4536.61, 0.997176, 0.00886368, 0.97243, 0.17013
4536.62, 1.0003, 0.00888787, 0.97826, 0.111928
4536.63, 0.998369, 0.00888074, 0.98333, 0.080588
4536.64, 1.00081, 0.00889978, 0.98744, 0.0671567
4536.65, 1.00097, 0.00888683, 0.99054, 0.0582025
4536.66, 0.999102, 0.00886365, 0.99277, 0.0537254
4536.67, 1.00085, 0.00889503, 0.9944, 0.0537254
4536.68, 1.00102, 0.00890074, 0.99574, 0.0582025
4536.69, 0.999727, 0.00887984, 0.99698, 0.0671567
4536.7, 1.00108, 0.00889204, 0.99811, 0.0716338
4536.71, 1.0023, 0.00890412, 0.99901, 0.080588
4536.72, 1.00319, 0.00890702, 0.99958, 0.0895423
4536.73, 1.0052, 0.00891508, 0.99986, 0.0895423
4536.74, 1.00509, 0.00890969, 0.99996, 0.0850652
4536.75, 1.00308, 0.00889413, 0.99999, 0.080588
4536.76, 1.00193, 0.008887, 1, 0.0582025
4536.77, 1.00195, 0.00888673, 1, 0
4536.78, 1.00214, 0.00888604, 1, 0
4536.79, 1.00161, 0.00888082, 1, 0
4536.8, 1.00136, 0.00887925, 1, 0
4536.81, 1.00183, 0.00888168, 1, 0
4536.82, 1.00275, 0.00888353, 1, 0
