wav, obs, sigma_obs, syn, weight
4537.32, 0.996109, 0.00876533, 1, 0
4537.33, 0.996787, 0.00878312, 1, 0
4537.34, 0.997497, 0.00877477, 1, 0
4537.35, 0.995902, 0.00875796, 1, 0
4537.36, 0.991935, 0.00873568, 1, 0
4537.37, 0.987414, 0.00870305, 1, 0
4537.38, 0.983948, 0.0086721, 0.99969, 0.00513024
4537.39, 0.981538, 0.00864773, 0.99952, 0.00769536
4537.4, 0.979339, 0.00862753, 0.99938, 0.00769536
4537.41, 0.977265, 0.00860957, 0.99928, 0.00897793
4537.42, 0.977498, 0.00861129, 0.99924, 0.0102605
4537.43, 0.98174, 0.00864439, 0.99923, 0.011543
4537.44, 0.987465, 0.00868139, 0.99923, 0.0128256
4537.45, 0.992726, 0.00871899, 0.99924, 0.0128256
4537.46, 0.99634, 0.00875702, 0.99924, 0.0153907
4537.47, 0.997708, 0.00876916, 0.99923, 0.0166733
4537.48, 1.00062, 0.00878119, 0.99921, 0.0192384
4537.49, 1.00616, 0.00881281, 0.99918, 0.0218035
4537.5, 1.00643, 0.00881684, 0.99911, 0.0256512
4537.51, 1.00529, 0.00881286, 0.99897, 0.0307815
4537.52, 1.00707, 0.00882355, 0.9987, 0.0397594
4537.53, 1.00558, 0.00881138, 0.99814, 0.0589978
4537.54, 1.00288, 0.00879335, 0.99701, 0.0949095
4537.55, 1.0028, 0.00879293, 0.99493, 0.169298
4537.56, 1.00398, 0.00879378, 0.99137, 0.305249
4537.57, 1.0029, 0.00878366, 0.98585, 0.534828
4537.58, 0.998024, 0.00875613, 0.97803, 0.883684
4537.59, 0.991745, 0.00870867, 0.96793, 1.36721
4537.6, 0.983722, 0.00864248, 0.95601, 1.97514
4537.61, 0.970911, 0.00854243, 0.94316, 2.67157
4537.62, 0.949546, 0.00837767, 0.93045, 3.40263
4537.63, 0.924382, 0.00818357, 0.91896, 4.10163
4537.64, 0.900517, 0.00799666, 0.90952, 4.707
4537.65, 0.879456, 0.00782582, 0.90264, 5.17129
4537.66, 0.865654, 0.00771902, 0.89856, 5.46756
4537.67, 0.862886, 0.00770314, 0.89735, 5.58427
4537.68, 0.871971, 0.00776248, 0.89899, 5.51758
4537.69, 0.890633, 0.00789893, 0.90345, 5.27389
4537.7, 0.914768, 0.0080893, 0.91064, 4.85834
4537.71, 0.939461, 0.00827833, 0.92026, 4.29786
4537.72, 0.960992, 0.00843904, 0.93176, 3.63478
4537.73, 0.97683, 0.00856059, 0.94428, 2.92296
4537.74, 0.986268, 0.00864114, 0.95678, 2.22653
4537.75, 0.992369, 0.00868367, 0.96817, 1.60705
4537.76, 0.995384, 0.00869231, 0.97765, 1.103
4537.77, 0.993788, 0.00867852, 0.98478, 0.729777
4537.78, 0.993997, 0.00867987, 0.98956, 0.48096
4537.79, 0.994918, 0.00868484, 0.9923, 0.329618
4537.8, 0.990317, 0.00865434, 0.99343, 0.242404
4537.81, 0.987312, 0.00863544, 0.99325, 0.193667
4537.82, 0.988625, 0.00863951, 0.99185, 0.16545
4537.83, 0.990642, 0.00863988, 0.98905, 0.142364
4537.84, 0.990531, 0.0086428, 0.9845, 0.120561
4537.85, 0.989167, 0.00864622, 0.97784, 0.10004
4537.86, 0.989017, 0.00864198, 0.9689, 0.0782362
4537.87, 0.988978, 0.00863852, 0.9578, 0.0602804
4537.88, 0.987728, 0.00862614, 0.94509, 0.0436071
4537.89, 0.984256, 0.00858958, 0.93165, 0.032064
4537.9, 0.977667, 0.00853977, 0.91874, 0.0243687
4537.91, 0.969138, 0.0084786, 0.90784, 0.0192384
4537.92, 0.960478, 0.00840712, 0.90108, 0.0141082
4537.93, 0.951874, 0.00834549, 0.90133, 0.0128256
4537.94, 0.94568, 0.00830236, 0.91115, 0.011543
4537.95, 0.943722, 0.00827895, 0.93021, 0.00897793
4537.96, 0.943656, 0.00827863, 0.95378, 0.0064128
4537.97, 0.945862, 0.0082938, 1, 0
4537.98, 0.950227, 0.00831358, 1, 0
4537.99, 0.952725, 0.00833485, 1, 0
4538, 0.956127, 0.00836755, 1, 0
4538.01, 0.963532, 0.00841737, 1, 0
4538.02, 0.970952, 0.00846724, 1, 0
