wav, obs, sigma_obs, syn, weight
4541.6, 0.939082, 0.00794734, 1, 0
4541.61, 0.946555, 0.00799833, 1, 0
4541.62, 0.955457, 0.00805728, 1, 0
4541.63, 0.959342, 0.00808822, 1, 0
4541.64, 0.95745, 0.00808189, 1, 0
4541.65, 0.958875, 0.00808148, 1, 0
4541.66, 0.96184, 0.00810013, 0.97903, 0.106834
4541.67, 0.964685, 0.0081307, 0.97872, 0.130779
4541.68, 0.970323, 0.00816266, 0.98053, 0.138147
4541.69, 0.97814, 0.00820918, 0.98293, 0.130779
4541.7, 0.983865, 0.00825789, 0.98492, 0.119728
4541.71, 0.984525, 0.00828112, 0.98618, 0.108676
4541.72, 0.988001, 0.00829508, 0.9868, 0.0994661
4541.73, 0.992293, 0.00830741, 0.98697, 0.0920982
4541.74, 0.991158, 0.00830911, 0.98693, 0.0884143
4541.75, 0.988117, 0.00828537, 0.98689, 0.0828884
4541.76, 0.98511, 0.00825624, 0.98701, 0.0792045
4541.77, 0.983208, 0.00824794, 0.98741, 0.0792045
4541.78, 0.983928, 0.00825929, 0.98814, 0.0792045
4541.79, 0.983378, 0.00825936, 0.98918, 0.0828884
4541.8, 0.981251, 0.00824413, 0.99046, 0.0920982
4541.81, 0.983008, 0.00824844, 0.9918, 0.117886
4541.82, 0.985458, 0.00825646, 0.99289, 0.173145
4541.83, 0.983465, 0.00824439, 0.99336, 0.281821
4541.84, 0.976045, 0.00820757, 0.99266, 0.477069
4541.85, 0.972887, 0.00817717, 0.99018, 0.788361
4541.86, 0.971932, 0.00815747, 0.9853, 1.24333
4541.87, 0.966541, 0.0081321, 0.97765, 1.82723
4541.88, 0.963703, 0.00809676, 0.96728, 2.51244
4541.89, 0.956037, 0.00803007, 0.95486, 3.24002
4541.9, 0.93958, 0.00793497, 0.94161, 3.93444
4541.91, 0.930838, 0.00786718, 0.92906, 4.53492
4541.92, 0.923363, 0.00779815, 0.91869, 4.99725
4541.93, 0.911587, 0.00771447, 0.91162, 5.29196
4541.94, 0.904451, 0.00766788, 0.90854, 5.41538
4541.95, 0.902444, 0.00766382, 0.90966, 5.36196
4541.96, 0.908485, 0.00771568, 0.91478, 5.13724
4541.97, 0.926766, 0.00783862, 0.92327, 4.73938
4541.98, 0.946108, 0.00796694, 0.93409, 4.19047
4541.99, 0.960948, 0.00807039, 0.94585, 3.52552
4542, 0.97216, 0.00815534, 0.95714, 2.80347
4542.01, 0.978597, 0.00821179, 0.96679, 2.09063
4542.02, 0.97961, 0.00822507, 0.97418, 1.45884
4542.03, 0.976798, 0.00820115, 0.97928, 0.950454
4542.04, 0.97477, 0.00818395, 0.98252, 0.582061
4542.05, 0.976002, 0.00819225, 0.98455, 0.342605
4542.06, 0.978959, 0.008215, 0.98601, 0.202616
4542.07, 0.979846, 0.00822736, 0.98737, 0.128938
4542.08, 0.984111, 0.00825462, 0.98887, 0.0939402
4542.09, 0.992119, 0.00829855, 0.99052, 0.0792045
4542.1, 0.996974, 0.00832589, 0.99217, 0.0718366
4542.11, 0.997156, 0.00833211, 0.9935, 0.0681527
4542.12, 0.99512, 0.00832688, 0.99414, 0.0699947
4542.13, 0.993533, 0.00831933, 0.99368, 0.0699947
4542.14, 0.990673, 0.0083047, 0.99173, 0.0718366
4542.15, 0.991146, 0.00830127, 0.9879, 0.0736786
4542.16, 0.994856, 0.00830698, 0.98198, 0.0773625
4542.17, 0.988287, 0.00826753, 0.97407, 0.0792045
4542.18, 0.983462, 0.00823796, 0.96473, 0.0828884
4542.19, 0.984905, 0.00823319, 0.95509, 0.0828884
4542.2, 0.975431, 0.00817063, 0.94701, 0.0828884
4542.21, 0.967042, 0.00812393, 0.94318, 0.0755206
4542.22, 0.966121, 0.00812331, 0.94626, 0.0607848
4542.23, 0.965322, 0.00811779, 1, 0
4542.24, 0.966729, 0.00812787, 1, 0
4542.25, 0.971333, 0.00816445, 1, 0
4542.26, 0.977976, 0.00821688, 1, 0
4542.27, 0.986747, 0.00827413, 1, 0
4542.28, 0.996581, 0.00833174, 1, 0
