wav, obs, sigma_obs, syn, weight
4543.49, 1.00028, 0.00834653, 1, 0
4543.5, 1.00071, 0.00833743, 1, 0
4543.51, 1.00102, 0.00832646, 1, 0
4543.52, 1.0016, 0.00831961, 1, 0
4543.53, 1.00248, 0.00832454, 1, 0
4543.54, 1.00072, 0.00832332, 1, 0
4543.55, 0.999839, 0.00832434, 0.99906, 0.0215652
4543.56, 1.00275, 0.0083373, 0.99905, 0.0251593
4543.57, 1.00042, 0.0083266, 0.99903, 0.0323477
4543.58, 0.997876, 0.00831497, 0.99897, 0.0359419
4543.59, 1.00004, 0.00832305, 0.99888, 0.0359419
4543.6, 0.999947, 0.00832137, 0.99875, 0.0395361
4543.61, 0.998565, 0.00832115, 0.99858, 0.0395361
4543.62, 0.998491, 0.00832667, 0.99833, 0.0395361
4543.63, 0.999836, 0.00832306, 0.99791, 0.0467245
4543.64, 1.0001, 0.00831782, 0.99713, 0.0467245
4543.65, 0.999022, 0.00831087, 0.99569, 0.0539129
4543.66, 0.997153, 0.00829456, 0.99317, 0.0539129
4543.67, 0.992239, 0.00826863, 0.98911, 0.0611013
4543.68, 0.987137, 0.00824374, 0.98317, 0.0682896
4543.69, 0.984473, 0.00822105, 0.97536, 0.0790722
4543.7, 0.980837, 0.00817711, 0.96605, 0.0898548
4543.71, 0.968673, 0.00808686, 0.95587, 0.107826
4543.72, 0.951837, 0.00797488, 0.94535, 0.132985
4543.73, 0.94267, 0.00789774, 0.93448, 0.172521
4543.74, 0.932075, 0.00782445, 0.9226, 0.244405
4543.75, 0.919401, 0.00774651, 0.90857, 0.363013
4543.76, 0.910236, 0.00767514, 0.8914, 0.564288
4543.77, 0.899163, 0.00758579, 0.87093, 0.884171
4543.78, 0.881729, 0.00745801, 0.84835, 1.34423
4543.79, 0.857608, 0.0072892, 0.82625, 1.94805
4543.8, 0.83146, 0.00710196, 0.80812, 2.66689
4543.81, 0.811047, 0.00694433, 0.79733, 3.43964
4543.82, 0.800951, 0.00685674, 0.79617, 4.18723
4543.83, 0.801284, 0.00685769, 0.80516, 4.83778
4543.84, 0.813101, 0.00695139, 0.82289, 5.34816
4543.85, 0.837382, 0.0071296, 0.84653, 5.68601
4543.86, 0.870137, 0.00735862, 0.8725, 5.84416
4543.87, 0.897505, 0.00756674, 0.89734, 5.819
4543.88, 0.919362, 0.00773645, 0.91827, 5.61053
4543.89, 0.937653, 0.00786551, 0.93366, 5.22595
4543.9, 0.946268, 0.00793268, 0.94309, 4.67245
4543.91, 0.950367, 0.00796654, 0.94708, 3.98596
4543.92, 0.950425, 0.00796384, 0.94653, 3.2168
4543.93, 0.940621, 0.00788892, 0.94179, 2.45124
4543.94, 0.928572, 0.00779179, 0.93193, 1.75397
4543.95, 0.913391, 0.00767895, 0.91457, 1.18249
4543.96, 0.890385, 0.00752434, 0.88672, 0.758374
4543.97, 0.866129, 0.00733929, 0.84627, 0.470839
4543.98, 0.836068, 0.00710938, 0.79363, 0.283941
4543.99, 0.795455, 0.00682061, 0.73273, 0.17971
4544, 0.749512, 0.00648782, 0.67102, 0.118608
4544.01, 0.700976, 0.00613806, 0.61831, 0.0826664
4544.02, 0.661696, 0.00585556, 0.58449, 0.0611013
4544.03, 0.649822, 0.00575827, 0.57673, 0.0503187
4544.04, 0.666008, 0.00587275, 0.59716, 0.0431303
4544.05, 0.707376, 0.00617493, 0.64221, 0.0395361
4544.06, 0.766187, 0.00659742, 0.70389, 0.0359419
4544.07, 0.824385, 0.00703189, 0.77224, 0.0359419
4544.08, 0.877126, 0.00743023, 0.83782, 0.0359419
4544.09, 0.922555, 0.00776264, 0.89357, 0.0395361
4544.1, 0.953761, 0.00798768, 0.93583, 0.0395361
4544.11, 0.972681, 0.00812235, 0.96437, 0.0431303
4544.12, 0.983857, 0.00820104, 0.98149, 0.0431303
4544.13, 0.990748, 0.00825013, 0.9906, 0.0431303
4544.14, 0.994949, 0.00827833, 0.99492, 0.0395361
4544.15, 0.998743, 0.00829922, 0.99678, 0.0395361
4544.16, 1.00145, 0.00831327, 0.99754, 0.0323477
4544.17, 0.996524, 0.00828969, 0.99788, 0.0251593
4544.18, 0.993823, 0.00827292, 1, 0
4544.19, 0.996697, 0.00828435, 1, 0
4544.2, 0.992559, 0.00827525, 1, 0
4544.21, 0.993075, 0.00827893, 1, 0
4544.22, 0.998758, 0.00829494, 1, 0
4544.23, 0.997079, 0.00828254, 1, 0
