wav, obs, sigma_obs, syn, weight
4556.56, 0.997223, 0.0126188, 1, 0
4556.57, 1.0018, 0.0126549, 1, 0
4556.58, 1.00332, 0.0126667, 1, 0
4556.59, 1.00147, 0.0126546, 1, 0
4556.6, 1.00389, 0.0126879, 1, 0
4556.61, 1.00853, 0.0127358, 1, 0
4556.62, 1.00768, 0.0127151, 0.99773, 0.0752184
4556.63, 1.00655, 0.0126932, 0.99726, 0.0962796
4556.64, 1.00761, 0.0127026, 0.9968, 0.109317
4556.65, 1.00464, 0.0126699, 0.9962, 0.113329
4556.66, 1.00074, 0.0126262, 0.99535, 0.114332
4556.67, 1.00105, 0.0126271, 0.99422, 0.113329
4556.68, 1.00001, 0.0126113, 0.99288, 0.11032
4556.69, 0.996735, 0.0125698, 0.99149, 0.108315
4556.7, 0.996426, 0.0125618, 0.99022, 0.106309
4556.71, 0.996767, 0.0125579, 0.98921, 0.104303
4556.72, 0.994367, 0.0125212, 0.98856, 0.1033
4556.73, 0.990319, 0.0124762, 0.98832, 0.102297
4556.74, 0.988256, 0.0124592, 0.9885, 0.102297
4556.75, 0.991207, 0.0124899, 0.98909, 0.1033
4556.76, 0.993024, 0.0125045, 0.99004, 0.106309
4556.77, 0.990393, 0.0124715, 0.99123, 0.112326
4556.78, 0.987644, 0.012438, 0.99247, 0.128373
4556.79, 0.987064, 0.0124293, 0.99346, 0.162472
4556.8, 0.988577, 0.012443, 0.99378, 0.232676
4556.81, 0.989505, 0.0124443, 0.99285, 0.361049
4556.82, 0.987248, 0.01241, 0.98989, 0.578681
4556.83, 0.980441, 0.0123386, 0.98393, 0.908639
4556.84, 0.97171, 0.0122434, 0.97401, 1.36296
4556.85, 0.961679, 0.0121212, 0.95949, 1.93362
4556.86, 0.944398, 0.0119283, 0.94042, 2.59153
4556.87, 0.920717, 0.0116743, 0.91782, 3.28955
4556.88, 0.896154, 0.0114052, 0.8936, 3.97053
4556.89, 0.872196, 0.0111399, 0.87023, 4.5793
4556.9, 0.850711, 0.0109013, 0.85022, 5.06772
4556.91, 0.835388, 0.0107258, 0.83568, 5.40068
4556.92, 0.827987, 0.0106362, 0.82804, 5.55814
4556.93, 0.828576, 0.0106391, 0.82801, 5.53507
4556.94, 0.835595, 0.0107179, 0.8356, 5.32948
4556.95, 0.848632, 0.0108626, 0.85012, 4.95138
4556.96, 0.868276, 0.011072, 0.87012, 4.42585
4556.97, 0.8928, 0.0113345, 0.89352, 3.789
4556.98, 0.918612, 0.0116171, 0.91778, 3.09399
4556.99, 0.940542, 0.0118571, 0.94044, 2.39997
4557, 0.957685, 0.0120407, 0.9596, 1.76111
4557.01, 0.9719, 0.0121881, 0.97431, 1.21854
4557.02, 0.983717, 0.0123112, 0.98452, 0.796313
4557.03, 0.991172, 0.0123902, 0.99097, 0.494436
4557.04, 0.990873, 0.0123833, 0.99467, 0.298868
4557.05, 0.99064, 0.0123758, 0.99663, 0.183533
4557.06, 0.99665, 0.0124368, 0.9976, 0.121352
4557.07, 0.99764, 0.0124424, 0.99807, 0.0892592
4557.08, 0.993441, 0.0123933, 0.99831, 0.0742155
4557.09, 0.994069, 0.012402, 0.99844, 0.0651893
4557.1, 0.996523, 0.0124262, 0.99852, 0.0601748
4557.11, 0.997103, 0.0124217, 0.99855, 0.0561631
4557.12, 0.998293, 0.0124284, 0.99853, 0.0531544
4557.13, 1.00084, 0.0124574, 0.99845, 0.0501456
4557.14, 1.0029, 0.0124831, 0.99828, 0.0471369
4557.15, 0.999067, 0.0124391, 0.99802, 0.0451311
4557.16, 0.991067, 0.0123431, 0.99765, 0.0441282
4557.17, 0.987925, 0.0123011, 0.99721, 0.0421223
4557.18, 0.983981, 0.0122564, 0.99673, 0.0411194
4557.19, 0.972765, 0.0121368, 0.99629, 0.0381107
4557.2, 0.960655, 0.0119994, 0.996, 0.0351019
4557.21, 0.948814, 0.0118615, 0.996, 0.0300874
4557.22, 0.933729, 0.0116995, 0.99638, 0.023067
4557.23, 0.91719, 0.011518, 1, 0
4557.24, 0.901762, 0.011339, 1, 0
4557.25, 0.888572, 0.0111932, 1, 0
4557.26, 0.876843, 0.0110725, 1, 0
4557.27, 0.864651, 0.0109438, 1, 0
4557.28, 0.852458, 0.0108152, 1, 0
