wav, obs, sigma_obs, syn, weight
4561.04, 1.00665, 0.0106918, 1, 0
4561.05, 1.00391, 0.0106729, 1, 0
4561.06, 1.00385, 0.0106728, 1, 0
4561.07, 1.00559, 0.0106831, 1, 0
4561.08, 1.00472, 0.0106682, 1, 0
4561.09, 1.00346, 0.010649, 1, 0
4561.1, 1.00378, 0.0106452, 0.99744, 0.165888
4561.11, 1.00148, 0.0106245, 0.99599, 0.27429
4561.12, 0.995726, 0.0105699, 0.99379, 0.413898
4561.13, 0.988613, 0.0104898, 0.99076, 0.581428
4561.14, 0.982357, 0.0104281, 0.98698, 0.765383
4561.15, 0.976625, 0.0103827, 0.98275, 0.95098
4561.16, 0.969191, 0.0103089, 0.97856, 1.12179
4561.17, 0.962767, 0.0102412, 0.975, 1.26387
4561.18, 0.960214, 0.0102163, 0.97264, 1.36734
4561.19, 0.961473, 0.0102246, 0.97185, 1.42811
4561.2, 0.965022, 0.0102522, 0.9727, 1.44454
4561.21, 0.96936, 0.0102892, 0.97498, 1.41333
4561.22, 0.974901, 0.0103361, 0.9782, 1.3386
4561.23, 0.981598, 0.0103922, 0.9818, 1.22198
4561.24, 0.988292, 0.0104493, 0.98522, 1.07088
4561.25, 0.992056, 0.0104798, 0.98801, 0.895958
4561.26, 0.993139, 0.0104837, 0.98985, 0.712824
4561.27, 0.996076, 0.0105007, 0.9905, 0.540367
4561.28, 0.998368, 0.0105154, 0.98964, 0.390904
4561.29, 0.996705, 0.0105019, 0.9868, 0.279217
4561.3, 0.993594, 0.0104719, 0.98125, 0.211055
4561.31, 0.98849, 0.0104173, 0.97212, 0.194631
4561.32, 0.978596, 0.0103175, 0.95855, 0.236513
4561.33, 0.963492, 0.0101767, 0.94004, 0.352306
4561.34, 0.943259, 0.00999423, 0.91673, 0.55597
4561.35, 0.918045, 0.00976093, 0.88962, 0.860645
4561.36, 0.888948, 0.00948769, 0.86049, 1.26879
4561.37, 0.858601, 0.00920318, 0.83173, 1.76892
4561.38, 0.831507, 0.00895105, 0.80591, 2.33475
4561.39, 0.809294, 0.00874584, 0.78548, 2.92274
4561.4, 0.79339, 0.00859841, 0.77245, 3.48528
4561.41, 0.789957, 0.00856262, 0.76822, 3.97391
4561.42, 0.799137, 0.00864123, 0.77335, 4.35003
4561.43, 0.815596, 0.00878916, 0.78746, 4.58655
4561.44, 0.839681, 0.0090053, 0.80922, 4.67196
4561.45, 0.869743, 0.00927419, 0.8364, 4.60133
4561.46, 0.899003, 0.00954132, 0.86624, 4.38206
4561.47, 0.925533, 0.00978284, 0.89582, 4.02483
4561.48, 0.948979, 0.00998904, 0.92257, 3.55345
4561.49, 0.966619, 0.0101442, 0.94472, 3.0024
4561.5, 0.977893, 0.0102448, 0.96158, 2.4144
4561.51, 0.984386, 0.0103004, 0.9734, 1.83708
4561.52, 0.988352, 0.0103309, 0.98116, 1.3156
4561.53, 0.991755, 0.0103569, 0.98607, 0.881176
4561.54, 0.995668, 0.0103922, 0.98921, 0.552685
4561.55, 0.998839, 0.0104184, 0.99135, 0.325206
4561.56, 0.999907, 0.0104194, 0.99295, 0.184776
4561.57, 0.999107, 0.0104068, 0.99423, 0.105117
4561.58, 0.997807, 0.0103929, 0.99529, 0.0648769
4561.59, 0.997304, 0.0103845, 0.99618, 0.0459887
4561.6, 0.996939, 0.010377, 0.99692, 0.0385976
4561.61, 0.997361, 0.0103771, 0.99752, 0.0394189
4561.62, 0.99981, 0.0103945, 0.99799, 0.0459887
4561.63, 1.00041, 0.010394, 0.99831, 0.0591283
4561.64, 0.997539, 0.0103624, 0.9985, 0.0813014
4561.65, 0.994982, 0.0103367, 0.99853, 0.111687
4561.66, 0.992865, 0.0103149, 0.99838, 0.151927
4561.67, 0.990472, 0.0102872, 0.99806, 0.197916
4561.68, 0.989632, 0.0102737, 0.99756, 0.246368
4561.69, 0.988083, 0.0102567, 0.99693, 0.293999
4561.7, 0.982598, 0.0102066, 0.99624, 0.334239
4561.71, 0.979355, 0.0101705, 0.99561, 0.365446
4561.72, 0.979991, 0.010166, 0.99514, 0.386798
4561.73, 0.979316, 0.0101608, 0.99494, 0.393367
4561.74, 0.980242, 0.0101706, 0.99505, 0.387619
4561.75, 0.984557, 0.0102025, 0.99546, 0.365446
4561.76, 0.986621, 0.0102159, 0.99608, 0.326848
4561.77, 0.988771, 0.0102328, 0.99681, 0.268541
4561.78, 0.995139, 0.0102862, 0.99755, 0.198737
4561.79, 0.999649, 0.0103206, 1, 0
4561.8, 1.00097, 0.0103262, 1, 0
4561.81, 1.00314, 0.010342, 1, 0
4561.82, 1.00594, 0.0103649, 1, 0
4561.83, 1.00846, 0.0103846, 1, 0
4561.84, 1.01098, 0.0104043, 1, 0
