wav, obs, sigma_obs, syn, weight
4560.86, 0.898251, 0.00975975, 1, 0
4560.87, 0.904759, 0.00981725, 1, 0
4560.88, 0.911571, 0.00987794, 1, 0
4560.89, 0.917309, 0.00992731, 1, 0
4560.9, 0.923302, 0.00997907, 1, 0
4560.91, 0.933232, 0.0100718, 1, 0
4560.92, 0.942917, 0.0101643, 0.97857, 0.0114234
4560.93, 0.948742, 0.010219, 0.97182, 0.0149383
4560.94, 0.956126, 0.0102844, 0.96597, 0.0149383
4560.95, 0.963705, 0.0103493, 0.96215, 0.0140596
4560.96, 0.966539, 0.0103698, 0.96119, 0.0131809
4560.97, 0.96858, 0.0103818, 0.96329, 0.0131809
4560.98, 0.973261, 0.0104198, 0.96799, 0.0131809
4560.99, 0.980416, 0.0104866, 0.97432, 0.0123021
4561, 0.986709, 0.010539, 0.98106, 0.0131809
4561.01, 0.990752, 0.0105616, 0.98714, 0.0149383
4561.02, 0.996565, 0.0106166, 0.99189, 0.015817
4561.03, 1.00267, 0.0106765, 0.99515, 0.0184532
4561.04, 1.00498, 0.0106808, 0.99713, 0.0210894
4561.05, 1.00353, 0.0106599, 0.99817, 0.0263617
4561.06, 1.00145, 0.0106483, 0.99864, 0.0351489
4561.07, 1.00272, 0.0106581, 0.99876, 0.050966
4561.08, 1.00354, 0.0106578, 0.99862, 0.0782064
4561.09, 1.00184, 0.0106351, 0.9982, 0.124779
4561.1, 1.00165, 0.0106257, 0.99735, 0.19947
4561.11, 1.00118, 0.0106177, 0.9959, 0.306674
4561.12, 0.996924, 0.0105805, 0.99367, 0.450785
4561.13, 0.990224, 0.0105097, 0.99058, 0.62653
4561.14, 0.983309, 0.0104333, 0.98671, 0.820728
4561.15, 0.977665, 0.0103862, 0.98237, 1.01844
4561.16, 0.971126, 0.0103284, 0.97806, 1.20121
4561.17, 0.963658, 0.01025, 0.97438, 1.35323
4561.18, 0.959075, 0.0102034, 0.97191, 1.46395
4561.19, 0.958512, 0.0101969, 0.97105, 1.52898
4561.2, 0.961184, 0.0102165, 0.97188, 1.54567
4561.21, 0.965162, 0.0102492, 0.9742, 1.51316
4561.22, 0.970014, 0.0102908, 0.97751, 1.43232
4561.23, 0.976207, 0.0103427, 0.98123, 1.30754
4561.24, 0.983142, 0.0104013, 0.98479, 1.14586
4561.25, 0.988761, 0.0104489, 0.9877, 0.958687
4561.26, 0.990641, 0.0104615, 0.98965, 0.762732
4561.27, 0.992343, 0.010469, 0.99037, 0.5782
4561.28, 0.99569, 0.0104901, 0.98956, 0.419151
4561.29, 0.995926, 0.0104908, 0.98674, 0.298766
4561.3, 0.993226, 0.0104676, 0.9812, 0.226711
4561.31, 0.989532, 0.0104286, 0.97206, 0.209136
4561.32, 0.982247, 0.0103525, 0.95848, 0.25483
4561.33, 0.969755, 0.0102313, 0.93995, 0.377851
4561.34, 0.95212, 0.0100713, 0.91661, 0.595774
4561.35, 0.929378, 0.00986411, 0.88944, 0.921781
4561.36, 0.90209, 0.00960894, 0.86019, 1.35763
4561.37, 0.87191, 0.00932548, 0.8312, 1.89365
4561.38, 0.842756, 0.00905302, 0.80502, 2.49821
4561.39, 0.818176, 0.00882527, 0.78409, 3.12738
4561.4, 0.798616, 0.00864467, 0.77046, 3.7293
4561.41, 0.788202, 0.0085465, 0.76558, 4.25302
4561.42, 0.791785, 0.00857381, 0.77013, 4.65372
4561.43, 0.804943, 0.00869016, 0.78382, 4.89888
4561.44, 0.824927, 0.00887036, 0.8054, 4.95952
4561.45, 0.8527, 0.00911842, 0.83268, 4.79871
4561.46, 0.882994, 0.00939179, 0.86291, 4.37516
4561.47, 0.910753, 0.00964651, 0.89315, 3.67219
4561.48, 0.935932, 0.00987163, 0.9209, 2.75831
4561.49, 0.956762, 0.0100538, 1, 0
4561.5, 0.971041, 0.0101808, 1, 0
4561.51, 0.97963, 0.0102564, 1, 0
4561.52, 0.984568, 0.0102967, 1, 0
4561.53, 0.988197, 0.0103248, 1, 0
4561.54, 0.991551, 0.0103503, 1, 0
