wav, obs, sigma_obs, syn, weight
4573.85, 1.00492, 0.00779121, 1, 0
4573.86, 1.00306, 0.00778574, 1, 0
4573.87, 1.00119, 0.00778027, 1, 0
4573.88, 0.999633, 0.0077752, 1, 0
4573.89, 0.999506, 0.00777404, 1, 0
4573.9, 1.00092, 0.00777847, 1, 0
4573.91, 1.00127, 0.00778249, 0.99703, 0.00934642
4573.92, 0.999325, 0.00777422, 0.99585, 0.0129412
4573.93, 0.995541, 0.00774891, 0.99414, 0.0150981
4573.94, 0.991832, 0.00771841, 0.99201, 0.016536
4573.95, 0.989946, 0.00769591, 0.98973, 0.0179739
4573.96, 0.98868, 0.00767969, 0.98769, 0.0201308
4573.97, 0.984105, 0.00765341, 0.98627, 0.0215687
4573.98, 0.980777, 0.00764244, 0.98578, 0.0237255
4573.99, 0.982031, 0.00765829, 0.9863, 0.0258824
4574, 0.985454, 0.00767784, 0.98772, 0.0280393
4574.01, 0.988525, 0.00769633, 0.98973, 0.032353
4574.02, 0.990319, 0.007711, 0.99196, 0.0359478
4574.03, 0.992219, 0.00772097, 0.99404, 0.0402615
4574.04, 0.997787, 0.00775211, 0.9957, 0.0460132
4574.05, 1.0025, 0.00777976, 0.99686, 0.0546406
4574.06, 0.999067, 0.00775708, 0.99754, 0.0683008
4574.07, 0.999706, 0.00775583, 0.99781, 0.0934642
4574.08, 1.00248, 0.00777137, 0.99776, 0.140915
4574.09, 0.996768, 0.00774494, 0.99735, 0.230066
4574.1, 0.993132, 0.00771944, 0.99633, 0.386798
4574.11, 0.992101, 0.00770593, 0.99406, 0.634838
4574.12, 0.986363, 0.00767667, 0.98926, 0.99144
4574.13, 0.97548, 0.00760495, 0.97988, 1.45301
4574.14, 0.959308, 0.00748677, 0.9633, 2.00445
4574.15, 0.936141, 0.00732227, 0.93701, 2.61772
4574.16, 0.902232, 0.00709037, 0.89977, 3.26262
4574.17, 0.855911, 0.00678083, 0.85277, 3.9068
4574.18, 0.800608, 0.00641325, 0.80018, 4.50857
4574.19, 0.746638, 0.00604819, 0.74889, 5.02262
4574.2, 0.701987, 0.00573802, 0.7072, 5.40151
4574.21, 0.674428, 0.00554284, 0.68277, 5.61145
4574.22, 0.672503, 0.00553362, 0.68045, 5.63086
4574.23, 0.69642, 0.00570647, 0.70071, 5.45903
4574.24, 0.74014, 0.00600835, 0.7395, 5.11177
4574.25, 0.793692, 0.00636523, 0.78954, 4.62145
4574.26, 0.847507, 0.00672946, 0.84248, 4.03406
4574.27, 0.894703, 0.00705668, 0.89102, 3.39563
4574.28, 0.931831, 0.00730458, 0.93038, 2.74857
4574.29, 0.957754, 0.00747481, 0.95881, 2.12739
4574.3, 0.975115, 0.00758768, 0.97714, 1.56229
4574.31, 0.988171, 0.00766582, 0.98774, 1.08131
4574.32, 0.995037, 0.00771636, 0.99327, 0.703138
4574.33, 0.99686, 0.00774027, 0.99594, 0.434249
4574.34, 0.998116, 0.00774283, 0.99719, 0.262419
4574.35, 1.00075, 0.00774815, 0.99778, 0.161765
4574.36, 1.00214, 0.00775598, 0.99807, 0.108562
4574.37, 1.00002, 0.00775462, 0.99819, 0.081242
4574.38, 1.00053, 0.00775709, 0.99818, 0.0661439
4574.39, 1.0015, 0.00775446, 0.99802, 0.0582354
4574.4, 0.998192, 0.0077345, 0.99773, 0.0532027
4574.41, 0.99414, 0.00771442, 0.99731, 0.0496079
4574.42, 0.992057, 0.00769791, 0.99678, 0.0467321
4574.43, 0.991076, 0.00767951, 0.99615, 0.0452942
4574.44, 0.986781, 0.00765644, 0.99544, 0.0431373
4574.45, 0.98344, 0.00763833, 0.99466, 0.0431373
4574.46, 0.984128, 0.00763481, 0.99386, 0.0424184
4574.47, 0.984181, 0.00764419, 0.9931, 0.0431373
4574.48, 0.985417, 0.00765077, 0.9925, 0.0438563
4574.49, 0.989576, 0.00765625, 0.99217, 0.0445752
4574.5, 0.994241, 0.00768375, 0.99221, 0.0452942
4574.51, 0.996258, 0.00770818, 0.99263, 0.0445752
4574.52, 0.995944, 0.00771513, 0.99339, 0.0402615
4574.53, 0.996996, 0.00772057, 0.9944, 0.031634
4574.54, 0.999504, 0.00773514, 1, 0
4574.55, 1.00164, 0.00775083, 1, 0
4574.56, 1.00186, 0.00775304, 1, 0
4574.57, 1.00271, 0.00776121, 1, 0
4574.58, 1.00486, 0.00778039, 1, 0
4574.59, 1.0067, 0.00779687, 1, 0
