wav, obs, sigma_obs, syn, weight
4577.35, 1.00413, 0.00768819, 1, 0
4577.36, 1.00413, 0.00768524, 1, 0
4577.37, 1.00409, 0.00768233, 1, 0
4577.38, 1.00233, 0.00768185, 1, 0
4577.39, 1.00199, 0.00768383, 1, 0
4577.4, 1.00337, 0.00768437, 1, 0
4577.41, 1.00101, 0.00767786, 0.99918, 0.0302466
4577.42, 0.999795, 0.00767468, 0.99919, 0.0604933
4577.43, 1.00066, 0.00767077, 0.9992, 0.0604933
4577.44, 0.998036, 0.00765102, 0.9992, 0.0604933
4577.45, 0.995441, 0.00764368, 0.9992, 0.0604933
4577.46, 0.994377, 0.00764231, 0.9992, 0.0604933
4577.47, 0.993629, 0.00762414, 0.9992, 0.0604933
4577.48, 0.994279, 0.00762221, 0.99919, 0.0604933
4577.49, 0.995162, 0.00762904, 0.99918, 0.0604933
4577.5, 0.994863, 0.00762642, 0.99916, 0.0907399
4577.51, 0.994616, 0.00763287, 0.99913, 0.0907399
4577.52, 0.995217, 0.00764683, 0.99909, 0.0907399
4577.53, 0.996962, 0.00765736, 0.99903, 0.0907399
4577.54, 0.999529, 0.00765879, 0.99893, 0.0907399
4577.55, 1.00083, 0.00766027, 0.99877, 0.0907399
4577.56, 1.00157, 0.00766723, 0.99852, 0.120987
4577.57, 1.00374, 0.00767527, 0.99814, 0.120987
4577.58, 1.00241, 0.00767695, 0.99763, 0.18148
4577.59, 1.00037, 0.00767904, 0.99703, 0.241973
4577.6, 1.00279, 0.00768861, 0.99639, 0.302466
4577.61, 1.00357, 0.0076872, 0.9957, 0.393206
4577.62, 1.00071, 0.00766941, 0.9947, 0.483946
4577.63, 0.995518, 0.00763983, 0.9928, 0.574686
4577.64, 0.98909, 0.00760122, 0.98912, 0.635179
4577.65, 0.980658, 0.00753857, 0.98288, 0.695672
4577.66, 0.970693, 0.00745949, 0.9742, 0.725919
4577.67, 0.961283, 0.00739702, 0.96465, 0.756166
4577.68, 0.951094, 0.00733397, 0.95714, 0.756166
4577.69, 0.946504, 0.00730159, 0.95452, 0.725919
4577.7, 0.954579, 0.00734759, 0.95797, 0.725919
4577.71, 0.961393, 0.00739935, 0.96615, 0.695672
4577.72, 0.968532, 0.0074569, 0.97614, 0.695672
4577.73, 0.982152, 0.00754495, 0.98504, 0.695672
4577.74, 0.991292, 0.00760836, 0.99126, 0.665426
4577.75, 0.995256, 0.00763771, 0.99472, 0.665426
4577.76, 0.996831, 0.00764584, 0.99616, 0.665426
4577.77, 0.995668, 0.00763926, 0.99649, 0.725919
4577.78, 0.995866, 0.00763217, 0.99643, 0.816659
4577.79, 0.996411, 0.0076263, 0.99637, 0.937645
4577.8, 0.992716, 0.00761505, 0.99645, 1.17962
4577.81, 0.993715, 0.00762125, 0.99662, 1.51233
4577.82, 0.996926, 0.00763012, 0.99668, 1.96603
4577.83, 0.994676, 0.00761788, 0.99634, 2.54072
4577.84, 0.995001, 0.00762359, 0.9953, 3.14565
4577.85, 0.99481, 0.00762885, 0.99332, 3.75058
4577.86, 0.990577, 0.00760951, 0.99038, 4.29502
4577.87, 0.990227, 0.00759549, 0.98686, 4.71847
4577.88, 0.988337, 0.00757634, 0.98355, 4.99069
4577.89, 0.98352, 0.00754964, 0.98141, 5.11168
4577.9, 0.983848, 0.00753911, 0.98112, 5.05119
4577.91, 0.982048, 0.00752962, 0.98278, 4.68823
4577.92, 0.977226, 0.00751681, 0.98579, 3.99255
4577.93, 0.976463, 0.0075151, 0.98922, 2.99442
4577.94, 0.979614, 0.00753046, 1, 0
4577.95, 0.981903, 0.00754069, 1, 0
4577.96, 0.980051, 0.00752729, 1, 0
4577.97, 0.978054, 0.00751463, 1, 0
4577.98, 0.976651, 0.00750622, 1, 0
4577.99, 0.975049, 0.00749639, 1, 0
