wav, obs, sigma_obs, syn, weight
4602.98, -0.0274174, 0.000692924, 1, 0
4602.99, 0.0599352, 0.00130867, 1, 0
4603, 0.147288, 0.00192442, 1, 0
4603.01, 0.234641, 0.00254017, 1, 0
4603.02, 0.321993, 0.00315592, 1, 0
4603.03, 0.409958, 0.0037772, 1, 0
4603.04, 0.497138, 0.00439139, 0.64928, 1.69701
4603.05, 0.57885, 0.00495683, 0.69529, 2.11454
4603.06, 0.654755, 0.00547528, 0.74239, 2.2934
4603.07, 0.722117, 0.00593499, 0.78239, 2.24335
4603.08, 0.773507, 0.00628828, 0.81415, 2.04862
4603.09, 0.811751, 0.00654953, 0.83878, 1.80322
4603.1, 0.842754, 0.00675605, 0.85835, 1.56637
4603.11, 0.868483, 0.00692787, 0.87433, 1.36127
4603.12, 0.889133, 0.00706462, 0.88768, 1.19401
4603.13, 0.904903, 0.00716546, 0.89902, 1.05727
4603.14, 0.917628, 0.00725097, 0.90873, 0.944342
4603.15, 0.92832, 0.00732684, 0.91709, 0.850335
4603.16, 0.937142, 0.0073873, 0.92432, 0.770368
4603.17, 0.943919, 0.00742884, 0.93056, 0.70261
4603.18, 0.949449, 0.00746073, 0.93597, 0.645839
4603.19, 0.954941, 0.00749664, 0.94064, 0.598226
4603.2, 0.960252, 0.00753226, 0.94466, 0.563431
4603.21, 0.964166, 0.00755908, 0.94798, 0.544507
4603.22, 0.965401, 0.00757084, 0.95041, 0.553664
4603.23, 0.965321, 0.0075717, 0.95132, 0.603109
4603.24, 0.965988, 0.00757273, 0.94946, 0.711156
4603.25, 0.968245, 0.00758247, 0.94271, 0.892455
4603.26, 0.967043, 0.00757529, 0.92818, 1.1525
4603.27, 0.962001, 0.00754723, 0.90281, 1.48763
4603.28, 0.959475, 0.00752838, 0.86451, 1.87709
4603.29, 0.957127, 0.00750851, 0.81346, 2.29157
4603.3, 0.952235, 0.00747566, 0.75289, 2.69446
4603.31, 0.946087, 0.00743509, 0.6892, 3.05034
4603.32, 0.936866, 0.00736828, 0.63107, 3.33114
4603.33, 0.922859, 0.00726578, 0.58783, 3.51549
4603.34, 0.905292, 0.00715112, 0.56727, 3.59363
4603.35, 0.886454, 0.00702732, 0.57344, 3.56188
4603.36, 0.869208, 0.00690185, 0.60538, 3.42087
4603.37, 0.856822, 0.00681546, 0.65744, 3.17548
4603.38, 0.852702, 0.00679194, 0.721, 2.84096
4603.39, 0.857756, 0.00682822, 0.78674, 2.43991
4603.4, 0.867662, 0.006894, 0.8467, 2.00467
4603.41, 0.891536, 0.00705382, 0.89565, 1.57126
4603.42, 0.924052, 0.00727257, 0.93157, 1.17264
4603.43, 0.896237, 0.00707448, 0.9553, 0.836905
4603.44, 0.865613, 0.00685655, 0.96947, 0.57686
4603.45, 0.937567, 0.00734623, 0.97723, 0.392509
4603.46, 0.992432, 0.00771806, 0.98125, 0.274085
4603.47, 0.987297, 0.0076794, 0.98337, 0.203885
4603.48, 0.985928, 0.00767336, 0.98461, 0.165428
4603.49, 0.990967, 0.00770801, 0.98546, 0.144673
4603.5, 0.994293, 0.00772602, 0.98613, 0.132464
4603.51, 0.995355, 0.00773238, 0.98671, 0.124529
4603.52, 0.995787, 0.00772985, 0.98723, 0.119035
4603.53, 0.996357, 0.00772566, 0.98769, 0.113541
4603.54, 0.996242, 0.00773113, 0.9881, 0.109878
4603.55, 0.996056, 0.00773473, 0.98848, 0.105605
4603.56, 0.996777, 0.00773237, 0.98882, 0.101943
4603.57, 0.998623, 0.00773942, 0.98914, 0.0988903
4603.58, 0.998633, 0.00774128, 0.98943, 0.0958382
4603.59, 0.995152, 0.00772375, 0.9897, 0.092786
4603.6, 0.99117, 0.00769805, 0.98995, 0.0897338
4603.61, 0.989939, 0.00768319, 0.99017, 0.0854608
4603.62, 0.991206, 0.00768269, 0.99039, 0.0781356
4603.63, 0.988747, 0.00766757, 0.99064, 0.0665373
4603.64, 0.985551, 0.00764978, 0.99102, 0.050666
4603.65, 0.986, 0.00764806, 1, 0
4603.66, 0.98462, 0.0076379, 1, 0
4603.67, 0.982852, 0.00762848, 1, 0
4603.68, 0.984479, 0.00763801, 1, 0
4603.69, 0.984482, 0.00763709, 1, 0
4603.7, 0.983082, 0.00762822, 1, 0
