wav, obs, sigma_obs, syn, weight
4606.77, 0.977949, 0.00726035, 1, 0
4606.78, 0.981241, 0.0072762, 1, 0
4606.79, 0.983984, 0.00728639, 1, 0
4606.8, 0.984458, 0.00729381, 1, 0
4606.81, 0.985134, 0.00730672, 1, 0
4606.82, 0.98989, 0.00733075, 1, 0
4606.83, 0.993437, 0.00735011, 0.99763, 0.0646077
4606.84, 0.994365, 0.00735973, 0.99715, 0.0830671
4606.85, 0.995845, 0.00736779, 0.9968, 0.0969116
4606.86, 0.998214, 0.00737938, 0.99658, 0.110756
4606.87, 0.999643, 0.00738882, 0.99644, 0.110756
4606.88, 0.998676, 0.00738861, 0.99639, 0.119986
4606.89, 0.999452, 0.0073943, 0.99644, 0.119986
4606.9, 1.0003, 0.00739501, 0.99657, 0.129215
4606.91, 0.996865, 0.00737168, 0.99678, 0.13383
4606.92, 0.996385, 0.00736944, 0.99704, 0.13383
4606.93, 0.998786, 0.00738269, 0.99733, 0.14306
4606.94, 0.998206, 0.00737172, 0.99759, 0.156905
4606.95, 0.997944, 0.0073697, 0.99778, 0.175364
4606.96, 0.999088, 0.00737989, 0.99787, 0.221512
4606.97, 0.999722, 0.00737723, 0.9978, 0.29535
4606.98, 0.999948, 0.00737261, 0.99751, 0.42918
4606.99, 0.999895, 0.00737375, 0.99691, 0.650692
4607, 0.999439, 0.00737631, 0.99587, 0.978346
4607.01, 0.998663, 0.00736704, 0.99427, 1.42599
4607.02, 0.995436, 0.00734077, 0.99209, 1.96131
4607.03, 0.988376, 0.00730487, 0.9894, 2.55201
4607.04, 0.983938, 0.00727901, 0.98642, 3.13348
4607.05, 0.981353, 0.00725849, 0.98347, 3.65957
4607.06, 0.976101, 0.00722819, 0.98086, 4.08413
4607.07, 0.973943, 0.007208, 0.9789, 4.3841
4607.08, 0.976114, 0.00721162, 0.97777, 4.541
4607.09, 0.979221, 0.00723467, 0.97758, 4.56408
4607.1, 0.981879, 0.00725199, 0.97833, 4.4487
4607.11, 0.984987, 0.00727058, 0.97993, 4.19489
4607.12, 0.990023, 0.00730929, 0.98221, 3.81647
4607.13, 0.995748, 0.0073403, 0.98488, 3.32268
4607.14, 0.999251, 0.00735443, 0.98762, 2.76429
4607.15, 0.998502, 0.00735993, 0.99009, 2.18743
4607.16, 0.996548, 0.00735563, 0.99202, 1.65673
4607.17, 0.996831, 0.00735149, 0.99328, 1.21832
4607.18, 0.999028, 0.00735255, 0.99378, 0.890664
4607.19, 0.994374, 0.00732676, 0.99338, 0.669152
4607.2, 0.986995, 0.00728792, 0.99162, 0.544551
4607.21, 0.985301, 0.00726718, 0.98743, 0.475328
4607.22, 0.981433, 0.00724017, 0.97887, 0.447639
4607.23, 0.972384, 0.00718665, 0.96329, 0.42918
4607.24, 0.958299, 0.00709292, 0.93787, 0.410721
4607.25, 0.933556, 0.00693666, 0.90062, 0.396876
4607.26, 0.894224, 0.0066903, 0.85127, 0.373802
4607.27, 0.839325, 0.00633708, 0.79153, 0.346113
4607.28, 0.77101, 0.00589571, 0.725, 0.313809
4607.29, 0.694775, 0.005404, 0.65671, 0.28612
4607.3, 0.621829, 0.00493321, 0.59269, 0.263046
4607.31, 0.571859, 0.00460938, 0.54002, 0.244586
4607.32, 0.554547, 0.00449869, 0.50612, 0.239972
4607.33, 0.571611, 0.00461231, 0.49931, 0.226127
4607.34, 0.622086, 0.00493079, 0.52804, 0.207668
4607.35, 0.693284, 0.00538413, 0.59653, 0.166134
4607.36, 0.768231, 0.00587598, 1, 0
4607.37, 0.836502, 0.00631861, 1, 0
4607.38, 0.889629, 0.0066549, 1, 0
4607.39, 0.926068, 0.00688287, 1, 0
4607.4, 0.961253, 0.00710278, 1, 0
4607.41, 0.997935, 0.00733231, 1, 0
