wav, obs, sigma_obs, syn, weight
4612.21, 0.997742, 0.0071804, 1, 0
4612.22, 0.995811, 0.00717815, 1, 0
4612.23, 0.995803, 0.00717861, 1, 0
4612.24, 0.997994, 0.00718184, 1, 0
4612.25, 0.99758, 0.00718091, 1, 0
4612.26, 0.999098, 0.00718719, 1, 0
4612.27, 1.00327, 0.00720141, 0.99928, 0.0464586
4612.28, 1.00152, 0.00720186, 0.99887, 0.0615262
4612.29, 0.997874, 0.00719221, 0.99853, 0.0703157
4612.3, 0.997337, 0.00718919, 0.99832, 0.0740826
4612.31, 1, 0.00720383, 0.99824, 0.0740826
4612.32, 1.0014, 0.00721045, 0.99823, 0.0740826
4612.33, 1.00106, 0.00720574, 0.99824, 0.0715713
4612.34, 1.00155, 0.00720651, 0.99824, 0.0703157
4612.35, 1.00256, 0.00721344, 0.99819, 0.06906
4612.36, 1.00457, 0.00722218, 0.99807, 0.06906
4612.37, 1.00649, 0.00722601, 0.99785, 0.06906
4612.38, 1.00372, 0.00721891, 0.99752, 0.06906
4612.39, 1.00242, 0.00721618, 0.9971, 0.0703157
4612.4, 1.00366, 0.00721591, 0.99663, 0.0703157
4612.41, 0.996714, 0.00718671, 0.99615, 0.0740826
4612.42, 0.991972, 0.00716075, 0.99569, 0.0778495
4612.43, 0.992995, 0.00714975, 0.99524, 0.0853833
4612.44, 0.989702, 0.00712597, 0.99475, 0.102962
4612.45, 0.984329, 0.00710296, 0.99412, 0.135609
4612.46, 0.980209, 0.00708263, 0.99322, 0.195879
4612.47, 0.97878, 0.00706082, 0.99193, 0.29633
4612.48, 0.981115, 0.00706842, 0.99015, 0.448262
4612.49, 0.982968, 0.00708784, 0.98785, 0.657954
4612.5, 0.981153, 0.00709001, 0.98509, 0.924149
4612.51, 0.981102, 0.00709415, 0.98192, 1.23806
4612.52, 0.981204, 0.00709319, 0.97841, 1.58838
4612.53, 0.980216, 0.00708522, 0.9746, 1.96256
4612.54, 0.981727, 0.00709031, 0.9705, 2.35809
4612.55, 0.978191, 0.00706721, 0.96612, 2.76491
4612.56, 0.968349, 0.00700906, 0.9616, 3.17425
4612.57, 0.960907, 0.00696299, 0.9572, 3.56978
4612.58, 0.955103, 0.00692267, 0.95326, 3.92387
4612.59, 0.948973, 0.00687903, 0.95017, 4.20513
4612.6, 0.943332, 0.00684217, 0.94826, 4.37841
4612.61, 0.942767, 0.00684288, 0.94768, 4.42989
4612.62, 0.944101, 0.0068595, 0.94845, 4.35832
4612.63, 0.944338, 0.00686785, 0.95041, 4.18002
4612.64, 0.951409, 0.00690973, 0.95331, 3.9201
4612.65, 0.962422, 0.00696598, 0.9569, 3.59866
4612.66, 0.970289, 0.00700506, 0.96099, 3.23578
4612.67, 0.972152, 0.00703013, 0.96543, 2.84276
4612.68, 0.972768, 0.0070462, 0.97011, 2.42966
4612.69, 0.976327, 0.00706595, 0.97489, 2.01028
4612.7, 0.981606, 0.0070978, 0.97959, 1.60345
4612.71, 0.981204, 0.00709885, 0.98396, 1.23429
4612.72, 0.979646, 0.00708804, 0.98778, 0.921638
4612.73, 0.986343, 0.00711734, 0.99088, 0.678044
4612.74, 0.991708, 0.00714771, 0.99321, 0.500999
4612.75, 0.993091, 0.00716206, 0.99483, 0.381714
4612.76, 0.994128, 0.0071717, 0.99591, 0.300097
4612.77, 0.997029, 0.00719143, 0.99661, 0.244849
4612.78, 1.00119, 0.00721193, 0.99709, 0.203413
4612.79, 1.00288, 0.0072178, 0.99744, 0.172022
4612.8, 0.998604, 0.00720891, 0.99771, 0.14691
4612.81, 1.00084, 0.0072202, 0.99795, 0.128075
4612.82, 1.00845, 0.00724664, 0.99819, 0.113007
4612.83, 1.00588, 0.00724407, 0.99849, 0.0991953
4612.84, 1.0047, 0.00724001, 0.99888, 0.082872
4612.85, 1.00587, 0.00723433, 0.99929, 0.0627819
4612.86, 1.00125, 0.00720825, 1, 0
4612.87, 0.997191, 0.0071931, 1, 0
4612.88, 0.993498, 0.00717485, 1, 0
4612.89, 0.987032, 0.00712914, 1, 0
4612.9, 0.980544, 0.00708323, 1, 0
4612.91, 0.974249, 0.00703918, 1, 0
