wav, obs, sigma_obs, syn, weight
4616.2, 0.841688, 0.00635301, 1, 0
4616.21, 0.890753, 0.00666743, 1, 0
4616.22, 0.918102, 0.00685137, 1, 0
4616.23, 0.939644, 0.00697643, 1, 0
4616.24, 0.956594, 0.00706843, 1, 0
4616.25, 0.958783, 0.00710125, 0.96766, 0
4616.26, 0.967388, 0.00715405, 0.95119, 0.0283623
4616.27, 0.978808, 0.00721378, 0.94009, 0.0387619
4616.28, 0.981619, 0.00723933, 0.93771, 0.0472706
4616.29, 0.982153, 0.00725489, 0.94264, 0.0519976
4616.3, 0.984968, 0.00727429, 0.95138, 0.0576701
4616.31, 0.989945, 0.00729662, 0.96099, 0.0614517
4616.32, 0.993412, 0.00731383, 0.96992, 0.0652334
4616.33, 0.992457, 0.00732439, 0.97726, 0.0709058
4616.34, 0.990584, 0.00732201, 0.98282, 0.0765783
4616.35, 0.990654, 0.00730804, 0.9867, 0.0831962
4616.36, 0.988119, 0.0073046, 0.9892, 0.0898141
4616.37, 0.990098, 0.00732023, 0.99066, 0.0973774
4616.38, 0.995051, 0.00733005, 0.99139, 0.106831
4616.39, 0.99096, 0.0073026, 0.99162, 0.118176
4616.4, 0.986904, 0.00729484, 0.9915, 0.131412
4616.41, 0.985963, 0.00729861, 0.99113, 0.146539
4616.42, 0.984422, 0.00727727, 0.99062, 0.167338
4616.43, 0.982022, 0.00726464, 0.99004, 0.191918
4616.44, 0.980879, 0.00725554, 0.98948, 0.226899
4616.45, 0.980648, 0.00724235, 0.98897, 0.277951
4616.46, 0.97821, 0.00723868, 0.98849, 0.357365
4616.47, 0.976755, 0.00724075, 0.98793, 0.484051
4616.48, 0.977494, 0.00724818, 0.98703, 0.680696
4616.49, 0.978986, 0.00725871, 0.98536, 0.973774
4616.5, 0.980417, 0.00725354, 0.98218, 1.37652
4616.51, 0.979305, 0.00724577, 0.97654, 1.88042
4616.52, 0.974195, 0.00723453, 0.96738, 2.45807
4616.53, 0.96685, 0.00718796, 0.9538, 3.0688
4616.54, 0.960814, 0.00713278, 0.93539, 3.66914
4616.55, 0.951467, 0.0070621, 0.91245, 4.22126
4616.56, 0.930647, 0.00693624, 0.88615, 4.69491
4616.57, 0.900787, 0.00675102, 0.8584, 5.06835
4616.58, 0.865369, 0.00652712, 0.83153, 5.31888
4616.59, 0.827728, 0.00629089, 0.80801, 5.42666
4616.6, 0.792438, 0.00606773, 0.78993, 5.37655
4616.61, 0.768198, 0.00591202, 0.77882, 5.16573
4616.62, 0.760498, 0.00585934, 0.77551, 4.8008
4616.63, 0.77001, 0.00591602, 0.78015, 4.31202
4616.64, 0.795307, 0.00607766, 0.79232, 3.74477
4616.65, 0.829438, 0.00630464, 0.81104, 3.15578
4616.66, 0.865339, 0.0065427, 0.8348, 2.58854
4616.67, 0.899957, 0.00675136, 0.86163, 2.07423
4616.68, 0.926165, 0.00692044, 0.88928, 1.62894
4616.69, 0.944349, 0.00705005, 0.9155, 1.2574
4616.7, 0.959827, 0.00713782, 0.93845, 0.956756
4616.71, 0.966143, 0.00717635, 0.95693, 0.72324
4616.72, 0.967909, 0.00719375, 0.97059, 0.548339
4616.73, 0.972076, 0.00722124, 0.97986, 0.422599
4616.74, 0.975616, 0.00725404, 0.98568, 0.331839
4616.75, 0.978728, 0.00728, 0.98917, 0.268497
4616.76, 0.982324, 0.00730093, 0.99131, 0.224062
4616.77, 0.987287, 0.0073314, 0.99274, 0.190973
4616.78, 0.996381, 0.00737218, 0.99384, 0.164502
4616.79, 1.00152, 0.00740078, 0.99472, 0.144648
4616.8, 0.997555, 0.00740212, 0.99543, 0.128576
4616.81, 0.996606, 0.00739832, 0.99598, 0.11534
4616.82, 0.999288, 0.00740301, 0.99639, 0.103995
4616.83, 1.00187, 0.007415, 0.99669, 0.0945411
4616.84, 1.00264, 0.00742258, 0.99691, 0.0860324
4616.85, 1.00328, 0.00741826, 0.9971, 0.0784691
4616.86, 1.0037, 0.00741853, 0.99726, 0.0718513
4616.87, 1.0025, 0.00743163, 0.99739, 0.0671242
4616.88, 0.999695, 0.00742729, 0.99751, 0.0623971
4616.89, 1.00037, 0.00742741, 0.99759, 0.0586155
4616.9, 1.00233, 0.00743426, 0.99767, 0.0557793
4616.91, 0.998451, 0.00742014, 0.99775, 0.0510522
4616.92, 1.00099, 0.00742382, 0.9979, 0.0463252
4616.93, 1.00525, 0.00743981, 0.99818, 0.0387619
4616.94, 1.00156, 0.00744081, 0.99862, 0.0283623
4616.95, 0.99979, 0.00743966, 0.99912, 0.0179628
4616.96, 1.00199, 0.00743905, 1, 0
4616.97, 1.00474, 0.0074395, 1, 0
4616.98, 1.00464, 0.00744475, 1, 0
4616.99, 1.00392, 0.007451, 1, 0
4617, 1.00354, 0.00745671, 1, 0
