wav, obs, sigma_obs, syn, weight
4619.81, 0.894576, 0.00701356, 1, 0
4619.82, 0.924542, 0.00720111, 1, 0
4619.83, 0.947911, 0.00736694, 1, 0
4619.84, 0.964193, 0.00748702, 1, 0
4619.85, 0.976235, 0.0075575, 1, 0
4619.86, 0.984888, 0.00760471, 0.98646, 0
4619.87, 0.985021, 0.00761875, 0.9869, 0.0721592
4619.88, 0.98136, 0.00761673, 0.98798, 0.0953533
4619.89, 0.983045, 0.00762937, 0.98944, 0.108239
4619.9, 0.985439, 0.00763967, 0.99121, 0.113393
4619.91, 0.986984, 0.00765596, 0.99308, 0.113393
4619.92, 0.989344, 0.00768017, 0.99483, 0.110816
4619.93, 0.993876, 0.00769584, 0.99626, 0.108239
4619.94, 0.997506, 0.00770987, 0.99727, 0.108239
4619.95, 0.998241, 0.00772627, 0.99788, 0.105662
4619.96, 0.997482, 0.00773957, 0.99814, 0.105662
4619.97, 0.999131, 0.00774289, 0.99814, 0.105662
4619.98, 1.00232, 0.00775438, 0.99789, 0.108239
4619.99, 1.00123, 0.00775297, 0.99741, 0.11597
4620, 0.993854, 0.00771718, 0.99673, 0.131433
4620.01, 0.991404, 0.00770239, 0.99593, 0.172667
4620.02, 0.993426, 0.00769717, 0.99508, 0.252557
4620.03, 0.991032, 0.0076731, 0.99421, 0.389144
4620.04, 0.980457, 0.00763334, 0.99318, 0.610776
4620.05, 0.980279, 0.00761733, 0.99164, 0.922607
4620.06, 0.982174, 0.00761327, 0.98912, 1.31433
4620.07, 0.975153, 0.00759202, 0.9851, 1.75502
4620.08, 0.969329, 0.00755563, 0.97939, 2.20343
4620.09, 0.964364, 0.00753068, 0.97229, 2.61062
4620.1, 0.959276, 0.00750469, 0.96473, 2.94307
4620.11, 0.955527, 0.00746322, 0.95808, 3.18016
4620.12, 0.954311, 0.00744873, 0.95375, 3.31417
4620.13, 0.952127, 0.00743734, 0.95274, 3.3451
4620.14, 0.952306, 0.00744057, 0.95532, 3.27036
4620.15, 0.961637, 0.00750248, 0.96098, 3.09512
4620.16, 0.971947, 0.00757543, 0.96856, 2.82194
4620.17, 0.978707, 0.00763898, 0.97663, 2.45341
4620.18, 0.986378, 0.00770237, 0.98392, 2.02561
4620.19, 1.00032, 0.00776735, 0.98962, 1.57977
4620.2, 1.00161, 0.00777965, 0.99351, 1.1597
4620.21, 0.999262, 0.00777666, 0.99581, 0.814368
4620.22, 1.00672, 0.00780506, 0.99694, 0.574697
4620.23, 1.00572, 0.00780569, 0.99729, 0.453572
4620.24, 1.00111, 0.00779303, 0.99709, 0.445841
4620.25, 0.998565, 0.00778612, 0.99636, 0.541194
4620.26, 0.996425, 0.00777928, 0.99496, 0.713861
4620.27, 0.994512, 0.00776635, 0.9927, 0.943224
4620.28, 0.994639, 0.00776322, 0.98945, 1.18805
4620.29, 0.995904, 0.00776448, 0.98531, 1.4303
4620.3, 0.993828, 0.00773852, 0.98064, 1.63647
4620.31, 0.986916, 0.00769665, 0.97599, 1.7911
4620.32, 0.979348, 0.00765841, 0.97199, 1.89418
4620.33, 0.975046, 0.00763309, 0.96907, 1.93799
4620.34, 0.972407, 0.00761334, 0.9674, 1.93026
4620.35, 0.969477, 0.00758549, 0.96687, 1.86325
4620.36, 0.96638, 0.00756696, 0.96719, 1.7344
4620.37, 0.964531, 0.00757555, 0.96805, 1.53081
4620.38, 0.964248, 0.00757824, 0.96931, 1.24217
4620.39, 0.963963, 0.00757407, 0.97108, 0.883951
4620.4, 0.964275, 0.00757578, 0.97382, 0.528309
4620.41, 0.967021, 0.00758723, 1, 0
4620.42, 0.968848, 0.00759305, 1, 0
4620.43, 0.966732, 0.0075782, 1, 0
4620.44, 0.958419, 0.0075266, 1, 0
4620.45, 0.943153, 0.00742843, 1, 0
