wav, obs, sigma_obs, syn, weight
4623.26, 0.981756, 0.00817249, 1, 0
4623.27, 0.986422, 0.00823747, 1, 0
4623.28, 0.986078, 0.00825024, 1, 0
4623.29, 0.984558, 0.00822812, 1, 0
4623.3, 0.98959, 0.00824409, 1, 0
4623.31, 0.991308, 0.00826858, 0.98987, 0
4623.32, 0.993616, 0.00828729, 0.98329, 0.0246539
4623.33, 0.995773, 0.0082954, 0.97741, 0.0328719
4623.34, 0.991301, 0.00829339, 0.97363, 0.0410898
4623.35, 0.991424, 0.00830528, 0.97202, 0.0451988
4623.36, 0.9941, 0.00831685, 0.97201, 0.0451988
4623.37, 0.996947, 0.00833176, 0.97314, 0.0493078
4623.38, 1.00151, 0.00836149, 0.97518, 0.0575258
4623.39, 0.999874, 0.0083415, 0.97795, 0.0616347
4623.4, 0.998418, 0.00833285, 0.98121, 0.0657437
4623.41, 1.00015, 0.00836167, 0.98465, 0.0739617
4623.42, 0.998377, 0.00836568, 0.9879, 0.0862886
4623.43, 0.994711, 0.00835881, 0.99061, 0.0986156
4623.44, 0.99267, 0.00834512, 0.99252, 0.119161
4623.45, 0.991772, 0.00832786, 0.99349, 0.164359
4623.46, 0.989711, 0.00831799, 0.99334, 0.238321
4623.47, 0.991341, 0.00830911, 0.99188, 0.373917
4623.48, 0.98893, 0.00828266, 0.98878, 0.599911
4623.49, 0.981788, 0.00825035, 0.98369, 0.945066
4623.5, 0.979898, 0.00823962, 0.97639, 1.42582
4623.51, 0.975753, 0.00820674, 0.96705, 2.0134
4623.52, 0.966221, 0.00814658, 0.95623, 2.67906
4623.53, 0.953891, 0.00806582, 0.9449, 3.34882
4623.54, 0.940539, 0.00795792, 0.93418, 3.96106
4623.55, 0.921107, 0.00783406, 0.92507, 4.46236
4623.56, 0.905942, 0.00773381, 0.91834, 4.81984
4623.57, 0.901294, 0.00768443, 0.91442, 5.02118
4623.58, 0.900359, 0.00767906, 0.9135, 5.07048
4623.59, 0.904692, 0.00770476, 0.91564, 4.95954
4623.6, 0.916929, 0.0077817, 0.92074, 4.69657
4623.61, 0.932484, 0.00789664, 0.92855, 4.27745
4623.62, 0.943343, 0.0079946, 0.9385, 3.73096
4623.63, 0.955861, 0.00808629, 0.94972, 3.08585
4623.64, 0.965106, 0.00816384, 0.96111, 2.41197
4623.65, 0.968934, 0.00821654, 0.97158, 1.77097
4623.66, 0.974078, 0.00825193, 0.98031, 1.22037
4623.67, 0.975844, 0.00827772, 0.9869, 0.793034
4623.68, 0.980042, 0.00829565, 0.99143, 0.501296
4623.69, 0.986378, 0.00831062, 0.99429, 0.312283
4623.7, 0.986054, 0.00833455, 0.99598, 0.205449
4623.71, 0.992356, 0.00837256, 0.99695, 0.147923
4623.72, 0.997277, 0.00839269, 0.99751, 0.115052
4623.73, 0.995672, 0.00839304, 0.99785, 0.0945066
4623.74, 0.997725, 0.00841076, 0.99808, 0.0862886
4623.75, 0.997152, 0.00841712, 0.99825, 0.0821797
4623.76, 0.999066, 0.00842806, 0.99836, 0.0739617
4623.77, 1.00317, 0.00845063, 0.99845, 0.0698527
4623.78, 0.998951, 0.00845287, 0.99851, 0.0698527
4623.79, 0.995656, 0.00844111, 0.99855, 0.0698527
4623.8, 0.995773, 0.00844221, 0.99859, 0.0657437
4623.81, 0.997115, 0.00845364, 0.99864, 0.0616347
4623.82, 0.997479, 0.00843937, 0.99872, 0.0616347
4623.83, 0.991911, 0.00840344, 0.99889, 0.0534168
4623.84, 0.988962, 0.00838945, 0.99916, 0.0369808
4623.85, 0.990062, 0.00839705, 0.99948, 0.0205449
4623.86, 0.985408, 0.00837892, 1, 0
4623.87, 0.984805, 0.00836981, 1, 0
4623.88, 0.988491, 0.00837809, 1, 0
4623.89, 0.992505, 0.00839258, 1, 0
4623.9, 0.996503, 0.00840611, 1, 0
