wav, obs, sigma_obs, syn, weight
4624.2, 1.00427, 0.00860473, 1, 0
4624.21, 1.0051, 0.00861204, 1, 0
4624.22, 1.00296, 0.00859735, 1, 0
4624.23, 1.00622, 0.00860157, 1, 0
4624.24, 1.00818, 0.00860805, 1, 0
4624.25, 1.00378, 0.00859338, 0.99806, 0
4624.26, 1.00204, 0.0085821, 0.9979, 0.109265
4624.27, 0.999084, 0.00856944, 0.99775, 0.154257
4624.28, 0.998207, 0.0085699, 0.99766, 0.179966
4624.29, 0.99928, 0.00857855, 0.9976, 0.199248
4624.3, 0.993597, 0.00855884, 0.99752, 0.205676
4624.31, 0.986806, 0.00852772, 0.99724, 0.212103
4624.32, 0.985409, 0.00850375, 0.99653, 0.224958
4624.33, 0.984685, 0.00847417, 0.99511, 0.231385
4624.34, 0.975174, 0.00841682, 0.99273, 0.237813
4624.35, 0.970581, 0.00837705, 0.98934, 0.237813
4624.36, 0.96777, 0.00834758, 0.98517, 0.250667
4624.37, 0.961115, 0.00831372, 0.98073, 0.257095
4624.38, 0.954928, 0.00828722, 0.9767, 0.276377
4624.39, 0.950792, 0.00826204, 0.97371, 0.302086
4624.4, 0.951227, 0.00826278, 0.97219, 0.340651
4624.41, 0.956479, 0.00830237, 0.97228, 0.424206
4624.42, 0.963668, 0.00836002, 0.97393, 0.552754
4624.43, 0.971183, 0.00841599, 0.97682, 0.75843
4624.44, 0.978389, 0.00846824, 0.98035, 1.03481
4624.45, 0.98417, 0.00851047, 0.98371, 1.39474
4624.46, 0.987814, 0.00853557, 0.98593, 1.79966
4624.47, 0.991113, 0.00856298, 0.98618, 2.21744
4624.48, 0.990246, 0.0085705, 0.98407, 2.60951
4624.49, 0.985637, 0.00854145, 0.97991, 2.93731
4624.5, 0.981038, 0.00849014, 0.97477, 3.18155
4624.51, 0.97269, 0.00843987, 0.97022, 3.33581
4624.52, 0.966082, 0.00839943, 0.96767, 3.40008
4624.53, 0.96386, 0.00837712, 0.96779, 3.36151
4624.54, 0.962984, 0.00837818, 0.97033, 3.23939
4624.55, 0.963534, 0.00839166, 0.97438, 3.02086
4624.56, 0.968699, 0.00842509, 0.97894, 2.72521
4624.57, 0.976685, 0.0084861, 0.98329, 2.36527
4624.58, 0.983133, 0.00855835, 0.98704, 1.97963
4624.59, 0.988798, 0.00859835, 0.99003, 1.61327
4624.6, 0.991026, 0.00860903, 0.99219, 1.29833
4624.61, 0.994582, 0.00863206, 0.99359, 1.06052
4624.62, 1.0019, 0.00867527, 0.99437, 0.899832
4624.63, 1.00038, 0.00866836, 0.99472, 0.809849
4624.64, 0.995415, 0.00864489, 0.99482, 0.771284
4624.65, 0.991441, 0.00863116, 0.9948, 0.771284
4624.66, 0.989665, 0.00862342, 0.99475, 0.790567
4624.67, 0.992329, 0.00861828, 0.99469, 0.822703
4624.68, 0.988065, 0.00858924, 0.9946, 0.861268
4624.69, 0.984155, 0.00857261, 0.99447, 0.906259
4624.7, 0.989393, 0.00859465, 0.99427, 0.957678
4624.71, 0.990939, 0.00860185, 0.99401, 1.0091
4624.72, 0.987225, 0.00861504, 0.99369, 1.07337
4624.73, 0.987956, 0.00864, 0.99334, 1.1505
4624.74, 0.994599, 0.00865675, 0.99296, 1.2212
4624.75, 0.994178, 0.00865503, 0.99255, 1.27262
4624.76, 0.99403, 0.00866512, 0.99209, 1.27905
4624.77, 0.996256, 0.00868207, 0.99156, 1.16335
4624.78, 0.996646, 0.00868238, 0.99095, 0.912687
4624.79, 0.993197, 0.00866409, 0.99024, 0.597745
4624.8, 0.990746, 0.00865455, 1, 0
4624.81, 0.989558, 0.00865306, 1, 0
4624.82, 0.988001, 0.00864923, 1, 0
4624.83, 0.986444, 0.0086454, 1, 0
4624.84, 0.984887, 0.00864157, 1, 0
