wav, obs, sigma_obs, syn, weight
4629.72, 0.997095, 0.00941786, 1, 0
4629.73, 0.997468, 0.00941716, 1, 0
4629.74, 0.997843, 0.00941653, 1, 0
4629.75, 0.998107, 0.00941558, 1, 0
4629.76, 0.997017, 0.00940493, 1, 0
4629.77, 0.99417, 0.00938011, 1, 0
4629.78, 0.992845, 0.00936147, 0.99656, 0.0404917
4629.79, 0.993079, 0.0093537, 0.99605, 0.0537135
4629.8, 0.992104, 0.0093458, 0.99567, 0.0628035
4629.81, 0.991768, 0.00934344, 0.99536, 0.068588
4629.82, 0.993084, 0.0093473, 0.99506, 0.0727199
4629.83, 0.99317, 0.00934118, 0.9947, 0.0760253
4629.84, 0.992068, 0.00932811, 0.99419, 0.0793307
4629.85, 0.990984, 0.00931675, 0.99343, 0.0826362
4629.86, 0.988192, 0.00929184, 0.99231, 0.086768
4629.87, 0.98489, 0.00926264, 0.99063, 0.0908998
4629.88, 0.985048, 0.00926163, 0.98814, 0.0966844
4629.89, 0.984531, 0.009254, 0.98452, 0.102469
4629.9, 0.980364, 0.00921519, 0.97949, 0.10908
4629.91, 0.978525, 0.00919618, 0.973, 0.117343
4629.92, 0.979476, 0.00919995, 0.96529, 0.128086
4629.93, 0.979782, 0.00919683, 0.95702, 0.141308
4629.94, 0.980313, 0.00919815, 0.94906, 0.160314
4629.95, 0.981375, 0.00920462, 0.94238, 0.189237
4629.96, 0.981329, 0.00919361, 0.93778, 0.235513
4629.97, 0.980959, 0.00918398, 0.93571, 0.31567
4629.98, 0.981007, 0.00919097, 0.93606, 0.448715
4629.99, 0.979048, 0.00917079, 0.93795, 0.657784
4630, 0.972951, 0.00910825, 0.93945, 0.954448
4630.01, 0.961276, 0.00901432, 0.93743, 1.33127
4630.02, 0.942593, 0.00886573, 0.92784, 1.75602
4630.03, 0.914363, 0.00863188, 0.90663, 2.18573
4630.04, 0.872701, 0.0082902, 0.87091, 2.58403
4630.05, 0.817707, 0.00784583, 0.82007, 2.93028
4630.06, 0.751947, 0.00731717, 0.75614, 3.2319
4630.07, 0.678391, 0.00671735, 0.68344, 3.5046
4630.08, 0.60194, 0.00608649, 0.60797, 3.76656
4630.09, 0.529814, 0.0054946, 0.53688, 4.02356
4630.1, 0.471634, 0.00501815, 0.47799, 4.25494
4630.11, 0.435131, 0.0047159, 0.43879, 4.42104
4630.12, 0.422928, 0.00461009, 0.42485, 4.48053
4630.13, 0.436505, 0.00471836, 0.43825, 4.4169
4630.14, 0.475345, 0.00504059, 0.47689, 4.24667
4630.15, 0.53333, 0.0055164, 0.53525, 4.01116
4630.16, 0.602921, 0.00607952, 0.60606, 3.75334
4630.17, 0.676794, 0.00667531, 0.6819, 3.49055
4630.18, 0.750679, 0.00726922, 0.75607, 3.21785
4630.19, 0.819302, 0.00781766, 0.82309, 2.91871
4630.2, 0.873077, 0.00824487, 0.87899, 2.57329
4630.21, 0.911318, 0.00854721, 0.92181, 2.17912
4630.22, 0.939919, 0.00877342, 0.95179, 1.75271
4630.23, 0.961921, 0.0089462, 0.971, 1.3321
4630.24, 0.977698, 0.00906804, 0.9824, 0.95858
4630.25, 0.985803, 0.00912895, 0.98884, 0.664395
4630.26, 0.990863, 0.00916386, 0.99245, 0.456978
4630.27, 0.997604, 0.00921029, 0.99453, 0.325587
4630.28, 1.00353, 0.0092563, 0.9958, 0.246256
4630.29, 1.00645, 0.00928029, 0.99661, 0.197501
4630.3, 1.00615, 0.00926978, 0.99714, 0.167751
4630.31, 1.00576, 0.0092641, 0.99752, 0.14544
4630.32, 1.00637, 0.00927821, 0.99779, 0.129739
4630.33, 1.00491, 0.00927108, 0.99799, 0.116517
4630.34, 1.00327, 0.00925559, 0.99815, 0.104948
4630.35, 1.00396, 0.00925698, 0.99828, 0.0950316
4630.36, 1.00297, 0.00924399, 0.99837, 0.0875944
4630.37, 1.00047, 0.00921945, 0.99843, 0.0801571
4630.38, 1.00081, 0.00921982, 0.99846, 0.0743726
4630.39, 1.00227, 0.00922671, 0.99847, 0.0694144
4630.4, 1.00292, 0.0092243, 0.99846, 0.0644562
4630.41, 1.00395, 0.00923179, 0.99844, 0.0603244
4630.42, 1.00361, 0.00923094, 0.99842, 0.0561926
4630.43, 1.00015, 0.00919889, 0.99839, 0.0512344
4630.44, 0.998466, 0.00917954, 0.99838, 0.0462763
4630.45, 0.99873, 0.0091785, 0.99839, 0.038839
4630.46, 0.995372, 0.00915126, 0.99846, 0.0289227
4630.47, 0.989096, 0.00909958, 1, 0
4630.48, 0.982293, 0.00904031, 1, 0
4630.49, 0.975611, 0.00898209, 1, 0
4630.5, 0.969116, 0.00892647, 1, 0
4630.51, 0.962567, 0.0088701, 1, 0
4630.52, 0.956019, 0.00881374, 1, 0
