wav, obs, sigma_obs, syn, weight
4631.15, 0.988532, 0.00883801, 1, 0
4631.16, 0.987938, 0.00883517, 1, 0
4631.17, 0.989144, 0.00883687, 1, 0
4631.18, 0.99121, 0.00884254, 1, 0
4631.19, 0.991213, 0.00884683, 1, 0
4631.2, 0.990982, 0.00884673, 1, 0
4631.21, 0.992567, 0.00884706, 0.9987, 0.0277066
4631.22, 0.995038, 0.00886269, 0.99878, 0.0362317
4631.23, 0.996555, 0.00887741, 0.99887, 0.0426255
4631.24, 0.995968, 0.00886857, 0.99893, 0.046888
4631.25, 0.995579, 0.00886046, 0.99897, 0.0490193
4631.26, 0.996126, 0.00886298, 0.99899, 0.0511506
4631.27, 0.996306, 0.00886312, 0.99901, 0.0532819
4631.28, 0.997643, 0.00887097, 0.99903, 0.0554131
4631.29, 1.00015, 0.00888553, 0.99904, 0.0575444
4631.3, 0.999389, 0.00887207, 0.99904, 0.0618069
4631.31, 0.997003, 0.00884863, 0.99904, 0.0682008
4631.32, 0.997336, 0.00885337, 0.99903, 0.0767259
4631.33, 0.999114, 0.00886632, 0.999, 0.0873822
4631.34, 1.00103, 0.00887407, 0.99894, 0.106564
4631.35, 1.00296, 0.0088829, 0.99885, 0.140664
4631.36, 1.00408, 0.00888911, 0.99869, 0.196077
4631.37, 1.00428, 0.00889039, 0.9984, 0.294116
4631.38, 1.0051, 0.00889353, 0.99787, 0.460355
4631.39, 1.00457, 0.00888499, 0.9969, 0.711846
4631.4, 0.999984, 0.00884756, 0.99515, 1.07416
4631.41, 0.994368, 0.00880007, 0.9922, 1.55157
4631.42, 0.989009, 0.0087536, 0.98761, 2.12701
4631.43, 0.982159, 0.00870208, 0.98108, 2.76639
4631.44, 0.974135, 0.0086412, 0.97267, 3.4143
4631.45, 0.965471, 0.00856924, 0.963, 4.01532
4631.46, 0.955643, 0.00848853, 0.95321, 4.52256
4631.47, 0.94643, 0.00841478, 0.94477, 4.8998
4631.48, 0.940787, 0.00836923, 0.93918, 5.12571
4631.49, 0.940076, 0.00836208, 0.93748, 5.18965
4631.5, 0.943563, 0.0083864, 0.94001, 5.09161
4631.51, 0.948957, 0.00842269, 0.94627, 4.83586
4631.52, 0.956522, 0.00847599, 0.95509, 4.43092
4631.53, 0.966099, 0.00854743, 0.96495, 3.90236
4631.54, 0.974989, 0.00861374, 0.97439, 3.28856
4631.55, 0.983198, 0.00867191, 0.98234, 2.63639
4631.56, 0.991568, 0.00872742, 0.9883, 2.00766
4631.57, 0.997146, 0.00876331, 0.99226, 1.44927
4631.58, 0.999333, 0.00877789, 0.99457, 0.995305
4631.59, 1.00079, 0.00878945, 0.99571, 0.656432
4631.6, 1.00257, 0.00880133, 0.99612, 0.421992
4631.61, 1.00433, 0.00880952, 0.9962, 0.274934
4631.62, 1.00453, 0.00880834, 0.99619, 0.187552
4631.63, 1.00336, 0.00879973, 0.99625, 0.136402
4631.64, 1.00222, 0.00878934, 0.99645, 0.108695
4631.65, 1.0021, 0.00877793, 0.99679, 0.0959073
4631.66, 1.0018, 0.00876373, 0.99723, 0.085251
4631.67, 0.998968, 0.00874644, 0.99768, 0.085251
4631.68, 0.998148, 0.00874497, 0.99808, 0.085251
4631.69, 1.00099, 0.00875924, 0.99838, 0.0916448
4631.7, 0.999837, 0.00874603, 0.99854, 0.0959073
4631.71, 0.99575, 0.00871459, 0.99856, 0.104432
4631.72, 0.994351, 0.00870087, 0.99849, 0.110826
4631.73, 0.995875, 0.00870856, 0.99835, 0.115089
4631.74, 0.998255, 0.00872269, 0.9982, 0.11722
4631.75, 0.998745, 0.00872097, 0.99808, 0.108695
4631.76, 0.998035, 0.00871273, 0.99802, 0.0959073
4631.77, 0.997822, 0.00871193, 0.99803, 0.0745946
4631.78, 0.999114, 0.0087191, 1, 0
4631.79, 1.00019, 0.00872214, 1, 0
4631.8, 0.9994, 0.00871269, 1, 0
4631.81, 1.00029, 0.00871427, 1, 0
4631.82, 1.00396, 0.00873398, 1, 0
4631.83, 1.00721, 0.00875102, 1, 0
