wav, obs, sigma_obs, syn, weight
4633.38, 1.00259, 0.00831017, 1, 0
4633.39, 1.0032, 0.00831271, 1, 0
4633.4, 1.00363, 0.00831459, 1, 0
4633.41, 1.00454, 0.0083182, 1, 0
4633.42, 1.00609, 0.0083243, 1, 0
4633.43, 1.00682, 0.00832797, 1, 0
4633.44, 1.00681, 0.00832744, 0.99917, 0.0205075
4633.45, 1.00701, 0.00832365, 0.99904, 0.0263668
4633.46, 1.00616, 0.00831531, 0.99896, 0.0300288
4633.47, 1.00439, 0.00830337, 0.99892, 0.0322261
4633.48, 1.00361, 0.00829075, 0.99889, 0.0329585
4633.49, 1.00132, 0.0082695, 0.99884, 0.0329585
4633.5, 0.996502, 0.00823872, 0.99878, 0.0322261
4633.51, 0.994194, 0.00821861, 0.99869, 0.0322261
4633.52, 0.994658, 0.00821269, 0.99854, 0.0322261
4633.53, 0.995008, 0.00821137, 0.99833, 0.0322261
4633.54, 0.993778, 0.00820394, 0.99806, 0.0336909
4633.55, 0.992404, 0.0081992, 0.99774, 0.0351557
4633.56, 0.993845, 0.00821635, 0.99742, 0.037353
4633.57, 0.995563, 0.00822768, 0.9971, 0.0432122
4633.58, 0.995661, 0.00821946, 0.99679, 0.0527336
4633.59, 0.995948, 0.00822002, 0.99645, 0.0703114
4633.6, 0.998179, 0.00823682, 0.99603, 0.0996079
4633.61, 1.00186, 0.00825783, 0.9954, 0.148679
4633.62, 1.00188, 0.0082559, 0.99441, 0.224118
4633.63, 0.997751, 0.00822752, 0.99285, 0.334712
4633.64, 0.993053, 0.00819125, 0.99045, 0.491448
4633.65, 0.990843, 0.00817124, 0.98682, 0.707509
4633.66, 0.988706, 0.00815368, 0.98147, 0.993149
4633.67, 0.979625, 0.00808912, 0.97393, 1.35203
4633.68, 0.967693, 0.00799879, 0.96389, 1.78049
4633.69, 0.95695, 0.00791134, 0.95144, 2.26022
4633.7, 0.943593, 0.00781735, 0.9372, 2.76558
4633.71, 0.928546, 0.0077152, 0.92229, 3.26216
4633.72, 0.915024, 0.0076129, 0.90808, 3.71332
4633.73, 0.903009, 0.00752446, 0.8959, 4.08832
4633.74, 0.892408, 0.00745165, 0.88682, 4.36444
4633.75, 0.884166, 0.00739054, 0.88153, 4.5241
4633.76, 0.881764, 0.00736786, 0.88044, 4.55853
4633.77, 0.886409, 0.00739679, 0.88367, 4.46331
4633.78, 0.895061, 0.00745776, 0.89106, 4.24359
4633.79, 0.904717, 0.00752587, 0.90204, 3.91034
4633.8, 0.91464, 0.00759216, 0.91563, 3.48554
4633.81, 0.928246, 0.0076825, 0.93048, 3.00069
4633.82, 0.943586, 0.00778758, 0.94519, 2.49166
4633.83, 0.956165, 0.00787793, 0.95855, 1.99509
4633.84, 0.967257, 0.007953, 0.9698, 1.54026
4633.85, 0.976763, 0.00801256, 0.97868, 1.14696
4633.86, 0.982466, 0.00805203, 0.98528, 0.824695
4633.87, 0.986234, 0.00807871, 0.9899, 0.572745
4633.88, 0.989035, 0.00809571, 0.99286, 0.384516
4633.89, 0.988458, 0.00809388, 0.9944, 0.250485
4633.9, 0.986603, 0.00807852, 0.99474, 0.159666
4633.91, 0.985763, 0.0080586, 0.99402, 0.101805
4633.92, 0.982273, 0.00803092, 0.99244, 0.0666494
4633.93, 0.976114, 0.00799196, 0.99025, 0.0454095
4633.94, 0.969898, 0.00794013, 0.98794, 0.0322261
4633.95, 0.961646, 0.00787643, 0.9863, 0.0234371
4633.96, 0.950811, 0.00780394, 0.98622, 0.016113
4633.97, 0.939693, 0.00772658, 1, 0
4633.98, 0.927942, 0.00764216, 1, 0
4633.99, 0.914035, 0.00754301, 1, 0
4634, 0.896615, 0.00741761, 1, 0
4634.01, 0.876928, 0.00727483, 1, 0
4634.02, 0.857917, 0.00713725, 1, 0
