wav, obs, sigma_obs, syn, weight
4635.47, 0.997682, 0.00779041, 1, 0
4635.48, 0.993434, 0.00776397, 1, 0
4635.49, 0.988009, 0.00772705, 1, 0
4635.5, 0.979595, 0.00766924, 1, 0
4635.51, 0.96828, 0.00759172, 1, 0
4635.52, 0.958372, 0.00751927, 1, 0
4635.53, 0.94858, 0.00744838, 0.93169, 0.804637
4635.54, 0.936352, 0.00736857, 0.92143, 1.10851
4635.55, 0.926803, 0.00730681, 0.91429, 1.37722
4635.56, 0.919913, 0.00725812, 0.9101, 1.58868
4635.57, 0.911399, 0.00719486, 0.9082, 1.73936
4635.58, 0.904288, 0.00714384, 0.9078, 1.83128
4635.59, 0.900541, 0.00711779, 0.90847, 1.86543
4635.6, 0.898576, 0.00709774, 0.91034, 1.84333
4635.61, 0.899381, 0.00709795, 0.91396, 1.77502
4635.62, 0.9039, 0.00713123, 0.92002, 1.66804
4635.63, 0.91116, 0.00718393, 0.92878, 1.53443
4635.64, 0.921539, 0.00725339, 0.93984, 1.37974
4635.65, 0.935222, 0.00733946, 0.95211, 1.20997
4635.66, 0.949792, 0.00742962, 0.96416, 1.02965
4635.67, 0.964396, 0.00752541, 0.97469, 0.845823
4635.68, 0.978314, 0.00762735, 0.98288, 0.671033
4635.69, 0.985777, 0.00768717, 0.98856, 0.520352
4635.7, 0.98669, 0.00769781, 0.99198, 0.411359
4635.71, 0.987652, 0.00770415, 0.99358, 0.361634
4635.72, 0.990727, 0.0077193, 0.9936, 0.38725
4635.73, 0.993799, 0.00773321, 0.99169, 0.497247
4635.74, 0.991402, 0.00771935, 0.98666, 0.69263
4635.75, 0.982053, 0.00765988, 0.97624, 0.96034
4635.76, 0.964719, 0.00753917, 0.95717, 1.27828
4635.77, 0.935064, 0.00733644, 0.92598, 1.62283
4635.78, 0.890909, 0.0070371, 0.88017, 1.97593
4635.79, 0.832995, 0.00664235, 0.81968, 2.33053
4635.8, 0.765617, 0.00618726, 0.74779, 2.68061
4635.81, 0.693341, 0.00570175, 0.67122, 3.01714
4635.82, 0.622212, 0.00521937, 0.59929, 3.3185
4635.83, 0.566451, 0.00483779, 0.54234, 3.55205
4635.84, 0.536523, 0.00463188, 0.50949, 3.68616
4635.85, 0.534603, 0.00461982, 0.50639, 3.69771
4635.86, 0.559843, 0.00479468, 0.5336, 3.58721
4635.87, 0.609511, 0.00513332, 0.58639, 3.37023
4635.88, 0.678505, 0.00559498, 0.65615, 3.07942
4635.89, 0.7539, 0.00609895, 0.73261, 2.74742
4635.9, 0.822273, 0.00656069, 0.8061, 2.39784
4635.91, 0.879907, 0.00694238, 0.86928, 2.04273
4635.92, 0.924287, 0.007232, 0.91817, 1.68712
4635.93, 0.954249, 0.00743495, 0.95222, 1.33755
4635.94, 0.974362, 0.00756694, 0.97357, 1.00605
4635.95, 0.986813, 0.00764229, 0.98564, 0.713223
4635.96, 0.991026, 0.00767389, 0.99188, 0.477659
4635.97, 0.992801, 0.00768735, 0.9949, 0.305882
4635.98, 0.995497, 0.00769785, 0.99634, 0.193876
4635.99, 0.99624, 0.00770046, 0.99709, 0.127577
4636, 0.996526, 0.00770369, 0.99754, 0.0909109
4636.01, 0.99823, 0.00771461, 0.99784, 0.0703178
4636.02, 0.999585, 0.00772394, 0.99808, 0.0582633
4636.03, 1.00172, 0.00773376, 0.99826, 0.0507293
4636.04, 1.00568, 0.0077479, 0.99841, 0.0452043
4636.05, 1.00638, 0.00775127, 0.99854, 0.0411861
4636.06, 1.00511, 0.00775042, 0.99864, 0.0376702
4636.07, 1.0074, 0.00776393, 0.99872, 0.0346566
4636.08, 1.00887, 0.00776879, 0.99879, 0.0321453
4636.09, 1.00733, 0.00775711, 0.99884, 0.0301362
4636.1, 1.00598, 0.00774882, 0.99888, 0.0281271
4636.11, 1.00528, 0.00774187, 0.99891, 0.0266203
4636.12, 1.00523, 0.00773348, 0.99893, 0.0251135
4636.13, 1.00638, 0.00773153, 0.99893, 0.0236067
4636.14, 1.00491, 0.00772014, 0.99891, 0.0215976
4636.15, 0.998844, 0.0076887, 0.99886, 0.0190863
4636.16, 0.995224, 0.00766634, 0.99879, 0.0160726
4636.17, 0.994907, 0.00765954, 0.99871, 0.0120545
4636.18, 0.994899, 0.00765852, 1, 0
4636.19, 0.996736, 0.0076655, 1, 0
4636.2, 0.998992, 0.00767287, 1, 0
4636.21, 0.997683, 0.00766573, 1, 0
4636.22, 0.994894, 0.00765268, 1, 0
4636.23, 0.992781, 0.00764233, 1, 0
