wav, obs, sigma_obs, syn, weight
4638.19, 0.969015, 0.00715759, 1, 0
4638.2, 0.971971, 0.00717506, 1, 0
4638.21, 0.985084, 0.00726032, 1, 0
4638.22, 0.978646, 0.00721509, 1, 0
4638.23, 0.919887, 0.00682033, 1, 0
4638.24, 0.916697, 0.00679464, 1, 0
4638.25, 0.98052, 0.00721449, 0.99439, 0.246803
4638.26, 0.996169, 0.00731369, 0.99495, 0.309626
4638.27, 0.986662, 0.00725003, 0.99558, 0.341037
4638.28, 0.989809, 0.00727394, 0.99614, 0.345524
4638.29, 0.994591, 0.00730267, 0.99655, 0.335054
4638.3, 0.99528, 0.00730357, 0.9968, 0.317105
4638.31, 0.994215, 0.00729533, 0.99689, 0.300651
4638.32, 0.999432, 0.0073211, 0.99684, 0.285693
4638.33, 1.00341, 0.00734323, 0.99669, 0.273727
4638.34, 0.999154, 0.0073243, 0.99648, 0.263257
4638.35, 0.998876, 0.00732102, 0.99624, 0.254282
4638.36, 1.00154, 0.00733127, 0.99603, 0.248299
4638.37, 1.00024, 0.00732623, 0.99589, 0.246803
4638.38, 1.00053, 0.0073323, 0.99584, 0.248299
4638.39, 1.00201, 0.0073429, 0.99589, 0.258769
4638.4, 1.00019, 0.00733088, 0.99602, 0.282702
4638.41, 0.999374, 0.00731843, 0.99617, 0.329071
4638.42, 0.999795, 0.0073142, 0.99624, 0.415826
4638.43, 0.99736, 0.00730577, 0.9961, 0.560916
4638.44, 0.995573, 0.00729632, 0.99552, 0.791266
4638.45, 0.995081, 0.00728503, 0.9942, 1.12482
4638.46, 0.991491, 0.00726303, 0.99174, 1.56009
4638.47, 0.986824, 0.00723584, 0.98776, 2.0896
4638.48, 0.982771, 0.00720746, 0.98202, 2.67594
4638.49, 0.977132, 0.00717164, 0.97461, 3.27126
4638.5, 0.968959, 0.00712123, 0.96611, 3.8247
4638.51, 0.959436, 0.0070601, 0.95755, 4.28989
4638.52, 0.952091, 0.00701073, 0.95024, 4.63391
4638.53, 0.947773, 0.00698064, 0.94546, 4.84033
4638.54, 0.946577, 0.00697153, 0.9441, 4.89717
4638.55, 0.950209, 0.00699148, 0.94643, 4.80443
4638.56, 0.956487, 0.00702809, 0.95202, 4.56511
4638.57, 0.962356, 0.00706505, 0.95984, 4.18817
4638.58, 0.969961, 0.00711433, 0.9686, 3.69756
4638.59, 0.978956, 0.00717159, 0.977, 3.12617
4638.6, 0.986695, 0.0072192, 0.98411, 2.52038
4638.61, 0.992305, 0.00725425, 0.98949, 1.93703
4638.62, 0.995726, 0.00727471, 0.9931, 1.4165
4638.63, 0.997603, 0.00728019, 0.99521, 0.993195
4638.64, 0.999842, 0.0072877, 0.99614, 0.674595
4638.65, 1.00168, 0.00729704, 0.9962, 0.454716
4638.66, 0.999698, 0.00728642, 0.99562, 0.312617
4638.67, 0.995731, 0.00726186, 0.99464, 0.225862
4638.68, 0.992425, 0.00723904, 0.99344, 0.176502
4638.69, 0.990771, 0.00723051, 0.99224, 0.146586
4638.7, 0.991498, 0.007232, 0.99122, 0.127141
4638.71, 0.992982, 0.00722967, 0.99048, 0.115175
4638.72, 0.990581, 0.00721019, 0.99007, 0.107696
4638.73, 0.989216, 0.00720345, 0.98995, 0.100217
4638.74, 0.993038, 0.0072277, 0.99, 0.0957297
4638.75, 0.994016, 0.00723241, 0.99012, 0.0972254
4638.76, 0.993283, 0.00723345, 0.99022, 0.100217
4638.77, 0.995832, 0.00726649, 0.99028, 0.112183
4638.78, 0.998586, 0.00729218, 0.99036, 0.131628
4638.79, 0.999518, 0.00729362, 0.99053, 0.157056
4638.8, 0.999052, 0.00728337, 0.99084, 0.18398
4638.81, 0.999416, 0.00728053, 0.99129, 0.203426
4638.82, 1.00065, 0.007288, 0.99187, 0.198938
4638.83, 1.001, 0.00729406, 0.99258, 0.167527
4638.84, 1.00095, 0.00729438, 1, 0
4638.85, 1.00095, 0.0072904, 1, 0
4638.86, 1.00066, 0.00728623, 1, 0
4638.87, 0.999556, 0.00727812, 1, 0
4638.88, 0.997296, 0.00726224, 1, 0
4638.89, 0.993853, 0.00723877, 1, 0
