wav, obs, sigma_obs, syn, weight
4642.28, 0.95834, 0.00671542, 1, 0
4642.29, 0.966375, 0.00676456, 1, 0
4642.3, 0.976008, 0.00681936, 1, 0
4642.31, 0.98915, 0.00688504, 1, 0
4642.32, 0.998721, 0.00693028, 1, 0
4642.33, 1.00194, 0.00694857, 1, 0
4642.34, 1.00162, 0.00695728, 0.99744, 0.10238
4642.35, 1.00147, 0.00695959, 0.99666, 0.132492
4642.36, 1.00199, 0.00695908, 0.99588, 0.144537
4642.37, 1.00155, 0.00695977, 0.99512, 0.150559
4642.38, 1.00133, 0.0069561, 0.99442, 0.150559
4642.39, 0.999582, 0.00694111, 0.99384, 0.150559
4642.4, 0.994026, 0.00691575, 0.99344, 0.150559
4642.41, 0.991885, 0.00690542, 0.99325, 0.150559
4642.42, 0.993571, 0.0069097, 0.99331, 0.144537
4642.43, 0.993317, 0.00690698, 0.99359, 0.150559
4642.44, 0.992733, 0.00690318, 0.99406, 0.156582
4642.45, 0.99357, 0.00690896, 0.99462, 0.180671
4642.46, 0.995604, 0.00692564, 0.99515, 0.216805
4642.47, 0.996947, 0.00692726, 0.99546, 0.295096
4642.48, 0.996879, 0.00691553, 0.99532, 0.445655
4642.49, 0.995635, 0.00691129, 0.99444, 0.692572
4642.5, 0.99169, 0.0068892, 0.99257, 1.04789
4642.51, 0.986143, 0.00685367, 0.98952, 1.51764
4642.52, 0.98219, 0.00683532, 0.9853, 2.08374
4642.53, 0.979877, 0.0068167, 0.98013, 2.69802
4642.54, 0.976319, 0.00678504, 0.97449, 3.30628
4642.55, 0.968555, 0.00674482, 0.96901, 3.83625
4642.56, 0.961126, 0.00670595, 0.96434, 4.26384
4642.57, 0.95672, 0.00667838, 0.96099, 4.55291
4642.58, 0.954735, 0.00666856, 0.95929, 4.69745
4642.59, 0.955566, 0.00667364, 0.95937, 4.69745
4642.6, 0.958322, 0.00668983, 0.96117, 4.55291
4642.61, 0.961633, 0.00671481, 0.96443, 4.26384
4642.62, 0.967999, 0.00674723, 0.96869, 3.84227
4642.63, 0.975216, 0.00677963, 0.97332, 3.30026
4642.64, 0.978128, 0.00680239, 0.97765, 2.692
4642.65, 0.981602, 0.00682148, 0.98106, 2.07772
4642.66, 0.987183, 0.0068411, 0.98325, 1.51161
4642.67, 0.991038, 0.00685889, 0.98422, 1.03585
4642.68, 0.991058, 0.00686907, 0.98426, 0.680528
4642.69, 0.989035, 0.00687027, 0.98378, 0.439633
4642.7, 0.989086, 0.00686831, 0.98321, 0.295096
4642.71, 0.991099, 0.00687602, 0.98286, 0.216805
4642.72, 0.993189, 0.00688846, 0.98292, 0.168626
4642.73, 0.993364, 0.00688807, 0.98347, 0.156582
4642.74, 0.992005, 0.00688316, 0.9845, 0.150559
4642.75, 0.991146, 0.00687731, 0.98592, 0.150559
4642.76, 0.992203, 0.00686465, 0.98757, 0.150559
4642.77, 0.99026, 0.00684667, 0.98928, 0.150559
4642.78, 0.985117, 0.00682884, 0.99087, 0.162604
4642.79, 0.982023, 0.00681811, 0.99222, 0.156582
4642.8, 0.98297, 0.0068184, 0.99333, 0.162604
4642.81, 0.98521, 0.00682286, 0.99424, 0.162604
4642.82, 0.98438, 0.00682105, 0.99504, 0.156582
4642.83, 0.984534, 0.0068265, 0.99585, 0.138514
4642.84, 0.986987, 0.00684113, 0.99674, 0.108403
4642.85, 0.989094, 0.00685423, 1, 0
4642.86, 0.991354, 0.00687302, 1, 0
4642.87, 0.994558, 0.00689468, 1, 0
4642.88, 0.998492, 0.00690711, 1, 0
4642.89, 1.00114, 0.00691702, 1, 0
4642.9, 1.00216, 0.00692896, 1, 0
