wav, obs, sigma_obs, syn, weight
4649.96, 1.0507, 0.00721285, 1, 0
4649.97, 0.996856, 0.00688863, 1, 0
4649.98, 0.943008, 0.00656442, 1, 0
4649.99, 0.88916, 0.0062402, 1, 0
4650, 0.834696, 0.00591084, 1, 0
4650.01, 0.782252, 0.00559822, 1, 0
4650.02, 0.739509, 0.00534979, 0.78726, 0.0624431
4650.03, 0.719857, 0.00523435, 0.79406, 0.0796688
4650.04, 0.727579, 0.00528107, 0.81821, 0.0925881
4650.05, 0.759421, 0.00547641, 0.85131, 0.0947413
4650.06, 0.806867, 0.00576625, 0.88671, 0.0947413
4650.07, 0.857798, 0.00606276, 0.91969, 0.0925881
4650.08, 0.901876, 0.00631517, 0.94711, 0.0861285
4650.09, 0.933536, 0.00651245, 0.96762, 0.0796688
4650.1, 0.953859, 0.00663697, 0.9814, 0.0732092
4650.11, 0.963768, 0.00669459, 0.98971, 0.0689028
4650.12, 0.966317, 0.00671481, 0.99422, 0.0645963
4650.13, 0.969505, 0.00673652, 0.99644, 0.0602899
4650.14, 0.973862, 0.00675904, 0.99745, 0.0624431
4650.15, 0.978266, 0.00678123, 0.99787, 0.0645963
4650.16, 0.983387, 0.00681666, 0.99804, 0.0732092
4650.17, 0.986133, 0.00683681, 0.99806, 0.0904349
4650.18, 0.986994, 0.00683868, 0.99798, 0.122733
4650.19, 0.989193, 0.00684674, 0.99775, 0.183023
4650.2, 0.990532, 0.00685669, 0.99723, 0.29499
4650.21, 0.988763, 0.00685067, 0.99617, 0.484473
4650.22, 0.985366, 0.00682861, 0.99416, 0.783769
4650.23, 0.986285, 0.00682802, 0.99065, 1.21441
4650.24, 0.985021, 0.00682009, 0.9851, 1.7764
4650.25, 0.979527, 0.00679556, 0.97715, 2.44174
4650.26, 0.9789, 0.00679838, 0.96691, 3.16091
4650.27, 0.977102, 0.00678594, 0.9551, 3.86501
4650.28, 0.969107, 0.00673378, 0.94299, 4.4916
4650.29, 0.956549, 0.00666125, 0.93212, 4.99114
4650.3, 0.943832, 0.00658616, 0.92395, 5.33351
4650.31, 0.930153, 0.00650683, 0.91958, 5.50792
4650.32, 0.916323, 0.00643105, 0.91959, 5.50792
4650.33, 0.912762, 0.00640587, 0.92398, 5.33351
4650.34, 0.919501, 0.00643706, 0.93217, 4.99114
4650.35, 0.931156, 0.00650456, 0.94306, 4.4916
4650.36, 0.943651, 0.00658645, 0.9552, 3.86501
4650.37, 0.959778, 0.00668274, 0.96703, 3.15876
4650.38, 0.97587, 0.00677084, 0.9773, 2.44174
4650.39, 0.985174, 0.00682351, 0.98529, 1.77425
4650.4, 0.995264, 0.00687957, 0.99087, 1.21226
4650.41, 1.00306, 0.00692685, 0.99441, 0.779463
4650.42, 1.00326, 0.00694151, 0.99646, 0.480166
4650.43, 1.00331, 0.00695669, 0.99757, 0.28853
4650.44, 1.00729, 0.00697802, 0.99815, 0.17441
4650.45, 1.01201, 0.00699283, 0.99845, 0.11412
4650.46, 1.01051, 0.00699023, 0.99862, 0.0796688
4650.47, 1.0092, 0.00698509, 0.99873, 0.0645963
4650.48, 1.00924, 0.00697875, 0.99881, 0.0516771
4650.49, 1.00571, 0.00696045, 0.99886, 0.0430642
4650.5, 1.00134, 0.0069408, 0.9989, 0.0387578
4650.51, 0.998865, 0.00692109, 0.99893, 0.0344514
4650.52, 0.996478, 0.00689209, 0.99896, 0.030145
4650.53, 0.987151, 0.00684414, 0.99897, 0.0279918
4650.54, 0.975734, 0.00679093, 0.99897, 0.0258385
4650.55, 0.968437, 0.00674945, 0.99897, 0.0236853
4650.56, 0.965572, 0.00672642, 0.99895, 0.0193789
4650.57, 0.964793, 0.00672199, 0.99893, 0.0172257
4650.58, 0.966961, 0.00673716, 0.9989, 0.0172257
4650.59, 0.973793, 0.00677171, 0.99889, 0.0129193
4650.6, 0.980144, 0.00681509, 0.99893, 0.00861285
4650.61, 0.983974, 0.0068479, 1, 0
4650.62, 0.986518, 0.00686471, 1, 0
4650.63, 0.989831, 0.00688868, 1, 0
4650.64, 0.993803, 0.00691073, 1, 0
4650.65, 0.99808, 0.0069252, 1, 0
4650.66, 1.00297, 0.00694486, 1, 0
