wav, obs, sigma_obs, syn, weight
4657.94, 1.00735, 0.00788089, 1, 0
4657.95, 1.00818, 0.00787551, 1, 0
4657.96, 1.00883, 0.00786905, 1, 0
4657.97, 1.0081, 0.00785745, 1, 0
4657.98, 1.00525, 0.00785279, 1, 0
4657.99, 0.999377, 0.00783321, 0.99938, 0
4658, 0.993501, 0.0077919, 0.99931, 0.0168094
4658.01, 0.995083, 0.00778854, 0.99925, 0.0238133
4658.02, 0.995328, 0.00780009, 0.99918, 0.0294164
4658.03, 0.993806, 0.00780099, 0.9991, 0.0308172
4658.04, 0.996082, 0.0078009, 0.999, 0.032218
4658.05, 0.996026, 0.00782443, 0.99887, 0.032218
4658.06, 0.996939, 0.00784418, 0.9987, 0.032218
4658.07, 1.00034, 0.0078492, 0.99852, 0.032218
4658.08, 1.0028, 0.00785821, 0.99838, 0.032218
4658.09, 1.00363, 0.00787081, 0.99832, 0.032218
4658.1, 1.0036, 0.00787987, 0.99836, 0.0308172
4658.11, 1.00204, 0.00787528, 0.99851, 0.0308172
4658.12, 0.999252, 0.00786109, 0.99871, 0.032218
4658.13, 1.00228, 0.00787667, 0.99893, 0.0350195
4658.14, 1.0022, 0.00787996, 0.99909, 0.0378211
4658.15, 0.998604, 0.00786372, 0.99918, 0.0490273
4658.16, 1.00384, 0.0078831, 0.99919, 0.0728406
4658.17, 1.00252, 0.00787513, 0.99911, 0.121868
4658.18, 1.00198, 0.00787151, 0.99891, 0.218522
4658.19, 1.00718, 0.00789093, 0.99847, 0.39362
4658.2, 1.00241, 0.0078655, 0.99746, 0.679379
4658.21, 0.997443, 0.00784594, 0.99521, 1.09821
4658.22, 0.994713, 0.00782433, 0.99062, 1.65432
4658.23, 0.987191, 0.00776376, 0.98217, 2.31549
4658.24, 0.969852, 0.00767129, 0.96842, 3.03409
4658.25, 0.947818, 0.00753611, 0.94881, 3.74289
4658.26, 0.924682, 0.00736508, 0.92453, 4.37604
4658.27, 0.900756, 0.00718884, 0.89897, 4.88593
4658.28, 0.877662, 0.00704484, 0.87712, 5.24032
4658.29, 0.863903, 0.00695032, 0.86408, 5.42383
4658.3, 0.86266, 0.00693906, 0.86317, 5.43363
4658.31, 0.872401, 0.00703052, 0.87454, 5.27114
4658.32, 0.893588, 0.00717906, 0.89516, 4.93775
4658.33, 0.920765, 0.00735781, 0.92003, 4.44468
4658.34, 0.946819, 0.00753371, 0.94412, 3.81993
4658.35, 0.96718, 0.00766901, 0.9639, 3.11534
4658.36, 0.98164, 0.00775382, 0.97801, 2.39534
4658.37, 0.989042, 0.00780789, 0.9869, 1.72576
4658.38, 0.991889, 0.00784843, 0.99195, 1.15985
4658.39, 0.994239, 0.00787628, 0.99467, 0.725605
4658.4, 0.993775, 0.00788745, 0.99618, 0.427238
4658.41, 0.994905, 0.00789777, 0.99715, 0.240934
4658.42, 0.996686, 0.00790216, 0.99784, 0.137277
4658.43, 0.993371, 0.00788031, 0.99836, 0.0840469
4658.44, 0.993082, 0.00786341, 0.99874, 0.057432
4658.45, 0.992052, 0.00785274, 0.99899, 0.0462258
4658.46, 0.987797, 0.00784053, 0.99914, 0.0420234
4658.47, 0.986269, 0.00783128, 0.99922, 0.0406227
4658.48, 0.985366, 0.00782278, 0.99926, 0.0406227
4658.49, 0.981696, 0.00780396, 0.99926, 0.0434242
4658.5, 0.979229, 0.00779405, 0.99923, 0.0490273
4658.51, 0.98521, 0.00782942, 0.99918, 0.0644359
4658.52, 0.98536, 0.00784418, 0.99909, 0.0952531
4658.53, 0.983907, 0.00784461, 0.99893, 0.151284
4658.54, 0.987824, 0.00785743, 0.99859, 0.247938
4658.55, 0.988911, 0.00785992, 0.99789, 0.382413
4658.56, 0.99036, 0.00786858, 0.99647, 0.525293
4658.57, 0.990348, 0.0078621, 0.99376, 0.599534
4658.58, 0.986277, 0.0078319, 0.98927, 0.547705
4658.59, 0.982768, 0.00782693, 0.98302, 0.381013
4658.6, 0.980221, 0.00781327, 1, 0
4658.61, 0.977613, 0.00779511, 1, 0
4658.62, 0.974456, 0.00779901, 1, 0
4658.63, 0.971342, 0.00780108, 1, 0
4658.64, 0.968243, 0.00780259, 1, 0
