wav, obs, sigma_obs, syn, weight
4661, 0.989565, 0.010238, 1, 0
4661.01, 0.994296, 0.0102811, 1, 0
4661.02, 0.999773, 0.0103324, 1, 0
4661.03, 1.003, 0.0103592, 1, 0
4661.04, 1.00333, 0.0103558, 1, 0
4661.05, 1.00366, 0.0103564, 1, 0
4661.06, 1.00425, 0.010362, 0.99958, 0.00693481
4661.07, 1.0036, 0.0103524, 0.9995, 0.00924642
4661.08, 1.0025, 0.0103388, 0.99944, 0.0107875
4661.09, 1.00106, 0.0103256, 0.99939, 0.011558
4661.1, 0.997201, 0.0102916, 0.99932, 0.0123286
4661.11, 0.9928, 0.0102495, 0.99923, 0.0130991
4661.12, 0.991348, 0.0102285, 0.9991, 0.0138696
4661.13, 0.990411, 0.0102147, 0.99894, 0.0146402
4661.14, 0.988258, 0.0101958, 0.99875, 0.0146402
4661.15, 0.986877, 0.0101814, 0.99855, 0.0161812
4661.16, 0.98642, 0.0101739, 0.99836, 0.0169518
4661.17, 0.986164, 0.0101721, 0.99818, 0.0192634
4661.18, 0.98778, 0.0101857, 0.99803, 0.021575
4661.19, 0.990727, 0.0102067, 0.9979, 0.0269687
4661.2, 0.990739, 0.0102016, 0.99774, 0.0369857
4661.21, 0.990691, 0.0101981, 0.99748, 0.054708
4661.22, 0.995012, 0.0102353, 0.99699, 0.0847588
4661.23, 0.996206, 0.0102441, 0.9961, 0.132532
4661.24, 0.992604, 0.0102081, 0.99463, 0.20111
4661.25, 0.993827, 0.0102133, 0.99245, 0.290492
4661.26, 0.996533, 0.0102334, 0.98955, 0.395284
4661.27, 0.992845, 0.010201, 0.9861, 0.507782
4661.28, 0.98771, 0.0101556, 0.98242, 0.616428
4661.29, 0.984831, 0.010127, 0.97891, 0.714286
4661.3, 0.98257, 0.0101016, 0.97595, 0.791339
4661.31, 0.981054, 0.0100836, 0.97382, 0.844506
4661.32, 0.980973, 0.0100815, 0.97272, 0.873016
4661.33, 0.981067, 0.0100816, 0.97269, 0.875327
4661.34, 0.981103, 0.0100803, 0.97375, 0.852982
4661.35, 0.982507, 0.0100906, 0.97578, 0.80752
4661.36, 0.985493, 0.0101139, 0.97859, 0.740484
4661.37, 0.989031, 0.0101406, 0.98184, 0.657266
4661.38, 0.990482, 0.0101495, 0.98508, 0.570966
4661.39, 0.990257, 0.0101451, 0.98781, 0.495454
4661.4, 0.992019, 0.0101592, 0.98952, 0.452304
4661.41, 0.994356, 0.0101796, 0.98966, 0.462321
4661.42, 0.994207, 0.0101782, 0.9876, 0.548621
4661.43, 0.990845, 0.0101423, 0.98257, 0.729696
4661.44, 0.984564, 0.0100778, 0.97367, 1.01788
4661.45, 0.97596, 0.0100017, 0.96007, 1.41162
4661.46, 0.962955, 0.00989076, 0.9414, 1.89706
4661.47, 0.943388, 0.0097175, 0.91803, 2.44876
4661.48, 0.917878, 0.00948975, 0.89126, 3.03128
4661.49, 0.889042, 0.00923353, 0.86326, 3.60225
4661.5, 0.860629, 0.00898312, 0.83663, 4.12005
4661.51, 0.833632, 0.00874431, 0.81402, 4.54538
4661.52, 0.809955, 0.00853141, 0.79765, 4.84589
4661.53, 0.795832, 0.00840177, 0.78907, 4.99461
4661.54, 0.791767, 0.00836267, 0.78921, 4.96995
4661.55, 0.79354, 0.00837847, 0.79833, 4.74033
4661.56, 0.803175, 0.00846283, 0.81636, 4.26722
4661.57, 0.821926, 0.00862349, 0.84278, 3.53907
4661.58, 0.844799, 0.00881937, 0.87592, 2.62444
4661.59, 0.870307, 0.00903846, 1, 0
4661.6, 0.899622, 0.00929082, 1, 0
4661.61, 0.928992, 0.00954723, 1, 0
4661.62, 0.95405, 0.00976985, 1, 0
4661.63, 0.972635, 0.00993208, 1, 0
4661.64, 0.986462, 0.0100478, 1, 0
