wav, obs, sigma_obs, syn, weight
4661.16, 0.979872, 0.0101131, 1, 0
4661.17, 0.982642, 0.0101329, 1, 0
4661.18, 0.985677, 0.0101551, 1, 0
4661.19, 0.985821, 0.0101517, 1, 0
4661.2, 0.98541, 0.0101445, 1, 0
4661.21, 0.98935, 0.0101781, 1, 0
4661.22, 0.991527, 0.010196, 0.99747, 0.071809
4661.23, 0.988048, 0.0101613, 0.99632, 0.12289
4661.24, 0.988284, 0.010158, 0.99471, 0.191737
4661.25, 0.991477, 0.0101819, 0.99248, 0.279093
4661.26, 0.988684, 0.0101569, 0.98958, 0.379773
4661.27, 0.983349, 0.0101101, 0.98614, 0.487117
4661.28, 0.980232, 0.0100798, 0.98246, 0.591499
4661.29, 0.977954, 0.0100546, 0.97894, 0.683296
4661.3, 0.976252, 0.0100346, 0.97595, 0.757326
4661.31, 0.976005, 0.0100306, 0.97379, 0.808407
4661.32, 0.976157, 0.0100313, 0.97267, 0.835798
4661.33, 0.976112, 0.0100294, 0.97265, 0.838019
4661.34, 0.977249, 0.0100374, 0.97373, 0.81729
4661.35, 0.980013, 0.010059, 0.97579, 0.772872
4661.36, 0.983597, 0.0100863, 0.97862, 0.709207
4661.37, 0.985486, 0.0100988, 0.98188, 0.630735
4661.38, 0.985256, 0.0100942, 0.98511, 0.549302
4661.39, 0.986641, 0.0101048, 0.98781, 0.478233
4661.4, 0.989125, 0.0101263, 0.98948, 0.438257
4661.41, 0.98943, 0.0101292, 0.98959, 0.450102
4661.42, 0.986574, 0.010099, 0.9875, 0.534496
4661.43, 0.980702, 0.0100377, 0.98245, 0.709947
4661.44, 0.97254, 0.00996403, 0.97356, 0.986079
4661.45, 0.960461, 0.00986142, 0.96002, 1.36289
4661.46, 0.941973, 0.00969833, 0.94144, 1.8278
4661.47, 0.917381, 0.00947877, 0.91817, 2.35489
4661.48, 0.888927, 0.00922567, 0.8915, 2.91086
4661.49, 0.860452, 0.00897448, 0.8635, 3.4572
4661.5, 0.833381, 0.00873544, 0.8368, 3.95172
4661.51, 0.808967, 0.00851647, 0.81405, 4.3574
4661.52, 0.793186, 0.00837219, 0.79753, 4.6439
4661.53, 0.787961, 0.00832244, 0.78885, 4.7927
4661.54, 0.788893, 0.00833043, 0.78883, 4.7927
4661.55, 0.797046, 0.00840222, 0.79748, 4.6439
4661.56, 0.814607, 0.00855289, 0.81397, 4.35666
4661.57, 0.837013, 0.00874468, 0.83669, 3.95098
4661.58, 0.861872, 0.00895814, 0.86337, 3.45646
4661.59, 0.890624, 0.00920544, 0.89135, 2.91012
4661.6, 0.920126, 0.00946223, 0.91804, 2.35341
4661.61, 0.945755, 0.00968976, 0.94133, 1.82336
4661.62, 0.965657, 0.00986416, 0.96001, 1.35253
4661.63, 0.97986, 0.00998363, 0.97379, 0.963129
4661.64, 0.989798, 0.0100665, 0.98316, 0.662568
4661.65, 0.995855, 0.0101183, 0.98907, 0.447141
4661.66, 0.998736, 0.0101435, 0.99257, 0.304263
4661.67, 1.00125, 0.0101615, 0.99453, 0.213946
4661.68, 1.00391, 0.0101782, 0.99555, 0.160645
4661.69, 1.00481, 0.0101845, 0.996, 0.128072
4661.7, 1.00379, 0.0101767, 0.99602, 0.108824
4661.71, 1.0019, 0.0101588, 0.99569, 0.0954986
4661.72, 1.00097, 0.0101462, 0.99501, 0.086615
4661.73, 1.00008, 0.0101336, 0.994, 0.0806926
4661.74, 0.99647, 0.0101011, 0.99264, 0.0762508
4661.75, 0.992388, 0.0100644, 0.99087, 0.0740299
4661.76, 0.990241, 0.0100414, 0.98858, 0.0725493
4661.77, 0.988843, 0.0100275, 0.98564, 0.0725493
4661.78, 0.987938, 0.0100192, 0.98194, 0.0732896
4661.79, 0.98808, 0.010016, 0.97751, 0.0769911
4661.8, 0.987911, 0.0100109, 0.97254, 0.0829135
4661.81, 0.986726, 0.0100003, 0.96738, 0.0932777
4661.82, 0.986137, 0.00999063, 0.96256, 0.111045
4661.83, 0.985695, 0.00998083, 0.95864, 0.132514
4661.84, 0.983547, 0.00996289, 0.95642, 0.153242
4661.85, 0.979597, 0.00992798, 0.95695, 0.160645
4661.86, 0.974127, 0.00987472, 0.96116, 0.146579
4661.87, 0.966964, 0.00981179, 1, 0
4661.88, 0.955178, 0.0097102, 1, 0
4661.89, 0.934763, 0.00952571, 1, 0
4661.9, 0.904981, 0.00926089, 1, 0
4661.91, 0.868029, 0.00894105, 1, 0
4661.92, 0.83076, 0.00861882, 1, 0
