wav, obs, sigma_obs, syn, weight
4661.6, 0.943723, 0.00968561, 1, 0
4661.61, 0.967152, 0.0098923, 1, 0
4661.62, 0.984037, 0.0100366, 1, 0
4661.63, 0.995723, 0.0101341, 1, 0
4661.64, 1.00364, 0.0102008, 1, 0
4661.65, 1.00776, 0.0102367, 1, 0
4661.66, 1.0101, 0.0102557, 0.9973, 0.0860962
4661.67, 1.01295, 0.0102741, 0.99709, 0.101812
4661.68, 1.01482, 0.0102862, 0.99705, 0.107279
4661.69, 1.01459, 0.0102849, 0.997, 0.104545
4661.7, 1.01287, 0.0102699, 0.99681, 0.0963457
4661.71, 1.01131, 0.0102531, 0.99637, 0.0881461
4661.72, 1.01081, 0.0102433, 0.99564, 0.0806297
4661.73, 1.00848, 0.0102202, 0.99458, 0.07448
4661.74, 1.00406, 0.0101814, 0.99318, 0.0710635
4661.75, 1.00103, 0.0101517, 0.99137, 0.0690136
4661.76, 0.999451, 0.0101344, 0.98904, 0.0669637
4661.77, 0.99821, 0.0101235, 0.98608, 0.0669637
4661.78, 0.997915, 0.0101184, 0.98239, 0.0683303
4661.79, 0.998131, 0.0101152, 0.97801, 0.0717468
4661.8, 0.997262, 0.0101064, 0.97313, 0.0772132
4661.81, 0.996225, 0.0100955, 0.9681, 0.0895127
4661.82, 0.995975, 0.0100866, 0.96326, 0.115478
4661.83, 0.994712, 0.0100733, 0.95884, 0.165359
4661.84, 0.991488, 0.0100468, 0.95473, 0.256922
4661.85, 0.986624, 0.0100001, 0.95031, 0.411348
4661.86, 0.980297, 0.00994124, 0.94443, 0.646404
4661.87, 0.971124, 0.00986343, 0.93547, 0.97234
4661.88, 0.954521, 0.00971523, 0.92168, 1.38642
4661.89, 0.928734, 0.00948303, 0.90168, 1.87157
4661.9, 0.894945, 0.00918926, 0.87494, 2.40659
4661.91, 0.854285, 0.00883623, 0.84216, 2.96895
4661.92, 0.809329, 0.00844003, 0.80536, 3.53609
4661.93, 0.76563, 0.00805852, 0.76766, 4.08068
4661.94, 0.72808, 0.00773363, 0.73282, 4.56993
4661.95, 0.700302, 0.00748882, 0.70466, 4.96283
4661.96, 0.683721, 0.0073398, 0.68647, 5.21975
4661.97, 0.678908, 0.00729551, 0.68049, 5.31268
4661.98, 0.686118, 0.00735699, 0.68768, 5.23137
4661.99, 0.705917, 0.00752832, 0.70752, 4.98538
4662, 0.738044, 0.0078069, 0.73813, 4.60341
4662.01, 0.777635, 0.00814968, 0.77641, 4.12168
4662.02, 0.818954, 0.00850645, 0.81855, 3.58256
4662.03, 0.85703, 0.00883463, 0.86053, 3.0202
4662.04, 0.889055, 0.00911006, 0.89883, 2.46057
4662.05, 0.914076, 0.00932399, 0.93093, 1.92691
4662.06, 0.93307, 0.00948293, 0.95561, 1.44177
4662.07, 0.946888, 0.00959562, 0.973, 1.02564
4662.08, 0.95569, 0.00966899, 0.98421, 0.693552
4662.09, 0.960688, 0.00970872, 0.99083, 0.452346
4662.1, 0.964009, 0.00972768, 0.99444, 0.291087
4662.11, 0.968642, 0.00976279, 0.99632, 0.192691
4662.12, 0.974307, 0.00981227, 0.99728, 0.134611
4662.13, 0.977245, 0.0098296, 0.99783, 0.102495
4662.14, 0.980246, 0.0098461, 0.99819, 0.0819963
4662.15, 0.986097, 0.00989666, 0.99846, 0.0690136
4662.16, 0.988313, 0.00991535, 0.99868, 0.058764
4662.17, 0.986713, 0.00989568, 0.99886, 0.0498811
4662.18, 0.988404, 0.00990336, 0.99901, 0.0423648
4662.19, 0.990503, 0.00991582, 0.99912, 0.0368984
4662.2, 0.989146, 0.00989993, 0.99921, 0.0321152
4662.21, 0.988908, 0.00989302, 0.99928, 0.0286987
4662.22, 0.990839, 0.00990452, 0.99933, 0.0252822
4662.23, 0.991821, 0.00990987, 0.99937, 0.0239156
4662.24, 0.991608, 0.00990393, 0.9994, 0.0211824
4662.25, 0.991261, 0.00989411, 0.99944, 0.0191325
4662.26, 0.992037, 0.00989631, 0.99947, 0.0170826
4662.27, 0.992638, 0.0098989, 0.99952, 0.0136661
4662.28, 0.990849, 0.00987791, 0.9996, 0.0102495
4662.29, 0.990982, 0.00987028, 1, 0
4662.3, 0.995039, 0.00989607, 1, 0
4662.31, 0.997145, 0.00990981, 1, 0
4662.32, 0.996151, 0.00990141, 1, 0
4662.33, 0.995946, 0.00989865, 1, 0
4662.34, 0.995787, 0.00989623, 1, 0
