wav, obs, sigma_obs, syn, weight
4662.82, 0.974075, 0.00953481, 1, 0
4662.83, 0.979404, 0.00957531, 1, 0
4662.84, 0.98483, 0.00961697, 1, 0
4662.85, 0.990947, 0.00966662, 1, 0
4662.86, 0.997389, 0.00971968, 1, 0
4662.87, 1.00274, 0.00976136, 1, 0
4662.88, 1.00398, 0.00976381, 0.99881, 0.007099
4662.89, 1.0023, 0.0097401, 0.9986, 0.0101414
4662.9, 1.00282, 0.00974053, 0.9984, 0.0111556
4662.91, 1.0049, 0.00975489, 0.99818, 0.0131839
4662.92, 1.00612, 0.0097585, 0.99794, 0.0152121
4662.93, 1.0059, 0.00975297, 0.99771, 0.0162263
4662.94, 1.00458, 0.00974042, 0.99751, 0.0172404
4662.95, 1.00306, 0.00972138, 0.99736, 0.0192687
4662.96, 1.00173, 0.00970365, 0.99728, 0.0202828
4662.97, 1.0007, 0.00969176, 0.99728, 0.0233253
4662.98, 0.999801, 0.00967975, 0.99733, 0.0263677
4662.99, 0.999223, 0.00966944, 0.99745, 0.0294101
4663, 0.999234, 0.00966646, 0.9976, 0.0324526
4663.01, 0.999392, 0.00966377, 0.99776, 0.0395516
4663.02, 0.999533, 0.00966023, 0.99788, 0.049693
4663.03, 1.00013, 0.00966754, 0.99788, 0.0669334
4663.04, 1.00014, 0.00967201, 0.99765, 0.103443
4663.05, 0.998485, 0.00965437, 0.99697, 0.170376
4663.06, 0.997354, 0.00963479, 0.9955, 0.291059
4663.07, 0.997407, 0.00962565, 0.99268, 0.491859
4663.08, 0.99632, 0.00961577, 0.98776, 0.797116
4663.09, 0.991939, 0.00958081, 0.97999, 1.22204
4663.1, 0.983177, 0.009503, 0.9688, 1.76562
4663.11, 0.971417, 0.00940003, 0.95412, 2.40453
4663.12, 0.95637, 0.00927251, 0.9366, 3.10125
4663.13, 0.936171, 0.00910192, 0.91756, 3.80101
4663.14, 0.914116, 0.00891581, 0.89879, 4.45006
4663.15, 0.894026, 0.0087466, 0.88213, 4.99567
4663.16, 0.875794, 0.00859164, 0.86911, 5.39828
4663.17, 0.86046, 0.00845939, 0.86075, 5.63153
4663.18, 0.850408, 0.00837099, 0.85737, 5.68427
4663.19, 0.846798, 0.00833678, 0.85858, 5.55243
4663.2, 0.849764, 0.00835837, 0.86326, 5.24413
4663.21, 0.85812, 0.0084264, 0.8695, 4.7756
4663.22, 0.868054, 0.00850701, 0.87483, 4.17928
4663.23, 0.874939, 0.0085588, 0.8766, 3.49981
4663.24, 0.878683, 0.00858326, 0.87272, 2.79193
4663.25, 0.877596, 0.00856888, 0.86226, 2.11144
4663.26, 0.866234, 0.008471, 0.84576, 1.506
4663.27, 0.846923, 0.00830903, 0.8251, 1.01009
4663.28, 0.826036, 0.00813521, 0.80286, 0.634853
4663.29, 0.806646, 0.00797236, 0.78143, 0.375233
4663.3, 0.789147, 0.00782377, 0.76246, 0.211956
4663.31, 0.772007, 0.00767996, 0.74657, 0.115612
4663.32, 0.758373, 0.00756445, 0.73368, 0.0649051
4663.33, 0.751212, 0.0074992, 0.72346, 0.0395516
4663.34, 0.746426, 0.00745574, 0.71574, 0.0263677
4663.35, 0.742327, 0.00742063, 0.71063, 0.0202828
4663.36, 0.740789, 0.00740441, 0.70841, 0.0172404
4663.37, 0.74201, 0.00741045, 0.70938, 0.014198
4663.38, 0.744446, 0.00742844, 0.71381, 0.0131839
4663.39, 0.744661, 0.00742775, 0.72198, 0.0121697
4663.4, 0.74515, 0.00742768, 0.73431, 0.0111556
4663.41, 0.752272, 0.00748129, 0.75131, 0.0111556
4663.42, 0.765096, 0.00758363, 0.7734, 0.00912728
4663.43, 0.781813, 0.00771965, 0.80043, 0.00912728
4663.44, 0.803152, 0.00788954, 0.8314, 0.00912728
4663.45, 0.828083, 0.00808709, 0.86437, 0.00811314
4663.46, 0.854338, 0.00829907, 0.89686, 0.00811314
4663.47, 0.880325, 0.00850649, 0.92645, 0.007099
4663.48, 0.904553, 0.00869623, 0.95133, 0.00507071
4663.49, 0.925565, 0.00886555, 1, 0
4663.5, 0.943326, 0.00901018, 1, 0
4663.51, 0.958221, 0.00912557, 1, 0
4663.52, 0.969525, 0.00921078, 1, 0
4663.53, 0.977861, 0.00927407, 1, 0
4663.54, 0.986391, 0.00933879, 1, 0
