wav, obs, sigma_obs, syn, weight
4664.37, 0.986543, 0.00902078, 1, 0
4664.38, 0.986373, 0.00901588, 1, 0
4664.39, 0.985992, 0.00900979, 1, 0
4664.4, 0.986173, 0.00900689, 1, 0
4664.41, 0.987439, 0.00901115, 1, 0
4664.42, 0.989406, 0.00902344, 1, 0
4664.43, 0.990613, 0.00903124, 0.99799, 0.0171187
4664.44, 0.989786, 0.00901978, 0.99737, 0.0242516
4664.45, 0.991071, 0.00902289, 0.9967, 0.0271047
4664.46, 0.99507, 0.00904858, 0.99595, 0.0313844
4664.47, 0.993681, 0.00903607, 0.99513, 0.0313844
4664.48, 0.988659, 0.00899643, 0.99425, 0.0328109
4664.49, 0.987185, 0.00898087, 0.99339, 0.0328109
4664.5, 0.989218, 0.00898921, 0.99262, 0.0342375
4664.51, 0.992485, 0.00900643, 0.99201, 0.0356641
4664.52, 0.994287, 0.00901563, 0.9916, 0.0385172
4664.53, 0.993841, 0.0090105, 0.99139, 0.0442234
4664.54, 0.99197, 0.00899484, 0.99137, 0.0527828
4664.55, 0.99112, 0.00898474, 0.99151, 0.0613422
4664.56, 0.992491, 0.00899074, 0.99174, 0.0770344
4664.57, 0.995456, 0.00901231, 0.99197, 0.0984328
4664.58, 0.997752, 0.00902893, 0.99209, 0.131244
4664.59, 0.99823, 0.00902853, 0.99197, 0.185453
4664.6, 0.998982, 0.00902945, 0.99148, 0.276753
4664.61, 0.999135, 0.00902631, 0.99053, 0.426542
4664.62, 0.996454, 0.00900201, 0.98899, 0.656219
4664.63, 0.993909, 0.0089792, 0.9867, 0.981475
4664.64, 0.992169, 0.00896175, 0.98341, 1.40231
4664.65, 0.986685, 0.00891251, 0.97869, 1.89733
4664.66, 0.976925, 0.00883202, 0.97188, 2.42801
4664.67, 0.964424, 0.00873633, 0.962, 2.94014
4664.68, 0.949188, 0.00861656, 0.94781, 3.38523
4664.69, 0.930628, 0.0084665, 0.92801, 3.73046
4664.7, 0.907697, 0.008286, 0.90164, 3.95728
4664.71, 0.878508, 0.00805739, 0.86845, 4.05572
4664.72, 0.842726, 0.00777491, 0.82927, 4.03574
4664.73, 0.804138, 0.00747481, 0.78596, 3.89737
4664.74, 0.763917, 0.00716429, 0.74127, 3.65628
4664.75, 0.721626, 0.00683183, 0.69846, 3.32817
4664.76, 0.68203, 0.00651718, 0.66089, 2.943
4664.77, 0.650675, 0.006268, 0.6317, 2.54641
4664.78, 0.631382, 0.00611558, 0.61347, 2.18264
4664.79, 0.623754, 0.00605567, 0.60795, 1.89019
4664.8, 0.626268, 0.00607406, 0.61578, 1.69048
4664.81, 0.642169, 0.00619488, 0.63629, 1.58634
4664.82, 0.67139, 0.00641852, 0.66753, 1.55638
4664.83, 0.708683, 0.00670659, 0.70651, 1.56779
4664.84, 0.749869, 0.00702418, 0.74974, 1.59204
4664.85, 0.791788, 0.00734383, 0.79374, 1.60203
4664.86, 0.832277, 0.0076501, 0.83553, 1.58063
4664.87, 0.869998, 0.00793611, 0.87292, 1.51644
4664.88, 0.903768, 0.00819553, 0.90463, 1.40802
4664.89, 0.92998, 0.00839335, 0.93024, 1.25537
4664.9, 0.94738, 0.00851774, 0.95001, 1.06992
4664.91, 0.96014, 0.0086123, 0.96462, 0.865923
4664.92, 0.970329, 0.00869139, 0.97501, 0.664778
4664.93, 0.978448, 0.00875053, 0.98213, 0.482178
4664.94, 0.985751, 0.00880177, 0.98687, 0.333816
4664.95, 0.992049, 0.00884666, 0.98997, 0.22397
4664.96, 0.995447, 0.00887063, 0.99198, 0.146936
4664.97, 0.997345, 0.00888041, 0.99333, 0.0984328
4664.98, 0.999551, 0.00888798, 0.99428, 0.0699015
4664.99, 1.0007, 0.00889098, 0.99504, 0.0513562
4665, 1.00099, 0.00889262, 0.99578, 0.0370906
4665.01, 1.00214, 0.00890059, 0.99658, 0.0271047
4665.02, 1.00325, 0.00890523, 1, 0
4665.03, 1.00356, 0.00890163, 1, 0
4665.04, 1.00432, 0.00890368, 1, 0
4665.05, 1.00512, 0.00890815, 1, 0
4665.06, 1.00477, 0.00890272, 1, 0
4665.07, 1.00396, 0.00889334, 1, 0
