wav, obs, sigma_obs, syn, weight
4664.92, 0.94128, 0.00848408, 1, 0
4664.93, 0.947573, 0.00852881, 1, 0
4664.94, 0.953865, 0.00857353, 1, 0
4664.95, 0.960158, 0.00861826, 1, 0
4664.96, 0.966451, 0.00866298, 1, 0
4664.97, 0.972744, 0.00870771, 1, 0
4664.98, 0.979036, 0.00875243, 0.99883, 0.0412455
4664.99, 0.985837, 0.00880076, 0.998, 0.0506195
4665, 0.991774, 0.00884296, 0.9971, 0.0562439
4665.01, 0.994752, 0.00886361, 0.99634, 0.0562439
4665.02, 0.996672, 0.00887277, 0.99584, 0.0562439
4665.03, 0.998829, 0.00887992, 0.99559, 0.0543691
4665.04, 0.99974, 0.00888214, 0.99548, 0.0543691
4665.05, 1.00009, 0.00888451, 0.99542, 0.0524943
4665.06, 1.00136, 0.00889296, 0.99536, 0.0543691
4665.07, 1.00231, 0.008896, 0.9953, 0.0543691
4665.08, 1.00261, 0.00889235, 0.99524, 0.0562439
4665.09, 1.0035, 0.00889569, 0.99517, 0.0618683
4665.1, 1.00412, 0.00889908, 0.99506, 0.0712423
4665.11, 1.00352, 0.00889227, 0.99484, 0.0843658
4665.12, 1.00291, 0.00888104, 0.99441, 0.110613
4665.13, 1.00135, 0.00886196, 0.99364, 0.159358
4665.14, 0.996784, 0.00882708, 0.99239, 0.243724
4665.15, 0.993199, 0.0088008, 0.99055, 0.382458
4665.16, 0.992058, 0.00878819, 0.98807, 0.592436
4665.17, 0.987368, 0.00874553, 0.985, 0.884904
4665.18, 0.97968, 0.00867991, 0.9815, 1.25611
4665.19, 0.972845, 0.00862325, 0.97782, 1.69107
4665.2, 0.965171, 0.00856323, 0.97423, 2.15789
4665.21, 0.957279, 0.00850312, 0.97097, 2.61347
4665.22, 0.953771, 0.00847489, 0.96823, 3.0203
4665.23, 0.954447, 0.00847709, 0.96612, 3.34839
4665.24, 0.956712, 0.00849118, 0.96469, 3.57524
4665.25, 0.95814, 0.00849888, 0.96396, 3.6896
4665.26, 0.958959, 0.00850169, 0.96395, 3.6896
4665.27, 0.96138, 0.00851622, 0.96466, 3.57524
4665.28, 0.965282, 0.00854256, 0.9661, 3.35026
4665.29, 0.970133, 0.00857578, 0.96828, 3.02217
4665.3, 0.9759, 0.00861146, 0.97116, 2.61534
4665.31, 0.980156, 0.00863643, 0.97463, 2.15977
4665.32, 0.981071, 0.00864365, 0.9785, 1.69669
4665.33, 0.984771, 0.00866878, 0.98252, 1.26361
4665.34, 0.99186, 0.00871422, 0.98639, 0.890528
4665.35, 0.994713, 0.00873398, 0.98983, 0.60181
4665.36, 0.994692, 0.00873359, 0.99266, 0.395582
4665.37, 0.995864, 0.00873671, 0.9948, 0.258722
4665.38, 0.997714, 0.00874705, 0.99626, 0.178106
4665.39, 0.999212, 0.00875806, 0.99713, 0.134985
4665.4, 0.999726, 0.00875924, 0.9975, 0.118112
4665.41, 0.999741, 0.00875389, 0.9974, 0.123737
4665.42, 0.999365, 0.00874473, 0.99681, 0.155608
4665.43, 0.997587, 0.00872673, 0.99564, 0.219351
4665.44, 0.995567, 0.00870937, 0.99376, 0.335589
4665.45, 0.995411, 0.00870719, 0.99112, 0.523068
4665.46, 0.99723, 0.0087165, 0.98774, 0.796788
4665.47, 0.999292, 0.00872548, 0.98387, 1.16425
4665.48, 0.998609, 0.00871926, 0.97998, 1.60858
4665.49, 0.995844, 0.0086987, 0.97686, 2.0904
4665.5, 0.993447, 0.00867639, 0.97552, 2.54972
4665.51, 0.993802, 0.00867385, 0.97684, 2.88906
4665.52, 0.99494, 0.00867849, 0.98085, 2.9978
4665.53, 0.992359, 0.00865633, 0.98647, 2.7897
4665.54, 0.988239, 0.00862415, 0.99197, 2.276
4665.55, 0.984304, 0.00859412, 1, 0
4665.56, 0.978312, 0.00854649, 1, 0
4665.57, 0.972683, 0.0084996, 1, 0
4665.58, 0.970842, 0.00848123, 1, 0
4665.59, 0.968962, 0.00846399, 1, 0
4665.6, 0.96565, 0.00843633, 1, 0
