wav, obs, sigma_obs, syn, weight
4674.71, 0.915176, 0.00632247, 1, 0
4674.72, 0.91162, 0.00630073, 1, 0
4674.73, 0.901567, 0.00624449, 1, 0
4674.74, 0.893208, 0.006192, 1, 0
4674.75, 0.892808, 0.00618096, 1, 0
4674.76, 0.897327, 0.00621313, 1, 0
4674.77, 0.907285, 0.00627713, 0.9398, 0.0176257
4674.78, 0.922584, 0.0063593, 0.94086, 0.0257607
4674.79, 0.938396, 0.00645051, 0.94546, 0.0338956
4674.8, 0.953751, 0.00654169, 0.95111, 0.0379631
4674.81, 0.968152, 0.00661934, 0.95618, 0.0393189
4674.82, 0.976499, 0.00666236, 0.96003, 0.0393189
4674.83, 0.980385, 0.00668475, 0.96271, 0.0420306
4674.84, 0.984844, 0.00671414, 0.96473, 0.0433864
4674.85, 0.989023, 0.00673976, 0.96673, 0.046098
4674.86, 0.993468, 0.00676259, 0.96927, 0.0488097
4674.87, 0.999422, 0.00679262, 0.97262, 0.0515213
4674.88, 1.00191, 0.0068073, 0.97677, 0.054233
4674.89, 1.00133, 0.00680844, 0.98137, 0.0610121
4674.9, 1.00425, 0.00682588, 0.98591, 0.0664354
4674.91, 1.00954, 0.00684755, 0.98987, 0.0745704
4674.92, 1.01277, 0.00685591, 0.99288, 0.0867728
4674.93, 1.00984, 0.00684658, 0.99484, 0.105754
4674.94, 1.0048, 0.00682529, 0.99582, 0.134227
4674.95, 1.00083, 0.00679764, 0.99598, 0.184392
4674.96, 0.994612, 0.00676286, 0.99543, 0.273877
4674.97, 0.987144, 0.00672192, 0.99407, 0.427085
4674.98, 0.980027, 0.00667526, 0.99145, 0.662998
4674.99, 0.971, 0.00661994, 0.9867, 1.00195
4675, 0.960528, 0.00655763, 0.97838, 1.44667
4675.01, 0.949158, 0.00648732, 0.96469, 1.9795
4675.02, 0.932544, 0.00639314, 0.94375, 2.56658
4675.03, 0.910148, 0.00626702, 0.91429, 3.16178
4675.04, 0.883449, 0.00610659, 0.87613, 3.72581
4675.05, 0.848893, 0.00590271, 0.8306, 4.22068
4675.06, 0.806529, 0.00565871, 0.78056, 4.62065
4675.07, 0.760476, 0.00539054, 0.73024, 4.90809
4675.08, 0.713352, 0.00511211, 0.68474, 5.06943
4675.09, 0.671503, 0.00486293, 0.64943, 5.09383
4675.1, 0.644891, 0.00470551, 0.62895, 4.97723
4675.11, 0.636823, 0.00466118, 0.62622, 4.71963
4675.12, 0.649686, 0.00473878, 0.64168, 4.32779
4675.13, 0.686106, 0.00494312, 0.67318, 3.82885
4675.14, 0.736656, 0.00523317, 0.71657, 3.25805
4675.15, 0.790346, 0.00555392, 0.76661, 2.66284
4675.16, 0.84242, 0.00586125, 0.81798, 2.09611
4675.17, 0.888531, 0.00612589, 0.866, 1.59038
4675.18, 0.925217, 0.00633295, 0.9072, 1.16737
4675.19, 0.951368, 0.00648346, 0.93963, 0.836544
4675.2, 0.968108, 0.00658177, 0.96299, 0.587072
4675.21, 0.977956, 0.00663656, 0.97835, 0.408103
4675.22, 0.983771, 0.00666539, 0.98756, 0.286079
4675.23, 0.987003, 0.00668141, 0.99265, 0.206085
4675.24, 0.988058, 0.00669056, 0.99527, 0.158631
4675.25, 0.98767, 0.00669049, 0.99657, 0.132871
4675.26, 0.986811, 0.00668579, 0.9972, 0.124736
4675.27, 0.986209, 0.0066849, 0.99745, 0.131515
4675.28, 0.984991, 0.00667837, 0.99741, 0.153208
4675.29, 0.983351, 0.00666716, 0.99704, 0.189815
4675.3, 0.982895, 0.0066656, 0.9963, 0.237269
4675.31, 0.983585, 0.00666594, 0.99512, 0.294214
4675.32, 0.983442, 0.0066564, 0.99353, 0.35387
4675.33, 0.979422, 0.00663257, 0.99164, 0.412171
4675.34, 0.974025, 0.00660557, 0.98965, 0.463692
4675.35, 0.970683, 0.00658735, 0.98782, 0.503011
4675.36, 0.970017, 0.0065791, 0.98641, 0.527416
4675.37, 0.968748, 0.00656774, 0.98562, 0.528772
4675.38, 0.966213, 0.00655375, 0.98556, 0.500299
4675.39, 0.970016, 0.0065745, 0.98625, 0.433864
4675.4, 0.978025, 0.00661556, 0.98766, 0.332177
4675.41, 0.983978, 0.00664418, 0.98967, 0.218288
4675.42, 0.987945, 0.00666841, 1, 0
4675.43, 0.99126, 0.00669028, 1, 0
4675.44, 0.994556, 0.00670463, 1, 0
4675.45, 0.99583, 0.00671293, 1, 0
4675.46, 0.995012, 0.00671815, 1, 0
4675.47, 0.994694, 0.00672407, 1, 0
