wav, obs, sigma_obs, syn, weight
4680.45, 0.723503, 0.00492548, 1, 0
4680.46, 0.699278, 0.00479298, 1, 0
4680.47, 0.673379, 0.00465134, 1, 0
4680.48, 0.64815, 0.00451335, 1, 0
4680.49, 0.644703, 0.00449454, 1, 0
4680.5, 0.662752, 0.00459507, 1, 0
4680.51, 0.692407, 0.00476075, 0.71888, 1.53149
4680.52, 0.722741, 0.00492787, 0.70764, 2.24389
4680.53, 0.745619, 0.00505584, 0.72855, 2.74836
4680.54, 0.758888, 0.00513342, 0.76627, 2.9129
4680.55, 0.768497, 0.00518288, 0.8072, 2.77639
4680.56, 0.781049, 0.00524585, 0.84392, 2.47443
4680.57, 0.799405, 0.00534699, 0.87417, 2.12365
4680.58, 0.821221, 0.00547412, 0.89816, 1.78824
4680.59, 0.849913, 0.00563794, 0.91752, 1.4899
4680.6, 0.884078, 0.00582734, 0.93373, 1.23134
4680.61, 0.912638, 0.00598827, 0.94768, 1.00442
4680.62, 0.937441, 0.00612144, 0.95955, 0.804619
4680.63, 0.959519, 0.0062338, 0.96916, 0.62923
4680.64, 0.972396, 0.00631034, 0.97631, 0.482771
4680.65, 0.980428, 0.0063572, 0.98102, 0.365243
4680.66, 0.987967, 0.00639073, 0.98351, 0.278452
4680.67, 0.993554, 0.00642436, 0.98418, 0.218784
4680.68, 0.996404, 0.00644298, 0.98348, 0.182621
4680.69, 0.995952, 0.00643707, 0.98185, 0.163636
4680.7, 0.9919, 0.00641644, 0.97965, 0.162732
4680.71, 0.986424, 0.00638724, 0.97702, 0.180813
4680.72, 0.979534, 0.00634804, 0.97376, 0.223304
4680.73, 0.969303, 0.00629574, 0.96926, 0.297438
4680.74, 0.961626, 0.00625351, 0.96243, 0.41135
4680.75, 0.958504, 0.00623094, 0.95192, 0.565945
4680.76, 0.955578, 0.00621516, 0.93636, 0.759415
4680.77, 0.952052, 0.0062023, 0.91481, 0.986336
4680.78, 0.949055, 0.00619015, 0.88706, 1.23767
4680.79, 0.946677, 0.00617083, 0.85383, 1.50617
4680.8, 0.937467, 0.00611894, 0.81665, 1.78643
4680.81, 0.919336, 0.00602394, 0.77771, 2.07574
4680.82, 0.896493, 0.0058955, 0.73959, 2.36504
4680.83, 0.86976, 0.00574762, 0.70509, 2.64078
4680.84, 0.843431, 0.00560415, 0.67706, 2.88578
4680.85, 0.82406, 0.00549273, 0.6581, 3.08015
4680.86, 0.812272, 0.00542549, 0.65022, 3.20401
4680.87, 0.811086, 0.00542104, 0.65439, 3.2465
4680.88, 0.823875, 0.00549185, 0.67021, 3.20672
4680.89, 0.844955, 0.00560426, 0.69592, 3.0901
4680.9, 0.868971, 0.00573321, 0.72878, 2.912
4680.91, 0.893207, 0.00586762, 0.76565, 2.68869
4680.92, 0.917229, 0.00599451, 0.80359, 2.43465
4680.93, 0.935564, 0.00609376, 0.84018, 2.15891
4680.94, 0.944196, 0.00615589, 0.87363, 1.87142
4680.95, 0.953139, 0.00621095, 0.90278, 1.5785
4680.96, 0.962517, 0.00625709, 0.92695, 1.29101
4680.97, 0.968045, 0.00628191, 0.94599, 1.02069
4680.98, 0.97463, 0.00630952, 0.96018, 0.782921
4680.99, 0.978535, 0.00632962, 0.97019, 0.584931
4681, 0.975603, 0.00632633, 0.97696, 0.431239
4681.01, 0.974521, 0.00632643, 0.98146, 0.320039
4681.02, 0.976252, 0.00633187, 0.98453, 0.243194
4681.03, 0.977336, 0.00633244, 0.98678, 0.191662
4681.04, 0.977003, 0.00633067, 0.98858, 0.157307
4681.05, 0.976576, 0.00633194, 0.9901, 0.132898
4681.06, 0.977471, 0.00634019, 0.99143, 0.114816
4681.07, 0.979731, 0.0063558, 0.99255, 0.101255
4681.08, 0.985449, 0.00638392, 0.99349, 0.0904066
4681.09, 0.993093, 0.00641854, 0.99425, 0.0813659
4681.1, 0.994761, 0.00643504, 0.99484, 0.0750375
4681.11, 0.996733, 0.00644868, 0.99528, 0.0705171
4681.12, 1.00245, 0.0064683, 0.9956, 0.0669009
4681.13, 1.00225, 0.00646814, 0.99581, 0.0632846
4681.14, 1.00181, 0.00646393, 0.99596, 0.0587643
4681.15, 1.00343, 0.00646413, 0.99612, 0.0506277
4681.16, 0.997365, 0.00644518, 0.9964, 0.0388748
4681.17, 0.991854, 0.00641994, 0.99688, 0.0253138
4681.18, 0.991988, 0.0064053, 1, 0
4681.19, 0.990362, 0.0064012, 1, 0
4681.2, 0.987622, 0.00639447, 1, 0
4681.21, 0.986738, 0.00638814, 1, 0
4681.22, 0.989125, 0.00640381, 1, 0
4681.23, 0.992601, 0.00642781, 1, 0
