wav, obs, sigma_obs, syn, weight
4681.05, 0.967834, 0.00630645, 1, 0
4681.06, 0.975051, 0.00633977, 1, 0
4681.07, 0.982267, 0.00637309, 1, 0
4681.08, 0.990538, 0.00640954, 1, 0
4681.09, 0.996232, 0.00643835, 1, 0
4681.1, 0.996636, 0.00645044, 1, 0
4681.11, 1.00055, 0.00646816, 0.99824, 0.0221461
4681.12, 1.00513, 0.00648351, 0.99833, 0.03401
4681.13, 1.00358, 0.00647863, 0.99842, 0.045083
4681.14, 1.00459, 0.00647756, 0.99848, 0.0514105
4681.15, 1.00445, 0.00647356, 0.99851, 0.0545742
4681.16, 0.996958, 0.00644984, 0.99853, 0.0553651
4681.17, 0.99363, 0.00642699, 0.99854, 0.056947
4681.18, 0.993799, 0.00641608, 0.99853, 0.0577379
4681.19, 0.991435, 0.00641296, 0.99852, 0.0585289
4681.2, 0.989118, 0.00640365, 0.9985, 0.0601107
4681.21, 0.988982, 0.00640353, 0.99847, 0.0616926
4681.22, 0.991951, 0.0064255, 0.99844, 0.0648563
4681.23, 0.997661, 0.00644369, 0.99839, 0.0672291
4681.24, 0.999644, 0.00644322, 0.99834, 0.0711838
4681.25, 0.99546, 0.00643068, 0.99827, 0.0767203
4681.26, 0.994589, 0.00643342, 0.99819, 0.0822568
4681.27, 0.998158, 0.00645002, 0.99809, 0.0893752
4681.28, 1.00124, 0.0064618, 0.99796, 0.0988663
4681.29, 0.998071, 0.00645108, 0.9978, 0.11073
4681.3, 0.994424, 0.00643762, 0.99757, 0.126549
4681.31, 0.995331, 0.00643795, 0.99726, 0.148695
4681.32, 0.997111, 0.00643979, 0.99679, 0.183496
4681.33, 0.995505, 0.00643163, 0.99609, 0.237279
4681.34, 0.991024, 0.00641559, 0.99506, 0.325073
4681.35, 0.989439, 0.00640733, 0.99353, 0.464276
4681.36, 0.98979, 0.00640314, 0.99125, 0.6715
4681.37, 0.987788, 0.00638616, 0.98774, 0.963354
4681.38, 0.979709, 0.00633958, 0.98224, 1.34537
4681.39, 0.969646, 0.00628323, 0.97363, 1.81123
4681.4, 0.957216, 0.00621596, 0.96062, 2.34511
4681.41, 0.936789, 0.00611099, 0.94217, 2.91933
4681.42, 0.913671, 0.00598869, 0.91813, 3.50224
4681.43, 0.89013, 0.00585697, 0.88977, 4.05352
4681.44, 0.864016, 0.00570781, 0.85992, 4.53678
4681.45, 0.840271, 0.0055731, 0.83265, 4.91959
4681.46, 0.821083, 0.00546721, 0.81238, 5.17664
4681.47, 0.807108, 0.00539191, 0.80278, 5.29291
4681.48, 0.807726, 0.00539141, 0.80573, 5.26285
4681.49, 0.823565, 0.00547591, 0.82077, 5.08806
4681.5, 0.84783, 0.00561756, 0.84521, 4.7788
4681.51, 0.878248, 0.00578473, 0.8749, 4.35249
4681.52, 0.910397, 0.00595815, 0.90534, 3.8376
4681.53, 0.93818, 0.00611965, 0.93277, 3.26892
4681.54, 0.957761, 0.00623125, 0.95485, 2.68521
4681.55, 0.971296, 0.00630054, 0.9709, 2.12365
4681.56, 0.981927, 0.00635328, 0.98151, 1.61429
4681.57, 0.986658, 0.00638082, 0.98796, 1.18086
4681.58, 0.989802, 0.00639852, 0.99163, 0.835223
4681.59, 0.995113, 0.00642186, 0.99364, 0.578961
4681.6, 0.995581, 0.00643137, 0.99475, 0.402584
4681.61, 0.995712, 0.0064369, 0.99537, 0.287108
4681.62, 1.00046, 0.00645218, 0.99573, 0.215133
4681.63, 1.0029, 0.00646389, 0.99593, 0.171632
4681.64, 1.00259, 0.00646847, 0.99604, 0.143158
4681.65, 1.00198, 0.00646951, 0.99607, 0.124176
4681.66, 1.00182, 0.00647147, 0.99605, 0.11073
4681.67, 1.00221, 0.00647506, 0.99597, 0.101239
4681.68, 1.00317, 0.00647775, 0.99583, 0.0933298
4681.69, 1.00476, 0.00647663, 0.99563, 0.0870024
4681.7, 1.0067, 0.0064805, 0.99535, 0.0814659
4681.71, 1.00627, 0.00648289, 0.99496, 0.0759293
4681.72, 0.999976, 0.00646015, 0.99443, 0.0711838
4681.73, 0.996409, 0.00643963, 0.99373, 0.0648563
4681.74, 0.998643, 0.00643918, 0.99283, 0.0545742
4681.75, 0.999049, 0.00644228, 0.9918, 0.0411284
4681.76, 0.994827, 0.00642668, 0.9908, 0.0261007
4681.77, 0.990035, 0.00640122, 1, 0
4681.78, 0.990572, 0.00639475, 1, 0
4681.79, 0.987243, 0.00637726, 1, 0
4681.8, 0.978435, 0.00633793, 1, 0
4681.81, 0.969337, 0.0062849, 1, 0
4681.82, 0.950564, 0.00617764, 1, 0
