wav, obs, sigma_obs, syn, weight
4684.26, 0.979859, 0.00640904, 1, 0
4684.27, 0.980633, 0.00640833, 1, 0
4684.28, 0.981928, 0.00640765, 1, 0
4684.29, 0.980826, 0.00640663, 1, 0
4684.3, 0.97816, 0.00639948, 1, 0
4684.31, 0.976625, 0.00638094, 1, 0
4684.32, 0.973727, 0.00636566, 0.99868, 0.013582
4684.33, 0.970951, 0.00635831, 0.99872, 0.0237685
4684.34, 0.971645, 0.00635586, 0.99874, 0.027164
4684.35, 0.973502, 0.00636342, 0.99872, 0.033955
4684.36, 0.974965, 0.00637297, 0.99862, 0.0373505
4684.37, 0.976433, 0.00638033, 0.99845, 0.0373505
4684.38, 0.979687, 0.00640317, 0.99819, 0.040746
4684.39, 0.982968, 0.00642877, 0.99782, 0.0441415
4684.4, 0.986321, 0.00644988, 0.99733, 0.047537
4684.41, 0.99351, 0.00648441, 0.99664, 0.0509325
4684.42, 0.997877, 0.00650536, 0.99566, 0.0577235
4684.43, 0.997106, 0.00650561, 0.99419, 0.0645145
4684.44, 0.997053, 0.00651197, 0.99204, 0.0814921
4684.45, 0.995696, 0.00650474, 0.98903, 0.101865
4684.46, 0.992139, 0.00648155, 0.98515, 0.146007
4684.47, 0.987821, 0.00645848, 0.98058, 0.220708
4684.48, 0.981345, 0.00641902, 0.97572, 0.356528
4684.49, 0.97295, 0.0063655, 0.97094, 0.570444
4684.5, 0.964368, 0.00631689, 0.96636, 0.879435
4684.51, 0.956848, 0.00628407, 0.96154, 1.30387
4684.52, 0.950738, 0.00625527, 0.95539, 1.82678
4684.53, 0.944689, 0.00621513, 0.94642, 2.42439
4684.54, 0.935254, 0.00616195, 0.93332, 3.04916
4684.55, 0.920263, 0.00607748, 0.91577, 3.64677
4684.56, 0.899767, 0.00595836, 0.895, 4.17647
4684.57, 0.876135, 0.00583076, 0.87389, 4.59751
4684.58, 0.852357, 0.00570635, 0.85634, 4.89292
4684.59, 0.835428, 0.00561647, 0.84618, 5.04911
4684.6, 0.834721, 0.00561035, 0.84597, 5.06269
4684.61, 0.851799, 0.00569671, 0.85615, 4.93706
4684.62, 0.878542, 0.00584331, 0.87495, 4.67561
4684.63, 0.905015, 0.00600354, 0.89892, 4.28173
4684.64, 0.934208, 0.00616364, 0.92407, 3.7724
4684.65, 0.959494, 0.00629516, 0.94692, 3.18498
4684.66, 0.973425, 0.00637884, 0.96528, 2.56021
4684.67, 0.982925, 0.00644044, 0.97846, 1.95241
4684.68, 0.987581, 0.00647157, 0.987, 1.41253
4684.69, 0.986991, 0.0064695, 0.99203, 0.967718
4684.7, 0.987031, 0.00646769, 0.99477, 0.631563
4684.71, 0.985213, 0.00646177, 0.99618, 0.397274
4684.72, 0.983565, 0.00645904, 0.99689, 0.251267
4684.73, 0.989724, 0.00648508, 0.99725, 0.162984
4684.74, 0.992485, 0.00649588, 0.99744, 0.115447
4684.75, 0.990825, 0.00648709, 0.99754, 0.0882831
4684.76, 0.993741, 0.00649609, 0.99757, 0.074701
4684.77, 0.994169, 0.00650831, 0.99752, 0.0645145
4684.78, 0.993152, 0.00651466, 0.99739, 0.061119
4684.79, 0.99564, 0.00651711, 0.99716, 0.061119
4684.8, 0.995921, 0.00651498, 0.99682, 0.054328
4684.81, 0.994236, 0.00651259, 0.99637, 0.0577235
4684.82, 0.993773, 0.00651495, 0.99585, 0.0577235
4684.83, 0.99484, 0.00652075, 0.99532, 0.0577235
4684.84, 0.995004, 0.00651596, 0.99484, 0.061119
4684.85, 0.992763, 0.0065004, 0.99444, 0.061119
4684.86, 0.989771, 0.00649485, 0.99415, 0.0577235
4684.87, 0.989612, 0.00649346, 0.99395, 0.047537
4684.88, 0.991624, 0.00649239, 0.99388, 0.027164
4684.89, 0.991628, 0.00649645, 1, 0
4684.9, 0.991082, 0.00650086, 1, 0
4684.91, 0.992584, 0.00650962, 1, 0
4684.92, 0.996345, 0.00652599, 1, 0
4684.93, 0.997198, 0.00652948, 1, 0
4684.94, 0.99549, 0.00652208, 1, 0
