wav, obs, sigma_obs, syn, weight
4684.67, 0.985995, 0.00645873, 1, 0
4684.68, 0.985971, 0.00646015, 1, 0
4684.69, 0.985811, 0.00646159, 1, 0
4684.7, 0.986132, 0.00646284, 1, 0
4684.71, 0.985723, 0.00646012, 1, 0
4684.72, 0.982643, 0.00645093, 1, 0
4684.73, 0.985115, 0.00646387, 0.99856, 0.0118714
4684.74, 0.991386, 0.00648923, 0.99848, 0.0171475
4684.75, 0.990383, 0.00648435, 0.99842, 0.0211047
4684.76, 0.991012, 0.00648331, 0.99835, 0.0237427
4684.77, 0.993708, 0.00649671, 0.99823, 0.0224237
4684.78, 0.992282, 0.00650567, 0.99803, 0.0211047
4684.79, 0.993285, 0.00651006, 0.99775, 0.0211047
4684.8, 0.995324, 0.00651017, 0.99739, 0.0211047
4684.81, 0.994075, 0.006507, 0.99697, 0.0211047
4684.82, 0.992823, 0.00650676, 0.99652, 0.0197856
4684.83, 0.993235, 0.00651164, 0.99609, 0.0224237
4684.84, 0.994268, 0.00651439, 0.99569, 0.0237427
4684.85, 0.993148, 0.00650164, 0.99536, 0.0263808
4684.86, 0.990196, 0.00648986, 0.99508, 0.032976
4684.87, 0.98817, 0.00648809, 0.99486, 0.0448474
4684.88, 0.989726, 0.0064861, 0.99468, 0.0672711
4684.89, 0.990903, 0.00648764, 0.9945, 0.113437
4684.9, 0.990285, 0.00649251, 0.99422, 0.201813
4684.91, 0.990452, 0.00649754, 0.99361, 0.356141
4684.92, 0.993534, 0.00651169, 0.99227, 0.602802
4684.93, 0.996353, 0.00652379, 0.98957, 0.964219
4684.94, 0.995258, 0.00651914, 0.98466, 1.44567
4684.95, 0.993266, 0.0065086, 0.97666, 2.03264
4684.96, 0.988097, 0.00648085, 0.96501, 2.69084
4684.97, 0.977819, 0.00642758, 0.94984, 3.36619
4684.98, 0.965659, 0.00636308, 0.93223, 4.00329
4684.99, 0.947883, 0.00626386, 0.91408, 4.55465
4685, 0.924357, 0.00612882, 0.89778, 4.9807
4685.01, 0.902392, 0.00600116, 0.88563, 5.26429
4685.02, 0.884511, 0.00590033, 0.87936, 5.39751
4685.03, 0.873123, 0.00583964, 0.87984, 5.37509
4685.04, 0.871786, 0.00583377, 0.88695, 5.20098
4685.05, 0.882753, 0.00589421, 0.8996, 4.87649
4685.06, 0.901287, 0.00599758, 0.91587, 4.41351
4685.07, 0.921173, 0.00611009, 0.93337, 3.83709
4685.08, 0.943768, 0.00623091, 0.94971, 3.18416
4685.09, 0.962305, 0.0063309, 0.96303, 2.50618
4685.1, 0.971595, 0.00638862, 0.97235, 1.86117
4685.11, 0.977533, 0.00642626, 0.97753, 1.2953
4685.12, 0.979508, 0.00644359, 0.97898, 0.842867
4685.13, 0.977108, 0.00643865, 0.9772, 0.511788
4685.14, 0.973627, 0.00641974, 0.97234, 0.290189
4685.15, 0.968406, 0.00638371, 0.9639, 0.158285
4685.16, 0.959345, 0.00632811, 0.95066, 0.0844186
4685.17, 0.945623, 0.00625497, 0.93081, 0.0488045
4685.18, 0.930701, 0.00616495, 0.90247, 0.0290189
4685.19, 0.908957, 0.00603747, 0.86442, 0.0211047
4685.2, 0.873388, 0.00584954, 0.81672, 0.0158285
4685.21, 0.831195, 0.00560994, 0.76113, 0.0118714
4685.22, 0.779176, 0.00531508, 0.70097, 0.00923328
4685.23, 0.714932, 0.00496489, 0.64084, 0.00791424
4685.24, 0.649289, 0.00458506, 0.58629, 0.00527616
4685.25, 0.58519, 0.00421253, 0.54316, 0.00527616
4685.26, 0.530187, 0.00390572, 0.51681, 0.00395712
4685.27, 0.500658, 0.00373796, 0.51088, 0.00395712
4685.28, 0.500297, 0.00373754, 0.52646, 0.00263808
4685.29, 0.529214, 0.0039061, 0.5619, 0.00263808
4685.3, 0.585342, 0.00422192, 0.61401, 0.00131904
4685.31, 0.657654, 0.00462757, 0.67947, 0.00131904
4685.32, 0.733691, 0.0050581, 1, 0
4685.33, 0.803198, 0.00545429, 1, 0
4685.34, 0.860568, 0.00577399, 1, 0
4685.35, 0.902238, 0.00600735, 1, 0
4685.36, 0.930466, 0.0061778, 1, 0
4685.37, 0.959048, 0.00634988, 1, 0
