wav, obs, sigma_obs, syn, weight
4687.78, 0.88666, 0.00601268, 1, 0
4687.79, 0.873339, 0.00594296, 1, 0
4687.8, 0.859073, 0.00586782, 1, 0
4687.81, 0.858452, 0.00587069, 1, 0
4687.82, 0.874942, 0.0059691, 1, 0
4687.83, 0.903286, 0.00613076, 0.91788, 0
4687.84, 0.93257, 0.0062945, 0.91904, 0.0107708
4687.85, 0.955719, 0.00642642, 0.93162, 0.017625
4687.86, 0.972555, 0.00652277, 0.94899, 0.0244791
4687.87, 0.986327, 0.0065931, 0.96564, 0.0288854
4687.88, 0.990888, 0.00661896, 0.97882, 0.032802
4687.89, 0.991167, 0.00662498, 0.98768, 0.03525
4687.9, 0.99464, 0.006643, 0.9929, 0.0381875
4687.91, 0.992178, 0.00663761, 0.99558, 0.041125
4687.92, 0.990549, 0.00663415, 0.99674, 0.0440624
4687.93, 0.995114, 0.00665505, 0.99713, 0.0479791
4687.94, 0.996823, 0.00666919, 0.99717, 0.0518958
4687.95, 0.995111, 0.00666903, 0.99704, 0.0567916
4687.96, 0.994237, 0.006667, 0.99683, 0.0626666
4687.97, 0.9974, 0.00667609, 0.99655, 0.0695208
4687.98, 0.99967, 0.00667963, 0.99621, 0.0783332
4687.99, 0.998749, 0.00667545, 0.9958, 0.0886145
4688, 0.995921, 0.00667054, 0.9953, 0.101833
4688.01, 0.993803, 0.00666502, 0.9947, 0.120437
4688.02, 0.992723, 0.00666166, 0.99396, 0.146385
4688.03, 0.991095, 0.00665459, 0.99298, 0.186041
4688.04, 0.986919, 0.00663082, 0.99158, 0.248708
4688.05, 0.981089, 0.00659786, 0.98941, 0.345645
4688.06, 0.976517, 0.00656826, 0.98575, 0.488604
4688.07, 0.97388, 0.00654469, 0.97943, 0.686395
4688.08, 0.966885, 0.00650814, 0.96872, 0.940488
4688.09, 0.956141, 0.0064548, 0.95155, 1.2455
4688.1, 0.94273, 0.00637888, 0.92602, 1.58968
4688.11, 0.922419, 0.00625918, 0.8912, 1.96078
4688.12, 0.891972, 0.00608433, 0.84777, 2.34118
4688.13, 0.851105, 0.00585146, 0.79832, 2.71327
4688.14, 0.802118, 0.00556696, 0.74718, 3.05549
4688.15, 0.748305, 0.00525342, 0.69994, 3.34336
4688.16, 0.699085, 0.00496977, 0.66252, 3.55633
4688.17, 0.667147, 0.00478747, 0.64017, 3.67726
4688.18, 0.662599, 0.00475609, 0.63619, 3.6988
4688.19, 0.685218, 0.00488769, 0.6512, 3.61802
4688.2, 0.728263, 0.0051472, 0.6829, 3.44177
4688.21, 0.78206, 0.00546393, 0.72668, 3.18425
4688.22, 0.837208, 0.00578332, 0.77674, 2.86504
4688.23, 0.885554, 0.0060582, 0.82725, 2.50813
4688.24, 0.921909, 0.00626191, 0.87325, 2.14046
4688.25, 0.946452, 0.00640948, 0.91135, 1.78698
4688.26, 0.964103, 0.0065143, 0.93998, 1.46973
4688.27, 0.976756, 0.00657912, 0.95919, 1.21368
4688.28, 0.980729, 0.00660202, 0.97007, 1.03889
4688.29, 0.980219, 0.00660572, 0.97392, 0.957624
4688.3, 0.977954, 0.00659897, 0.97175, 0.970843
4688.31, 0.973118, 0.0065727, 0.96416, 1.06239
4688.32, 0.965523, 0.00652591, 0.95178, 1.20878
4688.33, 0.955752, 0.00646919, 0.93565, 1.37915
4688.34, 0.942662, 0.00639635, 0.91755, 1.5461
4688.35, 0.92302, 0.00627547, 0.89983, 1.68759
4688.36, 0.902907, 0.00615698, 0.88502, 1.79187
4688.37, 0.886988, 0.00606951, 0.87526, 1.8516
4688.38, 0.874913, 0.00599591, 0.87193, 1.86384
4688.39, 0.868289, 0.00596547, 0.8754, 1.8281
4688.4, 0.869613, 0.0059843, 0.885, 1.74585
4688.41, 0.877684, 0.00602654, 0.8991, 1.61954
4688.42, 0.883727, 0.00605433, 0.91547, 1.45455
4688.43, 0.884699, 0.00605792, 0.9317, 1.26117
4688.44, 0.882921, 0.00605301, 0.94576, 1.05505
4688.45, 0.882965, 0.00606319, 0.95644, 0.852364
4688.46, 0.885725, 0.00607878, 0.96359, 0.669749
4688.47, 0.891085, 0.00610472, 0.96786, 0.516999
4688.48, 0.898661, 0.00615323, 0.97031, 0.397541
4688.49, 0.907201, 0.00620483, 0.97199, 0.305989
4688.5, 0.914326, 0.0062444, 0.97369, 0.229614
4688.51, 0.920389, 0.00627535, 0.97594, 0.159114
4688.52, 0.928637, 0.00631375, 0.97907, 0.0954686
4688.53, 0.931627, 0.00633507, 0.98325, 0.0469999
4688.54, 0.930205, 0.00633893, 1, 0
4688.55, 0.932561, 0.00635046, 1, 0
4688.56, 0.934209, 0.00636027, 1, 0
4688.57, 0.934239, 0.00636628, 1, 0
4688.58, 0.934731, 0.00637337, 1, 0
