wav, obs, sigma_obs, syn, weight
4699.79, 0.987837, 0.00870369, 1, 0
4699.8, 0.989639, 0.0087135, 1, 0
4699.81, 0.991442, 0.0087233, 1, 0
4699.82, 0.993403, 0.00873417, 1, 0
4699.83, 0.995025, 0.00874277, 1, 0
4699.84, 0.995741, 0.00874526, 1, 0
4699.85, 0.995583, 0.00874139, 0.9983, 0.0101109
4699.86, 0.995392, 0.00873649, 0.99783, 0.0159646
4699.87, 0.996616, 0.00874036, 0.99751, 0.0207539
4699.88, 0.997826, 0.00874449, 0.99735, 0.0255433
4699.89, 0.997489, 0.00873962, 0.99729, 0.0292684
4699.9, 0.998349, 0.00874357, 0.99729, 0.0319292
4699.91, 1.00048, 0.0087557, 0.99731, 0.0345899
4699.92, 1.00054, 0.00875206, 0.99731, 0.0377828
4699.93, 0.999366, 0.0087373, 0.9973, 0.0409757
4699.94, 0.998786, 0.00872496, 0.99725, 0.045233
4699.95, 0.997976, 0.00871637, 0.99717, 0.0494902
4699.96, 0.996301, 0.00870556, 0.99705, 0.0548117
4699.97, 0.993939, 0.00868475, 0.99689, 0.0611975
4699.98, 0.992338, 0.00866756, 0.99667, 0.0702441
4699.99, 0.991826, 0.00866078, 0.99639, 0.0814193
4700, 0.989479, 0.00864013, 0.99599, 0.0968518
4700.01, 0.985766, 0.00860843, 0.99541, 0.120799
4700.02, 0.983624, 0.00858884, 0.99447, 0.159114
4700.03, 0.982001, 0.00857296, 0.99287, 0.219779
4700.04, 0.978943, 0.00854603, 0.99013, 0.315034
4700.05, 0.973361, 0.00850128, 0.98548, 0.454458
4700.06, 0.965871, 0.00844293, 0.97793, 0.648162
4700.07, 0.957522, 0.00837764, 0.96632, 0.896677
4700.08, 0.946239, 0.00829102, 0.94952, 1.19628
4700.09, 0.928977, 0.00816047, 0.92666, 1.5342
4700.1, 0.902783, 0.0079619, 0.89738, 1.89659
4700.11, 0.867866, 0.00769755, 0.86209, 2.26803
4700.12, 0.826121, 0.00738335, 0.82201, 2.64001
4700.13, 0.778624, 0.00702647, 0.7792, 3.00294
4700.14, 0.728646, 0.00665111, 0.73644, 3.34777
4700.15, 0.68233, 0.00630408, 0.69696, 3.65802
4700.16, 0.643537, 0.00601245, 0.66403, 3.91398
4700.17, 0.615279, 0.00579711, 0.64054, 4.09119
4700.18, 0.601766, 0.00569249, 0.62856, 4.16835
4700.19, 0.605086, 0.00571504, 0.62906, 4.13695
4700.2, 0.624373, 0.00585665, 0.64191, 3.99913
4700.21, 0.656267, 0.00609622, 0.66591, 3.7703
4700.22, 0.696835, 0.00640572, 0.69904, 3.47336
4700.23, 0.743177, 0.00675291, 0.73866, 3.13331
4700.24, 0.791666, 0.00710952, 0.78178, 2.77092
4700.25, 0.837813, 0.0074497, 0.82531, 2.40054
4700.26, 0.876935, 0.00773683, 0.86636, 2.03229
4700.27, 0.907164, 0.00795488, 0.90253, 1.67362
4700.28, 0.932128, 0.00813478, 0.93221, 1.3357
4700.29, 0.951443, 0.00827344, 0.95472, 1.03344
4700.3, 0.962437, 0.00834841, 0.97029, 0.783861
4700.31, 0.968996, 0.00839323, 0.9798, 0.602397
4700.32, 0.97492, 0.00843798, 0.98447, 0.496498
4700.33, 0.980504, 0.00847868, 0.98545, 0.464037
4700.34, 0.985024, 0.0085065, 0.98373, 0.493838
4700.35, 0.987578, 0.00851549, 0.98008, 0.567807
4700.36, 0.988327, 0.00851452, 0.97519, 0.667319
4700.37, 0.987845, 0.00851019, 0.96973, 0.774282
4700.38, 0.986765, 0.00850048, 0.96432, 0.874859
4700.39, 0.984308, 0.00847958, 0.95956, 0.958407
4700.4, 0.979754, 0.0084447, 0.95587, 1.01854
4700.41, 0.974982, 0.00840769, 0.95354, 1.0526
4700.42, 0.971636, 0.0083798, 0.95272, 1.05952
4700.43, 0.970133, 0.00836536, 0.95345, 1.0377
4700.44, 0.968153, 0.00834771, 0.95571, 0.988739
4700.45, 0.96481, 0.0083198, 0.95932, 0.912109
4700.46, 0.965577, 0.00832036, 0.96399, 0.812065
4700.47, 0.96995, 0.00834765, 0.96919, 0.693927
4700.48, 0.972193, 0.00836323, 0.97429, 0.565678
4700.49, 0.975423, 0.00838401, 0.97863, 0.437429
4700.5, 0.982191, 0.0084254, 0.98186, 0.318227
4700.51, 0.987278, 0.00845809, 0.98418, 0.21499
4700.52, 0.989774, 0.00847601, 0.9863, 0.13357
4700.53, 0.992226, 0.00849189, 0.9889, 0.0745014
4700.54, 0.99359, 0.0084982, 1, 0
4700.55, 0.991515, 0.00847933, 1, 0
4700.56, 0.983564, 0.00841825, 1, 0
4700.57, 0.970463, 0.00831945, 1, 0
4700.58, 0.954858, 0.00820113, 1, 0
4700.59, 0.938709, 0.008079, 1, 0
