wav, obs, sigma_obs, syn, weight
4700.68, 0.979487, 0.0083328, 1, 0
4700.69, 0.991239, 0.00841569, 1, 0
4700.7, 0.997503, 0.00846367, 1, 0
4700.71, 0.999846, 0.00847442, 1, 0
4700.72, 1.00029, 0.00846812, 1, 0
4700.73, 1.00064, 0.00846976, 1, 0
4700.74, 1.0017, 0.00847887, 0.99679, 0.0107901
4700.75, 1.00288, 0.0084858, 0.99666, 0.0161852
4700.76, 1.00245, 0.00847815, 0.99665, 0.0208096
4700.77, 1.00044, 0.0084593, 0.99669, 0.0254339
4700.78, 0.997698, 0.0084367, 0.99674, 0.0277461
4700.79, 0.99489, 0.00840949, 0.99677, 0.0300583
4700.8, 0.992437, 0.00838312, 0.99679, 0.0315997
4700.81, 0.99029, 0.00836639, 0.99679, 0.0339119
4700.82, 0.986998, 0.00834275, 0.99677, 0.0369948
4700.83, 0.982429, 0.00830493, 0.99673, 0.039307
4700.84, 0.97995, 0.00828205, 0.99668, 0.0423899
4700.85, 0.978633, 0.00827, 0.9966, 0.0470142
4700.86, 0.975073, 0.00824351, 0.99649, 0.05318
4700.87, 0.971785, 0.00821852, 0.99635, 0.061658
4700.88, 0.970618, 0.00820625, 0.99617, 0.0739896
4700.89, 0.969594, 0.00819163, 0.99593, 0.0971113
4700.9, 0.968494, 0.0081777, 0.99557, 0.137189
4700.91, 0.968218, 0.00817605, 0.99496, 0.209637
4700.92, 0.968778, 0.00818126, 0.99381, 0.330641
4700.93, 0.969518, 0.00818388, 0.99158, 0.519469
4700.94, 0.968852, 0.00817236, 0.98735, 0.793847
4700.95, 0.962391, 0.00811881, 0.97977, 1.15917
4700.96, 0.946918, 0.00800406, 0.96728, 1.61236
4700.97, 0.926272, 0.00785534, 0.94843, 2.13876
4700.98, 0.900184, 0.00766876, 0.9225, 2.71372
4700.99, 0.864297, 0.00741045, 0.88999, 3.30641
4701, 0.824439, 0.00712158, 0.85282, 3.88291
4701.01, 0.787892, 0.00685504, 0.81421, 4.40315
4701.02, 0.755996, 0.00662215, 0.77809, 4.83167
4701.03, 0.731054, 0.00643985, 0.74832, 5.13842
4701.04, 0.716556, 0.00633268, 0.72797, 5.30413
4701.05, 0.714508, 0.00631597, 0.71874, 5.318
4701.06, 0.725677, 0.00639437, 0.72071, 5.1785
4701.07, 0.749049, 0.00655659, 0.73245, 4.89564
4701.08, 0.778053, 0.00676016, 0.7514, 4.48639
4701.09, 0.805303, 0.00695792, 0.77446, 3.97925
4701.1, 0.833993, 0.00716011, 0.79864, 3.41046
4701.11, 0.863592, 0.00736137, 0.82165, 2.81546
4701.12, 0.885926, 0.0075202, 0.84228, 2.23279
4701.13, 0.901546, 0.00763362, 0.86043, 1.69405
4701.14, 0.914163, 0.00771604, 0.87682, 1.22468
4701.15, 0.922488, 0.0077695, 0.8924, 0.84009
4701.16, 0.92886, 0.00781552, 0.90786, 0.549527
4701.17, 0.939161, 0.00788951, 0.9233, 0.345285
4701.18, 0.949829, 0.00796147, 0.93827, 0.214261
4701.19, 0.956726, 0.00800193, 0.952, 0.136418
4701.2, 0.96327, 0.00804312, 0.96372, 0.0932577
4701.21, 0.970591, 0.008095, 0.97278, 0.0693652
4701.22, 0.977082, 0.00814174, 0.97876, 0.0570336
4701.23, 0.981748, 0.00817056, 0.98127, 0.0485557
4701.24, 0.98301, 0.00817098, 0.97973, 0.0431606
4701.25, 0.978046, 0.00813434, 0.97325, 0.0377655
4701.26, 0.966206, 0.00805301, 0.96065, 0.0339119
4701.27, 0.948331, 0.00792294, 0.94089, 0.0300583
4701.28, 0.924988, 0.00775169, 0.91358, 0.0262046
4701.29, 0.89668, 0.00754716, 0.87956, 0.0231217
4701.3, 0.864139, 0.00731527, 0.84117, 0.0200388
4701.31, 0.830117, 0.00707332, 0.80203, 0.0169559
4701.32, 0.798022, 0.00684329, 0.76656, 0.0154145
4701.33, 0.770169, 0.00664333, 0.73971, 0.0123316
4701.34, 0.750515, 0.00650171, 0.72574, 0.0100194
4701.35, 0.744175, 0.00645295, 0.72841, 0.00770725
4701.36, 0.750839, 0.00649635, 0.75011, 0.00462435
4701.37, 0.767635, 0.00661298, 1, 0
4701.38, 0.791002, 0.00677591, 1, 0
4701.39, 0.818407, 0.00696724, 1, 0
4701.4, 0.848278, 0.00717727, 1, 0
4701.41, 0.87897, 0.00739374, 1, 0
4701.42, 0.909296, 0.00760735, 1, 0
