wav, obs, sigma_obs, syn, weight
4705.08, 0.981069, 0.00720269, 1, 0
4705.09, 0.982021, 0.00721145, 1, 0
4705.1, 0.983509, 0.00722054, 1, 0
4705.11, 0.985491, 0.0072284, 1, 0
4705.12, 0.986103, 0.0072293, 1, 0
4705.13, 0.985122, 0.00722378, 1, 0
4705.14, 0.983764, 0.00721705, 0.99313, 0.073641
4705.15, 0.983156, 0.00721191, 0.99324, 0.1077
4705.16, 0.984077, 0.0072129, 0.99368, 0.133474
4705.17, 0.98655, 0.00722507, 0.99419, 0.147282
4705.18, 0.988031, 0.00723294, 0.99465, 0.149123
4705.19, 0.986285, 0.0072214, 0.99502, 0.1436
4705.2, 0.982544, 0.00719824, 0.9953, 0.135315
4705.21, 0.979828, 0.00717817, 0.99552, 0.127951
4705.22, 0.980467, 0.00717223, 0.99568, 0.120587
4705.23, 0.979705, 0.00716424, 0.99581, 0.115064
4705.24, 0.97667, 0.00715086, 0.99592, 0.110462
4705.25, 0.977325, 0.00715272, 0.996, 0.1077
4705.26, 0.980244, 0.00716638, 0.99606, 0.105859
4705.27, 0.98194, 0.00717843, 0.99609, 0.105859
4705.28, 0.982896, 0.0071817, 0.9961, 0.10678
4705.29, 0.984353, 0.0071839, 0.99608, 0.112303
4705.3, 0.986914, 0.00719731, 0.996, 0.12519
4705.31, 0.987864, 0.00720548, 0.99582, 0.153726
4705.32, 0.98617, 0.00719752, 0.99544, 0.207115
4705.33, 0.984083, 0.00718081, 0.99463, 0.30561
4705.34, 0.981738, 0.00716138, 0.99295, 0.469462
4705.35, 0.978702, 0.00714278, 0.98966, 0.719841
4705.36, 0.975674, 0.00712442, 0.98364, 1.0724
4705.37, 0.969824, 0.00708604, 0.97356, 1.52713
4705.38, 0.956522, 0.00699994, 0.95813, 2.07207
4705.39, 0.936544, 0.00687427, 0.93665, 2.68053
4705.4, 0.911434, 0.00671718, 0.90941, 3.31293
4705.41, 0.881783, 0.00652536, 0.87798, 3.92415
4705.42, 0.848556, 0.00631297, 0.84511, 4.47185
4705.43, 0.814881, 0.00610736, 0.81425, 4.9183
4705.44, 0.788307, 0.0059449, 0.78895, 5.2368
4705.45, 0.772288, 0.00584159, 0.77223, 5.40893
4705.46, 0.76648, 0.00579797, 0.7661, 5.42827
4705.47, 0.771142, 0.00582544, 0.77124, 5.29295
4705.48, 0.786684, 0.00592742, 0.78688, 5.01035
4705.49, 0.812816, 0.00608992, 0.81089, 4.59336
4705.5, 0.844148, 0.00628258, 0.84017, 4.06591
4705.51, 0.874655, 0.00647347, 0.87121, 3.46297
4705.52, 0.902642, 0.00664473, 0.90084, 2.82966
4705.53, 0.926351, 0.00678553, 0.9268, 2.21015
4705.54, 0.944153, 0.0068919, 0.9479, 1.64496
4705.55, 0.957469, 0.00697173, 0.96403, 1.16353
4705.56, 0.967952, 0.00703382, 0.97572, 0.783357
4705.57, 0.976271, 0.00708285, 0.9838, 0.505362
4705.58, 0.98175, 0.0071151, 0.98913, 0.318498
4705.59, 0.984483, 0.007131, 0.99248, 0.202513
4705.6, 0.987615, 0.00714876, 0.99446, 0.135315
4705.61, 0.991296, 0.00716955, 0.99558, 0.0984949
4705.62, 0.993494, 0.00718167, 0.99617, 0.0791641
4705.63, 0.994686, 0.00718629, 0.99648, 0.0690385
4705.64, 0.995629, 0.00718848, 0.99665, 0.0616744
4705.65, 0.996577, 0.00719289, 0.99676, 0.0570718
4705.66, 0.998126, 0.00719667, 0.99685, 0.0533898
4705.67, 1.00008, 0.00719741, 0.99693, 0.0497077
4705.68, 1.0002, 0.00720111, 0.997, 0.0460257
4705.69, 0.999304, 0.00720343, 0.99707, 0.0441846
4705.7, 0.999819, 0.0071961, 0.99713, 0.0423436
4705.71, 1.0001, 0.00719208, 0.99717, 0.0395821
4705.72, 0.999716, 0.00719714, 0.99718, 0.0386616
4705.73, 1.0007, 0.00720077, 0.99718, 0.0368205
4705.74, 1.00107, 0.00719519, 0.99714, 0.0349795
4705.75, 0.999269, 0.00718258, 0.99709, 0.032218
4705.76, 0.99876, 0.00718196, 0.99704, 0.0266949
4705.77, 1.00031, 0.00719331, 0.99703, 0.0202513
4705.78, 1.00226, 0.0072027, 0.99715, 0.0138077
4705.79, 1.00359, 0.00720586, 1, 0
4705.8, 1.0034, 0.00720052, 1, 0
4705.81, 1.00095, 0.0071847, 1, 0
4705.82, 0.997342, 0.0071637, 1, 0
4705.83, 0.994159, 0.00714459, 1, 0
4705.84, 0.990975, 0.00712548, 1, 0
