wav, obs, sigma_obs, syn, weight
4720.58, 0.991812, 0.00621085, 1, 0
4720.59, 0.996533, 0.00622669, 1, 0
4720.6, 0.997887, 0.00624267, 1, 0
4720.61, 0.999214, 0.00625836, 1, 0
4720.62, 1.00369, 0.00627088, 1, 0
4720.63, 1.00458, 0.00627365, 1, 0
4720.64, 1.00308, 0.00627308, 0.99831, 0.0233681
4720.65, 1.00343, 0.00627877, 0.9988, 0.0324138
4720.66, 1.00526, 0.00629018, 0.99907, 0.035429
4720.67, 1.00644, 0.00629479, 0.9992, 0.0339214
4720.68, 1.00606, 0.00629166, 0.99926, 0.0278909
4720.69, 1.00576, 0.00629894, 0.99927, 0.0226142
4720.7, 1.00536, 0.00629766, 0.99926, 0.019599
4720.71, 1.00537, 0.00628788, 0.99924, 0.0180914
4720.72, 1.00751, 0.00630024, 0.9992, 0.0180914
4720.73, 1.01061, 0.006314, 0.99913, 0.0188452
4720.74, 1.0113, 0.00631396, 0.99904, 0.019599
4720.75, 1.00757, 0.006307, 0.99891, 0.0211066
4720.76, 1.00626, 0.00630093, 0.99873, 0.0218604
4720.77, 1.00598, 0.00628993, 0.99849, 0.0248757
4720.78, 1.00087, 0.00626596, 0.9982, 0.0271371
4720.79, 0.996077, 0.00624589, 0.99789, 0.0309061
4720.8, 0.993912, 0.00623632, 0.99759, 0.0369366
4720.81, 0.993753, 0.00623468, 0.99732, 0.0459823
4720.82, 0.995498, 0.00623939, 0.99711, 0.0603047
4720.83, 0.995629, 0.00624088, 0.99694, 0.0866879
4720.84, 0.993239, 0.00623522, 0.99675, 0.134178
4720.85, 0.994359, 0.00623507, 0.9964, 0.212574
4720.86, 0.996772, 0.006243, 0.99565, 0.33846
4720.87, 0.995494, 0.00624329, 0.99406, 0.526158
4720.88, 0.988515, 0.00621009, 0.99088, 0.78773
4720.89, 0.980773, 0.00616466, 0.98497, 1.1277
4720.9, 0.971982, 0.0061118, 0.97478, 1.54681
4720.91, 0.955187, 0.00602473, 0.95856, 2.03377
4720.92, 0.932271, 0.00590558, 0.93464, 2.57049
4720.93, 0.903245, 0.0057503, 0.90195, 3.13433
4720.94, 0.865145, 0.00554664, 0.86048, 3.69743
4720.95, 0.818784, 0.00530039, 0.81179, 4.2266
4720.96, 0.76622, 0.00501958, 0.75933, 4.68567
4720.97, 0.711479, 0.00472211, 0.70842, 5.04222
4720.98, 0.662784, 0.00445449, 0.66577, 5.26761
4720.99, 0.62866, 0.00426731, 0.63824, 5.34601
4721, 0.616586, 0.00420313, 0.63122, 5.27289
4721.01, 0.63159, 0.00428509, 0.64689, 5.05428
4721.02, 0.672306, 0.00450619, 0.68327, 4.70904
4721.03, 0.731518, 0.00482787, 0.73442, 4.26128
4721.04, 0.797292, 0.00518242, 0.79206, 3.73964
4721.05, 0.857302, 0.00550116, 0.84784, 3.17655
4721.06, 0.903855, 0.00574763, 0.89547, 2.60441
4721.07, 0.935577, 0.00592361, 0.93178, 2.05337
4721.08, 0.953108, 0.00602154, 0.95667, 1.54832
4721.09, 0.961287, 0.00606645, 0.9721, 1.11036
4721.1, 0.966684, 0.00610339, 0.98085, 0.754562
4721.11, 0.968585, 0.00611813, 0.98552, 0.484699
4721.12, 0.968257, 0.00611265, 0.98808, 0.297
4721.13, 0.968952, 0.00611016, 0.98978, 0.177145
4721.14, 0.971211, 0.00612356, 0.99126, 0.107041
4721.15, 0.976431, 0.00615124, 0.99272, 0.0693504
4721.16, 0.983871, 0.00618296, 0.99414, 0.0497513
4721.17, 0.987568, 0.0062096, 0.99544, 0.0384442
4721.18, 0.992365, 0.00623963, 0.9965, 0.0316599
4721.19, 0.999868, 0.00627168, 0.9973, 0.0271371
4721.2, 0.999274, 0.00627979, 0.99784, 0.0233681
4721.21, 0.999721, 0.00628457, 0.99817, 0.0203528
4721.22, 1.00445, 0.00629488, 0.99835, 0.0188452
4721.23, 1.00116, 0.00628491, 0.99839, 0.0165838
4721.24, 0.996108, 0.00626625, 0.99833, 0.0143224
4721.25, 0.994, 0.00625346, 0.99816, 0.0128147
4721.26, 0.992172, 0.00624764, 0.99791, 0.0105533
4721.27, 0.990845, 0.00623799, 0.99761, 0.00753808
4721.28, 0.989377, 0.00622138, 0.99732, 0.00527666
4721.29, 0.986803, 0.00620487, 1, 0
4721.3, 0.985183, 0.00619903, 1, 0
4721.31, 0.986569, 0.00620676, 1, 0
4721.32, 0.990421, 0.00622254, 1, 0
4721.33, 0.991901, 0.00623564, 1, 0
4721.34, 0.991494, 0.00624579, 1, 0
