wav, obs, sigma_obs, syn, weight
4725.78, 1.00706, 0.00662806, 1, 0
4725.79, 1.00315, 0.00662552, 1, 0
4725.8, 1.00077, 0.00662395, 1, 0
4725.81, 1.00294, 0.0066271, 1, 0
4725.82, 1.00565, 0.00663834, 1, 0
4725.83, 1.0061, 0.00664524, 0.99738, 0
4725.84, 1.00425, 0.00663905, 0.99671, 0.184545
4725.85, 1.00195, 0.00663421, 0.99554, 0.331134
4725.86, 0.999719, 0.00662651, 0.99342, 0.509789
4725.87, 0.997029, 0.00660922, 0.98989, 0.702842
4725.88, 0.993037, 0.0065812, 0.98467, 0.89524
4725.89, 0.987304, 0.0065376, 0.97782, 1.07651
4725.9, 0.977414, 0.00648365, 0.96991, 1.23554
4725.91, 0.963647, 0.0064262, 0.96202, 1.36446
4725.92, 0.953917, 0.00636224, 0.95549, 1.45738
4725.93, 0.946543, 0.00631744, 0.95156, 1.51104
4725.94, 0.9429, 0.00631221, 0.95103, 1.52413
4725.95, 0.950128, 0.00633888, 0.95393, 1.4973
4725.96, 0.95737, 0.00637637, 0.95955, 1.42924
4725.97, 0.962153, 0.00641436, 0.96664, 1.32454
4725.98, 0.968973, 0.00645186, 0.97377, 1.18711
4725.99, 0.973639, 0.00648353, 0.97979, 1.03005
4726, 0.977842, 0.00650847, 0.98411, 0.874953
4726.01, 0.982717, 0.00652848, 0.9867, 0.750614
4726.02, 0.984617, 0.00654602, 0.98789, 0.689099
4726.03, 0.986292, 0.00656549, 0.98801, 0.719857
4726.04, 0.989321, 0.00658363, 0.98706, 0.862519
4726.05, 0.991292, 0.00658917, 0.98445, 1.1184
4726.06, 0.987374, 0.00657042, 0.97901, 1.4744
4726.07, 0.977374, 0.00652407, 0.96929, 1.90173
4726.08, 0.96299, 0.00644712, 0.95417, 2.3644
4726.09, 0.943959, 0.00633108, 0.93367, 2.82249
4726.1, 0.917955, 0.00617695, 0.90945, 3.23543
4726.11, 0.888944, 0.00601272, 0.8848, 3.57507
4726.12, 0.865247, 0.00587914, 0.864, 3.8172
4726.13, 0.848071, 0.00578715, 0.85118, 3.95201
4726.14, 0.844896, 0.0057722, 0.84912, 3.97426
4726.15, 0.859862, 0.0058554, 0.85832, 3.8833
4726.16, 0.883433, 0.00599766, 0.87694, 3.68108
4726.17, 0.910038, 0.0061516, 0.90129, 3.37613
4726.18, 0.934671, 0.00628428, 0.92706, 2.9861
4726.19, 0.952599, 0.0063842, 0.95046, 2.5352
4726.2, 0.965245, 0.00645654, 0.96908, 2.05814
4726.21, 0.975378, 0.00651226, 0.98221, 1.58957
4726.22, 0.983736, 0.00655845, 0.99043, 1.16093
4726.23, 0.987998, 0.00659213, 0.99503, 0.799041
4726.24, 0.991615, 0.00661433, 0.99734, 0.516333
4726.25, 0.995061, 0.00662724, 0.99841, 0.314774
4726.26, 0.994207, 0.00663044, 0.99888, 0.183891
4726.27, 0.991454, 0.00661891, 0.9991, 0.107324
4726.28, 0.989319, 0.00659982, 0.99921, 0.0660959
4726.29, 0.986882, 0.00658099, 0.99928, 0.0451546
4726.3, 0.979772, 0.0065547, 0.99933, 0.0353384
4726.31, 0.974067, 0.00653428, 0.99936, 0.0301031
4726.32, 0.974473, 0.00653355, 0.99938, 0.026831
4726.33, 0.977676, 0.00655014, 0.99939, 0.0242134
4726.34, 0.979608, 0.0065669, 0.99939, 0.0229045
4726.35, 0.982502, 0.00658689, 0.99938, 0.0209413
4726.36, 0.989891, 0.00662109, 0.99935, 0.0196325
4726.37, 0.997308, 0.00665764, 0.99929, 0.018978
4726.38, 1.00083, 0.00668538, 0.99919, 0.0183236
4726.39, 1.00161, 0.00670211, 0.99906, 0.0183236
4726.4, 1.00462, 0.00671349, 0.9989, 0.0176692
4726.41, 1.00692, 0.00671861, 0.99875, 0.0163604
4726.42, 1.00763, 0.00672549, 0.99863, 0.0137427
4726.43, 1.008, 0.00673832, 0.99857, 0.0104706
4726.44, 1.00702, 0.00673587, 0.99859, 0.00654415
4726.45, 1.00785, 0.00673143, 0.99871, 0.00327208
4726.46, 1.00907, 0.00673174, 1, 0
4726.47, 1.00384, 0.00671828, 1, 0
4726.48, 1.00353, 0.00671714, 1, 0
4726.49, 1.01041, 0.00673342, 1, 0
4726.5, 1.0156, 0.00674559, 1, 0
