wav, obs, sigma_obs, syn, weight
4726.67, 0.993925, 0.00666832, 1, 0
4726.68, 0.989253, 0.00665287, 1, 0
4726.69, 0.985486, 0.0066423, 1, 0
4726.7, 0.983834, 0.00664075, 1, 0
4726.71, 0.981631, 0.00662669, 1, 0
4726.72, 0.978359, 0.00660321, 0.99718, 0
4726.73, 0.976252, 0.00658806, 0.99649, 0.0280186
4726.74, 0.978012, 0.00659197, 0.99555, 0.0448298
4726.75, 0.979308, 0.00660079, 0.99419, 0.0579052
4726.76, 0.97852, 0.0066038, 0.99229, 0.0691126
4726.77, 0.978274, 0.00660433, 0.98979, 0.0747163
4726.78, 0.980039, 0.00661462, 0.98677, 0.0784521
4726.79, 0.984551, 0.00663727, 0.98344, 0.0803201
4726.8, 0.989001, 0.00666079, 0.98018, 0.0840559
4726.81, 0.987983, 0.00666858, 0.97741, 0.0877917
4726.82, 0.988364, 0.00667966, 0.97557, 0.0915275
4726.83, 0.991436, 0.00669537, 0.97493, 0.0952633
4726.84, 0.992271, 0.00669961, 0.97559, 0.100867
4726.85, 0.993157, 0.00670215, 0.9774, 0.112074
4726.86, 0.994183, 0.00670446, 0.98003, 0.130754
4726.87, 0.994445, 0.00670496, 0.98301, 0.164376
4726.88, 0.994539, 0.00670811, 0.98587, 0.227885
4726.89, 0.995097, 0.00671536, 0.9881, 0.338091
4726.9, 0.995881, 0.00672147, 0.98923, 0.515543
4726.91, 0.996003, 0.00672121, 0.98865, 0.773314
4726.92, 0.995057, 0.00672194, 0.9856, 1.10954
4726.93, 0.993946, 0.00671895, 0.9792, 1.51861
4726.94, 0.991566, 0.00670273, 0.96876, 1.96317
4726.95, 0.984045, 0.00666848, 0.95417, 2.40773
4726.96, 0.974032, 0.00661132, 0.93638, 2.81494
4726.97, 0.962726, 0.00653571, 0.91745, 3.15676
4726.98, 0.949513, 0.0064585, 0.90026, 3.4108
4726.99, 0.937805, 0.0064044, 0.88779, 3.57331
4727, 0.933063, 0.00637995, 0.88233, 3.64055
4727.01, 0.937128, 0.00639008, 0.88478, 3.61067
4727.02, 0.945433, 0.00644393, 0.89438, 3.48925
4727.03, 0.954398, 0.00650837, 0.90884, 3.27071
4727.04, 0.963989, 0.00656727, 0.92475, 2.96624
4727.05, 0.974212, 0.00662049, 0.93826, 2.58332
4727.06, 0.978697, 0.00664297, 0.94563, 2.15743
4727.07, 0.976041, 0.00663143, 0.94376, 1.71848
4727.08, 0.966247, 0.0065804, 0.93059, 1.30754
4727.09, 0.946765, 0.00646539, 0.90559, 0.961973
4727.1, 0.915197, 0.00628094, 0.87019, 0.69673
4727.11, 0.87317, 0.00603816, 0.82796, 0.515543
4727.12, 0.82629, 0.00576329, 0.78442, 0.409072
4727.13, 0.781471, 0.00549768, 0.74623, 0.362374
4727.14, 0.744508, 0.00528721, 0.71992, 0.358638
4727.15, 0.72537, 0.00518804, 0.71029, 0.394129
4727.16, 0.73596, 0.00524853, 0.71903, 0.459505
4727.17, 0.767183, 0.00542729, 0.74421, 0.56224
4727.18, 0.807959, 0.0056666, 0.78078, 0.702333
4727.19, 0.849941, 0.00591301, 0.82206, 0.877917
4727.2, 0.883774, 0.0061092, 0.86141, 1.09086
4727.21, 0.901194, 0.00621706, 0.8937, 1.33182
4727.22, 0.901569, 0.00622892, 0.91621, 1.58585
4727.23, 0.892755, 0.00616938, 0.92877, 1.82308
4727.24, 0.878882, 0.00607981, 0.9331, 1.96504
4727.25, 0.864023, 0.00599146, 0.9317, 1.89593
4727.26, 0.853849, 0.00593345, 0.92727, 1.5597
4727.27, 0.854468, 0.00594513, 0.9222, 1.04416
4727.28, 0.863099, 0.00600045, 0.91982, 0.549165
4727.29, 0.875665, 0.00607126, 1, 0
4727.3, 0.888243, 0.00614385, 1, 0
4727.31, 0.885734, 0.00613248, 1, 0
4727.32, 0.871415, 0.00605446, 1, 0
4727.33, 0.860089, 0.00599333, 1, 0
