wav, obs, sigma_obs, syn, weight
4735.41, 0.996429, 0.00881749, 1, 0
4735.42, 0.996605, 0.00881051, 1, 0
4735.43, 0.994112, 0.00878634, 1, 0
4735.44, 0.992371, 0.00877131, 1, 0
4735.45, 0.995229, 0.00879307, 1, 0
4735.46, 0.998614, 0.00881606, 1, 0
4735.47, 1.00012, 0.00882166, 0.99861, 0.0229599
4735.48, 1.00161, 0.00882921, 0.99835, 0.0338021
4735.49, 1.00396, 0.0088442, 0.99818, 0.0440065
4735.5, 1.00701, 0.00886197, 0.99805, 0.0522976
4735.51, 1.00938, 0.00887406, 0.99796, 0.0586753
4735.52, 1.01007, 0.00887514, 0.99788, 0.062502
4735.53, 1.00899, 0.00886526, 0.99779, 0.0656908
4735.54, 1.00702, 0.00884788, 0.9977, 0.0695175
4735.55, 1.00521, 0.00882824, 0.9976, 0.0727064
4735.56, 1.00359, 0.0088117, 0.99749, 0.076533
4735.57, 1.00122, 0.00879296, 0.99737, 0.0803597
4735.58, 0.996643, 0.00875667, 0.99723, 0.0848241
4735.59, 0.992533, 0.00872178, 0.99707, 0.0905641
4735.6, 0.991743, 0.00871075, 0.99689, 0.0963041
4735.61, 0.99074, 0.00869745, 0.99668, 0.102682
4735.62, 0.987769, 0.00866984, 0.99643, 0.110335
4735.63, 0.984868, 0.00864491, 0.99615, 0.119902
4735.64, 0.983065, 0.00862689, 0.99582, 0.130744
4735.65, 0.982672, 0.00861556, 0.99543, 0.144137
4735.66, 0.983809, 0.0086206, 0.99496, 0.161995
4735.67, 0.985839, 0.00863785, 0.99436, 0.186868
4735.68, 0.987231, 0.00864497, 0.99356, 0.223859
4735.69, 0.98653, 0.00863351, 0.99236, 0.282534
4735.7, 0.983545, 0.00860855, 0.99041, 0.373098
4735.71, 0.981651, 0.00859206, 0.98705, 0.51022
4735.72, 0.980363, 0.00857881, 0.98122, 0.704742
4735.73, 0.974224, 0.00853033, 0.97139, 0.961765
4735.74, 0.962881, 0.00844333, 0.95576, 1.27746
4735.75, 0.94696, 0.00832094, 0.93261, 1.63844
4735.76, 0.921821, 0.00812912, 0.90081, 2.03068
4735.77, 0.884653, 0.00784747, 0.86031, 2.44013
4735.78, 0.83651, 0.00748399, 0.81239, 2.85468
4735.79, 0.78241, 0.00707666, 0.75967, 3.26541
4735.8, 0.728258, 0.00666964, 0.70589, 3.66019
4735.81, 0.677168, 0.00628429, 0.65556, 4.01671
4735.82, 0.632556, 0.00594577, 0.61345, 4.31136
4735.83, 0.599044, 0.00569033, 0.58399, 4.51609
4735.84, 0.583266, 0.00556861, 0.5705, 4.6092
4735.85, 0.589247, 0.00561113, 0.57455, 4.57923
4735.86, 0.611017, 0.00577298, 0.59566, 4.4319
4735.87, 0.64424, 0.00602042, 0.63139, 4.18253
4735.88, 0.688053, 0.00634514, 0.67782, 3.85599
4735.89, 0.73864, 0.00672005, 0.7303, 3.48034
4735.9, 0.791233, 0.00711093, 0.78408, 3.07982
4735.91, 0.842363, 0.00748896, 0.83493, 2.67164
4735.92, 0.886478, 0.00781211, 0.87957, 2.26729
4735.93, 0.916789, 0.00803211, 0.9159, 1.87889
4735.94, 0.935999, 0.0081698, 0.94323, 1.51727
4735.95, 0.949402, 0.0082643, 0.96208, 1.20029
4735.96, 0.957798, 0.00832083, 0.9739, 0.941356
4735.97, 0.960923, 0.0083383, 0.98051, 0.746835
4735.98, 0.958649, 0.00831797, 0.98364, 0.616729
4735.99, 0.954257, 0.0082835, 0.9847, 0.538282
4736, 0.951029, 0.00825764, 0.98468, 0.497465
4736.01, 0.94858, 0.00823704, 0.98424, 0.477056
4736.02, 0.94735, 0.00822553, 0.98376, 0.467489
4736.03, 0.948739, 0.00823444, 0.98348, 0.459198
4736.04, 0.951057, 0.00824852, 0.98351, 0.450269
4736.05, 0.952576, 0.00825317, 0.9839, 0.436876
4736.06, 0.954577, 0.00826199, 0.98463, 0.419018
4736.07, 0.958045, 0.00828393, 0.98563, 0.396058
4736.08, 0.962946, 0.00831735, 0.98677, 0.367359
4736.09, 0.967376, 0.00834782, 0.98791, 0.334832
4736.1, 0.970045, 0.00836547, 0.98889, 0.299754
4736.11, 0.972657, 0.00838162, 0.98962, 0.26085
4736.12, 0.975474, 0.00839823, 0.99006, 0.219395
4736.13, 0.977239, 0.0084072, 0.99038, 0.173475
4736.14, 0.977982, 0.0084091, 0.99086, 0.126279
4736.15, 0.977997, 0.00840544, 0.99184, 0.082273
4736.16, 0.977091, 0.00839303, 1, 0
4736.17, 0.975695, 0.00837709, 1, 0
4736.18, 0.974668, 0.00836822, 1, 0
4736.19, 0.973815, 0.00836169, 1, 0
4736.2, 0.972785, 0.00835137, 1, 0
4736.21, 0.971722, 0.00834036, 1, 0
