wav, obs, sigma_obs, syn, weight
4736.97, 0.866133, 0.00732672, 1, 0
4736.98, 0.877876, 0.00740681, 1, 0
4736.99, 0.890296, 0.00749132, 1, 0
4737, 0.900974, 0.00756445, 1, 0
4737.01, 0.908637, 0.00761724, 1, 0
4737.02, 0.915528, 0.00766221, 1, 0
4737.03, 0.921624, 0.00770061, 0.97066, 0.255354
4737.04, 0.924959, 0.00772339, 0.97071, 0.36517
4737.05, 0.928836, 0.00774709, 0.97234, 0.455139
4737.06, 0.935591, 0.00778489, 0.97458, 0.5074
4737.07, 0.940866, 0.00782006, 0.97678, 0.522616
4737.08, 0.944181, 0.00784675, 0.97869, 0.51137
4737.09, 0.948606, 0.0078715, 0.98017, 0.488877
4737.1, 0.953053, 0.00789502, 0.9813, 0.462416
4737.11, 0.956406, 0.00791808, 0.98217, 0.435954
4737.12, 0.960374, 0.00794558, 0.98285, 0.412139
4737.13, 0.965117, 0.00797679, 0.98339, 0.390308
4737.14, 0.969541, 0.00800688, 0.98383, 0.3698
4737.15, 0.973808, 0.00803451, 0.98416, 0.351277
4737.16, 0.977714, 0.00805631, 0.98434, 0.3354
4737.17, 0.979783, 0.00806388, 0.98427, 0.320185
4737.18, 0.979679, 0.00805735, 0.98378, 0.305631
4737.19, 0.978055, 0.00804312, 0.98265, 0.2924
4737.2, 0.975917, 0.00802672, 0.98057, 0.280493
4737.21, 0.973645, 0.00800847, 0.97709, 0.268585
4737.22, 0.970515, 0.00798158, 0.97162, 0.257339
4737.23, 0.965982, 0.00794586, 0.96321, 0.246754
4737.24, 0.958638, 0.00789553, 0.95052, 0.235508
4737.25, 0.943317, 0.00778768, 0.9318, 0.225585
4737.26, 0.919062, 0.00761278, 0.90527, 0.216323
4737.27, 0.891198, 0.00741373, 0.86967, 0.211031
4737.28, 0.857351, 0.00717426, 0.82493, 0.211031
4737.29, 0.813487, 0.00686405, 0.77251, 0.221616
4737.3, 0.764954, 0.00652135, 0.71547, 0.246754
4737.31, 0.717362, 0.0061848, 0.65815, 0.287108
4737.32, 0.674463, 0.00587802, 0.60581, 0.342016
4737.33, 0.641374, 0.0056385, 0.56401, 0.410154
4737.34, 0.622626, 0.00550172, 0.53779, 0.482262
4737.35, 0.619051, 0.00547692, 0.53068, 0.553708
4737.36, 0.630795, 0.00556279, 0.54382, 0.617216
4737.37, 0.657515, 0.00574965, 0.57561, 0.669478
4737.38, 0.695702, 0.00601457, 0.62211, 0.708508
4737.39, 0.741053, 0.00633102, 0.67794, 0.732985
4737.4, 0.7905, 0.00667635, 0.73735, 0.741585
4737.41, 0.839038, 0.00701387, 0.79505, 0.735631
4737.42, 0.88047, 0.00729933, 0.84687, 0.711816
4737.43, 0.913601, 0.0075264, 0.89007, 0.672785
4737.44, 0.939248, 0.00770167, 0.92354, 0.619862
4737.45, 0.958462, 0.00782903, 0.94766, 0.558339
4737.46, 0.971451, 0.00791271, 0.96383, 0.497477
4737.47, 0.978415, 0.00796102, 0.9739, 0.451831
4737.48, 0.983219, 0.00800031, 0.9796, 0.435293
4737.49, 0.987429, 0.0080379, 0.98216, 0.463077
4737.5, 0.986585, 0.00803822, 0.98217, 0.549077
4737.51, 0.980484, 0.00799647, 0.97961, 0.701893
4737.52, 0.971837, 0.00793096, 0.97397, 0.926816
4737.53, 0.960467, 0.00784791, 0.96442, 1.22252
4737.54, 0.945592, 0.00774475, 0.95002, 1.58306
4737.55, 0.926728, 0.00761104, 0.92996, 1.99586
4737.56, 0.903205, 0.00744241, 0.90383, 2.44373
4737.57, 0.874866, 0.0072419, 0.87197, 2.90416
4737.58, 0.843953, 0.00702401, 0.83577, 3.3507
4737.59, 0.81304, 0.00680595, 0.79778, 3.75556
4737.6, 0.784573, 0.00660596, 0.76149, 4.0903
4737.61, 0.762697, 0.00645119, 0.7309, 4.32977
4737.62, 0.751036, 0.00636542, 0.70973, 4.45679
4737.63, 0.748688, 0.00634667, 0.70071, 4.46274
4737.64, 0.754972, 0.00639066, 0.70499, 4.34896
4737.65, 0.770149, 0.00649443, 0.72194, 4.12271
4737.66, 0.791514, 0.00664054, 0.74925, 3.80187
4737.67, 0.816038, 0.00681064, 0.78341, 3.40362
4737.68, 0.843471, 0.00700142, 0.8203, 2.95113
4737.69, 0.870974, 0.0071915, 0.85592, 2.46423
4737.7, 0.893445, 0.00734481, 0.88721, 1.9608
4737.71, 0.911347, 0.00746656, 0.9124, 1.46332
4737.72, 0.925832, 0.00756567, 0.93148, 1.00223
4737.73, 0.934685, 0.00762317, 0.94599, 0.61457
4737.74, 0.939103, 0.00764784, 1, 0
4737.75, 0.943136, 0.00767159, 1, 0
4737.76, 0.947789, 0.00770082, 1, 0
4737.77, 0.952911, 0.00773313, 1, 0
4737.78, 0.958088, 0.00776578, 1, 0
4737.79, 0.963206, 0.00779806, 1, 0
