wav, obs, sigma_obs, syn, weight
4739.3, 0.99688, 0.00761343, 1, 0
4739.31, 0.996029, 0.00760519, 1, 0
4739.32, 0.995846, 0.00760114, 1, 0
4739.33, 0.998108, 0.0076123, 1, 0
4739.34, 0.999735, 0.00761805, 1, 0
4739.35, 0.998691, 0.00760653, 1, 0
4739.36, 0.997898, 0.0076016, 0.99813, 0.00843669
4739.37, 0.997152, 0.00759902, 0.99715, 0.0168734
4739.38, 0.994497, 0.0075794, 0.99548, 0.0210917
4739.39, 0.992326, 0.0075615, 0.99266, 0.0253101
4739.4, 0.991457, 0.00755245, 0.98822, 0.0295284
4739.41, 0.988672, 0.00752772, 0.98187, 0.0337468
4739.42, 0.981762, 0.00747711, 0.97365, 0.0337468
4739.43, 0.970528, 0.00740457, 0.96404, 0.0421835
4739.44, 0.958639, 0.00732762, 0.95385, 0.0464018
4739.45, 0.948239, 0.00725701, 0.94409, 0.0506202
4739.46, 0.93914, 0.00719425, 0.93574, 0.0590569
4739.47, 0.933249, 0.00715248, 0.92964, 0.0674935
4739.48, 0.931845, 0.00714025, 0.92638, 0.0801486
4739.49, 0.932585, 0.00714385, 0.92627, 0.105459
4739.5, 0.935689, 0.00716371, 0.92936, 0.160297
4739.51, 0.943294, 0.00721106, 0.93532, 0.244664
4739.52, 0.953377, 0.00727355, 0.94346, 0.396525
4739.53, 0.962948, 0.007333, 0.95277, 0.63697
4739.54, 0.970005, 0.00737639, 0.96208, 0.978656
4739.55, 0.976052, 0.00741294, 0.97034, 1.43424
4739.56, 0.983391, 0.00745726, 0.97679, 1.9784
4739.57, 0.988721, 0.0074893, 0.98115, 2.58163
4739.58, 0.989704, 0.00749383, 0.98355, 3.19751
4739.59, 0.98733, 0.00747519, 0.98441, 3.76698
4739.6, 0.984814, 0.00745559, 0.98429, 4.25631
4739.61, 0.984875, 0.00745361, 0.98377, 4.62753
4739.62, 0.986063, 0.00745515, 0.9833, 4.87641
4739.63, 0.986617, 0.00745026, 0.98318, 4.97765
4739.64, 0.98567, 0.00744088, 0.98361, 4.95234
4739.65, 0.985299, 0.00744081, 0.98465, 4.78361
4739.66, 0.987599, 0.00745845, 0.98623, 4.47988
4739.67, 0.992296, 0.00748249, 0.98825, 4.05383
4739.68, 0.996395, 0.00750063, 0.99049, 3.52232
4739.69, 0.996587, 0.00750555, 0.99273, 2.9191
4739.7, 0.996347, 0.00750678, 0.99476, 2.299
4739.71, 0.998043, 0.00751143, 0.99642, 1.70843
4739.72, 0.999643, 0.00751621, 0.99765, 1.19801
4739.73, 1.00037, 0.00752024, 0.99847, 0.784612
4739.74, 1.00073, 0.0075241, 0.99898, 0.48511
4739.75, 1.00225, 0.00752696, 0.99925, 0.286848
4739.76, 1.00362, 0.00752386, 0.99939, 0.164516
4739.77, 1.00113, 0.00750848, 0.99946, 0.10124
4739.78, 0.998443, 0.00749591, 0.99948, 0.0674935
4739.79, 0.999019, 0.00749666, 0.99949, 0.0506202
4739.8, 0.998612, 0.00749082, 0.9995, 0.0464018
4739.81, 0.996792, 0.00747858, 0.9995, 0.0421835
4739.82, 0.996564, 0.00747647, 0.9995, 0.0421835
4739.83, 0.997127, 0.00747814, 0.9995, 0.0421835
4739.84, 0.997352, 0.00747557, 0.9995, 0.0421835
4739.85, 0.997601, 0.00747055, 0.9995, 0.0421835
4739.86, 0.998014, 0.00746806, 0.9995, 0.0379651
4739.87, 0.998134, 0.00746957, 0.9995, 0.0379651
4739.88, 0.996313, 0.00745942, 0.99952, 0.0337468
4739.89, 0.993525, 0.00743851, 0.99955, 0.0253101
4739.9, 0.993666, 0.00743015, 0.99961, 0.0168734
4739.91, 0.995164, 0.00743263, 1, 0
4739.92, 0.995254, 0.00743531, 1, 0
4739.93, 0.994921, 0.00743668, 1, 0
4739.94, 0.995344, 0.0074387, 1, 0
4739.95, 0.997119, 0.00744436, 1, 0
4739.96, 0.999519, 0.00745188, 1, 0
