wav, obs, sigma_obs, syn, weight
4742.23, 0.958516, 0.00674913, 1, 0
4742.24, 0.950609, 0.00670103, 1, 0
4742.25, 0.943654, 0.00665476, 1, 0
4742.26, 0.937548, 0.00661382, 1, 0
4742.27, 0.932418, 0.00658417, 1, 0
4742.28, 0.931165, 0.00657554, 1, 0
4742.29, 0.933767, 0.00658638, 0.99612, 0.0364023
4742.3, 0.93675, 0.00660357, 0.99515, 0.0582437
4742.31, 0.942132, 0.00663488, 0.99464, 0.0800851
4742.32, 0.951594, 0.00668669, 0.99461, 0.0873656
4742.33, 0.961053, 0.00674303, 0.99491, 0.101927
4742.34, 0.968467, 0.00678944, 0.99539, 0.101927
4742.35, 0.974469, 0.00682134, 0.99596, 0.109207
4742.36, 0.981825, 0.00686006, 0.99653, 0.116487
4742.37, 0.99022, 0.0069081, 0.99705, 0.116487
4742.38, 0.995123, 0.00693755, 0.99746, 0.116487
4742.39, 0.996656, 0.00694643, 0.99774, 0.123768
4742.4, 0.997014, 0.00694643, 0.99787, 0.145609
4742.41, 0.99767, 0.00694949, 0.99782, 0.167451
4742.42, 0.998915, 0.00695479, 0.99756, 0.218414
4742.43, 1.00016, 0.00695443, 0.99703, 0.31306
4742.44, 1.00095, 0.00695658, 0.99612, 0.46595
4742.45, 0.999893, 0.0069567, 0.99469, 0.698925
4742.46, 0.994895, 0.00693002, 0.9926, 1.02655
4742.47, 0.989671, 0.00689758, 0.98977, 1.44153
4742.48, 0.987808, 0.00688365, 0.98626, 1.94388
4742.49, 0.984595, 0.0068569, 0.98226, 2.4972
4742.5, 0.97806, 0.00681191, 0.97807, 3.04323
4742.51, 0.9702, 0.00677165, 0.97405, 3.55287
4742.52, 0.964007, 0.00674028, 0.97055, 3.9897
4742.53, 0.960604, 0.00671558, 0.96781, 4.31732
4742.54, 0.958088, 0.00669648, 0.96599, 4.52117
4742.55, 0.958246, 0.00669579, 0.96516, 4.60853
4742.56, 0.962867, 0.00672111, 0.96535, 4.56485
4742.57, 0.967349, 0.00674341, 0.96655, 4.40468
4742.58, 0.97013, 0.00675588, 0.96871, 4.12802
4742.59, 0.973363, 0.006776, 0.97172, 3.7276
4742.6, 0.97667, 0.00679679, 0.97535, 3.23981
4742.61, 0.979251, 0.00681016, 0.97928, 2.70105
4742.62, 0.981235, 0.0068211, 0.9831, 2.14774
4742.63, 0.983484, 0.00683378, 0.98634, 1.62354
4742.64, 0.986107, 0.00684642, 0.98851, 1.16487
4742.65, 0.985752, 0.0068433, 0.98901, 0.800851
4742.66, 0.982859, 0.0068258, 0.98707, 0.538754
4742.67, 0.981438, 0.00681147, 0.98163, 0.349462
4742.68, 0.97832, 0.00678823, 0.97147, 0.240255
4742.69, 0.968474, 0.00673081, 0.95538, 0.182012
4742.7, 0.948712, 0.00661252, 0.93264, 0.138329
4742.71, 0.918698, 0.00643152, 0.90335, 0.116487
4742.72, 0.879828, 0.00620038, 0.86858, 0.109207
4742.73, 0.833466, 0.00592466, 0.83039, 0.0946461
4742.74, 0.781209, 0.00561252, 0.79151, 0.0946461
4742.75, 0.726191, 0.00528397, 0.75497, 0.0946461
4742.76, 0.679543, 0.00500426, 0.7244, 0.0946461
4742.77, 0.650699, 0.00482933, 0.70337, 0.101927
4742.78, 0.639634, 0.00476206, 0.69665, 0.101927
4742.79, 0.647549, 0.00480921, 0.70981, 0.101927
4742.8, 0.675527, 0.00497523, 0.74646, 0.0800851
4742.81, 0.718291, 0.00523047, 0.80329, 0.0582437
4742.82, 0.769191, 0.00553322, 1, 0
4742.83, 0.821437, 0.00583713, 1, 0
4742.84, 0.866797, 0.00610022, 1, 0
4742.85, 0.901624, 0.00630773, 1, 0
4742.86, 0.935117, 0.00650826, 1, 0
4742.87, 0.969937, 0.00671574, 1, 0
