wav, obs, sigma_obs, syn, weight
4766.91, 0.916888, 0.00656977, 1, 0
4766.92, 0.928975, 0.00664347, 1, 0
4766.93, 0.941079, 0.00671717, 1, 0
4766.94, 0.952344, 0.00679039, 1, 0
4766.95, 0.963492, 0.00685819, 1, 0
4766.96, 0.9747, 0.0069179, 0.99337, 0
4766.97, 0.984302, 0.00697082, 0.99252, 2.12385
4766.98, 0.990042, 0.00701186, 0.99284, 2.96001
4766.99, 0.99292, 0.00704115, 0.99366, 3.27775
4767, 0.995589, 0.00706318, 0.99431, 2.99346
4767.01, 0.999238, 0.0070814, 0.99459, 2.44159
4767.02, 1.00343, 0.00709709, 0.99458, 1.93989
4767.03, 1.00502, 0.00710435, 0.99438, 1.57198
4767.04, 1.0026, 0.00709938, 0.99411, 1.32113
4767.05, 1.00289, 0.00709661, 0.99381, 1.17063
4767.06, 1.00165, 0.00709273, 0.99351, 1.05356
4767.07, 0.996188, 0.00708065, 0.99325, 0.953223
4767.08, 0.99246, 0.00706462, 0.99303, 0.869607
4767.09, 0.993004, 0.00705857, 0.99286, 0.802714
4767.1, 0.992293, 0.00704558, 0.99273, 0.735822
4767.11, 0.987067, 0.00701929, 0.99264, 0.702375
4767.12, 0.98446, 0.00701673, 0.99255, 0.668929
4767.13, 0.98282, 0.00701126, 0.99243, 0.635482
4767.14, 0.981089, 0.00699442, 0.99222, 0.652206
4767.15, 0.979913, 0.0069838, 0.9918, 0.668929
4767.16, 0.976913, 0.00697508, 0.99104, 0.735822
4767.17, 0.977598, 0.00698182, 0.98971, 0.836161
4767.18, 0.982153, 0.00699956, 0.9876, 0.953223
4767.19, 0.982376, 0.00700136, 0.98456, 1.08701
4767.2, 0.979261, 0.00699654, 0.9806, 1.23752
4767.21, 0.976928, 0.00698698, 0.97594, 1.3713
4767.22, 0.975115, 0.00696825, 0.97098, 1.47164
4767.23, 0.968086, 0.00694048, 0.96628, 1.53854
4767.24, 0.962506, 0.0069005, 0.96235, 1.58871
4767.25, 0.959341, 0.00686264, 0.95963, 1.62215
4767.26, 0.95536, 0.00684701, 0.95836, 1.60543
4767.27, 0.95527, 0.0068514, 0.95866, 1.53854
4767.28, 0.958992, 0.00687114, 0.96052, 1.45492
4767.29, 0.964802, 0.0069027, 0.96381, 1.33786
4767.3, 0.97097, 0.00694066, 0.96829, 1.18735
4767.31, 0.973617, 0.00697285, 0.97353, 1.03684
4767.32, 0.976781, 0.00700476, 0.97903, 0.886331
4767.33, 0.983047, 0.00703926, 0.98422, 0.719098
4767.34, 0.986778, 0.00706263, 0.98865, 0.602036
4767.35, 0.987386, 0.00707765, 0.99205, 0.501697
4767.36, 0.988809, 0.00709347, 0.99442, 0.434804
4767.37, 0.993239, 0.00711297, 0.99589, 0.401357
4767.38, 0.995795, 0.00712655, 0.99672, 0.367911
4767.39, 0.997368, 0.00713871, 0.99712, 0.367911
4767.4, 1.00029, 0.00715189, 0.99729, 0.384634
4767.41, 1.00438, 0.00716443, 0.99732, 0.41808
4767.42, 1.00622, 0.0071831, 0.99729, 0.46825
4767.43, 1.00646, 0.00719255, 0.99723, 0.551866
4767.44, 1.00658, 0.00719055, 0.99713, 0.702375
4767.45, 1.00649, 0.00719999, 0.99699, 0.903054
4767.46, 1.00785, 0.00721097, 0.9968, 1.1539
4767.47, 1.00758, 0.00721104, 0.99654, 1.42147
4767.48, 1.00302, 0.00719805, 0.99621, 1.70577
4767.49, 0.998846, 0.00718311, 0.99585, 1.93989
4767.5, 1.00108, 0.00718652, 0.99552, 2.04023
4767.51, 1.00483, 0.00719708, 0.9953, 1.90645
4767.52, 1.00225, 0.00718983, 0.99535, 1.52181
4767.53, 1.00091, 0.00717899, 0.99584, 0.969947
4767.54, 1.00059, 0.00717176, 0.9968, 0.484973
4767.55, 0.997734, 0.00716244, 1, 0
4767.56, 0.992318, 0.00714474, 1, 0
4767.57, 0.989977, 0.00713525, 1, 0
4767.58, 0.990099, 0.00713288, 1, 0
4767.59, 0.98952, 0.00712848, 1, 0
