wav, obs, sigma_obs, syn, weight
4772.32, 0.948061, 0.00822588, 1, 0
4772.33, 0.949539, 0.00823534, 1, 0
4772.34, 0.953647, 0.00825923, 1, 0
4772.35, 0.960352, 0.00830022, 1, 0
4772.36, 0.968369, 0.00835425, 1, 0
4772.37, 0.976262, 0.00841002, 1, 0
4772.38, 0.983164, 0.00845928, 0.98635, 0.0233571
4772.39, 0.989076, 0.008501, 0.99039, 0.0357656
4772.4, 0.992629, 0.00852451, 0.99373, 0.0474442
4772.41, 0.99255, 0.00852014, 0.99596, 0.056933
4772.42, 0.992643, 0.00851556, 0.99725, 0.0642321
4772.43, 0.994701, 0.00852477, 0.99783, 0.0700714
4772.44, 0.994598, 0.00852015, 0.99804, 0.0751808
4772.45, 0.992879, 0.00850541, 0.99808, 0.0802902
4772.46, 0.99325, 0.00850549, 0.99803, 0.0853995
4772.47, 0.994598, 0.00851185, 0.99794, 0.0912388
4772.48, 0.995079, 0.00851176, 0.99784, 0.0970781
4772.49, 0.99462, 0.00850633, 0.99771, 0.103647
4772.5, 0.995013, 0.00850653, 0.99757, 0.110946
4772.51, 0.998541, 0.00852532, 0.99741, 0.119705
4772.52, 1.00227, 0.00854762, 0.99723, 0.128464
4772.53, 1.00361, 0.00855828, 0.99702, 0.137953
4772.54, 1.00469, 0.00856349, 0.9968, 0.149632
4772.55, 1.00508, 0.0085587, 0.99653, 0.16277
4772.56, 1.00232, 0.00853259, 0.99624, 0.178098
4772.57, 0.999956, 0.00851115, 0.9959, 0.194886
4772.58, 1.00088, 0.00851423, 0.9955, 0.214594
4772.59, 1.00071, 0.00851224, 0.99503, 0.238681
4772.6, 0.998675, 0.00849719, 0.99448, 0.266417
4772.61, 0.998042, 0.00848655, 0.99383, 0.302183
4772.62, 0.996747, 0.00847012, 0.99302, 0.348167
4772.63, 0.99299, 0.00844175, 0.99201, 0.41167
4772.64, 0.991775, 0.00843736, 0.99069, 0.500719
4772.65, 0.99251, 0.00844831, 0.98885, 0.626993
4772.66, 0.988139, 0.00841702, 0.98602, 0.797792
4772.67, 0.979196, 0.00834894, 0.9813, 1.01312
4772.68, 0.968622, 0.00826893, 0.97305, 1.25983
4772.69, 0.955413, 0.00816802, 0.95869, 1.51894
4772.7, 0.93594, 0.00802121, 0.93476, 1.76638
4772.71, 0.904907, 0.00779503, 0.89759, 1.98463
4772.72, 0.86235, 0.00748562, 0.84449, 2.16418
4772.73, 0.810233, 0.00710184, 0.7751, 2.30214
4772.74, 0.747881, 0.00664419, 0.69213, 2.40141
4772.75, 0.677375, 0.00612917, 0.60118, 2.46637
4772.76, 0.604884, 0.00559551, 0.50975, 2.50286
4772.77, 0.53484, 0.00507465, 0.42571, 2.51819
4772.78, 0.47131, 0.00459894, 0.3559, 2.51892
4772.79, 0.42094, 0.0042201, 0.30492, 2.50651
4772.8, 0.388288, 0.00397337, 0.27486, 2.48535
4772.81, 0.374285, 0.00386578, 0.26568, 2.45761
4772.82, 0.380829, 0.0039128, 0.27629, 2.42695
4772.83, 0.409258, 0.00412556, 0.30535, 2.39849
4772.84, 0.455963, 0.0044747, 0.35137, 2.37586
4772.85, 0.515558, 0.00491665, 0.41233, 2.35688
4772.86, 0.581896, 0.00540241, 0.48514, 2.33133
4772.87, 0.650664, 0.00590147, 0.5654, 2.29192
4772.88, 0.718409, 0.00639167, 0.64775, 2.22842
4772.89, 0.780238, 0.00683529, 0.72663, 2.1328
4772.9, 0.832962, 0.00720942, 0.79717, 2.00287
4772.91, 0.876777, 0.00752127, 0.85609, 1.83645
4772.92, 0.912363, 0.00777601, 0.90202, 1.63792
4772.93, 0.94036, 0.00797511, 0.93546, 1.41822
4772.94, 0.960728, 0.00811827, 0.95821, 1.19121
4772.95, 0.974046, 0.00821083, 0.97274, 0.97589
4772.96, 0.982329, 0.00826862, 0.98152, 0.786844
4772.97, 0.988123, 0.0083076, 0.98663, 0.635752
4772.98, 0.993537, 0.0083397, 0.98957, 0.521156
4772.99, 0.997266, 0.00836108, 0.99131, 0.441596
4773, 0.99852, 0.00836891, 0.99236, 0.390502
4773.01, 0.999208, 0.00837047, 0.99301, 0.364955
4773.02, 0.999475, 0.00836745, 0.99338, 0.367145
4773.03, 0.998189, 0.00835683, 0.99346, 0.401451
4773.04, 0.995888, 0.00833862, 0.99321, 0.475172
4773.05, 0.992999, 0.00831303, 0.99244, 0.592687
4773.06, 0.988716, 0.00827876, 0.99088, 0.756187
4773.07, 0.982981, 0.00823586, 0.98815, 0.959832
4773.08, 0.976415, 0.00818565, 0.98393, 1.19194
4773.09, 0.969309, 0.00812946, 0.97802, 1.43354
4773.1, 0.961752, 0.00806971, 0.97063, 1.66712
4773.11, 0.953742, 0.00801109, 0.96241, 1.87222
4773.12, 0.946599, 0.00796061, 0.95443, 2.03645
4773.13, 0.942629, 0.0079276, 0.94801, 2.14959
4773.14, 0.943079, 0.00792474, 0.94432, 2.20798
4773.15, 0.946919, 0.00794893, 0.94412, 2.20798
4773.16, 0.949257, 0.00796217, 0.94748, 2.1474
4773.17, 0.950352, 0.00796626, 0.9538, 2.02477
4773.18, 0.954625, 0.00799552, 0.96197, 1.835
4773.19, 0.960085, 0.00803277, 0.97066, 1.57734
4773.2, 0.964089, 0.00805609, 0.97872, 1.26129
4773.21, 0.96816, 0.0080781, 0.98538, 0.914578
4773.22, 0.971883, 0.00809841, 0.99038, 0.587578
4773.23, 0.973019, 0.00810312, 1, 0
4773.24, 0.97327, 0.00810278, 1, 0
4773.25, 0.97478, 0.00811063, 1, 0
4773.26, 0.976616, 0.0081206, 1, 0
4773.27, 0.978214, 0.00812902, 1, 0
4773.28, 0.979812, 0.00813744, 1, 0
