wav, obs, sigma_obs, syn, weight
4779.07, 0.997329, 0.00679191, 1, 0
4779.08, 0.995247, 0.0067908, 1, 0
4779.09, 0.993416, 0.00678792, 1, 0
4779.1, 0.992909, 0.00677687, 1, 0
4779.11, 0.993193, 0.00677056, 1, 0
4779.12, 0.993652, 0.00677797, 1, 0
4779.13, 0.994665, 0.00678415, 0.99277, 0.00478174
4779.14, 0.995763, 0.00678456, 0.9924, 0.00637565
4779.15, 0.996196, 0.00678533, 0.9925, 0.00956348
4779.16, 0.997521, 0.00679152, 0.99293, 0.0111574
4779.17, 0.999983, 0.00680487, 0.99355, 0.0127513
4779.18, 1.00117, 0.00682232, 0.99425, 0.0143452
4779.19, 1.00185, 0.00683662, 0.99493, 0.0159391
4779.2, 1.00345, 0.00684131, 0.99551, 0.017533
4779.21, 1.00382, 0.00683901, 0.99595, 0.0199239
4779.22, 1.00331, 0.00683795, 0.99618, 0.0215178
4779.23, 1.00482, 0.00684655, 0.99616, 0.0247057
4779.24, 1.00564, 0.00684807, 0.99579, 0.0278935
4779.25, 1.00337, 0.00683115, 0.99497, 0.0318783
4779.26, 1.00055, 0.00681434, 0.99358, 0.0382539
4779.27, 0.998302, 0.00680173, 0.99153, 0.0478174
4779.28, 0.99597, 0.00678476, 0.98878, 0.0645535
4779.29, 0.992278, 0.00675867, 0.98536, 0.0964318
4779.3, 0.986815, 0.00672388, 0.98137, 0.15461
4779.31, 0.980507, 0.00668578, 0.97684, 0.25662
4779.32, 0.973239, 0.00664358, 0.9716, 0.422387
4779.33, 0.964637, 0.00659419, 0.96512, 0.671038
4779.34, 0.955161, 0.00653729, 0.95632, 1.01134
4779.35, 0.94321, 0.00646411, 0.94367, 1.44488
4779.36, 0.925348, 0.00635824, 0.9255, 1.96051
4779.37, 0.900018, 0.00620952, 0.90056, 2.53512
4779.38, 0.867506, 0.0060187, 0.86874, 3.13842
4779.39, 0.830166, 0.00580179, 0.83144, 3.73215
4779.4, 0.789667, 0.00556708, 0.79174, 4.28045
4779.41, 0.748647, 0.00532676, 0.75399, 4.74349
4779.42, 0.715537, 0.00513097, 0.72314, 5.09335
4779.43, 0.696137, 0.00501432, 0.70373, 5.30534
4779.44, 0.691253, 0.00498139, 0.6989, 5.36989
4779.45, 0.70246, 0.00504496, 0.70973, 5.28143
4779.46, 0.729885, 0.00520778, 0.73487, 5.04633
4779.47, 0.768842, 0.00543631, 0.77092, 4.67814
4779.48, 0.814054, 0.00569521, 0.81315, 4.19837
4779.49, 0.86037, 0.00595479, 0.85648, 3.6413
4779.5, 0.902653, 0.00619713, 0.89647, 3.04278
4779.51, 0.936884, 0.00640174, 0.92999, 2.44188
4779.52, 0.961207, 0.00654156, 0.9556, 1.87604
4779.53, 0.977327, 0.00662949, 0.97345, 1.37316
4779.54, 0.98835, 0.00669402, 0.98479, 0.953957
4779.55, 0.995292, 0.00673425, 0.99138, 0.628002
4779.56, 0.999493, 0.00675404, 0.99492, 0.395291
4779.57, 1.00267, 0.00676687, 0.99671, 0.240681
4779.58, 1.0034, 0.00676829, 0.9976, 0.14664
4779.59, 1.0012, 0.00675652, 0.99806, 0.092447
4779.6, 1.00002, 0.00675052, 0.99832, 0.0629596
4779.61, 1.00044, 0.00675149, 0.99849, 0.0478174
4779.62, 1.00036, 0.00674756, 0.99862, 0.0382539
4779.63, 0.999177, 0.00673914, 0.99871, 0.0318783
4779.64, 0.997391, 0.00672967, 0.99879, 0.0286904
4779.65, 0.996311, 0.00672205, 0.99884, 0.0247057
4779.66, 0.996175, 0.00671818, 0.99887, 0.0223148
4779.67, 0.996509, 0.00671779, 0.99889, 0.0199239
4779.68, 0.996573, 0.0067162, 0.99889, 0.01833
4779.69, 0.996609, 0.00671432, 0.99886, 0.0167361
4779.7, 0.997648, 0.00671813, 0.99882, 0.0159391
4779.71, 0.999461, 0.00672726, 0.99874, 0.0143452
4779.72, 1.00085, 0.00673481, 0.99866, 0.0127513
4779.73, 0.999897, 0.00672765, 0.99856, 0.0103604
4779.74, 0.997155, 0.0067097, 0.9985, 0.00796957
4779.75, 0.994481, 0.0066932, 0.99852, 0.0055787
4779.76, 0.992175, 0.00667772, 1, 0
4779.77, 0.989304, 0.0066582, 1, 0
4779.78, 0.984361, 0.00662945, 1, 0
4779.79, 0.979603, 0.00660187, 1, 0
4779.8, 0.977313, 0.0065854, 1, 0
4779.81, 0.975467, 0.00657093, 1, 0
