wav, obs, sigma_obs, syn, weight
4780.47, 0.962558, 0.00640064, 1, 0
4780.48, 0.962602, 0.00640308, 1, 0
4780.49, 0.962058, 0.00640081, 1, 0
4780.5, 0.961738, 0.00639683, 1, 0
4780.51, 0.962726, 0.00639719, 1, 0
4780.52, 0.963379, 0.00640002, 1, 0
4780.53, 0.964009, 0.00640626, 0.99924, 0.0067385
4780.54, 0.967739, 0.00642173, 0.99933, 0.00898467
4780.55, 0.971745, 0.00643821, 0.99943, 0.0112308
4780.56, 0.973167, 0.00644852, 0.99951, 0.013477
4780.57, 0.976, 0.00646379, 0.99956, 0.013477
4780.58, 0.979539, 0.00647975, 0.99958, 0.0157232
4780.59, 0.979391, 0.00648017, 0.99959, 0.0157232
4780.6, 0.977041, 0.00646644, 0.99959, 0.0179693
4780.61, 0.974922, 0.0064492, 0.99959, 0.0202155
4780.62, 0.973986, 0.00644272, 0.99958, 0.0224617
4780.63, 0.973128, 0.00643911, 0.99957, 0.026954
4780.64, 0.971272, 0.0064274, 0.99955, 0.0314463
4780.65, 0.970385, 0.00642217, 0.99952, 0.040431
4780.66, 0.972571, 0.00643386, 0.99947, 0.0584003
4780.67, 0.978429, 0.00646048, 0.99939, 0.094339
4780.68, 0.982621, 0.00647931, 0.99924, 0.161724
4780.69, 0.983226, 0.00648422, 0.99893, 0.283017
4780.7, 0.986854, 0.00650548, 0.99829, 0.48068
4780.71, 0.991204, 0.00652823, 0.99707, 0.77942
4780.72, 0.990922, 0.00652453, 0.9949, 1.18822
4780.73, 0.990057, 0.00652019, 0.9914, 1.70259
4780.74, 0.988729, 0.00651315, 0.98628, 2.29558
4780.75, 0.982021, 0.00646868, 0.97948, 2.929
4780.76, 0.973158, 0.00641071, 0.97135, 3.54894
4780.77, 0.965512, 0.00636536, 0.96264, 4.10824
4780.78, 0.956864, 0.00631983, 0.95436, 4.56646
4780.79, 0.949347, 0.00628133, 0.9476, 4.90338
4780.8, 0.94653, 0.00626497, 0.94328, 5.10104
4780.81, 0.944838, 0.00625369, 0.94199, 5.1572
4780.82, 0.94445, 0.00624949, 0.94392, 5.07184
4780.83, 0.95078, 0.00628008, 0.94879, 4.84723
4780.84, 0.960186, 0.00632984, 0.95595, 4.48784
4780.85, 0.967949, 0.00637555, 0.96441, 4.00492
4780.86, 0.9756, 0.00641887, 0.97309, 3.4299
4780.87, 0.98362, 0.00646, 0.981, 2.80546
4780.88, 0.990699, 0.00649443, 0.98749, 2.17654
4780.89, 0.994202, 0.00651357, 0.99229, 1.59478
4780.9, 0.995973, 0.00652504, 0.9955, 1.09838
4780.91, 1.00265, 0.00655366, 0.99744, 0.712035
4780.92, 1.0084, 0.00657915, 0.99851, 0.43351
4780.93, 1.00672, 0.00657702, 0.99903, 0.253817
4780.94, 1.00383, 0.00656457, 0.99925, 0.143755
4780.95, 1.00282, 0.00655486, 0.9993, 0.080862
4780.96, 1.00253, 0.00655037, 0.99924, 0.0516618
4780.97, 1.00168, 0.00654518, 0.99912, 0.0336925
4780.98, 1.00019, 0.00653659, 0.99897, 0.026954
4780.99, 0.999541, 0.00652945, 0.9988, 0.0224617
4781, 0.999334, 0.00652494, 0.99864, 0.0202155
4781.01, 0.999127, 0.00652367, 0.99853, 0.0179693
4781.02, 1.00095, 0.00653014, 0.99847, 0.013477
4781.03, 1.00405, 0.00654356, 0.99848, 0.013477
4781.04, 1.00563, 0.00655774, 0.99856, 0.013477
4781.05, 1.00713, 0.00656668, 0.9987, 0.0112308
4781.06, 1.00914, 0.00656926, 0.99888, 0.0112308
4781.07, 1.0093, 0.00657106, 0.99907, 0.00898467
4781.08, 1.00864, 0.00657027, 0.99927, 0.0067385
4781.09, 1.00885, 0.00656358, 0.99944, 0.00449233
4781.1, 1.00774, 0.00655587, 1, 0
4781.11, 1.00509, 0.00654675, 1, 0
4781.12, 1.00298, 0.00653197, 1, 0
4781.13, 1.00196, 0.00652166, 1, 0
4781.14, 1.0018, 0.00652227, 1, 0
4781.15, 1.00169, 0.00652345, 1, 0
