wav, obs, sigma_obs, syn, weight
4781.38, 0.969583, 0.00630922, 1, 0
4781.39, 0.966178, 0.0062891, 1, 0
4781.4, 0.962813, 0.00626916, 1, 0
4781.41, 0.959288, 0.00624856, 1, 0
4781.42, 0.956399, 0.00623131, 1, 0
4781.43, 0.955664, 0.00622514, 1, 0
4781.44, 0.956024, 0.0062273, 0.94569, 0
4781.45, 0.956384, 0.00623233, 0.94401, 0
4781.46, 0.957739, 0.0062388, 0.94599, 0.00753393
4781.47, 0.961208, 0.00625329, 0.95041, 0.00376696
4781.48, 0.966894, 0.00628162, 0.95632, 0.00753393
4781.49, 0.971609, 0.00630771, 0.96309, 0.00753393
4781.5, 0.974748, 0.00632664, 0.97009, 0.00753393
4781.51, 0.979203, 0.00635057, 0.97685, 0.0113009
4781.52, 0.984407, 0.00637581, 0.98293, 0.0113009
4781.53, 0.988717, 0.00639509, 0.988, 0.0150679
4781.54, 0.99149, 0.00640853, 0.99193, 0.0188348
4781.55, 0.992611, 0.00641602, 0.99474, 0.0188348
4781.56, 0.992801, 0.00641884, 0.99656, 0.0263687
4781.57, 0.994732, 0.00642617, 0.99759, 0.0301357
4781.58, 0.997605, 0.00643629, 0.998, 0.0414366
4781.59, 0.996794, 0.00643426, 0.9978, 0.0527375
4781.6, 0.9944, 0.00642183, 0.99684, 0.0828732
4781.61, 0.992847, 0.00640522, 0.99469, 0.131844
4781.62, 0.989173, 0.0063839, 0.99065, 0.222251
4781.63, 0.982967, 0.00635272, 0.98382, 0.376696
4781.64, 0.975417, 0.00630527, 0.97333, 0.614015
4781.65, 0.964747, 0.0062405, 0.95859, 0.964343
4781.66, 0.948161, 0.0061489, 0.93963, 1.42768
4781.67, 0.92345, 0.00601458, 0.91728, 1.99272
4781.68, 0.895107, 0.00586062, 0.8932, 2.63311
4781.69, 0.868615, 0.00571622, 0.86973, 3.28856
4781.7, 0.845575, 0.00558831, 0.84951, 3.90634
4781.71, 0.828639, 0.00549232, 0.83506, 4.44878
4781.72, 0.821013, 0.00544835, 0.82829, 4.86692
4781.73, 0.823643, 0.00546215, 0.83012, 5.14944
4781.74, 0.836317, 0.00553191, 0.8402, 5.28882
4781.75, 0.857697, 0.00564877, 0.85705, 5.28505
4781.76, 0.883893, 0.00579042, 0.87833, 5.13061
4781.77, 0.910143, 0.00593092, 0.90142, 4.84055
4781.78, 0.932289, 0.00604943, 0.92388, 4.41865
4781.79, 0.949036, 0.00614034, 0.94387, 3.87997
4781.8, 0.961329, 0.00620885, 0.96027, 3.26219
4781.81, 0.970835, 0.00626072, 0.97275, 2.60297
4781.82, 0.978471, 0.00630018, 0.9816, 1.96259
4781.83, 0.984098, 0.00632943, 0.9875, 1.39378
4781.84, 0.98798, 0.00635046, 0.99126, 0.926673
4781.85, 0.990527, 0.00636433, 0.9936, 0.580112
4781.86, 0.992107, 0.00637087, 0.99508, 0.342794
4781.87, 0.993773, 0.00637793, 0.99604, 0.195882
4781.88, 0.996552, 0.00639414, 0.99664, 0.113009
4781.89, 0.999536, 0.00640944, 0.997, 0.0678054
4781.9, 1.00174, 0.0064179, 0.99719, 0.0452036
4781.91, 1.00288, 0.00642388, 0.99726, 0.0376696
4781.92, 1.00452, 0.00643254, 0.9973, 0.0339027
4781.93, 1.00723, 0.00644365, 0.99735, 0.0339027
4781.94, 1.00815, 0.00644656, 0.99744, 0.0414366
4781.95, 1.00685, 0.00643867, 0.99758, 0.0527375
4781.96, 1.00469, 0.00642442, 0.99773, 0.0753393
4781.97, 1.00252, 0.00640987, 0.99784, 0.113009
4781.98, 1.0008, 0.00639905, 0.99783, 0.165746
4781.99, 0.999345, 0.00639163, 0.99759, 0.229785
4782, 0.996348, 0.00637641, 0.99704, 0.29759
4782.01, 0.990986, 0.00634653, 0.99618, 0.342794
4782.02, 0.985353, 0.00631096, 0.99507, 0.350328
4782.03, 0.978243, 0.00626718, 0.99396, 0.305124
4782.04, 0.967857, 0.0062103, 0.99323, 0.218484
4782.05, 0.958754, 0.00615846, 1, 0
4782.06, 0.952577, 0.00612031, 1, 0
4782.07, 0.947107, 0.00609171, 1, 0
4782.08, 0.946094, 0.00608965, 1, 0
4782.09, 0.951862, 0.00612218, 1, 0
4782.1, 0.958215, 0.00615766, 1, 0
