wav, obs, sigma_obs, syn, weight
4785.6, 0.983605, 0.00594347, 1, 0
4785.61, 0.976392, 0.00590925, 1, 0
4785.62, 0.968892, 0.00586835, 1, 0
4785.63, 0.959922, 0.0058152, 1, 0
4785.64, 0.947599, 0.00575073, 1, 0
4785.65, 0.935324, 0.0056893, 1, 0
4785.66, 0.926482, 0.00564267, 0.96571, 0.619403
4785.67, 0.91846, 0.00560272, 0.95263, 0.971418
4785.68, 0.914015, 0.00558217, 0.93956, 1.32201
4785.69, 0.917968, 0.00560112, 0.92768, 1.61358
4785.7, 0.926943, 0.00564682, 0.91801, 1.81839
4785.71, 0.938464, 0.00570519, 0.91138, 1.9407
4785.72, 0.952014, 0.00576767, 0.9083, 1.99333
4785.73, 0.963548, 0.00582458, 0.90899, 1.98622
4785.74, 0.971731, 0.00587256, 0.9134, 1.92364
4785.75, 0.979873, 0.00591589, 0.92114, 1.80843
4785.76, 0.985631, 0.005945, 0.93152, 1.64558
4785.77, 0.987064, 0.00595457, 0.94348, 1.44362
4785.78, 0.98816, 0.0059597, 0.95578, 1.21676
4785.79, 0.990456, 0.00596562, 0.96717, 0.982085
4785.8, 0.993057, 0.00597069, 0.9767, 0.763054
4785.81, 0.994002, 0.00597594, 0.98383, 0.57958
4785.82, 0.994162, 0.00598278, 0.98845, 0.447307
4785.83, 0.995749, 0.0059902, 0.99064, 0.382594
4785.84, 0.995579, 0.00598796, 0.99047, 0.393972
4785.85, 0.991529, 0.00596898, 0.98775, 0.487842
4785.86, 0.984459, 0.005933, 0.98201, 0.664916
4785.87, 0.974906, 0.00587956, 0.97263, 0.919505
4785.88, 0.961238, 0.00580354, 0.9592, 1.23952
4785.89, 0.939134, 0.00569372, 0.94185, 1.60362
4785.9, 0.910279, 0.00555176, 0.92145, 1.98479
4785.91, 0.879414, 0.00539196, 0.89961, 2.35459
4785.92, 0.850478, 0.00524096, 0.8784, 2.68456
4785.93, 0.826861, 0.00511891, 0.85996, 2.95266
4785.94, 0.812095, 0.00504226, 0.84612, 3.14537
4785.95, 0.811106, 0.00503531, 0.83814, 3.25418
4785.96, 0.824212, 0.005101, 0.83671, 3.2748
4785.97, 0.846853, 0.00521832, 0.8419, 3.21151
4785.98, 0.875391, 0.00536591, 0.85318, 3.06502
4785.99, 0.905688, 0.00551986, 0.86941, 2.84527
4786, 0.93274, 0.00565463, 0.88884, 2.56366
4786.01, 0.95408, 0.00576165, 0.90932, 2.2408
4786.02, 0.968731, 0.00583792, 0.92862, 1.89661
4786.03, 0.976548, 0.00587781, 0.94494, 1.56024
4786.04, 0.979605, 0.00589133, 0.95722, 1.25232
4786.05, 0.980262, 0.0058932, 0.96535, 0.990619
4786.06, 0.978131, 0.00588377, 0.96994, 0.784388
4786.07, 0.975052, 0.00586959, 0.97207, 0.633626
4786.08, 0.974032, 0.00586139, 0.97286, 0.528377
4786.09, 0.973454, 0.00585675, 0.97324, 0.458686
4786.1, 0.972871, 0.00585685, 0.97383, 0.410328
4786.11, 0.974263, 0.00586835, 0.97494, 0.370504
4786.12, 0.977658, 0.00588245, 0.97666, 0.333525
4786.13, 0.981577, 0.00589276, 0.97886, 0.293701
4786.14, 0.983739, 0.00590492, 0.98125, 0.252455
4786.15, 0.985274, 0.00591603, 0.98327, 0.208364
4786.16, 0.986366, 0.00591646, 0.98411, 0.165696
4786.17, 0.981696, 0.00589403, 0.98267, 0.128005
4786.18, 0.973312, 0.00585671, 0.97758, 0.0967151
4786.19, 0.965157, 0.0058128, 0.96745, 0.0718252
4786.2, 0.949344, 0.00572709, 0.95128, 0.0547578
4786.21, 0.920437, 0.00557705, 0.92883, 0.0440907
4786.22, 0.878664, 0.00536468, 0.90155, 0.0362682
4786.23, 0.829032, 0.00511097, 0.87256, 0.030579
4786.24, 0.777319, 0.00484394, 0.84768, 0.0241788
4786.25, 0.729016, 0.00459563, 0.83497, 0.0184897
4786.26, 0.692238, 0.00440829, 0.84172, 0.0113782
4786.27, 0.675215, 0.00432255, 1, 0
4786.28, 0.682944, 0.00436139, 1, 0
4786.29, 0.704459, 0.00446918, 1, 0
4786.3, 0.721634, 0.00455527, 1, 0
4786.31, 0.73881, 0.00464137, 1, 0
4786.32, 0.755985, 0.00472746, 1, 0
