wav, obs, sigma_obs, syn, weight
4793.62, 1.00435, 0.00585009, 1, 0
4793.63, 1.00096, 0.00583506, 1, 0
4793.64, 0.997088, 0.00581393, 1, 0
4793.65, 0.996869, 0.00580445, 1, 0
4793.66, 0.994567, 0.00579031, 1, 0
4793.67, 0.988354, 0.00576589, 1, 0
4793.68, 0.985414, 0.00575347, 0.9996, 0.00262308
4793.69, 0.984407, 0.00574889, 0.9996, 0.00524615
4793.7, 0.983247, 0.00574487, 0.99961, 0.00524615
4793.71, 0.983049, 0.00574394, 0.99961, 0.00786923
4793.72, 0.984673, 0.00575308, 0.99963, 0.0131154
4793.73, 0.988052, 0.0057714, 0.99964, 0.0131154
4793.74, 0.992258, 0.00578907, 0.99966, 0.0157385
4793.75, 0.996799, 0.00580702, 0.99967, 0.0157385
4793.76, 1.00036, 0.00582339, 0.99968, 0.0183615
4793.77, 1.00171, 0.00583252, 0.99968, 0.0209846
4793.78, 1.00486, 0.00584507, 0.99967, 0.0209846
4793.79, 1.00911, 0.00585992, 0.99966, 0.0262308
4793.8, 1.00892, 0.00586262, 0.99964, 0.0314769
4793.81, 1.00724, 0.00585978, 0.99962, 0.0445923
4793.82, 1.0061, 0.00585615, 0.99959, 0.070823
4793.83, 1.00488, 0.0058505, 0.99956, 0.123285
4793.84, 1.00564, 0.00584989, 0.99948, 0.220338
4793.85, 1.00766, 0.00585631, 0.99932, 0.393461
4793.86, 1.00805, 0.00586418, 0.99893, 0.666261
4793.87, 1.00834, 0.00586588, 0.99807, 1.05448
4793.88, 1.00711, 0.00585643, 0.99632, 1.55811
4793.89, 1.00129, 0.00583406, 0.99308, 2.15617
4793.9, 0.994523, 0.00579854, 0.98769, 2.80669
4793.91, 0.98648, 0.00575207, 0.97973, 3.44934
4793.92, 0.974065, 0.00569677, 0.96934, 4.03691
4793.93, 0.960348, 0.0056295, 0.95754, 4.52481
4793.94, 0.947661, 0.00556184, 0.94616, 4.88679
4793.95, 0.937673, 0.00551475, 0.93745, 5.11237
4793.96, 0.934548, 0.0054983, 0.93336, 5.19894
4793.97, 0.937302, 0.00550999, 0.93483, 5.1386
4793.98, 0.942528, 0.00554206, 0.94147, 4.94187
4793.99, 0.951633, 0.0055932, 0.95169, 4.60087
4794, 0.963708, 0.00565278, 0.96335, 4.13659
4794.01, 0.975329, 0.00570466, 0.97441, 3.56476
4794.02, 0.982719, 0.005739, 0.98352, 2.92473
4794.03, 0.986376, 0.00576135, 0.99016, 2.27421
4794.04, 0.988942, 0.00578041, 0.9945, 1.66565
4794.05, 0.991291, 0.0057908, 0.99705, 1.14104
4794.06, 0.992826, 0.00579435, 0.99841, 0.729215
4794.07, 0.993476, 0.00579801, 0.99908, 0.440677
4794.08, 0.995536, 0.00580633, 0.99939, 0.251815
4794.09, 0.997507, 0.00581252, 0.99953, 0.141646
4794.1, 0.998014, 0.00581465, 0.9996, 0.0786923
4794.11, 1.0001, 0.00582971, 0.99963, 0.0524615
4794.12, 1.00216, 0.00584237, 0.99962, 0.0367231
4794.13, 1.00245, 0.00584004, 0.99959, 0.0314769
4794.14, 1.00351, 0.00584492, 0.99951, 0.0262308
4794.15, 1.00369, 0.00584493, 0.99936, 0.0288538
4794.16, 1.00175, 0.00583102, 0.99913, 0.0262308
4794.17, 1.00057, 0.00582727, 0.99878, 0.0288538
4794.18, 0.999513, 0.00582911, 0.99833, 0.0288538
4794.19, 0.997718, 0.00582586, 0.99779, 0.0314769
4794.2, 0.996795, 0.00582084, 0.99722, 0.0367231
4794.21, 0.998808, 0.00582325, 0.9967, 0.0393461
4794.22, 1.00206, 0.00583303, 0.99632, 0.0419692
4794.23, 1.00104, 0.00583704, 0.99614, 0.0341
4794.24, 1.00118, 0.00584162, 0.99615, 0.0262308
4794.25, 1.00399, 0.00584637, 1, 0
4794.26, 1.0018, 0.00583565, 1, 0
4794.27, 0.997186, 0.00581761, 1, 0
4794.28, 0.993352, 0.005801, 1, 0
4794.29, 0.989385, 0.00578411, 1, 0
4794.3, 0.985395, 0.00576718, 1, 0
