wav, obs, sigma_obs, syn, weight
4794.01, 0.976458, 0.00570863, 1, 0
4794.02, 0.981708, 0.00573555, 1, 0
4794.03, 0.986557, 0.00576161, 1, 0
4794.04, 0.989454, 0.00578244, 1, 0
4794.05, 0.99167, 0.00579473, 1, 0
4794.06, 0.993573, 0.00579946, 1, 0
4794.07, 0.99426, 0.00580257, 0.99915, 0.025197
4794.08, 0.995869, 0.00580972, 0.99938, 0.0335961
4794.09, 0.998214, 0.00581763, 0.9995, 0.0356958
4794.1, 0.998843, 0.00581924, 0.99955, 0.0335961
4794.11, 1.00041, 0.00583068, 0.99957, 0.0272968
4794.12, 1.00287, 0.00584696, 0.99957, 0.0230973
4794.13, 1.00339, 0.00584653, 0.99954, 0.0188978
4794.14, 1.00418, 0.00584879, 0.99946, 0.016798
4794.15, 1.00492, 0.00585273, 0.99932, 0.016798
4794.16, 1.00327, 0.00584019, 0.99908, 0.016798
4794.17, 1.00176, 0.00583275, 0.99873, 0.016798
4794.18, 1.00088, 0.00583489, 0.99827, 0.0188978
4794.19, 0.999153, 0.00583285, 0.99772, 0.0230973
4794.2, 0.997823, 0.00582761, 0.99714, 0.0314963
4794.21, 0.998945, 0.00582726, 0.99662, 0.0503941
4794.22, 1.00252, 0.00583657, 0.99624, 0.0923892
4794.23, 1.00254, 0.00584227, 0.99604, 0.17428
4794.24, 1.00162, 0.00584569, 0.99599, 0.321262
4794.25, 1.00458, 0.00585225, 0.99589, 0.558534
4794.26, 1.00367, 0.0058447, 0.99534, 0.909193
4794.27, 0.999391, 0.00582848, 0.99365, 1.38374
4794.28, 0.995794, 0.00581365, 0.98986, 1.95907
4794.29, 0.988559, 0.00577861, 0.98289, 2.60369
4794.3, 0.976133, 0.00571595, 0.97196, 3.26302
4794.31, 0.959799, 0.00563415, 0.95709, 3.88034
4794.32, 0.941539, 0.00554909, 0.93961, 4.40738
4794.33, 0.923894, 0.00546407, 0.92221, 4.81683
4794.34, 0.909735, 0.0053867, 0.90839, 5.0898
4794.35, 0.902091, 0.0053474, 0.90135, 5.21789
4794.36, 0.904462, 0.00535893, 0.90285, 5.20529
4794.37, 0.916603, 0.0054157, 0.91252, 5.04781
4794.38, 0.931445, 0.00549724, 0.92802, 4.74964
4794.39, 0.946458, 0.00557695, 0.94591, 4.31709
4794.4, 0.960725, 0.00564008, 0.96291, 3.76906
4794.41, 0.971843, 0.0056935, 0.97678, 3.13913
4794.42, 0.978159, 0.00572909, 0.98668, 2.47771
4794.43, 0.981458, 0.00574888, 0.99294, 1.84358
4794.44, 0.987114, 0.00577698, 0.99645, 1.28295
4794.45, 0.993343, 0.00580401, 0.99823, 0.831502
4794.46, 0.997841, 0.00582404, 0.99905, 0.501841
4794.47, 1.00161, 0.00585047, 0.9994, 0.283467
4794.48, 1.00489, 0.00586682, 0.99955, 0.151182
4794.49, 1.00786, 0.00587125, 0.99963, 0.0797906
4794.5, 1.01064, 0.00588712, 0.99966, 0.0440948
4794.51, 1.01124, 0.0058971, 0.99969, 0.0293965
4794.52, 1.01039, 0.00589425, 0.99971, 0.0230973
4794.53, 1.01153, 0.00589516, 0.99972, 0.0188978
4794.54, 1.01215, 0.00589594, 0.99973, 0.016798
4794.55, 1.01091, 0.00589218, 0.99974, 0.0188978
4794.56, 1.00937, 0.00588567, 0.99975, 0.0188978
4794.57, 1.00769, 0.00587807, 0.99975, 0.016798
4794.58, 1.00481, 0.00586542, 0.99974, 0.016798
4794.59, 0.999853, 0.00584304, 0.99974, 0.0146983
4794.6, 0.995578, 0.00582228, 0.99974, 0.0125985
4794.61, 0.992522, 0.0058054, 0.99975, 0.0104988
4794.62, 0.989208, 0.00578669, 0.99976, 0.00839901
4794.63, 0.986344, 0.00577094, 0.99978, 0.00419951
4794.64, 0.984972, 0.00576425, 1, 0
4794.65, 0.985675, 0.0057694, 1, 0
4794.66, 0.988001, 0.00578186, 1, 0
4794.67, 0.991656, 0.00579953, 1, 0
4794.68, 0.99639, 0.00582188, 1, 0
4794.69, 1.00124, 0.00584475, 1, 0
