wav, obs, sigma_obs, syn, weight
4798.74, 0.435458, 0.0031149, 1, 0
4798.75, 0.484528, 0.00337158, 1, 0
4798.76, 0.533597, 0.00362826, 1, 0
4798.77, 0.582667, 0.00388494, 1, 0
4798.78, 0.631737, 0.00414162, 1, 0
4798.79, 0.680195, 0.0043956, 1, 0
4798.8, 0.728435, 0.00464862, 0.8703, 2.4493
4798.81, 0.786828, 0.00494661, 0.88169, 3.37017
4798.82, 0.843926, 0.00524106, 0.90896, 3.65675
4798.83, 0.886982, 0.00547001, 0.93871, 3.21351
4798.84, 0.919007, 0.00563092, 0.96235, 2.35377
4798.85, 0.940503, 0.00574036, 0.97768, 1.49785
4798.86, 0.952946, 0.00581359, 0.98628, 0.875022
4798.87, 0.961025, 0.00586, 0.99053, 0.496737
4798.88, 0.969077, 0.00589777, 0.99249, 0.301864
4798.89, 0.976758, 0.00593561, 0.9934, 0.210158
4798.9, 0.981411, 0.00597081, 0.99386, 0.171948
4798.91, 0.985734, 0.00599962, 0.99412, 0.160484
4798.92, 0.990561, 0.00601843, 0.99422, 0.168127
4798.93, 0.994712, 0.00602944, 0.99404, 0.198695
4798.94, 0.996865, 0.00604348, 0.99338, 0.25219
4798.95, 0.995794, 0.00604635, 0.99184, 0.347716
4798.96, 0.993586, 0.00603807, 0.9889, 0.500558
4798.97, 0.995379, 0.0060485, 0.98399, 0.710717
4798.98, 0.996258, 0.0060502, 0.97669, 0.982012
4798.99, 0.994634, 0.00603908, 0.96693, 1.29152
4799, 0.994659, 0.00604519, 0.95514, 1.62395
4799.01, 0.99391, 0.00604715, 0.9423, 1.94492
4799.02, 0.991745, 0.00603754, 0.9297, 2.22768
4799.03, 0.990414, 0.00602909, 0.91867, 2.45312
4799.04, 0.991918, 0.00602975, 0.91033, 2.61742
4799.05, 0.991754, 0.00603037, 0.90539, 2.70913
4799.06, 0.987064, 0.0060186, 0.90424, 2.73588
4799.07, 0.983615, 0.00599522, 0.90695, 2.68238
4799.08, 0.979871, 0.00597302, 0.91332, 2.56393
4799.09, 0.97606, 0.00596114, 0.92283, 2.3767
4799.1, 0.976911, 0.00595747, 0.93461, 2.12451
4799.11, 0.977518, 0.00595643, 0.94742, 1.82647
4799.12, 0.976699, 0.00596194, 0.95992, 1.50168
4799.13, 0.978507, 0.00598146, 0.97091, 1.17306
4799.14, 0.983739, 0.00600376, 0.97963, 0.878843
4799.15, 0.988651, 0.00602173, 0.98585, 0.634295
4799.16, 0.991027, 0.00603771, 0.98981, 0.450885
4799.17, 0.996122, 0.00605963, 0.99199, 0.328611
4799.18, 0.998549, 0.00606879, 0.99293, 0.25219
4799.19, 0.994824, 0.006058, 0.99309, 0.206337
4799.2, 0.992098, 0.00605276, 0.99276, 0.191053
4799.21, 0.993344, 0.00605362, 0.99213, 0.194874
4799.22, 0.99471, 0.00605078, 0.9913, 0.202516
4799.23, 0.990309, 0.00603798, 0.99032, 0.221621
4799.24, 0.986543, 0.00602547, 0.98916, 0.259832
4799.25, 0.985626, 0.00601995, 0.98772, 0.320969
4799.26, 0.985574, 0.00602017, 0.9857, 0.439422
4799.27, 0.987142, 0.00601971, 0.98244, 0.645759
4799.28, 0.986919, 0.00601774, 0.97691, 0.93998
4799.29, 0.982761, 0.00601213, 0.96789, 1.26095
4799.3, 0.979147, 0.00599717, 0.95542, 1.44436
4799.31, 0.98055, 0.00599507, 0.94276, 1.35648
4799.32, 0.984454, 0.00600926, 0.93647, 1.00112
4799.33, 0.98361, 0.00601478, 1, 0
4799.34, 0.984926, 0.00602004, 1, 0
4799.35, 0.988044, 0.00602544, 1, 0
4799.36, 0.985613, 0.00601697, 1, 0
4799.37, 0.977807, 0.00598278, 1, 0
4799.38, 0.962839, 0.00591134, 1, 0
