wav, obs, sigma_obs, syn, weight
4799.77, 0.823894, 0.00524423, 1, 0
4799.78, 0.765622, 0.00493237, 1, 0
4799.79, 0.706849, 0.00461774, 1, 0
4799.8, 0.646388, 0.00429372, 1, 0
4799.81, 0.603858, 0.00406923, 1, 0
4799.82, 0.587166, 0.00398592, 1, 0
4799.83, 0.597838, 0.00404689, 0.84879, 0.163076
4799.84, 0.634436, 0.00423757, 0.85016, 0.23879
4799.85, 0.684939, 0.00450145, 0.87117, 0.286112
4799.86, 0.732933, 0.00475705, 0.90061, 0.291208
4799.87, 0.765322, 0.00493002, 0.92938, 0.263543
4799.88, 0.782927, 0.00502559, 0.95293, 0.222046
4799.89, 0.789049, 0.00506083, 0.97004, 0.179093
4799.9, 0.788378, 0.00505868, 0.98123, 0.141236
4799.91, 0.794328, 0.005093, 0.98791, 0.111387
4799.92, 0.81176, 0.00518617, 0.9916, 0.0902745
4799.93, 0.83798, 0.00532096, 0.99359, 0.0757141
4799.94, 0.868956, 0.00548288, 0.99472, 0.0684339
4799.95, 0.899984, 0.0056461, 0.9955, 0.0655218
4799.96, 0.92743, 0.00578857, 0.99612, 0.0691619
4799.97, 0.949241, 0.00590121, 0.99665, 0.0786261
4799.98, 0.96231, 0.00597566, 0.99705, 0.100467
4799.99, 0.96906, 0.00601648, 0.99725, 0.144876
4800, 0.974578, 0.0060376, 0.99706, 0.22787
4800.01, 0.974989, 0.00604305, 0.99618, 0.369834
4800.02, 0.973198, 0.00604193, 0.9941, 0.589696
4800.03, 0.973968, 0.00604156, 0.9901, 0.899832
4800.04, 0.974123, 0.00603637, 0.98335, 1.30024
4800.05, 0.971136, 0.00602555, 0.97321, 1.78001
4800.06, 0.967057, 0.00601709, 0.95954, 2.31437
4800.07, 0.967461, 0.00602243, 0.94293, 2.87568
4800.08, 0.969421, 0.00603006, 0.92475, 3.42388
4800.09, 0.966897, 0.00601736, 0.90682, 3.9233
4800.1, 0.956126, 0.00596641, 0.89109, 4.339
4800.11, 0.941302, 0.00588529, 0.87913, 4.64331
4800.12, 0.923066, 0.00578277, 0.87204, 4.82095
4800.13, 0.901493, 0.00567137, 0.87036, 4.8639
4800.14, 0.882237, 0.00557662, 0.87422, 4.76999
4800.15, 0.871381, 0.00552253, 0.88332, 4.54357
4800.16, 0.873253, 0.00552915, 0.89693, 4.19485
4800.17, 0.88831, 0.00560477, 0.91374, 3.74566
4800.18, 0.909712, 0.00572053, 0.93199, 3.22586
4800.19, 0.932558, 0.00584809, 0.94973, 2.6711
4800.2, 0.954984, 0.00596749, 0.96527, 2.12145
4800.21, 0.973272, 0.00605554, 0.97756, 1.60965
4800.22, 0.983412, 0.00610904, 0.98629, 1.16483
4800.23, 0.987244, 0.00614138, 0.99188, 0.803734
4800.24, 0.995, 0.00616947, 0.99509, 0.535823
4800.25, 0.999421, 0.00618762, 0.99675, 0.354546
4800.26, 0.99752, 0.00619423, 0.99751, 0.244615
4800.27, 0.998873, 0.00620315, 0.99782, 0.185645
4800.28, 1.00112, 0.006219, 0.99792, 0.158708
4800.29, 1.00301, 0.00623501, 0.99792, 0.149972
4800.3, 1.00531, 0.00623929, 0.99787, 0.149972
4800.31, 1.00418, 0.00622837, 0.9978, 0.155796
4800.32, 1.00231, 0.00621988, 0.99769, 0.163804
4800.33, 1.00298, 0.00622554, 0.99756, 0.175453
4800.34, 1.00331, 0.00622894, 0.99739, 0.190013
4800.35, 1.00388, 0.00623263, 0.99718, 0.208942
4800.36, 1.00353, 0.00623543, 0.99692, 0.232966
4800.37, 1.00014, 0.00622946, 0.99659, 0.265727
4800.38, 1.00259, 0.00623562, 0.99615, 0.307224
4800.39, 1.00692, 0.00624729, 0.99554, 0.355274
4800.4, 1.00495, 0.00624726, 0.9947, 0.393131
4800.41, 1.00767, 0.00625803, 0.99368, 0.392403
4800.42, 1.01042, 0.00626527, 0.99277, 0.334889
4800.43, 1.00701, 0.00625553, 0.99255, 0.232966
4800.44, 1.00417, 0.00625039, 1, 0
4800.45, 1.00183, 0.00624528, 1, 0
4800.46, 0.999414, 0.0062361, 1, 0
4800.47, 0.997705, 0.00622571, 1, 0
4800.48, 0.993287, 0.00620072, 1, 0
4800.49, 0.987925, 0.00617031, 1, 0
