wav, obs, sigma_obs, syn, weight
4809.57, 0.995716, 0.00828359, 1, 0
4809.58, 0.9972, 0.00828882, 1, 0
4809.59, 0.998607, 0.00829211, 1, 0
4809.6, 0.998356, 0.00828651, 1, 0
4809.61, 0.99688, 0.00827528, 1, 0
4809.62, 0.997137, 0.00827401, 1, 0
4809.63, 0.998782, 0.00828151, 1, 0
4809.64, 0.999992, 0.00828814, 0.99941, 0.00919309
4809.65, 1.00079, 0.0082904, 0.9994, 0.0114914
4809.66, 1.0014, 0.00828747, 0.99942, 0.0137896
4809.67, 1.00163, 0.00828078, 0.99944, 0.0149388
4809.68, 1.00148, 0.00827465, 0.99946, 0.017237
4809.69, 1.00109, 0.00827335, 0.99946, 0.0183862
4809.7, 1.00073, 0.00827154, 0.99946, 0.0206844
4809.71, 1.00076, 0.00826696, 0.99945, 0.0218336
4809.72, 1.00168, 0.00826873, 0.99943, 0.025281
4809.73, 1.00318, 0.00827638, 0.9994, 0.0275793
4809.74, 1.00426, 0.00828032, 0.99936, 0.0321758
4809.75, 1.00404, 0.0082747, 0.99931, 0.0356232
4809.76, 1.00256, 0.00826063, 0.99925, 0.0413689
4809.77, 1.00187, 0.00825236, 0.99916, 0.0517111
4809.78, 1.00261, 0.00825262, 0.99904, 0.0712464
4809.79, 1.00361, 0.00825066, 0.99882, 0.103422
4809.8, 1.00396, 0.00824641, 0.99843, 0.162028
4809.81, 1.0029, 0.00824025, 0.99769, 0.263152
4809.82, 0.999496, 0.0082169, 0.99631, 0.427479
4809.83, 0.994703, 0.00817919, 0.99387, 0.671095
4809.84, 0.991525, 0.00815422, 0.98981, 1.01124
4809.85, 0.987442, 0.00812302, 0.98358, 1.45021
4809.86, 0.978125, 0.00805085, 0.9748, 1.97766
4809.87, 0.965729, 0.00795552, 0.96341, 2.56602
4809.88, 0.95229, 0.00785594, 0.94988, 3.17621
4809.89, 0.937069, 0.00775124, 0.93519, 3.76802
4809.9, 0.921483, 0.00764682, 0.92069, 4.29892
4809.91, 0.908422, 0.00755422, 0.90786, 4.73214
4809.92, 0.899112, 0.00748521, 0.89807, 5.04356
4809.93, 0.893937, 0.00744614, 0.89232, 5.21937
4809.94, 0.892694, 0.00743246, 0.89121, 5.2527
4809.95, 0.895549, 0.00744569, 0.89483, 5.14123
4809.96, 0.902921, 0.00749243, 0.90282, 4.88957
4809.97, 0.914207, 0.00756878, 0.91435, 4.50921
4809.98, 0.928096, 0.00766423, 0.92819, 4.01853
4809.99, 0.942543, 0.0077625, 0.94291, 3.452
4810, 0.95634, 0.00785416, 0.95705, 2.84296
4810.01, 0.969271, 0.00793815, 0.96945, 2.23852
4810.02, 0.980571, 0.00801116, 0.97939, 1.67889
4810.03, 0.989282, 0.00806858, 0.98671, 1.19625
4810.04, 0.994807, 0.00810605, 0.99166, 0.810141
4810.05, 0.997728, 0.0081252, 0.99474, 0.521708
4810.06, 0.999935, 0.00813495, 0.99652, 0.322907
4810.07, 1.00124, 0.00813581, 0.99748, 0.196502
4810.08, 1.00081, 0.00812657, 0.99797, 0.120659
4810.09, 1.0005, 0.00812027, 0.99819, 0.0781412
4810.1, 1.00156, 0.00812517, 0.99827, 0.0551585
4810.11, 1.00306, 0.00813512, 0.99824, 0.042518
4810.12, 1.00311, 0.00813481, 0.99816, 0.0344741
4810.13, 1.00033, 0.00811167, 0.99803, 0.0310267
4810.14, 0.998714, 0.00809496, 0.99789, 0.0287284
4810.15, 1.00002, 0.00809955, 0.99774, 0.0275793
4810.16, 0.99854, 0.00808746, 0.99761, 0.0275793
4810.17, 0.994196, 0.00805658, 0.99749, 0.0310267
4810.18, 0.991889, 0.00803715, 0.99739, 0.0333249
4810.19, 0.991359, 0.00802872, 0.99731, 0.0356232
4810.2, 0.990776, 0.00802081, 0.99728, 0.0367723
4810.21, 0.989515, 0.00800845, 0.99732, 0.0344741
4810.22, 0.988388, 0.00799641, 0.99748, 0.0287284
4810.23, 0.989087, 0.00799621, 1, 0
4810.24, 0.989827, 0.00799791, 1, 0
4810.25, 0.988564, 0.00798894, 1, 0
4810.26, 0.987363, 0.00797905, 1, 0
4810.27, 0.987405, 0.00797435, 1, 0
4810.28, 0.987449, 0.00796968, 1, 0
4810.29, 0.987353, 0.0079644, 1, 0
