wav, obs, sigma_obs, syn, weight
4813.4, 0.936565, 0.00681214, 1, 0
4813.41, 0.900623, 0.0065884, 1, 0
4813.42, 0.865729, 0.00637093, 1, 0
4813.43, 0.828848, 0.00614156, 1, 0
4813.44, 0.787069, 0.00588316, 1, 0
4813.45, 0.746682, 0.00563489, 1, 0
4813.46, 0.71422, 0.00543638, 0.81699, 0.00633096
4813.47, 0.692653, 0.00530375, 0.77071, 0.0126619
4813.48, 0.683604, 0.00524504, 0.74494, 0.0253239
4813.49, 0.687758, 0.00526426, 0.74208, 0.0253239
4813.5, 0.704731, 0.00536515, 0.75789, 0.0316548
4813.51, 0.732564, 0.00553774, 0.78586, 0.0316548
4813.52, 0.767335, 0.00575116, 0.82019, 0.0379858
4813.53, 0.806563, 0.00598759, 0.85667, 0.0379858
4813.54, 0.84794, 0.00623433, 0.89147, 0.0443167
4813.55, 0.885534, 0.00645943, 0.92222, 0.0569787
4813.56, 0.916168, 0.00664484, 0.94737, 0.0759716
4813.57, 0.942105, 0.00680027, 0.96633, 0.0949644
4813.58, 0.962632, 0.00692053, 0.97943, 0.139281
4813.59, 0.976009, 0.00699655, 0.98764, 0.208922
4813.6, 0.985053, 0.00704728, 0.99223, 0.32921
4813.61, 0.992187, 0.00708826, 0.99433, 0.512808
4813.62, 0.997444, 0.00711897, 0.99481, 0.785039
4813.63, 0.999469, 0.00713027, 0.99422, 1.15224
4813.64, 0.997644, 0.00711768, 0.99289, 1.60173
4813.65, 0.996748, 0.0071102, 0.99104, 2.1272
4813.66, 0.99786, 0.00711478, 0.98886, 2.69066
4813.67, 0.995629, 0.00709938, 0.98658, 3.24145
4813.68, 0.991552, 0.00707009, 0.98442, 3.73527
4813.69, 0.989557, 0.00704872, 0.98256, 4.15311
4813.7, 0.986894, 0.00702684, 0.98115, 4.457
4813.71, 0.982624, 0.00700168, 0.98027, 4.6406
4813.72, 0.979917, 0.00698565, 0.97995, 4.71024
4813.73, 0.978001, 0.00697292, 0.98022, 4.6406
4813.74, 0.974935, 0.00695355, 0.98107, 4.45067
4813.75, 0.97287, 0.00694028, 0.98246, 4.14045
4813.76, 0.973909, 0.0069444, 0.98432, 3.72261
4813.77, 0.978568, 0.00696732, 0.98653, 3.22246
4813.78, 0.983792, 0.00699466, 0.9889, 2.67167
4813.79, 0.986188, 0.00700991, 0.99122, 2.11454
4813.8, 0.987182, 0.00701571, 0.9933, 1.58907
4813.81, 0.988992, 0.0070231, 0.99501, 1.13324
4813.82, 0.993128, 0.00704533, 0.99626, 0.766047
4813.83, 0.996965, 0.00706625, 0.99703, 0.500146
4813.84, 0.997659, 0.00706678, 0.99729, 0.316548
4813.85, 0.997901, 0.00706372, 0.99701, 0.19626
4813.86, 0.99937, 0.00706899, 0.99609, 0.126619
4813.87, 1.00119, 0.00707946, 0.99443, 0.0823025
4813.88, 1.00126, 0.00708008, 0.99194, 0.0633096
4813.89, 0.998162, 0.00705949, 0.98867, 0.0506477
4813.9, 0.993724, 0.00703103, 0.98477, 0.0443167
4813.91, 0.989498, 0.00700277, 0.98054, 0.0379858
4813.92, 0.985865, 0.00697255, 0.97635, 0.0316548
4813.93, 0.981681, 0.00694143, 0.97271, 0.0316548
4813.94, 0.976044, 0.00691085, 0.97004, 0.0316548
4813.95, 0.970413, 0.00687907, 0.96892, 0.0253239
4813.96, 0.965978, 0.00684968, 0.96994, 0.0189929
4813.97, 0.963118, 0.0068306, 0.97344, 0.0189929
4813.98, 0.96135, 0.00681715, 0.97907, 0.00633096
4813.99, 0.960521, 0.00680672, 1, 0
4814, 0.962084, 0.00681441, 1, 0
4814.01, 0.966345, 0.00684158, 1, 0
4814.02, 0.972264, 0.00687483, 1, 0
4814.03, 0.978823, 0.0069091, 1, 0
4814.04, 0.985132, 0.00694297, 1, 0
