wav, obs, sigma_obs, syn, weight
4815.68, 0.99232, 0.00661742, 1, 0
4815.69, 0.994726, 0.0066326, 1, 0
4815.7, 0.996329, 0.00664065, 1, 0
4815.71, 0.997848, 0.00664361, 1, 0
4815.72, 0.997532, 0.00663991, 1, 0
4815.73, 0.995078, 0.00662715, 1, 0
4815.74, 0.991267, 0.00660494, 0.99154, 0.0287668
4815.75, 0.987269, 0.00657994, 0.98808, 0.0431502
4815.76, 0.98232, 0.00654956, 0.98447, 0.0575336
4815.77, 0.974141, 0.00650272, 0.98103, 0.0575336
4815.78, 0.967621, 0.00646351, 0.97804, 0.071917
4815.79, 0.967062, 0.0064543, 0.97559, 0.071917
4815.8, 0.966351, 0.00644931, 0.97364, 0.071917
4815.81, 0.963572, 0.00643695, 0.97192, 0.071917
4815.82, 0.962173, 0.0064268, 0.97001, 0.0863004
4815.83, 0.961979, 0.00642143, 0.96736, 0.100684
4815.84, 0.961065, 0.00641564, 0.96335, 0.115067
4815.85, 0.957042, 0.0063946, 0.95749, 0.186984
4815.86, 0.949092, 0.00635065, 0.94959, 0.287668
4815.87, 0.938166, 0.00628654, 0.9399, 0.445885
4815.88, 0.927241, 0.00622181, 0.9292, 0.690403
4815.89, 0.917894, 0.00616801, 0.91867, 1.02122
4815.9, 0.908439, 0.00611492, 0.90965, 1.46711
4815.91, 0.900824, 0.00607059, 0.90336, 1.97053
4815.92, 0.898653, 0.00605326, 0.90066, 2.5171
4815.93, 0.901213, 0.0060652, 0.90195, 3.04928
4815.94, 0.907781, 0.00610291, 0.90713, 3.53832
4815.95, 0.918858, 0.00616015, 0.91568, 3.92667
4815.96, 0.93171, 0.0062272, 0.92671, 4.22872
4815.97, 0.943203, 0.00629485, 0.93909, 4.40132
4815.98, 0.95486, 0.00636114, 0.95164, 4.45885
4815.99, 0.966337, 0.00642137, 0.96325, 4.40132
4816, 0.97458, 0.00646732, 0.97314, 4.21434
4816.01, 0.981083, 0.00650171, 0.98091, 3.92667
4816.02, 0.987661, 0.0065294, 0.98654, 3.50955
4816.03, 0.991607, 0.00654789, 0.99028, 3.0349
4816.04, 0.993074, 0.00655854, 0.99245, 2.48833
4816.05, 0.994906, 0.00656579, 0.99335, 1.94176
4816.06, 0.995315, 0.00656392, 0.99317, 1.43834
4816.07, 0.992847, 0.00655063, 0.992, 0.992455
4816.08, 0.990162, 0.00653772, 0.98996, 0.661636
4816.09, 0.987924, 0.00652557, 0.98721, 0.417119
4816.1, 0.985115, 0.00650692, 0.98405, 0.244518
4816.11, 0.982125, 0.0064873, 0.98086, 0.158217
4816.12, 0.980183, 0.00647516, 0.97804, 0.100684
4816.13, 0.98095, 0.00647684, 0.97593, 0.071917
4816.14, 0.983152, 0.00649044, 0.97479, 0.071917
4816.15, 0.984688, 0.00650898, 0.97475, 0.0575336
4816.16, 0.987379, 0.00652579, 0.97581, 0.0575336
4816.17, 0.991336, 0.0065387, 0.97786, 0.0575336
4816.18, 0.993657, 0.00655115, 0.98069, 0.0431502
4816.19, 0.995407, 0.00656534, 0.98399, 0.0431502
4816.2, 0.998425, 0.00658048, 0.98744, 0.0431502
4816.21, 1.00061, 0.00658972, 0.99072, 0.0287668
4816.22, 1.00078, 0.00658945, 0.9936, 0.0287668
4816.23, 0.999647, 0.00658155, 1, 0
4816.24, 0.998741, 0.00657346, 1, 0
4816.25, 0.999094, 0.00657084, 1, 0
4816.26, 0.999684, 0.00656926, 1, 0
4816.27, 1.00008, 0.00656683, 1, 0
4816.28, 1.00048, 0.0065644, 1, 0
