wav, obs, sigma_obs, syn, weight
4821.97, 0.982897, 0.00575416, 1, 0
4821.98, 0.985847, 0.00576681, 1, 0
4821.99, 0.988857, 0.00577986, 1, 0
4822, 0.991839, 0.00579272, 1, 0
4822.01, 0.994263, 0.00580205, 1, 0
4822.02, 0.996634, 0.00581248, 1, 0
4822.03, 0.999363, 0.0058275, 0.99844, 0.00763295
4822.04, 1.00118, 0.00583617, 0.99808, 0.0122127
4822.05, 1.00177, 0.00583703, 0.99778, 0.0160292
4822.06, 1.00191, 0.00583808, 0.99755, 0.0190824
4822.07, 1.002, 0.00583938, 0.99737, 0.0221356
4822.08, 1.00202, 0.00583809, 0.99724, 0.0236621
4822.09, 1.00156, 0.00583188, 0.99716, 0.0267153
4822.1, 1.00126, 0.00582798, 0.99714, 0.0290052
4822.11, 1.00138, 0.00583082, 0.99717, 0.0320584
4822.12, 1.0003, 0.00582808, 0.99725, 0.0358749
4822.13, 0.998903, 0.00581892, 0.99735, 0.0404546
4822.14, 0.999077, 0.00581093, 0.99746, 0.0457977
4822.15, 0.997797, 0.00580144, 0.99757, 0.0519041
4822.16, 0.993841, 0.00578758, 0.99765, 0.0625902
4822.17, 0.989735, 0.0057707, 0.99769, 0.0786194
4822.18, 0.987965, 0.00576043, 0.99764, 0.103045
4822.19, 0.988525, 0.00575919, 0.99744, 0.143499
4822.2, 0.987172, 0.00575056, 0.99699, 0.209143
4822.21, 0.985098, 0.00574024, 0.99614, 0.310661
4822.22, 0.985952, 0.00574349, 0.99465, 0.460267
4822.23, 0.988474, 0.00575369, 0.99224, 0.66712
4822.24, 0.990101, 0.00575972, 0.98862, 0.931983
4822.25, 0.988653, 0.00575298, 0.98357, 1.24875
4822.26, 0.985689, 0.00573911, 0.97711, 1.60368
4822.27, 0.982541, 0.00572346, 0.96951, 1.97235
4822.28, 0.978162, 0.00570314, 0.96135, 2.3311
4822.29, 0.972442, 0.00567609, 0.95339, 2.65245
4822.3, 0.966131, 0.00564424, 0.94642, 2.91731
4822.31, 0.960575, 0.0056174, 0.94112, 3.1089
4822.32, 0.957408, 0.00560121, 0.93797, 3.2211
4822.33, 0.957842, 0.00559677, 0.93724, 3.24629
4822.34, 0.960512, 0.00560623, 0.93898, 3.18752
4822.35, 0.964448, 0.00562845, 0.94306, 3.04478
4822.36, 0.970023, 0.00565744, 0.9491, 2.82343
4822.37, 0.976362, 0.00568738, 0.95654, 2.53643
4822.38, 0.982654, 0.00571609, 0.96464, 2.19982
4822.39, 0.989406, 0.00574763, 0.97259, 1.83725
4822.4, 0.995194, 0.00577451, 0.9797, 1.47698
4822.41, 0.99792, 0.00578515, 0.98548, 1.14571
4822.42, 0.998453, 0.00578486, 0.98974, 0.865576
4822.43, 0.997982, 0.00578118, 0.99255, 0.657197
4822.44, 0.997101, 0.00577809, 0.99405, 0.528963
4822.45, 0.995225, 0.00576888, 0.99444, 0.485456
4822.46, 0.991692, 0.00574937, 0.99378, 0.525147
4822.47, 0.986559, 0.00572612, 0.99208, 0.639641
4822.48, 0.980955, 0.00570135, 0.98929, 0.815199
4822.49, 0.976107, 0.00567583, 0.98544, 1.0335
4822.5, 0.971818, 0.00565453, 0.98072, 1.27241
4822.51, 0.966877, 0.00563151, 0.97546, 1.5098
4822.52, 0.959925, 0.00559481, 0.97018, 1.72581
4822.53, 0.952166, 0.00555451, 0.96539, 1.90518
4822.54, 0.9451, 0.00551951, 0.96157, 2.038
4822.55, 0.939567, 0.00548888, 0.95904, 2.1212
4822.56, 0.936239, 0.00546992, 0.95801, 2.15325
4822.57, 0.93535, 0.00546805, 0.95852, 2.13112
4822.58, 0.936378, 0.00547563, 0.96049, 2.05403
4822.59, 0.939976, 0.00549313, 0.96376, 1.91053
4822.6, 0.946491, 0.00552262, 0.96802, 1.68765
4822.61, 0.951814, 0.00554602, 0.97294, 1.38156
4822.62, 0.953685, 0.00555433, 0.97823, 1.019
4822.63, 0.953191, 0.00555365, 0.9836, 0.656434
4822.64, 0.951869, 0.00554741, 1, 0
4822.65, 0.950901, 0.00553986, 1, 0
4822.66, 0.950661, 0.00553846, 1, 0
4822.67, 0.951597, 0.00554334, 1, 0
4822.68, 0.953879, 0.00555082, 1, 0
4822.69, 0.956439, 0.00555872, 1, 0
