wav, obs, sigma_obs, syn, weight
4831.69, 0.788744, 0.00452632, 1, 0
4831.7, 0.82316, 0.0046864, 1, 0
4831.71, 0.857575, 0.00484649, 1, 0
4831.72, 0.892155, 0.00500727, 1, 0
4831.73, 0.928335, 0.00517475, 1, 0
4831.74, 0.954897, 0.00530169, 1, 0
4831.75, 0.970715, 0.00537861, 0.99172, 0.0104558
4831.76, 0.98091, 0.00542241, 0.99391, 0.0209116
4831.77, 0.987833, 0.00545204, 0.99593, 0.0261395
4831.78, 0.992774, 0.00547492, 0.9973, 0.0313674
4831.79, 0.996387, 0.00548917, 0.99805, 0.0418231
4831.8, 0.99845, 0.00549672, 0.99839, 0.0418231
4831.81, 0.999672, 0.00550383, 0.99852, 0.0418231
4831.82, 1.00107, 0.00551465, 0.99855, 0.047051
4831.83, 1.00158, 0.00551701, 0.99854, 0.047051
4831.84, 1.00097, 0.00551097, 0.9985, 0.0522789
4831.85, 0.999902, 0.00550556, 0.99845, 0.0522789
4831.86, 0.99811, 0.00549576, 0.99841, 0.0575068
4831.87, 0.995023, 0.00547973, 0.99837, 0.0679626
4831.88, 0.99005, 0.00545935, 0.99833, 0.0784184
4831.89, 0.983102, 0.00543236, 0.99831, 0.104558
4831.9, 0.977726, 0.00541135, 0.9983, 0.146381
4831.91, 0.977912, 0.00541122, 0.99826, 0.224799
4831.92, 0.979868, 0.00541395, 0.99816, 0.355497
4831.93, 0.979964, 0.00541198, 0.99791, 0.575068
4831.94, 0.978005, 0.00541153, 0.99738, 0.899197
4831.95, 0.979648, 0.00541815, 0.99637, 1.33311
4831.96, 0.983963, 0.0054306, 0.99466, 1.86636
4831.97, 0.98579, 0.00544202, 0.99203, 2.47802
4831.98, 0.985701, 0.00544497, 0.98831, 3.1106
4831.99, 0.984279, 0.00543855, 0.98352, 3.7118
4832, 0.981672, 0.00542717, 0.97781, 4.22936
4832.01, 0.979023, 0.00541433, 0.97151, 4.65282
4832.02, 0.973311, 0.00538887, 0.96508, 4.93513
4832.03, 0.962088, 0.00534155, 0.95906, 5.08674
4832.04, 0.953566, 0.00529932, 0.95397, 5.10765
4832.05, 0.949629, 0.0052757, 0.95032, 4.99264
4832.06, 0.947208, 0.00526654, 0.94846, 4.7417
4832.07, 0.946575, 0.00526125, 0.94859, 4.35483
4832.08, 0.948602, 0.00526902, 0.95067, 3.85818
4832.09, 0.953839, 0.00530181, 0.95445, 3.27789
4832.1, 0.96191, 0.00533934, 0.95952, 2.65054
4832.11, 0.971141, 0.00537611, 0.96536, 2.03365
4832.12, 0.979622, 0.00541648, 0.97147, 1.48472
4832.13, 0.986884, 0.00545334, 0.9774, 1.01944
4832.14, 0.991981, 0.00547877, 0.98278, 0.66917
4832.15, 0.994814, 0.00549144, 0.98734, 0.433915
4832.16, 0.998214, 0.00550329, 0.99089, 0.277078
4832.17, 0.999604, 0.00550914, 0.99332, 0.188204
4832.18, 0.996534, 0.00550113, 0.99457, 0.141153
4832.19, 0.995685, 0.00549455, 0.99462, 0.120242
4832.2, 0.994995, 0.00548553, 0.99348, 0.104558
4832.21, 0.99025, 0.00546678, 0.99119, 0.0993299
4832.22, 0.987097, 0.00545575, 0.98793, 0.0993299
4832.23, 0.985814, 0.00545028, 0.98403, 0.0941021
4832.24, 0.983266, 0.00543747, 0.97998, 0.0941021
4832.25, 0.978531, 0.00541435, 0.97635, 0.0993299
4832.26, 0.973941, 0.00539261, 0.97365, 0.0993299
4832.27, 0.971555, 0.0053822, 0.97222, 0.104558
4832.28, 0.969214, 0.00537302, 0.9722, 0.104558
4832.29, 0.967124, 0.00536561, 0.97344, 0.109786
4832.3, 0.967744, 0.00537034, 0.97551, 0.104558
4832.31, 0.974047, 0.0053992, 0.97778, 0.0888742
4832.32, 0.982866, 0.00543761, 0.97967, 0.0731905
4832.33, 0.989613, 0.00546607, 0.98123, 0.047051
4832.34, 0.993805, 0.00548491, 1, 0
4832.35, 0.9948, 0.00549113, 1, 0
4832.36, 0.990946, 0.00547506, 1, 0
4832.37, 0.979346, 0.0054206, 1, 0
4832.38, 0.957321, 0.00531721, 1, 0
4832.39, 0.925859, 0.00517176, 1, 0
