wav, obs, sigma_obs, syn, weight
4835.49, 0.983149, 0.0055645, 1, 0
4835.5, 0.980872, 0.00555495, 1, 0
4835.51, 0.979533, 0.00554849, 1, 0
4835.52, 0.979781, 0.0055489, 1, 0
4835.53, 0.981791, 0.00555914, 1, 0
4835.54, 0.985695, 0.00557775, 1, 0
4835.55, 0.989836, 0.00559593, 0.99905, 0.00955755
4835.56, 0.992477, 0.00560745, 0.99892, 0.0139687
4835.57, 0.996236, 0.00562881, 0.9987, 0.0191151
4835.58, 0.999362, 0.00564542, 0.99833, 0.0235263
4835.59, 0.99935, 0.00563997, 0.99765, 0.0257319
4835.6, 1.00063, 0.00564776, 0.99647, 0.0286726
4835.61, 1.00132, 0.00565824, 0.99455, 0.0308782
4835.62, 0.998406, 0.00564823, 0.99169, 0.033819
4835.63, 0.99506, 0.00563231, 0.98789, 0.0367598
4835.64, 0.993225, 0.00562088, 0.9834, 0.0404358
4835.65, 0.992109, 0.00561392, 0.97885, 0.0448469
4835.66, 0.989123, 0.00560403, 0.97505, 0.0499933
4835.67, 0.987943, 0.00559925, 0.9728, 0.0566101
4835.68, 0.98935, 0.00560081, 0.97259, 0.0646972
4835.69, 0.988766, 0.00559814, 0.97437, 0.0757252
4835.7, 0.988713, 0.00560296, 0.97762, 0.0926347
4835.71, 0.989772, 0.00561286, 0.98155, 0.118367
4835.72, 0.9895, 0.00561159, 0.98534, 0.163213
4835.73, 0.990286, 0.00561253, 0.98837, 0.239674
4835.74, 0.99185, 0.00561945, 0.99024, 0.365392
4835.75, 0.991524, 0.00562147, 0.99065, 0.558749
4835.76, 0.989052, 0.00560718, 0.98908, 0.833712
4835.77, 0.983049, 0.0055744, 0.98439, 1.19543
4835.78, 0.971539, 0.00552153, 0.97453, 1.63434
4835.79, 0.953434, 0.00543449, 0.95654, 2.13648
4835.8, 0.925569, 0.00530432, 0.92719, 2.68126
4835.81, 0.885302, 0.00512188, 0.88432, 3.24295
4835.82, 0.833122, 0.00487355, 0.8285, 3.79435
4835.83, 0.769588, 0.0045651, 0.76415, 4.3009
4835.84, 0.700503, 0.00423155, 0.69941, 4.72878
4835.85, 0.639234, 0.00393672, 0.6446, 5.04859
4835.86, 0.597855, 0.00373843, 0.60955, 5.2368
4835.87, 0.586292, 0.00368406, 0.601, 5.28018
4835.88, 0.609551, 0.00379714, 0.6206, 5.17798
4835.89, 0.659366, 0.00403872, 0.66443, 4.93463
4835.9, 0.725164, 0.00435738, 0.7241, 4.56704
4835.91, 0.79576, 0.00469744, 0.789, 4.10239
4835.92, 0.855317, 0.00498185, 0.84914, 3.57379
4835.93, 0.900297, 0.00519234, 0.89751, 3.01357
4835.94, 0.933812, 0.00534685, 0.93128, 2.45629
4835.95, 0.951585, 0.00543741, 0.95155, 1.92548
4835.96, 0.959077, 0.00548103, 0.96194, 1.44613
4835.97, 0.963822, 0.0055026, 0.96679, 1.03663
4835.98, 0.965136, 0.00550954, 0.96975, 0.709464
4835.99, 0.967229, 0.00552231, 0.97297, 0.469055
4836, 0.972662, 0.00554865, 0.9771, 0.305106
4836.01, 0.977617, 0.00556908, 0.98169, 0.202179
4836.02, 0.981547, 0.00558611, 0.98574, 0.140422
4836.03, 0.984133, 0.00560134, 0.9881, 0.105133
4836.04, 0.983953, 0.00560497, 0.98771, 0.0830771
4836.05, 0.981246, 0.0055919, 0.98361, 0.0691084
4836.06, 0.975005, 0.00555879, 0.97501, 0.0595509
4836.07, 0.962944, 0.0055021, 0.96157, 0.0514637
4836.08, 0.944553, 0.0054177, 0.94393, 0.0463173
4836.09, 0.922951, 0.00531496, 0.92408, 0.0404358
4836.1, 0.902221, 0.00521169, 0.90528, 0.0367598
4836.11, 0.882818, 0.005121, 0.89131, 0.0330838
4836.12, 0.87129, 0.00506933, 0.88516, 0.0316134
4836.13, 0.873199, 0.00507624, 0.88783, 0.0294078
4836.14, 0.88355, 0.0051278, 0.8976, 0.0279374
4836.15, 0.897834, 0.00520212, 0.91032, 0.0286726
4836.16, 0.911903, 0.00527195, 0.92059, 0.0279374
4836.17, 0.920997, 0.00530887, 0.92346, 0.026467
4836.18, 0.921848, 0.00531205, 0.91631, 0.0213207
4836.19, 0.913194, 0.00527738, 0.90008, 0.0154391
4836.2, 0.896864, 0.00519553, 1, 0
4836.21, 0.88044, 0.00511284, 1, 0
4836.22, 0.868328, 0.00505795, 1, 0
4836.23, 0.85968, 0.00502342, 1, 0
4836.24, 0.851661, 0.0049925, 1, 0
4836.25, 0.843288, 0.00495955, 1, 0
