wav, obs, sigma_obs, syn, weight
4845.24, 1.0012, 0.00841873, 1, 0
4845.25, 1.00196, 0.00842892, 1, 0
4845.26, 1.00224, 0.00843481, 1, 0
4845.27, 1.00097, 0.00842638, 1, 0
4845.28, 0.999053, 0.00841062, 1, 0
4845.29, 0.99729, 0.00839487, 1, 0
4845.3, 0.994612, 0.00837308, 0.99204, 0.00634613
4845.31, 0.991634, 0.0083494, 0.98813, 0.00916664
4845.32, 0.991101, 0.00834123, 0.98469, 0.0119871
4845.33, 0.99157, 0.0083409, 0.98242, 0.0148076
4845.34, 0.990101, 0.0083314, 0.98149, 0.016923
4845.35, 0.989117, 0.00832615, 0.98168, 0.0183333
4845.36, 0.990343, 0.00833315, 0.98269, 0.0190384
4845.37, 0.991005, 0.00833219, 0.98426, 0.0204486
4845.38, 0.991218, 0.00832788, 0.98625, 0.022564
4845.39, 0.993949, 0.00834752, 0.98846, 0.0239743
4845.4, 0.997203, 0.00837298, 0.99071, 0.0260897
4845.41, 0.997978, 0.00837657, 0.99282, 0.0296153
4845.42, 0.99841, 0.00837641, 0.99461, 0.0317307
4845.43, 0.999774, 0.00838413, 0.99602, 0.0352563
4845.44, 1.00026, 0.00838559, 0.997, 0.039487
4845.45, 1.00032, 0.00838367, 0.99761, 0.0444229
4845.46, 1.00174, 0.00839161, 0.99792, 0.0507691
4845.47, 1.00192, 0.00839154, 0.99796, 0.0592306
4845.48, 0.99925, 0.00837152, 0.99777, 0.072628
4845.49, 0.998994, 0.00836653, 0.99723, 0.0958971
4845.5, 1.00169, 0.00838133, 0.9961, 0.136794
4845.51, 1.00093, 0.00837527, 0.99391, 0.208717
4845.52, 0.996522, 0.0083435, 0.98993, 0.328589
4845.53, 0.991697, 0.00830315, 0.98318, 0.513332
4845.54, 0.986222, 0.00826099, 0.97265, 0.774933
4845.55, 0.977821, 0.008206, 0.9575, 1.11762
4845.56, 0.962236, 0.00809811, 0.93737, 1.53365
4845.57, 0.9386, 0.0079286, 0.91259, 2.0089
4845.58, 0.909443, 0.00772135, 0.88428, 2.52506
4845.59, 0.875368, 0.00748089, 0.85415, 3.06025
4845.6, 0.837348, 0.00721229, 0.82431, 3.5905
4845.61, 0.80111, 0.00695698, 0.79693, 4.0862
4845.62, 0.771134, 0.00674613, 0.77387, 4.51633
4845.63, 0.748249, 0.00658217, 0.75651, 4.84844
4845.64, 0.733375, 0.00647376, 0.74572, 5.05928
4845.65, 0.727629, 0.00643385, 0.74191, 5.13191
4845.66, 0.731309, 0.00646017, 0.74522, 5.06069
4845.67, 0.744228, 0.00654705, 0.75553, 4.84986
4845.68, 0.765673, 0.00669428, 0.77244, 4.51704
4845.69, 0.793449, 0.00688829, 0.79514, 4.08761
4845.7, 0.82379, 0.00709931, 0.82228, 3.59121
4845.71, 0.854574, 0.00731308, 0.85202, 3.06025
4845.72, 0.884136, 0.00752013, 0.88223, 2.52506
4845.73, 0.90824, 0.00768818, 0.91077, 2.00961
4845.74, 0.924808, 0.00780064, 0.93587, 1.53506
4845.75, 0.937345, 0.00788365, 0.95638, 1.11903
4845.76, 0.947074, 0.00794807, 0.97191, 0.777049
4845.77, 0.952698, 0.00798674, 0.98275, 0.514742
4845.78, 0.955133, 0.00800342, 0.98974, 0.328589
4845.79, 0.956395, 0.00800926, 0.99389, 0.208717
4845.8, 0.958605, 0.00802177, 0.99618, 0.136794
4845.81, 0.962753, 0.00804923, 0.99739, 0.095192
4845.82, 0.968028, 0.00808378, 0.99802, 0.072628
4845.83, 0.972828, 0.00811482, 0.99837, 0.0592306
4845.84, 0.975757, 0.00813459, 0.99858, 0.0514742
4845.85, 0.979169, 0.00815684, 0.9987, 0.0465383
4845.86, 0.984886, 0.00819252, 0.99878, 0.0437178
4845.87, 0.990387, 0.00822822, 0.99881, 0.0423075
4845.88, 0.994634, 0.00825715, 0.99882, 0.0423075
4845.89, 0.998817, 0.00828328, 0.99884, 0.0416024
4845.9, 1.00197, 0.00830116, 0.99893, 0.0387819
4845.91, 1.00259, 0.00830381, 0.99911, 0.0324358
4845.92, 1.00213, 0.00830031, 0.99937, 0.0232692
4845.93, 1.00173, 0.00829669, 1, 0
4845.94, 1.00074, 0.0082867, 1, 0
4845.95, 0.999662, 0.0082754, 1, 0
4845.96, 0.999948, 0.00827641, 1, 0
4845.97, 1.00118, 0.00828603, 1, 0
4845.98, 1.00204, 0.00829234, 1, 0
