wav, obs, sigma_obs, syn, weight
4848.51, 0.922909, 0.00709629, 1, 0
4848.52, 0.938546, 0.00719204, 1, 0
4848.53, 0.954154, 0.0072876, 1, 0
4848.54, 0.965051, 0.00735263, 1, 0
4848.55, 0.972728, 0.00739712, 1, 0
4848.56, 0.98142, 0.00744907, 1, 0
4848.57, 0.988267, 0.00749034, 1, 0
4848.58, 0.990322, 0.00750178, 0.99557, 0.00452657
4848.59, 0.990229, 0.00749963, 0.99642, 0.00603543
4848.6, 0.990003, 0.00749588, 0.99732, 0.00754428
4848.61, 0.990168, 0.00749303, 0.99804, 0.00829871
4848.62, 0.991205, 0.00749447, 0.9985, 0.00905314
4848.63, 0.993021, 0.00750088, 0.99877, 0.00980757
4848.64, 0.993742, 0.0075028, 0.99891, 0.010562
4848.65, 0.994333, 0.00750609, 0.99899, 0.0113164
4848.66, 0.999308, 0.00753557, 0.99902, 0.0128253
4848.67, 1.00427, 0.00756345, 0.99902, 0.0143341
4848.68, 1.00246, 0.00754887, 0.99899, 0.0165974
4848.69, 1.00139, 0.0075389, 0.99893, 0.0196151
4848.7, 1.00541, 0.00756075, 0.99882, 0.0241417
4848.71, 1.00681, 0.00756643, 0.99863, 0.0309316
4848.72, 1.00509, 0.00755183, 0.9983, 0.0452657
4848.73, 1.00552, 0.0075483, 0.99775, 0.0724251
4848.74, 1.00608, 0.00754753, 0.99678, 0.123726
4848.75, 1.0033, 0.00753029, 0.99506, 0.215012
4848.76, 0.996614, 0.00748716, 0.99196, 0.365143
4848.77, 0.988118, 0.00742931, 0.98654, 0.592981
4848.78, 0.981124, 0.00738083, 0.97753, 0.908332
4848.79, 0.969743, 0.00730679, 0.96358, 1.31346
4848.8, 0.947146, 0.00716473, 0.94362, 1.79856
4848.81, 0.91755, 0.00697885, 0.91733, 2.34476
4848.82, 0.883472, 0.00676317, 0.88543, 2.92794
4848.83, 0.84267, 0.00650349, 0.84982, 3.51488
4848.84, 0.799691, 0.00622982, 0.81334, 4.07165
4848.85, 0.762508, 0.00599375, 0.77937, 4.56052
4848.86, 0.734618, 0.00581531, 0.75125, 4.94905
4848.87, 0.71782, 0.00570515, 0.73181, 5.2131
4848.88, 0.712985, 0.00567204, 0.72302, 5.33381
4848.89, 0.72008, 0.00571664, 0.72578, 5.30439
4848.9, 0.738386, 0.0058326, 0.73982, 5.1271
4848.91, 0.767008, 0.00601001, 0.76378, 4.81401
4848.92, 0.803805, 0.00623403, 0.79526, 4.38248
4848.93, 0.843868, 0.00648099, 0.83113, 3.86343
4848.94, 0.882549, 0.00672285, 0.86793, 3.29157
4848.95, 0.916143, 0.00693082, 0.9024, 2.70161
4848.96, 0.942991, 0.00709474, 0.932, 2.129
4848.97, 0.962739, 0.00721449, 0.95523, 1.60316
4848.98, 0.976151, 0.00729385, 0.9718, 1.14673
4848.99, 0.983394, 0.00733455, 0.98237, 0.774798
4849, 0.983874, 0.00733608, 0.98822, 0.494905
4849.01, 0.980403, 0.00731303, 0.99079, 0.297999
4849.02, 0.976666, 0.00728394, 0.99132, 0.173519
4849.03, 0.971379, 0.00724576, 0.99063, 0.0995846
4849.04, 0.963308, 0.00719442, 0.98905, 0.0595999
4849.05, 0.953504, 0.00713371, 0.98642, 0.0384759
4849.06, 0.943152, 0.00706863, 0.98217, 0.0279139
4849.07, 0.932922, 0.00700239, 0.97547, 0.0218784
4849.08, 0.921066, 0.00692651, 0.96545, 0.0188607
4849.09, 0.90587, 0.00683068, 0.95153, 0.015843
4849.1, 0.887521, 0.00671002, 0.93369, 0.0135797
4849.11, 0.867059, 0.00658046, 0.91267, 0.0120709
4849.12, 0.846089, 0.00647085, 0.88995, 0.010562
4849.13, 0.82604, 0.00636072, 0.86754, 0.00905314
4849.14, 0.808834, 0.0062334, 0.84778, 0.00829871
4849.15, 0.797993, 0.00614484, 0.83295, 0.00754428
4849.16, 0.794744, 0.00612059, 0.82529, 0.00603543
4849.17, 0.797454, 0.0061357, 0.82698, 0.005281
4849.18, 0.808043, 0.0062002, 0.83974, 0.00452657
4849.19, 0.828464, 0.00633022, 1, 0
4849.2, 0.852943, 0.00648426, 1, 0
4849.21, 0.877185, 0.00663181, 1, 0
4849.22, 0.902044, 0.00678085, 1, 0
4849.23, 0.927658, 0.00693393, 1, 0
4849.24, 0.953095, 0.00708606, 1, 0
4849.25, 0.978509, 0.00723806, 1, 0
