wav, obs, sigma_obs, syn, weight
4869.1, 0.989296, 0.00515736, 1, 0
4869.11, 0.986774, 0.00514612, 1, 0
4869.12, 0.983879, 0.00513477, 1, 0
4869.13, 0.980261, 0.00512261, 1, 0
4869.14, 0.977416, 0.00510822, 1, 0
4869.15, 0.976543, 0.00510053, 1, 0
4869.16, 0.977893, 0.00511002, 0.9896, 0.0321581
4869.17, 0.980303, 0.0051229, 0.99051, 0.0497932
4869.18, 0.983184, 0.00513391, 0.99179, 0.0643163
4869.19, 0.986707, 0.00514829, 0.99319, 0.0757272
4869.2, 0.990794, 0.00516293, 0.99447, 0.0819514
4869.21, 0.994563, 0.00517677, 0.99549, 0.0850634
4869.22, 0.996786, 0.00519122, 0.99621, 0.0871382
4869.23, 0.997958, 0.00520043, 0.99665, 0.0892129
4869.24, 0.998971, 0.0052041, 0.99688, 0.0912876
4869.25, 1.00024, 0.00520819, 0.99696, 0.0933623
4869.26, 1.00033, 0.00520879, 0.99691, 0.0964744
4869.27, 0.999103, 0.00520471, 0.99673, 0.0995865
4869.28, 0.998404, 0.00520139, 0.99637, 0.102699
4869.29, 0.998826, 0.00520219, 0.99566, 0.107885
4869.3, 0.999336, 0.00520364, 0.9944, 0.116184
4869.31, 0.997971, 0.00519695, 0.99228, 0.131745
4869.32, 0.996326, 0.00518884, 0.98908, 0.161828
4869.33, 0.994905, 0.00518259, 0.98475, 0.21992
4869.34, 0.991305, 0.00516975, 0.97955, 0.321581
4869.35, 0.9869, 0.00515198, 0.97399, 0.490671
4869.36, 0.982985, 0.00513332, 0.96864, 0.745861
4869.37, 0.978184, 0.00511343, 0.96365, 1.0996
4869.38, 0.971149, 0.00508433, 0.95832, 1.54774
4869.39, 0.960647, 0.00503791, 0.95092, 2.07472
4869.4, 0.945452, 0.00497118, 0.93909, 2.64838
4869.41, 0.924357, 0.00487922, 0.92079, 3.22619
4869.42, 0.897253, 0.00476094, 0.89564, 3.76561
4869.43, 0.866225, 0.00462542, 0.86582, 4.22828
4869.44, 0.834848, 0.00448989, 0.8361, 4.58824
4869.45, 0.809074, 0.00438021, 0.81269, 4.82787
4869.46, 0.797694, 0.00433005, 0.80126, 4.94198
4869.47, 0.802836, 0.0043513, 0.80495, 4.92642
4869.48, 0.822105, 0.00443707, 0.82322, 4.7843
4869.49, 0.851719, 0.0045669, 0.8521, 4.51562
4869.5, 0.8853, 0.00471253, 0.88567, 4.13284
4869.51, 0.916361, 0.00484637, 0.91802, 3.65358
4869.52, 0.94185, 0.00495236, 0.94495, 3.11
4869.53, 0.959436, 0.0050263, 0.96461, 2.54257
4869.54, 0.96902, 0.00507244, 0.97734, 1.9938
4869.55, 0.975651, 0.00509941, 0.98474, 1.5021
4869.56, 0.979833, 0.00511367, 0.98872, 1.09338
4869.57, 0.980618, 0.0051224, 0.99089, 0.779057
4869.58, 0.983655, 0.00513943, 0.99226, 0.556024
4869.59, 0.988726, 0.00516154, 0.99331, 0.409757
4869.6, 0.992009, 0.0051763, 0.99422, 0.317432
4869.61, 0.995452, 0.00518704, 0.99498, 0.262452
4869.62, 0.998516, 0.00519561, 0.99556, 0.225107
4869.63, 0.998942, 0.00520077, 0.99594, 0.199173
4869.64, 0.998891, 0.00520362, 0.99615, 0.1805
4869.65, 0.999065, 0.00520428, 0.9962, 0.165977
4869.66, 0.998586, 0.00520266, 0.99613, 0.154567
4869.67, 0.998677, 0.00520289, 0.99596, 0.146268
4869.68, 0.999335, 0.00520531, 0.99572, 0.141081
4869.69, 0.999394, 0.00520671, 0.99544, 0.137969
4869.7, 0.999641, 0.00520803, 0.99516, 0.136931
4869.71, 0.99977, 0.00520647, 0.99492, 0.134857
4869.72, 0.998645, 0.00519841, 0.99474, 0.132782
4869.73, 0.998607, 0.00519798, 0.99465, 0.124483
4869.74, 1.00024, 0.00520603, 0.99464, 0.108923
4869.75, 1.00132, 0.00520691, 0.9947, 0.0840261
4869.76, 1.00044, 0.0052017, 0.99484, 0.05498
4869.77, 0.998737, 0.00519819, 1, 0
4869.78, 0.999079, 0.00520289, 1, 0
4869.79, 0.999811, 0.0052074, 1, 0
4869.8, 0.999572, 0.00520653, 1, 0
4869.81, 0.999456, 0.00520632, 1, 0
4869.82, 0.999378, 0.00520632, 1, 0
