wav, obs, sigma_obs, syn, weight
4874, 0.732897, 0.0041675, 1, 0
4874.01, 0.739309, 0.0042006, 1, 0
4874.02, 0.750513, 0.00425465, 1, 0
4874.03, 0.781492, 0.00439487, 1, 0
4874.04, 0.822591, 0.00457791, 1, 0
4874.05, 0.864397, 0.00476409, 1, 0
4874.06, 0.903427, 0.00494013, 0.89656, 0.0221477
4874.07, 0.936368, 0.00508555, 0.93228, 0.0343289
4874.08, 0.961426, 0.00519381, 0.95933, 0.0465102
4874.09, 0.978273, 0.00526893, 0.97715, 0.0564766
4874.1, 0.987307, 0.00530818, 0.98748, 0.0609062
4874.11, 0.99162, 0.00532902, 0.99288, 0.0642283
4874.12, 0.994673, 0.00535078, 0.99545, 0.0664431
4874.13, 0.996324, 0.0053604, 0.9966, 0.0675505
4874.14, 0.997508, 0.00536227, 0.9971, 0.0697653
4874.15, 0.999062, 0.00536676, 0.99732, 0.0697653
4874.16, 0.99973, 0.00536899, 0.99741, 0.07198
4874.17, 1.00041, 0.00537562, 0.99741, 0.0741948
4874.18, 1.0019, 0.00538817, 0.99737, 0.0786243
4874.19, 1.00282, 0.00538993, 0.9973, 0.0852687
4874.2, 1.00313, 0.0053893, 0.99722, 0.0974499
4874.21, 1.00376, 0.00539638, 0.99715, 0.125135
4874.22, 1.00544, 0.00540502, 0.99707, 0.180504
4874.23, 1.00559, 0.0054049, 0.99692, 0.282383
4874.24, 1.00463, 0.00539872, 0.99652, 0.451813
4874.25, 1.006, 0.00539975, 0.99548, 0.714263
4874.26, 1.00224, 0.00538499, 0.99307, 1.08081
4874.27, 0.993306, 0.00535277, 0.98803, 1.55145
4874.28, 0.986719, 0.005323, 0.97861, 2.10625
4874.29, 0.972346, 0.0052591, 0.96288, 2.70977
4874.3, 0.946233, 0.00514612, 0.93957, 3.31883
4874.31, 0.913373, 0.00499995, 0.90907, 3.88581
4874.32, 0.875326, 0.00482763, 0.87421, 4.36974
4874.33, 0.837634, 0.00465687, 0.84026, 4.74293
4874.34, 0.8085, 0.0045273, 0.8138, 4.98656
4874.35, 0.793149, 0.00446203, 0.80069, 5.09619
4874.36, 0.797765, 0.00448462, 0.80405, 5.06961
4874.37, 0.823794, 0.00459904, 0.82307, 4.90572
4874.38, 0.85989, 0.00476014, 0.85332, 4.60894
4874.39, 0.897362, 0.00493062, 0.8884, 4.18924
4874.4, 0.930869, 0.00508303, 0.92205, 3.66766
4874.41, 0.956883, 0.00519559, 0.94989, 3.07853
4874.42, 0.973428, 0.00526822, 0.97012, 2.46615
4874.43, 0.982217, 0.00531263, 0.98315, 1.8748
4874.44, 0.988636, 0.00534086, 0.99065, 1.35212
4874.45, 0.990658, 0.00534888, 0.99454, 0.920237
4874.46, 0.988929, 0.00534541, 0.99638, 0.595773
4874.47, 0.990077, 0.00535617, 0.9972, 0.372081
4874.48, 0.992316, 0.00536431, 0.99755, 0.231443
4874.49, 0.993486, 0.0053636, 0.99769, 0.150604
4874.5, 0.994431, 0.00537088, 0.99772, 0.107416
4874.51, 0.996752, 0.00538297, 0.99765, 0.086376
4874.52, 0.999275, 0.00539076, 0.99748, 0.077517
4874.53, 0.999274, 0.00538979, 0.99713, 0.07198
4874.54, 0.998147, 0.00539165, 0.99655, 0.0675505
4874.55, 0.997428, 0.0053945, 0.99565, 0.0653357
4874.56, 0.997428, 0.00538958, 0.99436, 0.0653357
4874.57, 0.996865, 0.00538536, 0.99256, 0.063121
4874.58, 0.99584, 0.00538458, 0.99015, 0.0620136
4874.59, 0.99467, 0.00538144, 0.987, 0.0609062
4874.6, 0.991928, 0.00536635, 0.98302, 0.0586914
4874.61, 0.988475, 0.0053525, 0.97832, 0.0553693
4874.62, 0.985559, 0.00534838, 0.97327, 0.0476176
4874.63, 0.982781, 0.00533423, 0.96861, 0.0365437
4874.64, 0.981475, 0.00532282, 0.96533, 0.0232551
4874.65, 0.981661, 0.0053237, 1, 0
4874.66, 0.980737, 0.0053203, 1, 0
4874.67, 0.980563, 0.00531977, 1, 0
4874.68, 0.982378, 0.00532805, 1, 0
4874.69, 0.98391, 0.00533507, 1, 0
4874.7, 0.985397, 0.0053419, 1, 0
