wav, obs, sigma_obs, syn, weight
4877.25, 0.995251, 0.00560354, 1, 0
4877.26, 0.994997, 0.00560554, 1, 0
4877.27, 0.994789, 0.00560764, 1, 0
4877.28, 0.995162, 0.00561096, 1, 0
4877.29, 0.996873, 0.0056169, 1, 0
4877.3, 0.998452, 0.00562295, 1, 0
4877.31, 0.997312, 0.005625, 0.99561, 0.0301775
4877.32, 0.99768, 0.00563182, 0.9955, 0.0474219
4877.33, 0.999243, 0.00563802, 0.9954, 0.0629417
4877.34, 0.998513, 0.0056335, 0.99529, 0.0732883
4877.35, 0.998633, 0.00563697, 0.99518, 0.0793238
4877.36, 0.999488, 0.0056437, 0.99507, 0.0827727
4877.37, 0.999072, 0.00564038, 0.99494, 0.0853593
4877.38, 0.997544, 0.00563366, 0.99481, 0.087946
4877.39, 0.99674, 0.00563295, 0.99466, 0.0905326
4877.4, 0.997419, 0.00563781, 0.99451, 0.0939815
4877.41, 0.998211, 0.00563776, 0.99434, 0.0965681
4877.42, 0.999276, 0.00564304, 0.99416, 0.100879
4877.43, 0.99924, 0.00564889, 0.99397, 0.106053
4877.44, 0.996442, 0.00563933, 0.99377, 0.112088
4877.45, 0.995135, 0.00563532, 0.99354, 0.123297
4877.46, 0.994547, 0.00563373, 0.99329, 0.143128
4877.47, 0.992152, 0.00562155, 0.99298, 0.181065
4877.48, 0.99157, 0.00561564, 0.99257, 0.250043
4877.49, 0.989355, 0.00560443, 0.99191, 0.366442
4877.5, 0.983493, 0.00558059, 0.99067, 0.549231
4877.51, 0.979649, 0.00556561, 0.98816, 0.807034
4877.52, 0.973382, 0.00553883, 0.9832, 1.14244
4877.53, 0.962562, 0.00548814, 0.97405, 1.54337
4877.54, 0.950696, 0.00542699, 0.95878, 1.98827
4877.55, 0.933763, 0.00535044, 0.93595, 2.44783
4877.56, 0.909443, 0.00524435, 0.90571, 2.89187
4877.57, 0.879039, 0.00510098, 0.8706, 3.29625
4877.58, 0.84544, 0.00494056, 0.83551, 3.64372
4877.59, 0.815309, 0.0047952, 0.80664, 3.92308
4877.6, 0.79479, 0.0046955, 0.78953, 4.12484
4877.61, 0.785789, 0.0046607, 0.78705, 4.23951
4877.62, 0.79542, 0.00470761, 0.79838, 4.2559
4877.63, 0.822584, 0.00482801, 0.81948, 4.16623
4877.64, 0.854458, 0.0049837, 0.84489, 3.96705
4877.65, 0.889563, 0.00514995, 0.86982, 3.66959
4877.66, 0.921917, 0.0053, 0.89154, 3.29539
4877.67, 0.942334, 0.00540879, 0.90954, 2.87635
4877.68, 0.955496, 0.00547696, 0.92467, 2.44697
4877.69, 0.965242, 0.00551709, 0.93795, 2.04086
4877.7, 0.97186, 0.00554213, 0.94981, 1.67701
4877.71, 0.973759, 0.00555543, 0.96003, 1.36661
4877.72, 0.972758, 0.0055574, 0.96815, 1.11053
4877.73, 0.9715, 0.00555075, 0.97388, 0.901015
4877.74, 0.970475, 0.00554085, 0.97737, 0.732021
4877.75, 0.966307, 0.00552308, 0.97904, 0.597515
4877.76, 0.95914, 0.00549669, 0.97944, 0.495774
4877.77, 0.952848, 0.0054683, 0.97901, 0.425934
4877.78, 0.946989, 0.00544323, 0.97808, 0.381099
4877.79, 0.941753, 0.00542103, 0.97679, 0.358682
4877.8, 0.938093, 0.00540089, 0.97522, 0.350922
4877.81, 0.935944, 0.00538951, 0.97345, 0.354371
4877.82, 0.935413, 0.0053848, 0.97156, 0.364717
4877.83, 0.93489, 0.00537989, 0.96966, 0.376788
4877.84, 0.931155, 0.00537106, 0.96782, 0.390584
4877.85, 0.929067, 0.00536833, 0.96608, 0.398344
4877.86, 0.930658, 0.0053741, 0.96435, 0.389721
4877.87, 0.932294, 0.0053788, 0.96251, 0.348335
4877.88, 0.933798, 0.00538104, 0.96044, 0.27246
4877.89, 0.934292, 0.00538076, 0.95818, 0.178479
4877.9, 0.93207, 0.00537538, 1, 0
4877.91, 0.927029, 0.00535926, 1, 0
4877.92, 0.923021, 0.00534183, 1, 0
4877.93, 0.921676, 0.00533068, 1, 0
4877.94, 0.918067, 0.00531659, 1, 0
4877.95, 0.913154, 0.00530046, 1, 0
