wav, obs, sigma_obs, syn, weight
4880.15, 0.998186, 0.00596257, 1, 0
4880.16, 0.996006, 0.00595653, 1, 0
4880.17, 0.995484, 0.00595729, 1, 0
4880.18, 0.997881, 0.00597067, 1, 0
4880.19, 0.997063, 0.00597295, 1, 0
4880.2, 0.996076, 0.00596951, 0.99219, 0
4880.21, 0.996421, 0.0059667, 0.9897, 0.0119832
4880.22, 0.991667, 0.0059516, 0.98818, 0.0184357
4880.23, 0.988997, 0.00594226, 0.98765, 0.0258099
4880.24, 0.98883, 0.00593917, 0.98783, 0.0304189
4880.25, 0.984808, 0.00592566, 0.98843, 0.0331842
4880.26, 0.98159, 0.00591127, 0.98932, 0.0350278
4880.27, 0.9801, 0.00589785, 0.99038, 0.0368713
4880.28, 0.97878, 0.00588658, 0.99154, 0.0396367
4880.29, 0.977976, 0.00588866, 0.99275, 0.0405585
4880.3, 0.979681, 0.00590631, 0.99393, 0.0433238
4880.31, 0.984802, 0.00593538, 0.99505, 0.047011
4880.32, 0.992015, 0.00596805, 0.99604, 0.0516199
4880.33, 0.998262, 0.00599436, 0.99687, 0.0562288
4880.34, 1.00053, 0.00600652, 0.99752, 0.0626813
4880.35, 1.00019, 0.00601045, 0.99799, 0.0709773
4880.36, 1.00414, 0.00602759, 0.99829, 0.0838823
4880.37, 1.00546, 0.00603744, 0.99845, 0.106005
4880.38, 1.00188, 0.00603178, 0.99847, 0.145642
4880.39, 1.00078, 0.00602989, 0.99835, 0.215697
4880.4, 1.00206, 0.00602996, 0.998, 0.337373
4880.41, 1.00273, 0.00602845, 0.99726, 0.531869
4880.42, 1.00076, 0.00602415, 0.99582, 0.819466
4880.43, 0.997787, 0.00601607, 0.99327, 1.20846
4880.44, 0.994833, 0.00600513, 0.98913, 1.69055
4880.45, 0.991412, 0.00598669, 0.98303, 2.24823
4880.46, 0.985672, 0.00595276, 0.97484, 2.85108
4880.47, 0.975899, 0.00591158, 0.96486, 3.45853
4880.48, 0.963508, 0.00585702, 0.9538, 4.03004
4880.49, 0.950258, 0.00578073, 0.94271, 4.52504
4880.5, 0.934464, 0.00570115, 0.93273, 4.91403
4880.51, 0.921266, 0.00564375, 0.92495, 5.17674
4880.52, 0.915338, 0.00561819, 0.92017, 5.29933
4880.53, 0.915746, 0.00561513, 0.91889, 5.27998
4880.54, 0.919641, 0.00564104, 0.92125, 5.11682
4880.55, 0.928905, 0.00569367, 0.92702, 4.81632
4880.56, 0.94348, 0.00575318, 0.93561, 4.39138
4880.57, 0.951081, 0.00578973, 0.94608, 3.8678
4880.58, 0.9562, 0.00582162, 0.95728, 3.27878
4880.59, 0.96377, 0.00586085, 0.96806, 2.66856
4880.6, 0.968815, 0.00588624, 0.97748, 2.0777
4880.61, 0.975793, 0.00591819, 0.985, 1.54307
4880.62, 0.983054, 0.00595621, 0.99048, 1.09047
4880.63, 0.985907, 0.00598349, 0.99414, 0.73374
4880.64, 0.990384, 0.00601149, 0.99639, 0.47564
4880.65, 0.995411, 0.00603458, 0.99766, 0.303267
4880.66, 0.998381, 0.00605004, 0.99832, 0.197262
4880.67, 1.0008, 0.00607003, 0.99864, 0.135502
4880.68, 1.00262, 0.00608039, 0.99878, 0.101396
4880.69, 1.00366, 0.0060813, 0.99882, 0.0820387
4880.7, 1.00417, 0.00608586, 0.9988, 0.0700556
4880.71, 1.00444, 0.00608862, 0.99875, 0.0626813
4880.72, 1.00558, 0.00608917, 0.99868, 0.0571506
4880.73, 1.00684, 0.00608994, 0.9986, 0.0525417
4880.74, 1.00526, 0.00608992, 0.99851, 0.0488545
4880.75, 1.00342, 0.00608366, 0.99842, 0.0451674
4880.76, 1.00226, 0.00607664, 0.9983, 0.042402
4880.77, 1.001, 0.00607933, 0.99811, 0.0405585
4880.78, 1.00231, 0.00608555, 0.99774, 0.0387149
4880.79, 1.00376, 0.00609215, 0.997, 0.0359496
4880.8, 1.0022, 0.00609438, 0.99571, 0.0331842
4880.81, 0.999032, 0.00608481, 0.99382, 0.0276535
4880.82, 0.998989, 0.00608048, 0.99179, 0.0202792
4880.83, 0.998302, 0.00607128, 0.99066, 0.012905
4880.84, 0.989841, 0.00603218, 0.99137, 0.00645249
4880.85, 0.981111, 0.00598653, 1, 0
4880.86, 0.970391, 0.00592925, 1, 0
4880.87, 0.954259, 0.00585114, 1, 0
4880.88, 0.938614, 0.00577488, 1, 0
4880.89, 0.923129, 0.00569923, 1, 0
