wav, obs, sigma_obs, syn, weight
4904.76, 0.980014, 0.00497558, 1, 0
4904.77, 0.978653, 0.00497088, 1, 0
4904.78, 0.976977, 0.00496369, 1, 0
4904.79, 0.974295, 0.00495014, 1, 0
4904.8, 0.970345, 0.00493426, 1, 0
4904.81, 0.966477, 0.00492061, 1, 0
4904.82, 0.964953, 0.004912, 0.99764, 0.0127991
4904.83, 0.964863, 0.00490742, 0.99764, 0.0187064
4904.84, 0.964856, 0.00490573, 0.99767, 0.0246137
4904.85, 0.964706, 0.00490781, 0.99771, 0.0290442
4904.86, 0.966706, 0.00491878, 0.99775, 0.0319978
4904.87, 0.971239, 0.00493737, 0.99779, 0.0339669
4904.88, 0.973662, 0.0049488, 0.99781, 0.0354438
4904.89, 0.976594, 0.00496055, 0.99782, 0.0369206
4904.9, 0.983364, 0.00498322, 0.99783, 0.0379051
4904.91, 0.986887, 0.00499784, 0.99782, 0.0398742
4904.92, 0.987703, 0.00500475, 0.9978, 0.0428279
4904.93, 0.991627, 0.00501837, 0.99777, 0.0457815
4904.94, 0.994809, 0.00503002, 0.99772, 0.0497197
4904.95, 0.995331, 0.00503381, 0.99766, 0.0546425
4904.96, 0.9957, 0.00503348, 0.99757, 0.0625189
4904.97, 0.995713, 0.00503284, 0.99744, 0.0748257
4904.98, 0.994802, 0.00503177, 0.99725, 0.0959935
4904.99, 0.993446, 0.00502569, 0.99694, 0.133899
4905, 0.992271, 0.00502016, 0.99643, 0.197402
4905.01, 0.991297, 0.00501857, 0.99556, 0.297826
4905.02, 0.989346, 0.00500976, 0.99405, 0.446985
4905.03, 0.987108, 0.00499772, 0.99137, 0.650295
4905.04, 0.985332, 0.00499062, 0.98671, 0.908739
4905.05, 0.98094, 0.00497521, 0.97894, 1.21493
4905.06, 0.972171, 0.00494014, 0.9668, 1.55657
4905.07, 0.958623, 0.00487995, 0.94932, 1.92086
4905.08, 0.937799, 0.00479146, 0.92637, 2.29105
4905.09, 0.908755, 0.00467263, 0.89915, 2.65188
4905.1, 0.873446, 0.00452481, 0.87031, 2.98909
4905.11, 0.83549, 0.00436555, 0.84367, 3.29184
4905.12, 0.801568, 0.00422471, 0.82328, 3.55324
4905.13, 0.781725, 0.00413999, 0.81232, 3.76935
4905.14, 0.778694, 0.00412541, 0.81208, 3.93327
4905.15, 0.790843, 0.00417771, 0.82151, 4.03764
4905.16, 0.815613, 0.00428279, 0.83756, 4.07406
4905.17, 0.848455, 0.00441939, 0.85621, 4.03714
4905.18, 0.883029, 0.00456147, 0.87383, 3.92687
4905.19, 0.911796, 0.00468153, 0.88817, 3.75064
4905.2, 0.932473, 0.00476836, 0.89888, 3.52075
4905.21, 0.947653, 0.00482792, 0.90714, 3.25246
4905.22, 0.957919, 0.0048714, 0.91484, 2.96152
4905.23, 0.96421, 0.0049039, 0.92363, 2.66124
4905.24, 0.968755, 0.00492309, 0.93427, 2.36095
4905.25, 0.973745, 0.00494091, 0.94641, 2.06558
4905.26, 0.979914, 0.00496499, 0.95895, 1.77563
4905.27, 0.985544, 0.00498564, 0.97057, 1.49208
4905.28, 0.989116, 0.00499951, 0.98022, 1.21592
4905.29, 0.990524, 0.00500903, 0.98742, 0.954028
4905.3, 0.992328, 0.00501937, 0.99226, 0.717244
4905.31, 0.995142, 0.00503044, 0.9952, 0.514427
4905.32, 0.997749, 0.00503856, 0.9968, 0.352469
4905.33, 0.998715, 0.00504219, 0.99758, 0.232354
4905.34, 0.998362, 0.00504294, 0.99792, 0.150144
4905.35, 0.998367, 0.00504421, 0.99805, 0.0989472
4905.36, 0.998394, 0.00504527, 0.99812, 0.0684262
4905.37, 0.998365, 0.00504512, 0.99819, 0.0516888
4905.38, 0.99913, 0.00504456, 0.99829, 0.0423356
4905.39, 0.999957, 0.00504739, 0.99841, 0.0369206
4905.4, 1.00056, 0.00505434, 0.99854, 0.0324901
4905.41, 1.0024, 0.00505924, 0.99867, 0.0285519
4905.42, 1.00444, 0.00506288, 0.99878, 0.0236292
4905.43, 1.00561, 0.00506902, 0.99884, 0.0177219
4905.44, 1.00816, 0.00507793, 0.99886, 0.0113223
4905.45, 1.00997, 0.00508451, 1, 0
4905.46, 1.0081, 0.00508425, 1, 0
4905.47, 1.00863, 0.00508622, 1, 0
4905.48, 1.0118, 0.00509125, 1, 0
4905.49, 1.01158, 0.00509124, 1, 0
4905.5, 1.00976, 0.00508889, 1, 0
