wav, obs, sigma_obs, syn, weight
4912.15, 0.981418, 0.00508588, 1, 0
4912.16, 0.985075, 0.00510276, 1, 0
4912.17, 0.988273, 0.00511829, 1, 0
4912.18, 0.993104, 0.00513861, 1, 0
4912.19, 0.998715, 0.00516205, 1, 0
4912.2, 1.00097, 0.00517756, 1, 0
4912.21, 1.00389, 0.00519183, 0.99905, 0.0337662
4912.22, 1.00884, 0.00520765, 0.99858, 0.0493506
4912.23, 1.01024, 0.00521521, 0.99818, 0.0649351
4912.24, 1.01022, 0.00522071, 0.99795, 0.0727273
4912.25, 1.01122, 0.0052269, 0.99786, 0.0779221
4912.26, 1.01216, 0.00522634, 0.99784, 0.0805195
4912.27, 1.01208, 0.00522531, 0.99783, 0.0805195
4912.28, 1.01099, 0.00522626, 0.99781, 0.0805195
4912.29, 1.00996, 0.00522323, 0.99775, 0.0831169
4912.3, 1.0101, 0.00522296, 0.99765, 0.0831169
4912.31, 1.01059, 0.00522612, 0.99751, 0.0883117
4912.32, 1.00936, 0.00522373, 0.99732, 0.0909091
4912.33, 1.00877, 0.00521927, 0.99707, 0.0961039
4912.34, 1.00849, 0.00521434, 0.99673, 0.106494
4912.35, 1.00496, 0.0052046, 0.99625, 0.127273
4912.36, 1.00057, 0.00518863, 0.99553, 0.168831
4912.37, 0.996489, 0.00516908, 0.99441, 0.244156
4912.38, 0.991488, 0.00515061, 0.9927, 0.371429
4912.39, 0.987155, 0.00513275, 0.99015, 0.579221
4912.4, 0.984351, 0.00511636, 0.9866, 0.888312
4912.41, 0.982292, 0.00510413, 0.98196, 1.3013
4912.42, 0.97965, 0.00509449, 0.97637, 1.81558
4912.43, 0.97519, 0.00508064, 0.97013, 2.3974
4912.44, 0.968713, 0.00505625, 0.96371, 3.00779
4912.45, 0.962851, 0.00503025, 0.95764, 3.6
4912.46, 0.957085, 0.00500303, 0.95239, 4.12208
4912.47, 0.94889, 0.00496824, 0.94828, 4.54286
4912.48, 0.940315, 0.00493293, 0.94551, 4.84416
4912.49, 0.93512, 0.00491026, 0.94415, 5.01558
4912.5, 0.936099, 0.00491155, 0.9442, 5.05455
4912.51, 0.941242, 0.00493378, 0.94565, 4.96623
4912.52, 0.949244, 0.00497003, 0.94844, 4.74286
4912.53, 0.958992, 0.00501144, 0.95251, 4.39481
4912.54, 0.966508, 0.00504662, 0.9577, 3.93506
4912.55, 0.971339, 0.00507091, 0.96371, 3.38182
4912.56, 0.975207, 0.00508618, 0.97016, 2.77922
4912.57, 0.977713, 0.00509704, 0.97653, 2.17143
4912.58, 0.977581, 0.00509999, 0.98236, 1.61039
4912.59, 0.975123, 0.0050931, 0.98726, 1.12987
4912.6, 0.974982, 0.00509143, 0.99105, 0.755844
4912.61, 0.97702, 0.00509647, 0.99375, 0.485714
4912.62, 0.978467, 0.00510139, 0.99552, 0.306494
4912.63, 0.978633, 0.00510435, 0.99661, 0.2
4912.64, 0.979171, 0.00511052, 0.99726, 0.137662
4912.65, 0.981834, 0.00512481, 0.99765, 0.103896
4912.66, 0.985898, 0.00514337, 0.99793, 0.0857143
4912.67, 0.98928, 0.00515883, 0.99815, 0.0753247
4912.68, 0.991036, 0.00516787, 0.99834, 0.0701299
4912.69, 0.993312, 0.00517703, 0.99851, 0.0623377
4912.7, 0.996486, 0.00518806, 0.99865, 0.0597403
4912.71, 0.998645, 0.00519524, 0.99875, 0.0571429
4912.72, 0.996652, 0.00518821, 0.9988, 0.0545455
4912.73, 0.994677, 0.00518318, 0.9988, 0.0493506
4912.74, 0.995766, 0.00519006, 0.99878, 0.0493506
4912.75, 0.995938, 0.00519032, 0.99877, 0.0467532
4912.76, 0.995036, 0.00518537, 0.99881, 0.0415584
4912.77, 0.994857, 0.00518509, 0.99893, 0.0337662
4912.78, 0.996887, 0.00519547, 0.99916, 0.025974
4912.79, 1.0004, 0.00521039, 0.99945, 0.0181818
4912.8, 1.00344, 0.00522214, 1, 0
4912.81, 1.00423, 0.00522824, 1, 0
4912.82, 1.00477, 0.00523132, 1, 0
4912.83, 1.00649, 0.00523399, 1, 0
4912.84, 1.00805, 0.0052367, 1, 0
4912.85, 1.00958, 0.00523941, 1, 0
