wav, obs, sigma_obs, syn, weight
4922.8, 0.967586, 0.00627912, 1, 0
4922.81, 0.964072, 0.00625201, 1, 0
4922.82, 0.960649, 0.00622056, 1, 0
4922.83, 0.957016, 0.00621227, 1, 0
4922.84, 0.958356, 0.00623129, 1, 0
4922.85, 0.968275, 0.00626493, 1, 0
4922.86, 0.97637, 0.0063061, 0.99496, 0.107109
4922.87, 0.981228, 0.00633993, 0.99366, 0.161252
4922.88, 0.986456, 0.00637162, 0.99295, 0.20951
4922.89, 0.993188, 0.00641783, 0.99278, 0.243643
4922.9, 0.995169, 0.00643014, 0.99293, 0.262476
4922.91, 0.993678, 0.00642492, 0.99317, 0.271892
4922.92, 0.99382, 0.00643797, 0.99337, 0.2766
4922.93, 0.995589, 0.00644371, 0.99349, 0.280131
4922.94, 0.996549, 0.00644296, 0.99351, 0.284839
4922.95, 0.996439, 0.00644503, 0.99345, 0.289547
4922.96, 0.996479, 0.00644923, 0.99334, 0.294255
4922.97, 0.994928, 0.00644258, 0.99319, 0.301317
4922.98, 0.995632, 0.00646137, 0.99302, 0.310733
4922.99, 0.999227, 0.00646455, 0.9928, 0.322504
4923, 0.999038, 0.00640049, 0.99251, 0.341336
4923.01, 0.996334, 0.00667371, 0.99207, 0.371939
4923.02, 1.00239, 0.0062074, 0.99136, 0.421373
4923.03, 1.00598, 0.00602332, 0.99016, 0.500234
4923.04, 0.9794, 0.00898532, 0.98817, 0.624998
4923.05, 0.981763, 0.00805682, 0.98501, 0.807436
4923.06, 0.981408, 0.00742791, 0.98032, 1.0605
4923.07, 0.973539, 0.00771413, 0.97383, 1.383
4923.08, 0.966934, 0.00773938, 0.96554, 1.76906
4923.09, 0.959966, 0.00760356, 0.95577, 2.19632
4923.1, 0.950203, 0.00754146, 0.94519, 2.63535
4923.11, 0.938362, 0.0074819, 0.93464, 3.0579
4923.12, 0.926918, 0.0074003, 0.92502, 3.42984
4923.13, 0.919312, 0.00734557, 0.9171, 3.73233
4923.14, 0.915153, 0.00731902, 0.91142, 3.94773
4923.15, 0.91253, 0.00730063, 0.90826, 4.06661
4923.16, 0.911576, 0.00729156, 0.90777, 4.08897
4923.17, 0.91305, 0.00729877, 0.90995, 4.01364
4923.18, 0.917828, 0.00732927, 0.91472, 3.84297
4923.19, 0.924957, 0.00737621, 0.92182, 3.57932
4923.2, 0.931826, 0.00742002, 0.93083, 3.23916
4923.21, 0.939036, 0.00746338, 0.94107, 2.84015
4923.22, 0.948421, 0.00751879, 0.95169, 2.40936
4923.23, 0.958874, 0.00758421, 0.9618, 1.98093
4923.24, 0.968051, 0.00764602, 0.97065, 1.58192
4923.25, 0.972826, 0.00767508, 0.97777, 1.2394
4923.26, 0.97352, 0.00767288, 0.98305, 0.965157
4923.27, 0.974338, 0.00767641, 0.98666, 0.762709
4923.28, 0.976655, 0.00769372, 0.98894, 0.623821
4923.29, 0.979656, 0.00771315, 0.99029, 0.534367
4923.3, 0.981038, 0.00772025, 0.99105, 0.482578
4923.31, 0.979816, 0.00771051, 0.99145, 0.455507
4923.32, 0.979241, 0.00770496, 0.99166, 0.441383
4923.33, 0.980098, 0.00770808, 0.99175, 0.435498
4923.34, 0.979561, 0.00770083, 0.99178, 0.435498
4923.35, 0.978379, 0.00768959, 0.99177, 0.437852
4923.36, 0.978983, 0.00769258, 0.99171, 0.44256
4923.37, 0.979167, 0.00769446, 0.99163, 0.447268
4923.38, 0.977235, 0.00768212, 0.99151, 0.455507
4923.39, 0.976935, 0.00767799, 0.99136, 0.463746
4923.4, 0.979058, 0.00768783, 0.99117, 0.473162
4923.41, 0.979586, 0.00768933, 0.99098, 0.481401
4923.42, 0.979627, 0.00768971, 0.9908, 0.480224
4923.43, 0.982937, 0.00771088, 0.99078, 0.460215
4923.44, 0.985868, 0.0077281, 0.99115, 0.407249
4923.45, 0.984835, 0.00771836, 0.99215, 0.32015
4923.46, 0.984091, 0.00771154, 0.9938, 0.216572
4923.47, 0.985406, 0.00771939, 1, 0
4923.48, 0.985199, 0.00771579, 1, 0
4923.49, 0.98303, 0.00769882, 1, 0
4923.5, 0.980897, 0.00768484, 1, 0
4923.51, 0.97909, 0.00767494, 1, 0
4923.52, 0.977152, 0.00766341, 1, 0
