wav, obs, sigma_obs, syn, weight
4962.18, 0.99409, 0.00627176, 1, 0
4962.19, 0.993083, 0.00627424, 1, 0
4962.2, 0.995004, 0.00627861, 1, 0
4962.21, 0.997025, 0.00627946, 1, 0
4962.22, 0.994092, 0.00627005, 1, 0
4962.23, 0.989485, 0.00625739, 1, 0
4962.24, 0.987059, 0.00624798, 0.97535, 0.0189306
4962.25, 0.985631, 0.00623543, 0.97146, 0.0287464
4962.26, 0.979878, 0.00620665, 0.96887, 0.0364588
4962.27, 0.975488, 0.00619062, 0.96781, 0.0420679
4962.28, 0.975466, 0.00619291, 0.96819, 0.0448724
4962.29, 0.977027, 0.00619523, 0.96974, 0.0469758
4962.3, 0.976477, 0.00619609, 0.97219, 0.0490792
4962.31, 0.978406, 0.00621579, 0.97533, 0.0518837
4962.32, 0.985507, 0.00625551, 0.97898, 0.0539871
4962.33, 0.99318, 0.00628695, 0.98292, 0.0581939
4962.34, 0.999475, 0.00631578, 0.98681, 0.0624007
4962.35, 1.00299, 0.00634377, 0.99028, 0.0680098
4962.36, 1.00314, 0.00635563, 0.99304, 0.0743199
4962.37, 1.00168, 0.00633203, 0.99496, 0.0827335
4962.38, 1.00036, 0.00632511, 0.99611, 0.0932505
4962.39, 1.00011, 0.00634477, 0.99664, 0.107273
4962.4, 0.999919, 0.00633264, 0.99673, 0.127606
4962.41, 0.995539, 0.00631275, 0.99654, 0.158456
4962.42, 0.988888, 0.00629224, 0.99613, 0.208236
4962.43, 0.984949, 0.00626528, 0.99549, 0.291671
4962.44, 0.984242, 0.00625034, 0.99452, 0.423483
4962.45, 0.982519, 0.00624968, 0.99291, 0.619099
4962.46, 0.978536, 0.00624233, 0.99001, 0.888334
4962.47, 0.975158, 0.00620815, 0.98456, 1.23119
4962.48, 0.970926, 0.00618066, 0.97447, 1.63574
4962.49, 0.958758, 0.00612467, 0.95677, 2.08727
4962.5, 0.932916, 0.00599237, 0.92822, 2.56754
4962.51, 0.89483, 0.00579914, 0.88647, 3.06254
4962.52, 0.842799, 0.00552624, 0.83156, 3.55474
4962.53, 0.77723, 0.00517757, 0.76704, 4.02309
4962.54, 0.703986, 0.00479486, 0.70004, 4.43886
4962.55, 0.63463, 0.00442294, 0.64002, 4.7726
4962.56, 0.582508, 0.0041371, 0.59658, 4.99696
4962.57, 0.558575, 0.00400715, 0.57714, 5.09092
4962.58, 0.567932, 0.00405949, 0.5851, 5.04815
4962.59, 0.608769, 0.00428531, 0.61899, 4.87076
4962.6, 0.673029, 0.0046347, 0.67287, 4.57558
4962.61, 0.747671, 0.00503047, 0.73779, 4.18576
4962.62, 0.817483, 0.00540166, 0.80402, 3.73353
4962.63, 0.873491, 0.00570769, 0.86333, 3.24624
4962.64, 0.915206, 0.00593807, 0.91062, 2.75054
4962.65, 0.94756, 0.00610329, 0.94446, 2.26325
4962.66, 0.968071, 0.00621233, 0.96633, 1.7998
4962.67, 0.978278, 0.00627809, 0.97921, 1.37632
4962.68, 0.98427, 0.00631737, 0.98629, 1.00893
4962.69, 0.990206, 0.00634508, 0.99007, 0.711649
4962.7, 0.993289, 0.00636248, 0.99219, 0.487988
4962.71, 0.994966, 0.00637634, 0.99355, 0.333037
4962.72, 1.00099, 0.00639667, 0.99459, 0.233477
4962.73, 1.0009, 0.00639609, 0.99547, 0.171777
4962.74, 0.997233, 0.00638762, 0.99622, 0.135318
4962.75, 0.99722, 0.00639063, 0.99685, 0.11148
4962.76, 0.99511, 0.00637665, 0.99736, 0.0953539
4962.77, 0.990955, 0.00636138, 0.99775, 0.0834347
4962.78, 0.988047, 0.00635154, 0.99804, 0.0743199
4962.79, 0.988236, 0.00633704, 0.99826, 0.0666075
4962.8, 0.98802, 0.00634724, 0.99843, 0.0602973
4962.81, 0.988969, 0.00636914, 0.99857, 0.0553894
4962.82, 0.993194, 0.00638338, 0.99868, 0.0511826
4962.83, 0.997503, 0.0064057, 0.99878, 0.0483781
4962.84, 0.999287, 0.00642118, 0.99886, 0.0476769
4962.85, 0.999975, 0.00642594, 0.99893, 0.0476769
4962.86, 1.0013, 0.00643019, 0.99898, 0.0504815
4962.87, 0.998164, 0.00642823, 0.99898, 0.0525849
4962.88, 0.998064, 0.00643106, 0.99891, 0.0511826
4962.89, 1.0026, 0.00643845, 0.9987, 0.0434702
4962.9, 0.999777, 0.00643108, 0.99828, 0.0308498
4962.91, 0.999105, 0.00643765, 1, 0
4962.92, 1.0015, 0.00645344, 1, 0
4962.93, 1.0011, 0.00645593, 1, 0
4962.94, 1.0027, 0.00646437, 1, 0
4962.95, 1.0057, 0.00647766, 1, 0
4962.96, 1.00822, 0.0064893, 1, 0
