wav, obs, sigma_obs, syn, weight
4963.77, 0.989482, 0.00760639, 1, 0
4963.78, 0.990026, 0.00760942, 1, 0
4963.79, 0.991644, 0.00761854, 1, 0
4963.8, 0.994133, 0.00763247, 1, 0
4963.81, 0.994934, 0.00763625, 1, 0
4963.82, 0.99376, 0.0076281, 1, 0
4963.83, 0.992875, 0.00762109, 1, 0
4963.84, 0.993483, 0.00762307, 0.99929, 0.0350404
4963.85, 0.995625, 0.00763496, 0.99901, 0.0500578
4963.86, 0.997059, 0.0076415, 0.99879, 0.0550635
4963.87, 0.996245, 0.00763267, 0.99867, 0.0600693
4963.88, 0.994784, 0.00762141, 0.99864, 0.0650751
4963.89, 0.993999, 0.0076171, 0.99866, 0.0600693
4963.9, 0.994267, 0.00762027, 0.99868, 0.0650751
4963.91, 0.995214, 0.00762523, 0.99866, 0.0700809
4963.92, 0.996038, 0.00762434, 0.99858, 0.0750866
4963.93, 0.996124, 0.00761989, 0.9984, 0.090104
4963.94, 0.995339, 0.00761619, 0.99802, 0.110127
4963.95, 0.994666, 0.00761345, 0.99733, 0.145168
4963.96, 0.993659, 0.00760536, 0.99616, 0.215248
4963.97, 0.989826, 0.00757885, 0.99428, 0.325375
4963.98, 0.984697, 0.00754444, 0.99152, 0.500578
4963.99, 0.982135, 0.00752587, 0.98775, 0.760878
4964, 0.979939, 0.00751025, 0.98301, 1.11128
4964.01, 0.974795, 0.00747728, 0.97747, 1.55179
4964.02, 0.96794, 0.00743187, 0.97148, 2.05737
4964.03, 0.961311, 0.007386, 0.96545, 2.59299
4964.04, 0.956371, 0.007354, 0.9598, 3.1236
4964.05, 0.952887, 0.00733283, 0.95488, 3.60916
4964.06, 0.949346, 0.00730639, 0.95091, 4.00963
4964.07, 0.945922, 0.00728014, 0.94801, 4.30497
4964.08, 0.943489, 0.00726603, 0.94623, 4.49519
4964.09, 0.942413, 0.00726025, 0.94556, 4.56527
4964.1, 0.942848, 0.00725973, 0.94599, 4.52022
4964.11, 0.944765, 0.00726995, 0.94754, 4.36003
4964.12, 0.947928, 0.00729022, 0.95019, 4.08471
4964.13, 0.95189, 0.00731303, 0.95394, 3.70427
4964.14, 0.956098, 0.00733678, 0.95867, 3.23373
4964.15, 0.960248, 0.00736338, 0.96418, 2.71313
4964.16, 0.965398, 0.00739472, 0.97014, 2.17751
4964.17, 0.972032, 0.00743104, 0.97615, 1.66192
4964.18, 0.978538, 0.0074689, 0.98179, 1.20639
4964.19, 0.984556, 0.00750807, 0.98668, 0.84097
4964.2, 0.9913, 0.00755129, 0.99062, 0.560647
4964.21, 0.997146, 0.00758626, 0.99354, 0.375433
4964.22, 0.999585, 0.00759757, 0.99553, 0.255295
4964.23, 1.00123, 0.00760418, 0.99679, 0.180208
4964.24, 1.00441, 0.00762277, 0.99752, 0.140162
4964.25, 1.00643, 0.0076353, 0.99792, 0.120139
4964.26, 1.00642, 0.00763536, 0.99811, 0.105121
4964.27, 1.00687, 0.00763863, 0.99821, 0.100116
4964.28, 1.00795, 0.00764514, 0.99826, 0.0951097
4964.29, 1.00821, 0.00764429, 0.99831, 0.090104
4964.3, 1.00756, 0.00763662, 0.99837, 0.090104
4964.31, 1.00649, 0.0076271, 0.9985, 0.0850982
4964.32, 1.00553, 0.00762113, 0.99871, 0.0800924
4964.33, 1.00482, 0.00761814, 0.99899, 0.0650751
4964.34, 1.0039, 0.00760903, 0.99931, 0.0500578
4964.35, 1.00282, 0.00759612, 1, 0
4964.36, 1.00203, 0.00758977, 1, 0
4964.37, 1.00143, 0.00758705, 1, 0
4964.38, 1.00077, 0.00758144, 1, 0
4964.39, 1.00007, 0.00757434, 1, 0
4964.4, 0.999399, 0.00756806, 1, 0
4964.41, 0.998724, 0.00756177, 1, 0
