wav, obs, sigma_obs, syn, weight
4977.29, 1.00095, 0.00528233, 1, 0
4977.3, 1.00017, 0.00527759, 1, 0
4977.31, 1.00088, 0.00527924, 1, 0
4977.32, 1.00119, 0.00527875, 1, 0
4977.33, 0.999592, 0.00526998, 1, 0
4977.34, 0.99923, 0.00526891, 1, 0
4977.35, 1.00039, 0.00527589, 0.99903, 0.0174794
4977.36, 0.999995, 0.0052736, 0.99886, 0.0244712
4977.37, 0.998716, 0.00526646, 0.99874, 0.0326283
4977.38, 0.998208, 0.00526407, 0.99866, 0.0396201
4977.39, 0.998555, 0.00526556, 0.9986, 0.043116
4977.4, 0.999463, 0.00526818, 0.99854, 0.0454466
4977.41, 1.00052, 0.00526952, 0.99848, 0.0477772
4977.42, 1.00147, 0.00527086, 0.9984, 0.0501078
4977.43, 1.00192, 0.00527218, 0.99829, 0.0524383
4977.44, 1.00119, 0.00526845, 0.99815, 0.0547689
4977.45, 0.999655, 0.00526099, 0.99796, 0.0582648
4977.46, 0.998399, 0.00525576, 0.99771, 0.062926
4977.47, 0.997547, 0.00525276, 0.9974, 0.0699178
4977.48, 0.996729, 0.00524906, 0.99701, 0.0792402
4977.49, 0.995321, 0.00524028, 0.99653, 0.0967196
4977.5, 0.993541, 0.0052288, 0.99594, 0.128183
4977.51, 0.991967, 0.00522008, 0.9951, 0.186447
4977.52, 0.990015, 0.00521151, 0.9938, 0.284332
4977.53, 0.987287, 0.00520002, 0.99158, 0.443978
4977.54, 0.984061, 0.00518502, 0.98778, 0.682864
4977.55, 0.979181, 0.00516295, 0.98156, 1.01614
4977.56, 0.970864, 0.00512824, 0.97201, 1.44613
4977.57, 0.958519, 0.00507545, 0.95847, 1.95886
4977.58, 0.941775, 0.0050011, 0.9408, 2.52753
4977.59, 0.920328, 0.004905, 0.91956, 3.116
4977.6, 0.895205, 0.00479313, 0.8961, 3.68117
4977.61, 0.868522, 0.00467579, 0.87229, 4.18341
4977.62, 0.84356, 0.0045667, 0.85024, 4.58894
4977.63, 0.824113, 0.00448165, 0.83182, 4.88026
4977.64, 0.813733, 0.00443561, 0.81842, 5.04224
4977.65, 0.811356, 0.00442411, 0.81076, 5.0737
4977.66, 0.814507, 0.00443676, 0.809, 4.97115
4977.67, 0.822634, 0.00447152, 0.81275, 4.73926
4977.68, 0.832366, 0.00451349, 0.82123, 4.38618
4977.69, 0.838127, 0.00453786, 0.83334, 3.92705
4977.7, 0.841228, 0.0045516, 0.84779, 3.38985
4977.71, 0.845436, 0.00457132, 0.86328, 2.80836
4977.72, 0.85357, 0.0046058, 0.87875, 2.22688
4977.73, 0.866535, 0.00465981, 0.89355, 1.68269
4977.74, 0.88358, 0.00473414, 0.9075, 1.21191
4977.75, 0.903617, 0.00482194, 0.92077, 0.833187
4977.76, 0.924707, 0.00491277, 0.93358, 0.552351
4977.77, 0.943598, 0.00499484, 0.94594, 0.358911
4977.78, 0.959485, 0.00506397, 0.95763, 0.238886
4977.79, 0.973066, 0.00512083, 0.96818, 0.170133
4977.8, 0.98281, 0.00516087, 0.9771, 0.132844
4977.81, 0.988118, 0.00518345, 0.98411, 0.114199
4977.82, 0.99101, 0.00519676, 0.98919, 0.106042
4977.83, 0.993365, 0.0052067, 0.99257, 0.100216
4977.84, 0.996117, 0.00521569, 0.99463, 0.0990502
4977.85, 0.99759, 0.00522063, 0.99578, 0.0967196
4977.86, 0.997024, 0.00521965, 0.99638, 0.0967196
4977.87, 0.995848, 0.00521478, 0.99665, 0.0955543
4977.88, 0.99557, 0.00521153, 0.99677, 0.0955543
4977.89, 0.996745, 0.00521394, 0.9968, 0.0955543
4977.9, 0.997138, 0.00521585, 0.9968, 0.0955543
4977.91, 0.996455, 0.00521476, 0.99678, 0.094389
4977.92, 0.996963, 0.00521448, 0.99678, 0.0885625
4977.93, 0.997505, 0.00521447, 0.99683, 0.0769096
4977.94, 0.99698, 0.00521417, 0.99702, 0.0594301
4977.95, 0.998702, 0.00521851, 0.9974, 0.0407854
4977.96, 1.00164, 0.00522429, 1, 0
4977.97, 1.00075, 0.00522156, 1, 0
4977.98, 0.99842, 0.00521563, 1, 0
4977.99, 0.998011, 0.00521368, 1, 0
4978, 0.997988, 0.00521254, 1, 0
4978.01, 0.997641, 0.00521072, 1, 0
