wav, obs, sigma_obs, syn, weight
4979.18, 0.930211, 0.0048534, 1, 0
4979.19, 0.92664, 0.00483696, 1, 0
4979.2, 0.923172, 0.00482103, 1, 0
4979.21, 0.922847, 0.00482054, 1, 0
4979.22, 0.926514, 0.00483647, 1, 0
4979.23, 0.933557, 0.00486306, 1, 0
4979.24, 0.941693, 0.00489542, 0.98365, 0.0604972
4979.25, 0.948703, 0.0049266, 0.98209, 0.0896255
4979.26, 0.953305, 0.00494825, 0.98159, 0.115393
4979.27, 0.957241, 0.00496545, 0.98226, 0.132198
4979.28, 0.962138, 0.00498428, 0.98392, 0.14116
4979.29, 0.965358, 0.00499533, 0.98621, 0.143401
4979.3, 0.967403, 0.00500263, 0.9887, 0.142281
4979.31, 0.971851, 0.00502237, 0.99103, 0.14116
4979.32, 0.976822, 0.00504381, 0.99294, 0.137799
4979.33, 0.98031, 0.00505663, 0.99436, 0.135559
4979.34, 0.984334, 0.00507245, 0.99534, 0.132198
4979.35, 0.988775, 0.0050917, 0.99598, 0.128837
4979.36, 0.991833, 0.00510564, 0.99637, 0.125476
4979.37, 0.993515, 0.00511371, 0.99661, 0.122115
4979.38, 0.994733, 0.00511839, 0.99674, 0.119874
4979.39, 0.996783, 0.00512297, 0.99681, 0.117634
4979.4, 0.998762, 0.00512807, 0.99684, 0.116513
4979.41, 0.999386, 0.00513325, 0.99684, 0.116513
4979.42, 1.00054, 0.00514007, 0.99682, 0.119874
4979.43, 1.00272, 0.00514769, 0.99678, 0.131077
4979.44, 1.00418, 0.00515232, 0.99671, 0.152363
4979.45, 1.00451, 0.00515283, 0.99659, 0.193815
4979.46, 1.00392, 0.00514959, 0.99638, 0.271117
4979.47, 1.00251, 0.0051432, 0.99599, 0.397713
4979.48, 1.00015, 0.0051331, 0.99517, 0.590408
4979.49, 0.996595, 0.00511807, 0.99352, 0.861525
4979.5, 0.992199, 0.0050992, 0.99033, 1.21331
4979.51, 0.986172, 0.00507302, 0.98466, 1.63455
4979.52, 0.975531, 0.00502726, 0.97544, 2.10284
4979.53, 0.960797, 0.00496386, 0.96188, 2.58458
4979.54, 0.944281, 0.00489225, 0.94399, 3.04615
4979.55, 0.925047, 0.00480947, 0.92304, 3.45394
4979.56, 0.904109, 0.00471964, 0.90168, 3.7822
4979.57, 0.886139, 0.00464076, 0.88354, 4.01746
4979.58, 0.874077, 0.0045884, 0.87223, 4.14966
4979.59, 0.869964, 0.00457344, 0.87019, 4.17991
4979.6, 0.876154, 0.00459818, 0.87786, 4.10485
4979.61, 0.891591, 0.0046586, 0.89348, 3.93008
4979.62, 0.911762, 0.00474453, 0.91373, 3.66344
4979.63, 0.933435, 0.00483919, 0.93483, 3.31614
4979.64, 0.953913, 0.00492608, 0.95358, 2.90947
4979.65, 0.970493, 0.00499493, 0.96811, 2.47366
4979.66, 0.981592, 0.00504147, 0.97791, 2.03898
4979.67, 0.986879, 0.00506579, 0.98352, 1.64015
4979.68, 0.987683, 0.00506911, 0.98602, 1.29957
4979.69, 0.986217, 0.00505911, 0.98657, 1.03293
4979.7, 0.985079, 0.00505161, 0.98618, 0.84248
4979.71, 0.984045, 0.00504649, 0.9856, 0.723726
4979.72, 0.982239, 0.00503862, 0.98528, 0.663229
4979.73, 0.982136, 0.00503852, 0.98539, 0.650905
4979.74, 0.984062, 0.00504739, 0.98584, 0.672192
4979.75, 0.985573, 0.00505384, 0.98631, 0.718125
4979.76, 0.988137, 0.00506226, 0.98633, 0.778622
4979.77, 0.992455, 0.00507621, 0.98541, 0.845841
4979.78, 0.993469, 0.00508096, 0.9832, 0.907459
4979.79, 0.991124, 0.00507483, 0.97961, 0.950031
4979.8, 0.989507, 0.00506783, 0.97495, 0.960114
4979.81, 0.987734, 0.00505919, 0.96988, 0.916421
4979.82, 0.984724, 0.00504673, 0.9653, 0.803269
4979.83, 0.981845, 0.00503233, 0.96213, 0.629619
4979.84, 0.98027, 0.00502257, 0.96103, 0.427962
4979.85, 0.980596, 0.00502372, 1, 0
4979.86, 0.982372, 0.00503102, 1, 0
4979.87, 0.984152, 0.00503732, 1, 0
4979.88, 0.983864, 0.0050366, 1, 0
4979.89, 0.982158, 0.00503126, 1, 0
4979.9, 0.980949, 0.00502754, 1, 0
