wav, obs, sigma_obs, syn, weight
4991.51, 0.992204, 0.00496061, 1, 0
4991.52, 0.993884, 0.00496648, 1, 0
4991.53, 0.99632, 0.00497682, 1, 0
4991.54, 0.997021, 0.00497901, 1, 0
4991.55, 0.995299, 0.0049708, 1, 0
4991.56, 0.993484, 0.00496599, 1, 0
4991.57, 0.992631, 0.00496691, 0.99407, 0.100793
4991.58, 0.992374, 0.00496833, 0.99289, 0.159147
4991.59, 0.99141, 0.00496291, 0.99203, 0.215733
4991.6, 0.990339, 0.00495829, 0.99135, 0.263477
4991.61, 0.990453, 0.00496037, 0.99075, 0.299727
4991.62, 0.992466, 0.00496439, 0.9902, 0.329789
4991.63, 0.993752, 0.00496808, 0.98972, 0.354545
4991.64, 0.99231, 0.00496876, 0.98935, 0.378417
4991.65, 0.989499, 0.0049619, 0.98912, 0.399637
4991.66, 0.98748, 0.00495103, 0.98906, 0.419088
4991.67, 0.986372, 0.00493999, 0.98914, 0.441192
4991.68, 0.982906, 0.00492699, 0.98933, 0.470369
4991.69, 0.979346, 0.00491594, 0.98949, 0.511924
4991.7, 0.978479, 0.00491077, 0.98944, 0.574699
4991.71, 0.97838, 0.00490916, 0.98894, 0.663998
4991.72, 0.978072, 0.00490914, 0.98777, 0.784243
4991.73, 0.977277, 0.00490827, 0.98575, 0.937201
4991.74, 0.975506, 0.00490232, 0.98275, 1.12376
4991.75, 0.972974, 0.00489365, 0.9787, 1.34745
4991.76, 0.969863, 0.0048841, 0.97356, 1.61181
4991.77, 0.965342, 0.00486553, 0.96721, 1.91949
4991.78, 0.959813, 0.00483921, 0.95955, 2.2705
4991.79, 0.954033, 0.00481199, 0.95054, 2.65422
4991.8, 0.947329, 0.00478597, 0.94036, 3.05121
4991.81, 0.939387, 0.00475522, 0.92955, 3.43316
4991.82, 0.929687, 0.00471158, 0.91896, 3.76826
4991.83, 0.916225, 0.00465615, 0.90961, 4.02731
4991.84, 0.901999, 0.00460151, 0.90247, 4.19088
4991.85, 0.892841, 0.0045648, 0.89829, 4.25012
4991.86, 0.890519, 0.00455341, 0.89745, 4.20768
4991.87, 0.895191, 0.00457101, 0.90003, 4.0724
4991.88, 0.906058, 0.004617, 0.90587, 3.85755
4991.89, 0.92126, 0.00468102, 0.91458, 3.57551
4991.9, 0.937697, 0.00474849, 0.92549, 3.23423
4991.91, 0.951881, 0.00480632, 0.93771, 2.8452
4991.92, 0.962477, 0.00485433, 0.95018, 2.42258
4991.93, 0.971043, 0.00489472, 0.96184, 1.98669
4991.94, 0.980008, 0.00492787, 0.97185, 1.56141
4991.95, 0.985895, 0.00494991, 0.97976, 1.17239
4991.96, 0.987894, 0.0049626, 0.98551, 0.839944
4991.97, 0.989539, 0.00497419, 0.9894, 0.576467
4991.98, 0.993548, 0.00498937, 0.99185, 0.382838
4991.99, 0.998043, 0.00500343, 0.99334, 0.251099
4992, 0.998146, 0.00500667, 0.99423, 0.167989
4992.01, 0.99832, 0.00501093, 0.99479, 0.120245
4992.02, 1.00067, 0.00502031, 0.99519, 0.0919518
4992.03, 1.00151, 0.00502369, 0.99551, 0.0760371
4992.04, 1.00102, 0.00502453, 0.99581, 0.0663114
4992.05, 1.00139, 0.00502902, 0.99613, 0.0601223
4992.06, 1.00425, 0.00503775, 0.99648, 0.0557016
4992.07, 1.00448, 0.00503826, 0.99686, 0.052165
4992.08, 1.00135, 0.00503041, 0.99724, 0.0495125
4992.09, 1.00223, 0.00503358, 0.9976, 0.04686
4992.1, 1.00369, 0.00503872, 0.99792, 0.0442076
4992.11, 1.00252, 0.00503652, 0.99816, 0.0433234
4992.12, 1.00217, 0.00503461, 0.99834, 0.0415551
4992.13, 1.00368, 0.0050375, 0.99846, 0.0389027
4992.14, 1.00563, 0.00504326, 0.99854, 0.0362502
4992.15, 1.00515, 0.00504373, 0.99863, 0.0309453
4992.16, 1.00316, 0.00503956, 0.99874, 0.0238721
4992.17, 1.00133, 0.00503362, 0.99892, 0.0159147
4992.18, 0.99946, 0.00502542, 1, 0
4992.19, 0.997677, 0.00501687, 1, 0
4992.2, 0.996153, 0.00500968, 1, 0
4992.21, 0.994638, 0.00500253, 1, 0
4992.22, 0.993101, 0.00499526, 1, 0
4992.23, 0.991563, 0.004988, 1, 0
