wav, obs, sigma_obs, syn, weight
5007.36, 0.753589, 0.00537602, 1, 0
5007.37, 0.795881, 0.00561319, 1, 0
5007.38, 0.83428, 0.00582787, 1, 0
5007.39, 0.863927, 0.00599211, 1, 0
5007.4, 0.886004, 0.00611323, 1, 0
5007.41, 0.902782, 0.0062043, 1, 0
5007.42, 0.916216, 0.00627543, 1, 0
5007.43, 0.927144, 0.00633226, 0.94813, 0.732587
5007.44, 0.935527, 0.00637696, 0.94472, 0.891176
5007.45, 0.942518, 0.00641568, 0.94596, 0.976569
5007.46, 0.949309, 0.00645327, 0.95018, 0.990052
5007.47, 0.95488, 0.00648175, 0.95551, 0.952813
5007.48, 0.958573, 0.00649746, 0.96067, 0.89246
5007.49, 0.961441, 0.00651078, 0.96512, 0.82697
5007.5, 0.964589, 0.0065277, 0.96878, 0.76469
5007.51, 0.968719, 0.00654743, 0.9717, 0.708831
5007.52, 0.972247, 0.00656232, 0.97403, 0.660677
5007.53, 0.973284, 0.00656512, 0.97594, 0.618943
5007.54, 0.973557, 0.00656461, 0.97751, 0.58363
5007.55, 0.97455, 0.00656743, 0.9788, 0.554738
5007.56, 0.975417, 0.00656789, 0.97983, 0.534192
5007.57, 0.975396, 0.00656327, 0.98057, 0.523277
5007.58, 0.974167, 0.00655536, 0.9809, 0.529055
5007.59, 0.971985, 0.00654479, 0.98059, 0.556664
5007.6, 0.969598, 0.00653222, 0.97927, 0.618301
5007.61, 0.968582, 0.00652169, 0.97638, 0.723599
5007.62, 0.968333, 0.0065111, 0.97126, 0.884755
5007.63, 0.963397, 0.00648404, 0.96324, 1.10562
5007.64, 0.952779, 0.00643451, 0.95185, 1.38749
5007.65, 0.940611, 0.00636937, 0.93699, 1.72136
5007.66, 0.927334, 0.00629131, 0.91912, 2.09375
5007.67, 0.911243, 0.00619896, 0.89922, 2.48412
5007.68, 0.891081, 0.00608528, 0.87872, 2.86935
5007.69, 0.867845, 0.00595419, 0.85924, 3.22505
5007.7, 0.847059, 0.00583651, 0.84234, 3.5281
5007.71, 0.831674, 0.00574846, 0.82931, 3.75925
5007.72, 0.821277, 0.00568716, 0.82102, 3.90499
5007.73, 0.817382, 0.00566184, 0.81802, 3.95636
5007.74, 0.821823, 0.00568406, 0.82047, 3.91141
5007.75, 0.832146, 0.00574023, 0.82827, 3.77144
5007.76, 0.84612, 0.00581728, 0.84097, 3.54287
5007.77, 0.864733, 0.00591927, 0.85776, 3.23982
5007.78, 0.886775, 0.00603926, 0.87743, 2.87899
5007.79, 0.90828, 0.0061563, 0.89847, 2.48219
5007.8, 0.928361, 0.00626486, 0.91926, 2.07385
5007.81, 0.947314, 0.00636553, 0.93831, 1.6777
5007.82, 0.961776, 0.0064417, 0.95454, 1.31558
5007.83, 0.969999, 0.0064852, 0.96738, 1.00225
5007.84, 0.976387, 0.00651862, 0.97683, 0.747355
5007.85, 0.982865, 0.0065517, 0.98331, 0.552169
5007.86, 0.987581, 0.00657476, 0.98746, 0.411559
5007.87, 0.990403, 0.00658759, 0.98996, 0.317176
5007.88, 0.992224, 0.00659543, 0.9914, 0.257465
5007.89, 0.993109, 0.00659824, 0.99218, 0.219584
5007.9, 0.993394, 0.00659761, 0.99256, 0.197112
5007.91, 0.994597, 0.00660239, 0.99265, 0.182986
5007.92, 0.99658, 0.00661099, 0.99246, 0.173998
5007.93, 0.997202, 0.00660956, 0.99193, 0.166935
5007.94, 0.996371, 0.00659986, 0.99093, 0.161798
5007.95, 0.995231, 0.00659208, 0.98932, 0.157304
5007.96, 0.99437, 0.00658762, 0.98693, 0.15281
5007.97, 0.993838, 0.00658367, 0.98368, 0.148957
5007.98, 0.992861, 0.0065743, 0.97964, 0.143821
5007.99, 0.991463, 0.00656087, 0.97509, 0.136758
5008, 0.990658, 0.00655305, 0.97066, 0.128411
5008.01, 0.990093, 0.00654889, 0.96735, 0.11557
5008.02, 0.988903, 0.00654137, 0.96637, 0.0975927
5008.03, 0.98814, 0.00653623, 0.96857, 0.0751207
5008.04, 0.988851, 0.0065393, 1, 0
5008.05, 0.99062, 0.00654706, 1, 0
5008.06, 0.992466, 0.0065542, 1, 0
5008.07, 0.993108, 0.00655551, 1, 0
5008.08, 0.992664, 0.0065518, 1, 0
5008.09, 0.992492, 0.00654935, 1, 0
5008.1, 0.992359, 0.00654708, 1, 0
