wav, obs, sigma_obs, syn, weight
5008.3, 1.00875, 0.00660137, 1, 0
5008.31, 1.01141, 0.00661359, 1, 0
5008.32, 1.01434, 0.0066271, 1, 0
5008.33, 1.01636, 0.0066361, 1, 0
5008.34, 1.01678, 0.00663663, 1, 0
5008.35, 1.01524, 0.00662554, 1, 0
5008.36, 1.01201, 0.00660401, 1, 0
5008.37, 1.00781, 0.00657677, 0.99705, 0.123329
5008.38, 1.00274, 0.00654683, 0.99701, 0.157861
5008.39, 0.996786, 0.00651545, 0.99701, 0.182527
5008.4, 0.990643, 0.00648098, 0.99704, 0.19486
5008.41, 0.985264, 0.00644654, 0.9971, 0.202259
5008.42, 0.981658, 0.00642333, 0.99717, 0.202259
5008.43, 0.978873, 0.00640765, 0.99724, 0.204726
5008.44, 0.974884, 0.00638582, 0.99731, 0.207192
5008.45, 0.972049, 0.00636936, 0.99737, 0.209659
5008.46, 0.973055, 0.00637267, 0.99741, 0.212126
5008.47, 0.975339, 0.00638281, 0.99743, 0.219525
5008.48, 0.977431, 0.00639162, 0.99743, 0.231858
5008.49, 0.981229, 0.00640713, 0.99739, 0.254057
5008.5, 0.98612, 0.00642795, 0.99731, 0.293523
5008.51, 0.989521, 0.00644464, 0.99716, 0.36012
5008.52, 0.991411, 0.00645521, 0.99686, 0.476049
5008.53, 0.992772, 0.00646137, 0.9963, 0.646243
5008.54, 0.994259, 0.00646639, 0.99528, 0.895367
5008.55, 0.995507, 0.00646959, 0.99351, 1.22342
5008.56, 0.994722, 0.00646376, 0.99063, 1.62794
5008.57, 0.990945, 0.00644256, 0.98629, 2.09659
5008.58, 0.984131, 0.00640248, 0.98028, 2.5899
5008.59, 0.975211, 0.00635056, 0.97267, 3.07829
5008.6, 0.965516, 0.0062968, 0.96395, 3.5272
5008.61, 0.956434, 0.00624748, 0.95503, 3.90706
5008.62, 0.94931, 0.00620847, 0.9471, 4.19318
5008.63, 0.945303, 0.00618562, 0.94139, 4.38064
5008.64, 0.94417, 0.00617747, 0.93887, 4.45464
5008.65, 0.944887, 0.00617839, 0.93997, 4.4201
5008.66, 0.948106, 0.00619152, 0.9445, 4.27704
5008.67, 0.954442, 0.00622069, 0.95167, 4.02792
5008.68, 0.962561, 0.00626206, 0.9603, 3.68013
5008.69, 0.971028, 0.00630811, 0.96912, 3.25341
5008.7, 0.97882, 0.00634871, 0.97703, 2.7749
5008.71, 0.985827, 0.00638299, 0.98335, 2.27418
5008.72, 0.992137, 0.00641423, 0.98778, 1.79073
5008.73, 0.995293, 0.00642991, 0.99044, 1.35662
5008.74, 0.99359, 0.00642027, 0.99166, 0.991564
5008.75, 0.989731, 0.00639777, 0.99189, 0.710374
5008.76, 0.985308, 0.00637073, 0.9916, 0.505648
5008.77, 0.97962, 0.00633758, 0.99117, 0.36752
5008.78, 0.973876, 0.00630406, 0.9909, 0.28119
5008.79, 0.970055, 0.00627902, 0.99096, 0.229392
5008.8, 0.966735, 0.00625859, 0.99142, 0.19486
5008.81, 0.96305, 0.00624015, 0.99222, 0.175127
5008.82, 0.962305, 0.00623456, 0.99326, 0.165261
5008.83, 0.964983, 0.0062436, 0.9944, 0.157861
5008.84, 0.967503, 0.00625566, 0.99547, 0.150461
5008.85, 0.969179, 0.00626532, 0.99639, 0.145528
5008.86, 0.971216, 0.00627287, 0.99711, 0.143061
5008.87, 0.974251, 0.00628501, 0.99762, 0.138128
5008.88, 0.978367, 0.00630565, 0.99795, 0.130729
5008.89, 0.982797, 0.00632786, 0.99815, 0.120862
5008.9, 0.986704, 0.00634563, 0.99827, 0.103596
5008.91, 0.989464, 0.00635666, 0.99836, 0.081397
5008.92, 0.992016, 0.00636718, 1, 0
5008.93, 0.995731, 0.00638528, 1, 0
5008.94, 0.99974, 0.00640493, 1, 0
5008.95, 1.00305, 0.00641981, 1, 0
5008.96, 1.00581, 0.00643174, 1, 0
5008.97, 1.00827, 0.00644261, 1, 0
5008.98, 1.01073, 0.00645351, 1, 0
