wav, obs, sigma_obs, syn, weight
5031.55, 1.01305, 0.0048359, 1, 0
5031.56, 1.01502, 0.00484209, 1, 0
5031.57, 1.01528, 0.00484346, 1, 0
5031.58, 1.01371, 0.00483985, 1, 0
5031.59, 1.01465, 0.00484379, 1, 0
5031.6, 1.01573, 0.00484642, 1, 0
5031.61, 1.01324, 0.0048362, 0.99899, 0.0107966
5031.62, 1.01022, 0.00482666, 0.99875, 0.0172745
5031.63, 1.00845, 0.00482248, 0.99864, 0.0226728
5031.64, 1.00818, 0.00482167, 0.99863, 0.0259118
5031.65, 1.00982, 0.00482893, 0.99869, 0.0280711
5031.66, 1.0116, 0.00483692, 0.99876, 0.0291508
5031.67, 1.01078, 0.00483214, 0.99881, 0.0302304
5031.68, 1.0084, 0.00482201, 0.99884, 0.0302304
5031.69, 1.00552, 0.00481226, 0.99885, 0.0313101
5031.7, 1.00229, 0.00480137, 0.99884, 0.0345491
5031.71, 0.999259, 0.00478739, 0.9988, 0.037788
5031.72, 0.995797, 0.00476983, 0.99873, 0.0421067
5031.73, 0.990483, 0.00475103, 0.99863, 0.0485846
5031.74, 0.987037, 0.00473971, 0.99848, 0.0583015
5031.75, 0.987441, 0.00473936, 0.99826, 0.0734167
5031.76, 0.988197, 0.00474232, 0.9979, 0.0993285
5031.77, 0.988554, 0.00474595, 0.99727, 0.143595
5031.78, 0.98883, 0.0047489, 0.99616, 0.22025
5031.79, 0.988685, 0.00474791, 0.99417, 0.34657
5031.8, 0.989697, 0.00475024, 0.99077, 0.541988
5031.81, 0.992263, 0.00476007, 0.98532, 0.823779
5031.82, 0.991567, 0.00476034, 0.97717, 1.1995
5031.83, 0.986278, 0.00474223, 0.96594, 1.66483
5031.84, 0.97718, 0.00470517, 0.95165, 2.20034
5031.85, 0.962635, 0.00464942, 0.93491, 2.77796
5031.86, 0.94186, 0.00457043, 0.91683, 3.35666
5031.87, 0.915748, 0.00446469, 0.89888, 3.89865
5031.88, 0.887314, 0.00434756, 0.88259, 4.36506
5031.89, 0.861076, 0.00424266, 0.86932, 4.72998
5031.9, 0.842484, 0.00417444, 0.8601, 4.97722
5031.91, 0.836368, 0.00415322, 0.85553, 5.09383
5031.92, 0.842689, 0.00417654, 0.8559, 5.08087
5031.93, 0.856372, 0.0042319, 0.8612, 4.93728
5031.94, 0.876027, 0.00430969, 0.87109, 4.66628
5031.95, 0.897776, 0.00439302, 0.88488, 4.27868
5031.96, 0.913395, 0.0044565, 0.90149, 3.795
5031.97, 0.924269, 0.00450238, 0.91952, 3.24329
5031.98, 0.933662, 0.00453985, 0.9374, 2.66136
5031.99, 0.940863, 0.00456942, 0.95373, 2.09022
5032, 0.948038, 0.00459787, 0.96747, 1.56658
5032.01, 0.956538, 0.00462946, 0.97815, 1.11961
5032.02, 0.962694, 0.0046561, 0.98584, 0.763318
5032.03, 0.967825, 0.00467983, 0.99097, 0.499882
5032.04, 0.974631, 0.00470512, 0.99419, 0.320658
5032.05, 0.980202, 0.00472368, 0.99612, 0.206215
5032.06, 0.982999, 0.00473335, 0.99726, 0.138196
5032.07, 0.98368, 0.00473818, 0.99793, 0.0982489
5032.08, 0.984273, 0.00474217, 0.99834, 0.0766557
5032.09, 0.985165, 0.004746, 0.9986, 0.0636998
5032.1, 0.985394, 0.00474815, 0.99878, 0.0550626
5032.11, 0.985459, 0.00474999, 0.9989, 0.0496643
5032.12, 0.986296, 0.0047546, 0.99899, 0.044266
5032.13, 0.988586, 0.00476457, 0.99905, 0.041027
5032.14, 0.991489, 0.00477526, 0.99909, 0.0399473
5032.15, 0.994388, 0.00478496, 0.99913, 0.037788
5032.16, 0.997266, 0.00479675, 0.99915, 0.0367084
5032.17, 0.998471, 0.00480381, 0.99917, 0.0356287
5032.18, 0.998207, 0.00480428, 0.99919, 0.0313101
5032.19, 0.999549, 0.00480727, 0.99925, 0.0269915
5032.2, 0.998901, 0.00480429, 0.99934, 0.0215932
5032.21, 0.993721, 0.00478779, 0.99949, 0.0140356
5032.22, 0.98854, 0.00476658, 1, 0
5032.23, 0.983585, 0.0047444, 1, 0
5032.24, 0.97793, 0.00472331, 1, 0
5032.25, 0.973869, 0.00470912, 1, 0
5032.26, 0.971261, 0.00470007, 1, 0
5032.27, 0.968229, 0.00468952, 1, 0
