wav, obs, sigma_obs, syn, weight
5036.56, 0.871197, 0.00451838, 1, 0
5036.57, 0.890885, 0.00460508, 1, 0
5036.58, 0.911329, 0.00469559, 1, 0
5036.59, 0.92962, 0.00477523, 1, 0
5036.6, 0.943404, 0.00483246, 1, 0
5036.61, 0.954705, 0.00487871, 1, 0
5036.62, 0.963489, 0.00491584, 0.99152, 0.00804219
5036.63, 0.969622, 0.00494305, 0.99134, 0.0120633
5036.64, 0.975721, 0.00496875, 0.99131, 0.0160844
5036.65, 0.981724, 0.00499522, 0.99111, 0.0180949
5036.66, 0.986559, 0.00501914, 0.99061, 0.0191002
5036.67, 0.990524, 0.00503518, 0.98987, 0.0191002
5036.68, 0.994213, 0.00504726, 0.989, 0.0191002
5036.69, 0.997274, 0.00505843, 0.98817, 0.0201055
5036.7, 0.997759, 0.00506166, 0.98755, 0.0211108
5036.71, 0.996165, 0.00505732, 0.98725, 0.022116
5036.72, 0.993928, 0.00504968, 0.98737, 0.0231213
5036.73, 0.991807, 0.0050419, 0.98791, 0.0251319
5036.74, 0.990088, 0.00503304, 0.98882, 0.0281477
5036.75, 0.987799, 0.00502141, 0.99002, 0.0331741
5036.76, 0.982806, 0.00500657, 0.99133, 0.0432268
5036.77, 0.977115, 0.00498462, 0.99259, 0.0633323
5036.78, 0.971266, 0.00495415, 0.9936, 0.103543
5036.79, 0.962204, 0.00492155, 0.99412, 0.178939
5036.8, 0.956326, 0.00490295, 0.99382, 0.31063
5036.81, 0.956221, 0.00489953, 0.99212, 0.520732
5036.82, 0.954585, 0.0048901, 0.98814, 0.82533
5036.83, 0.951642, 0.00487955, 0.9807, 1.23046
5036.84, 0.948315, 0.00486954, 0.96848, 1.73108
5036.85, 0.941788, 0.00484276, 0.95054, 2.30007
5036.86, 0.926612, 0.00477932, 0.92674, 2.90725
5036.87, 0.902238, 0.00467837, 0.89814, 3.5074
5036.88, 0.874018, 0.00455923, 0.86706, 4.06131
5036.89, 0.840863, 0.00441998, 0.83677, 4.52776
5036.9, 0.806567, 0.00427762, 0.81094, 4.88362
5036.91, 0.781685, 0.0041738, 0.79296, 5.11182
5036.92, 0.769608, 0.00412194, 0.7853, 5.2043
5036.93, 0.772743, 0.00413495, 0.78904, 5.16007
5036.94, 0.793221, 0.00422551, 0.80365, 4.98013
5036.95, 0.826226, 0.00436711, 0.8271, 4.66849
5036.96, 0.865037, 0.0045296, 0.85626, 4.23824
5036.97, 0.903163, 0.00469009, 0.88748, 3.71248
5036.98, 0.93522, 0.00482676, 0.91728, 3.12339
5036.99, 0.958431, 0.00492573, 0.94298, 2.51419
5037, 0.973586, 0.00498796, 0.96306, 1.92711
5037.01, 0.986009, 0.00503955, 0.9773, 1.39834
5037.02, 0.995364, 0.00508095, 0.98646, 0.958026
5037.03, 0.998379, 0.00509652, 0.99183, 0.617238
5037.04, 1.00088, 0.00510636, 0.99473, 0.375973
5037.05, 1.00331, 0.00511439, 0.99621, 0.21915
5037.06, 1.00259, 0.00511302, 0.99698, 0.12767
5037.07, 1.00255, 0.00511643, 0.9974, 0.0774061
5037.08, 1.00274, 0.00511978, 0.99767, 0.0552901
5037.09, 1.00054, 0.00511074, 0.99783, 0.0472479
5037.1, 0.998756, 0.005103, 0.99789, 0.0482532
5037.11, 0.997985, 0.00509953, 0.99786, 0.0532795
5037.12, 0.997106, 0.00509539, 0.99771, 0.0613217
5037.13, 0.996114, 0.00509189, 0.99744, 0.0703692
5037.14, 0.995043, 0.00508976, 0.99708, 0.0804219
5037.15, 0.99356, 0.0050864, 0.99666, 0.0904747
5037.16, 0.990987, 0.00507563, 0.99622, 0.0975116
5037.17, 0.989571, 0.00506742, 0.99584, 0.102538
5037.18, 0.990513, 0.00507026, 0.99556, 0.103543
5037.19, 0.989958, 0.00507145, 0.99542, 0.0995222
5037.2, 0.99023, 0.00507667, 0.99547, 0.0874589
5037.21, 0.99362, 0.00509118, 0.99572, 0.0663481
5037.22, 0.996045, 0.00510031, 0.9962, 0.0432268
5037.23, 0.997909, 0.00510602, 1, 0
5037.24, 0.999878, 0.0051131, 1, 0
5037.25, 0.999255, 0.00511564, 1, 0
5037.26, 0.997321, 0.00511056, 1, 0
5037.27, 0.995882, 0.00509912, 1, 0
5037.28, 0.994413, 0.00508799, 1, 0
