wav, obs, sigma_obs, syn, weight
5054.27, 0.954213, 0.00525013, 1, 0
5054.28, 0.951659, 0.00523679, 1, 0
5054.29, 0.94881, 0.0052221, 1, 0
5054.3, 0.947652, 0.00521521, 1, 0
5054.31, 0.948822, 0.00521932, 1, 0
5054.32, 0.951881, 0.0052328, 1, 0
5054.33, 0.956658, 0.00525306, 1, 0
5054.34, 0.963108, 0.00527802, 0.9994, 0.00820022
5054.35, 0.970781, 0.00530966, 0.99929, 0.0114803
5054.36, 0.978916, 0.00534683, 0.99919, 0.0147604
5054.37, 0.986364, 0.00538003, 0.9991, 0.0164004
5054.38, 0.992095, 0.0054038, 0.99899, 0.0180405
5054.39, 0.995478, 0.00541802, 0.99889, 0.0196805
5054.4, 0.997728, 0.00542618, 0.9988, 0.0213206
5054.41, 0.999779, 0.00543043, 0.9987, 0.0229606
5054.42, 0.998932, 0.00542366, 0.99862, 0.0254207
5054.43, 0.994385, 0.00540419, 0.99855, 0.0278807
5054.44, 0.989094, 0.00538066, 0.99848, 0.0311608
5054.45, 0.983116, 0.00535234, 0.99842, 0.0352609
5054.46, 0.975005, 0.00531462, 0.99834, 0.0426411
5054.47, 0.967769, 0.00528171, 0.99822, 0.0533014
5054.48, 0.96422, 0.00526595, 0.99802, 0.0729819
5054.49, 0.963143, 0.00526003, 0.99762, 0.106603
5054.5, 0.963346, 0.00525866, 0.99685, 0.166464
5054.51, 0.964303, 0.00526166, 0.99532, 0.267327
5054.52, 0.965404, 0.00526619, 0.99246, 0.425591
5054.53, 0.965839, 0.00526749, 0.98739, 0.658477
5054.54, 0.964289, 0.00525937, 0.97899, 0.972546
5054.55, 0.959226, 0.00523453, 0.96611, 1.37108
5054.56, 0.948963, 0.00518449, 0.94783, 1.84423
5054.57, 0.931512, 0.00510338, 0.92385, 2.37232
5054.58, 0.905271, 0.00498885, 0.89473, 2.93076
5054.59, 0.872549, 0.0048464, 0.86206, 3.48673
5054.6, 0.836389, 0.00468428, 0.8283, 4.00745
5054.61, 0.797788, 0.00451053, 0.7965, 4.4601
5054.62, 0.761265, 0.00434716, 0.76984, 4.81599
5054.63, 0.73573, 0.00423179, 0.75114, 5.05461
5054.64, 0.724631, 0.00417997, 0.74246, 5.16368
5054.65, 0.727944, 0.004193, 0.74477, 5.1358
5054.66, 0.745783, 0.00427167, 0.75779, 4.97507
5054.67, 0.776103, 0.00440651, 0.78011, 4.68806
5054.68, 0.812659, 0.00456863, 0.80929, 4.29117
5054.69, 0.851107, 0.0047385, 0.84232, 3.809
5054.7, 0.889127, 0.00490627, 0.87601, 3.26943
5054.71, 0.922968, 0.00505474, 0.9075, 2.70935
5054.72, 0.949133, 0.00516804, 0.93467, 2.15912
5054.73, 0.966982, 0.00524499, 0.95633, 1.64906
5054.74, 0.978008, 0.00529284, 0.97231, 1.20461
5054.75, 0.985751, 0.00532598, 0.9832, 0.838882
5054.76, 0.991424, 0.00534882, 0.99008, 0.557615
5054.77, 0.994716, 0.00535987, 0.99412, 0.356709
5054.78, 0.996059, 0.00536358, 0.99636, 0.222226
5054.79, 0.996231, 0.00536484, 0.99755, 0.139404
5054.8, 0.996226, 0.00536542, 0.99819, 0.0910224
5054.81, 0.997128, 0.00536793, 0.99856, 0.0639617
5054.82, 0.999783, 0.00537543, 0.99878, 0.0492013
5054.83, 1.00261, 0.00538476, 0.99894, 0.0401811
5054.84, 1.00389, 0.00539176, 0.99906, 0.0344409
5054.85, 1.00541, 0.00539919, 0.99915, 0.0303408
5054.86, 1.00761, 0.00540646, 0.99922, 0.0270607
5054.87, 1.00805, 0.00540637, 0.99927, 0.0246006
5054.88, 1.00754, 0.00540343, 0.99932, 0.0221406
5054.89, 1.00869, 0.00540783, 0.99935, 0.0205005
5054.9, 1.00982, 0.00541159, 0.99938, 0.0180405
5054.91, 1.00921, 0.00540695, 0.99941, 0.0155804
5054.92, 1.00851, 0.00540131, 0.99944, 0.0131203
5054.93, 1.00827, 0.0053988, 0.99947, 0.0106603
5054.94, 1.0074, 0.0053973, 0.99953, 0.00820022
5054.95, 1.00569, 0.00539216, 1, 0
5054.96, 1.0035, 0.00537997, 1, 0
5054.97, 1.00127, 0.00536613, 1, 0
5054.98, 0.999077, 0.00535407, 1, 0
5054.99, 0.99642, 0.0053408, 1, 0
5055, 0.99328, 0.00532566, 1, 0
5055.01, 0.990224, 0.00531085, 1, 0
