wav, obs, sigma_obs, syn, weight
5057.64, 1.0036, 0.0050683, 1, 0
5057.65, 1.00344, 0.00506771, 1, 0
5057.66, 1.00318, 0.0050667, 1, 0
5057.67, 1.00278, 0.00506506, 1, 0
5057.68, 1.00362, 0.005069, 1, 0
5057.69, 1.00508, 0.00507491, 1, 0
5057.7, 1.00518, 0.00507266, 1, 0
5057.71, 1.00462, 0.00506805, 0.99989, 0.0346374
5057.72, 1.00488, 0.0050699, 0.99973, 0.0426307
5057.73, 1.00599, 0.00507344, 0.99946, 0.0479595
5057.74, 1.00709, 0.00507447, 0.99908, 0.0506239
5057.75, 1.00678, 0.00507304, 0.99865, 0.0506239
5057.76, 1.00604, 0.00507123, 0.99823, 0.0532884
5057.77, 1.00629, 0.00507004, 0.99786, 0.0506239
5057.78, 1.00529, 0.00506273, 0.99751, 0.0506239
5057.79, 1.00195, 0.00504726, 0.99708, 0.0506239
5057.8, 0.998307, 0.00503145, 0.99642, 0.0506239
5057.81, 0.994507, 0.00501603, 0.99529, 0.0506239
5057.82, 0.989515, 0.00499702, 0.99343, 0.0506239
5057.83, 0.984193, 0.00497537, 0.9905, 0.0532884
5057.84, 0.979263, 0.00495284, 0.98619, 0.0532884
5057.85, 0.974065, 0.00492984, 0.98025, 0.0586172
5057.86, 0.96887, 0.0049081, 0.9726, 0.063946
5057.87, 0.964593, 0.0048897, 0.96334, 0.0719393
5057.88, 0.960178, 0.00487065, 0.95272, 0.0879258
5057.89, 0.954435, 0.00484654, 0.94116, 0.117234
5057.9, 0.947692, 0.0048176, 0.92913, 0.170523
5057.91, 0.939458, 0.00478181, 0.91709, 0.263777
5057.92, 0.928318, 0.0047347, 0.90549, 0.423642
5057.93, 0.914526, 0.00467768, 0.89469, 0.668769
5057.94, 0.898993, 0.00461399, 0.88498, 1.02047
5057.95, 0.88215, 0.00454372, 0.87661, 1.48675
5057.96, 0.864563, 0.00446941, 0.86974, 2.04894
5057.97, 0.847271, 0.00439785, 0.86449, 2.6804
5057.98, 0.833004, 0.00433932, 0.86091, 3.33319
5057.99, 0.825064, 0.00430526, 0.85904, 3.95666
5058, 0.825184, 0.00430447, 0.85892, 4.5082
5058.01, 0.833677, 0.00433933, 0.86058, 4.95848
5058.02, 0.84914, 0.00440291, 0.86405, 5.28354
5058.03, 0.869554, 0.00448618, 0.86935, 5.47538
5058.04, 0.892303, 0.0045784, 0.87646, 5.53133
5058.05, 0.913524, 0.00466453, 0.88528, 5.44874
5058.06, 0.93014, 0.00473232, 0.8956, 5.22492
5058.07, 0.941418, 0.00477773, 0.90708, 4.87056
5058.08, 0.947825, 0.00480256, 0.91925, 4.3883
5058.09, 0.950567, 0.00481243, 0.93154, 3.80745
5058.1, 0.950442, 0.00481066, 0.94341, 3.16799
5058.11, 0.948749, 0.00480248, 0.95439, 2.51788
5058.12, 0.948309, 0.00479963, 0.96414, 1.91039
5058.13, 0.950628, 0.00480845, 0.97249, 1.38017
5058.14, 0.95547, 0.00482799, 0.9794, 0.953862
5058.15, 0.961512, 0.00485247, 0.98495, 0.636796
5058.16, 0.967724, 0.00487709, 0.98926, 0.412985
5058.17, 0.975204, 0.00490581, 0.99249, 0.269106
5058.18, 0.982536, 0.00493346, 0.99482, 0.178516
5058.19, 0.985266, 0.00494365, 0.99643, 0.125228
5058.2, 0.984557, 0.0049403, 0.9975, 0.0932546
5058.21, 0.983506, 0.00493456, 0.99819, 0.0746037
5058.22, 0.980599, 0.00492167, 0.99862, 0.063946
5058.23, 0.975196, 0.00490008, 0.99889, 0.0559528
5058.24, 0.969472, 0.00487813, 0.99905, 0.0506239
5058.25, 0.964821, 0.00485955, 0.99916, 0.0452951
5058.26, 0.961992, 0.00484558, 0.99923, 0.0452951
5058.27, 0.961839, 0.00484255, 0.99928, 0.0399663
5058.28, 0.96444, 0.0048527, 0.99933, 0.0399663
5058.29, 0.968473, 0.00486873, 0.99939, 0.0399663
5058.3, 0.973407, 0.00488798, 0.99947, 0.0426307
5058.31, 0.979486, 0.00491218, 0.99959, 0.0452951
5058.32, 0.987064, 0.00494229, 0.99972, 0.0452951
5058.33, 0.995375, 0.00497485, 0.99983, 0.0452951
5058.34, 1.00127, 0.00499799, 0.99991, 0.0426307
5058.35, 1.00388, 0.0050081, 0.99996, 0.0373019
5058.36, 1.00482, 0.00501075, 1, 0
5058.37, 1.00601, 0.00501365, 1, 0
5058.38, 1.00809, 0.00502021, 1, 0
5058.39, 1.00827, 0.00502093, 1, 0
5058.4, 1.00601, 0.00501314, 1, 0
5058.41, 1.00367, 0.00500345, 1, 0
5058.42, 1.00175, 0.00499401, 1, 0
