wav, obs, sigma_obs, syn, weight
5059.64, 0.957623, 0.00470684, 1, 0
5059.65, 0.951781, 0.00468587, 1, 0
5059.66, 0.945484, 0.00466393, 1, 0
5059.67, 0.941061, 0.00464608, 1, 0
5059.68, 0.939524, 0.00463708, 1, 0
5059.69, 0.940697, 0.00464176, 1, 0
5059.7, 0.943113, 0.00465321, 0.99871, 0.00514558
5059.71, 0.945105, 0.00466069, 0.99859, 0.0074325
5059.72, 0.946956, 0.00466565, 0.99845, 0.0102912
5059.73, 0.948107, 0.00466746, 0.9983, 0.0125781
5059.74, 0.946272, 0.00465883, 0.99814, 0.0142933
5059.75, 0.941711, 0.00464116, 0.99799, 0.0160085
5059.76, 0.936332, 0.00462108, 0.99789, 0.0171519
5059.77, 0.931711, 0.00460248, 0.99785, 0.0182954
5059.78, 0.92934, 0.00459078, 0.99788, 0.0200106
5059.79, 0.930572, 0.00459426, 0.99796, 0.0222975
5059.8, 0.934618, 0.00461034, 0.99806, 0.023441
5059.81, 0.939656, 0.00463053, 0.99816, 0.0262996
5059.82, 0.945784, 0.00465439, 0.99822, 0.0285866
5059.83, 0.952703, 0.00468065, 0.99823, 0.0325887
5059.84, 0.958532, 0.00470277, 0.99817, 0.0360191
5059.85, 0.962138, 0.00471649, 0.99806, 0.0417364
5059.86, 0.963331, 0.0047207, 0.99791, 0.0485971
5059.87, 0.963219, 0.00471944, 0.99773, 0.0600318
5059.88, 0.962615, 0.0047161, 0.99751, 0.0783272
5059.89, 0.961168, 0.00471031, 0.99721, 0.109201
5059.9, 0.960078, 0.00470605, 0.99674, 0.160085
5059.91, 0.961193, 0.00470895, 0.99591, 0.241842
5059.92, 0.962868, 0.00471394, 0.99437, 0.365336
5059.93, 0.962915, 0.00471339, 0.99149, 0.542573
5059.94, 0.960356, 0.00470185, 0.9863, 0.776411
5059.95, 0.954532, 0.00467736, 0.97743, 1.06685
5059.96, 0.944846, 0.00463943, 0.96316, 1.40474
5059.97, 0.930189, 0.00458096, 0.94168, 1.77465
5059.98, 0.909091, 0.00449448, 0.91138, 2.15828
5059.99, 0.879743, 0.00437668, 0.87124, 2.54134
5060, 0.840934, 0.00422273, 0.82123, 2.9124
5060.01, 0.792208, 0.00402728, 0.76253, 3.26573
5060.02, 0.734192, 0.00379268, 0.69778, 3.60076
5060.03, 0.669096, 0.00352882, 0.63096, 3.9095
5060.04, 0.601844, 0.00325629, 0.56713, 4.17993
5060.05, 0.538597, 0.00299851, 0.51202, 4.38861
5060.06, 0.486728, 0.00278301, 0.47139, 4.51153
5060.07, 0.456181, 0.00265477, 0.45037, 4.52925
5060.08, 0.455109, 0.00265089, 0.45254, 4.43663
5060.09, 0.484908, 0.00277329, 0.47892, 4.24282
5060.1, 0.542014, 0.00300623, 0.52744, 3.96896
5060.11, 0.618429, 0.00331886, 0.59296, 3.64193
5060.12, 0.702786, 0.00366155, 0.66821, 3.28631
5060.13, 0.783674, 0.00398523, 0.74516, 2.91983
5060.14, 0.852982, 0.00426105, 0.81644, 2.55278
5060.15, 0.906374, 0.00447324, 0.8766, 2.18687
5060.16, 0.943355, 0.0046185, 0.92282, 1.82439
5060.17, 0.966714, 0.00470941, 0.95505, 1.46821
5060.18, 0.980472, 0.00476356, 0.97539, 1.13031
5060.19, 0.988344, 0.00479447, 0.98697, 0.827295
5060.2, 0.993393, 0.00481366, 0.99291, 0.575733
5060.21, 0.997611, 0.0048295, 0.99563, 0.388777
5060.22, 0.999826, 0.00483716, 0.99671, 0.266998
5060.23, 0.999117, 0.00483295, 0.99694, 0.201821
5060.24, 0.99897, 0.00483182, 0.99667, 0.181239
5060.25, 0.999789, 0.00483528, 0.99596, 0.1881
5060.26, 0.998235, 0.00482865, 0.99479, 0.213256
5060.27, 0.99521, 0.0048156, 0.99313, 0.245273
5060.28, 0.992824, 0.00480515, 0.99104, 0.279005
5060.29, 0.99068, 0.00479582, 0.98868, 0.31045
5060.3, 0.988488, 0.00478618, 0.98631, 0.336178
5060.31, 0.986558, 0.00477701, 0.98428, 0.355045
5060.32, 0.984842, 0.00476933, 0.98291, 0.364764
5060.33, 0.983341, 0.00476395, 0.98243, 0.364764
5060.34, 0.982715, 0.00476099, 0.98292, 0.350471
5060.35, 0.982364, 0.00475758, 0.98429, 0.320169
5060.36, 0.980205, 0.00474793, 0.98629, 0.269857
5060.37, 0.97565, 0.00473009, 0.98862, 0.205823
5060.38, 0.969246, 0.00470517, 0.99098, 0.137787
5060.39, 0.962536, 0.00467724, 1, 0
5060.4, 0.956311, 0.00465027, 1, 0
5060.41, 0.950421, 0.00462748, 1, 0
5060.42, 0.946573, 0.00461332, 1, 0
5060.43, 0.946344, 0.00461014, 1, 0
5060.44, 0.947238, 0.00461027, 1, 0
