wav, obs, sigma_obs, syn, weight
5077.03, 0.942644, 0.00452537, 1, 0
5077.04, 0.949047, 0.00455252, 1, 0
5077.05, 0.955451, 0.00457968, 1, 0
5077.06, 0.961854, 0.00460684, 1, 0
5077.07, 0.968257, 0.004634, 1, 0
5077.08, 0.974985, 0.00466281, 1, 0
5077.09, 0.981066, 0.00468833, 1, 0.156258
5077.1, 0.984978, 0.00470315, 0.99998, 0.234387
5077.11, 0.988148, 0.00471612, 0.9999, 0.303835
5077.12, 0.991005, 0.00472917, 0.99962, 0.338559
5077.13, 0.992776, 0.00473617, 0.99889, 0.338559
5077.14, 0.99485, 0.00474319, 0.99744, 0.329878
5077.15, 0.996907, 0.0047503, 0.99522, 0.321197
5077.16, 0.996731, 0.00474953, 0.9926, 0.312516
5077.17, 0.995179, 0.00474362, 0.99011, 0.295154
5077.18, 0.993024, 0.00473607, 0.98801, 0.295154
5077.19, 0.990025, 0.00472701, 0.98607, 0.286473
5077.2, 0.986827, 0.00471494, 0.98386, 0.286473
5077.21, 0.982868, 0.00469828, 0.98101, 0.312516
5077.22, 0.976133, 0.00467535, 0.9774, 0.338559
5077.23, 0.966915, 0.00464143, 0.97311, 0.399326
5077.24, 0.956615, 0.00459916, 0.96833, 0.512179
5077.25, 0.946635, 0.00455991, 0.96335, 0.685799
5077.26, 0.936116, 0.0045217, 0.95843, 0.94623
5077.27, 0.925949, 0.00448603, 0.95378, 1.29347
5077.28, 0.920092, 0.00446498, 0.94953, 1.71016
5077.29, 0.919223, 0.00446178, 0.94578, 2.16157
5077.3, 0.922631, 0.00447529, 0.94254, 2.63903
5077.31, 0.92944, 0.00450269, 0.93983, 3.09044
5077.32, 0.938118, 0.00453589, 0.93764, 3.46372
5077.33, 0.945967, 0.00456431, 0.93596, 3.75888
5077.34, 0.94925, 0.00457749, 0.93477, 3.95854
5077.35, 0.946812, 0.00457093, 0.93407, 4.06271
5077.36, 0.939635, 0.00454586, 0.93384, 4.06271
5077.37, 0.930314, 0.00450943, 0.93408, 3.9759
5077.38, 0.921496, 0.00447348, 0.93482, 3.80228
5077.39, 0.915482, 0.00444969, 0.93607, 3.51581
5077.4, 0.913868, 0.0044452, 0.93787, 3.15989
5077.41, 0.916866, 0.0044592, 0.94025, 2.73452
5077.42, 0.924152, 0.00448803, 0.94322, 2.26574
5077.43, 0.935278, 0.00452902, 0.94682, 1.79697
5077.44, 0.947153, 0.00457588, 0.95101, 1.38028
5077.45, 0.957531, 0.00462077, 0.95574, 1.02436
5077.46, 0.967934, 0.00465726, 0.96087, 0.746566
5077.47, 0.976093, 0.00468519, 0.96618, 0.555584
5077.48, 0.980277, 0.00470716, 0.97142, 0.442731
5077.49, 0.984076, 0.00472468, 0.97629, 0.364602
5077.5, 0.987714, 0.00473947, 0.98051, 0.329878
5077.51, 0.990063, 0.00475179, 0.98392, 0.303835
5077.52, 0.991895, 0.00475904, 0.98649, 0.303835
5077.53, 0.993997, 0.0047649, 0.98838, 0.295154
5077.54, 0.996436, 0.00477315, 0.98995, 0.286473
5077.55, 0.998068, 0.00477957, 0.99165, 0.295154
5077.56, 0.998717, 0.00478302, 0.99369, 0.303835
5077.57, 0.99912, 0.00478593, 0.99589, 0.312516
5077.58, 1.00034, 0.00479244, 0.99778, 0.338559
5077.59, 1.00126, 0.00479944, 0.99903, 0.364602
5077.6, 1.00056, 0.00480033, 0.99967, 0.373283
5077.61, 0.999613, 0.0047922, 0.99991, 0.34724
5077.62, 0.997467, 0.00477976, 0.99998, 0.286473
5077.63, 0.993587, 0.00477051, 1, 0.199663
5077.64, 0.992626, 0.00476669, 1, 0
5077.65, 0.993416, 0.00476523, 1, 0
5077.66, 0.992458, 0.00476327, 1, 0
5077.67, 0.992133, 0.00476626, 1, 0
5077.68, 0.99369, 0.00477604, 1, 0
5077.69, 0.996875, 0.00479088, 1, 0
