wav, obs, sigma_obs, syn, weight
5085.88, 0.955073, 0.00549179, 1, 0
5085.89, 0.95884, 0.00550697, 1, 0
5085.9, 0.962722, 0.00552267, 1, 0
5085.91, 0.96716, 0.00554143, 1, 0
5085.92, 0.97075, 0.00556032, 1, 0
5085.93, 0.973664, 0.00557747, 1, 0
5085.94, 0.977272, 0.00559412, 0.97626, 0.506823
5085.95, 0.980398, 0.00561334, 0.97778, 0.742933
5085.96, 0.985304, 0.00563931, 0.98076, 0.915945
5085.97, 0.992359, 0.00566699, 0.9845, 0.983115
5085.98, 0.99459, 0.00567729, 0.98832, 0.94037
5085.99, 0.995537, 0.00568697, 0.99172, 0.824351
5086, 0.997813, 0.00570221, 0.99441, 0.679835
5086.01, 0.99829, 0.00570443, 0.99633, 0.531248
5086.02, 1.00097, 0.00571421, 0.99756, 0.394874
5086.03, 1.00434, 0.0057299, 0.99826, 0.286996
5086.04, 1.00396, 0.00573268, 0.99863, 0.205579
5086.05, 1.00414, 0.00573256, 0.99878, 0.154693
5086.06, 1.00424, 0.00573396, 0.99881, 0.124161
5086.07, 1.00321, 0.00573767, 0.99878, 0.111949
5086.08, 1.00426, 0.00574611, 0.9987, 0.11602
5086.09, 1.00533, 0.00574995, 0.99858, 0.128232
5086.1, 1.00475, 0.00574626, 0.99841, 0.160799
5086.11, 1.00398, 0.00574358, 0.99816, 0.20965
5086.12, 1.00567, 0.00574887, 0.9978, 0.293102
5086.13, 1.00709, 0.00575505, 0.99722, 0.419299
5086.14, 1.00518, 0.0057538, 0.99626, 0.608595
5086.15, 1.00385, 0.00575233, 0.99467, 0.871166
5086.16, 1.00006, 0.00573648, 0.99206, 1.21312
5086.17, 0.992847, 0.00570289, 0.98799, 1.62428
5086.18, 0.987205, 0.00567185, 0.98199, 2.08836
5086.19, 0.978937, 0.00563443, 0.97383, 2.57279
5086.2, 0.966557, 0.00558212, 0.96362, 3.04704
5086.21, 0.953092, 0.00551935, 0.95206, 3.47449
5086.22, 0.940203, 0.0054616, 0.94039, 3.82662
5086.23, 0.929515, 0.0054163, 0.93022, 4.09122
5086.24, 0.922238, 0.0053863, 0.92318, 4.25406
5086.25, 0.91891, 0.00537644, 0.9205, 4.31308
5086.26, 0.921729, 0.0053896, 0.92266, 4.26423
5086.27, 0.929667, 0.00542321, 0.92928, 4.11361
5086.28, 0.938727, 0.00546986, 0.93919, 3.86122
5086.29, 0.949845, 0.0055239, 0.95079, 3.51519
5086.3, 0.962319, 0.00558041, 0.96245, 3.09589
5086.31, 0.973516, 0.00563264, 0.97285, 2.62571
5086.32, 0.981406, 0.00567061, 0.98125, 2.14128
5086.33, 0.986086, 0.00569513, 0.98747, 1.67313
5086.34, 0.987897, 0.00570543, 0.99172, 1.25586
5086.35, 0.986341, 0.00569568, 0.99445, 0.903733
5086.36, 0.981758, 0.00568057, 0.99613, 0.63302
5086.37, 0.975806, 0.00565991, 0.99714, 0.437618
5086.38, 0.970577, 0.00562816, 0.99775, 0.30328
5086.39, 0.966783, 0.00561488, 0.99814, 0.215756
5086.4, 0.965839, 0.00561885, 0.99841, 0.160799
5086.41, 0.968569, 0.00562829, 0.99859, 0.128232
5086.42, 0.973802, 0.00564943, 0.99873, 0.105843
5086.43, 0.980346, 0.00568025, 0.99883, 0.0915945
5086.44, 0.986731, 0.0057138, 0.99891, 0.0834528
5086.45, 0.991948, 0.00574394, 0.99897, 0.0773465
5086.46, 0.997741, 0.00577197, 0.99902, 0.0793819
5086.47, 1.00366, 0.00579776, 0.99904, 0.0814173
5086.48, 1.00768, 0.00581655, 0.99903, 0.0895591
5086.49, 1.00885, 0.00582037, 0.99895, 0.0997363
5086.5, 1.00731, 0.0058155, 0.99879, 0.0997363
5086.51, 1.00518, 0.00581164, 0.9985, 0.0854882
5086.52, 1.00494, 0.00581055, 0.99808, 0.0630984
5086.53, 1.00196, 0.00579937, 1, 0
5086.54, 0.997128, 0.00577856, 1, 0
5086.55, 0.994111, 0.00575827, 1, 0
5086.56, 0.987658, 0.00573472, 1, 0
5086.57, 0.978226, 0.00569956, 1, 0
5086.58, 0.968638, 0.00565132, 1, 0
