wav, obs, sigma_obs, syn, weight
5087.78, 0.977629, 0.00665234, 1, 0
5087.79, 0.978693, 0.00665568, 1, 0
5087.8, 0.979526, 0.0066576, 1, 0
5087.81, 0.980602, 0.00666101, 1, 0
5087.82, 0.982891, 0.00667184, 1, 0
5087.83, 0.985871, 0.00668695, 1, 0
5087.84, 0.988414, 0.00669949, 1, 0
5087.85, 0.99015, 0.00670702, 0.99083, 0.0115588
5087.86, 0.991399, 0.00671185, 0.98953, 0.0154117
5087.87, 0.993806, 0.00672627, 0.98899, 0.0183014
5087.88, 0.99768, 0.00675226, 0.98914, 0.0202278
5087.89, 1.00044, 0.00676967, 0.9898, 0.0221543
5087.9, 1.00147, 0.00677338, 0.99079, 0.0240808
5087.91, 1.0025, 0.00677673, 0.99197, 0.0260072
5087.92, 1.00316, 0.00677946, 0.99319, 0.0279337
5087.93, 1.00195, 0.00677303, 0.99435, 0.0308234
5087.94, 0.999894, 0.00676075, 0.99535, 0.0337131
5087.95, 0.998383, 0.00674867, 0.99614, 0.0385292
5087.96, 0.996318, 0.00673453, 0.99669, 0.0433454
5087.97, 0.992905, 0.00671636, 0.99701, 0.0520144
5087.98, 0.989279, 0.00669699, 0.99707, 0.0645364
5087.99, 0.986121, 0.00667816, 0.99684, 0.0847643
5088, 0.983171, 0.00665923, 0.99619, 0.120404
5088.01, 0.979859, 0.00663838, 0.99486, 0.181087
5088.02, 0.975555, 0.00661345, 0.99243, 0.279337
5088.03, 0.970682, 0.00658676, 0.98824, 0.434417
5088.04, 0.965638, 0.00655956, 0.98153, 0.65885
5088.05, 0.958416, 0.00651863, 0.97149, 0.968046
5088.06, 0.947462, 0.0064548, 0.95752, 1.36201
5088.07, 0.934091, 0.00637935, 0.93945, 1.83399
5088.08, 0.918495, 0.00629477, 0.91772, 2.36377
5088.09, 0.898579, 0.00618604, 0.8934, 2.92533
5088.1, 0.874413, 0.00605213, 0.86807, 3.48304
5088.11, 0.848423, 0.00590727, 0.84362, 4.00126
5088.12, 0.824669, 0.00577461, 0.82193, 4.44723
5088.13, 0.807132, 0.00567668, 0.80462, 4.79592
5088.14, 0.794811, 0.00560819, 0.79292, 5.02806
5088.15, 0.786883, 0.00556449, 0.78758, 5.13402
5088.16, 0.787882, 0.00556982, 0.78891, 5.10705
5088.17, 0.799358, 0.00563213, 0.79685, 4.951
5088.18, 0.816024, 0.00572223, 0.81089, 4.66974
5088.19, 0.835806, 0.00582885, 0.83011, 4.27867
5088.2, 0.860406, 0.00596182, 0.85311, 3.80091
5088.21, 0.887495, 0.00610919, 0.87812, 3.2615
5088.22, 0.912574, 0.00624686, 0.90325, 2.69897
5088.23, 0.934442, 0.00636559, 0.92668, 2.14608
5088.24, 0.953338, 0.0064645, 0.94702, 1.63653
5088.25, 0.970089, 0.00655183, 0.96345, 1.19441
5088.26, 0.984468, 0.00662898, 0.97579, 0.834157
5088.27, 0.99399, 0.00668039, 0.9844, 0.559637
5088.28, 0.998853, 0.00670573, 0.98999, 0.364101
5088.29, 1.00258, 0.00672426, 0.99338, 0.234065
5088.3, 1.00588, 0.00674061, 0.99532, 0.153154
5088.31, 1.00757, 0.00674944, 0.99638, 0.104029
5088.32, 1.009, 0.006756, 0.99694, 0.0770584
5088.33, 1.01151, 0.00676597, 0.99722, 0.0606835
5088.34, 1.01232, 0.00676817, 0.99734, 0.050088
5088.35, 1.00969, 0.00675541, 0.99734, 0.0433454
5088.36, 1.00661, 0.00673878, 0.99722, 0.0385292
5088.37, 1.00458, 0.00672466, 0.99692, 0.0337131
5088.38, 1.00223, 0.00670965, 0.9963, 0.0308234
5088.39, 0.998566, 0.00668869, 0.99511, 0.0279337
5088.4, 0.993082, 0.00665668, 0.99307, 0.0260072
5088.41, 0.985707, 0.00661465, 0.98985, 0.0231175
5088.42, 0.976744, 0.00656645, 0.98541, 0.0211911
5088.43, 0.967273, 0.00651531, 0.98039, 0.0183014
5088.44, 0.957753, 0.00646144, 0.97618, 0.0144485
5088.45, 0.946546, 0.00639807, 0.97454, 0.0105955
5088.46, 0.93297, 0.00632318, 1, 0
5088.47, 0.918199, 0.00624305, 1, 0
5088.48, 0.902399, 0.00615732, 1, 0
5088.49, 0.88485, 0.00606021, 1, 0
5088.5, 0.866319, 0.00595693, 1, 0
5088.51, 0.848131, 0.0058568, 1, 0
5088.52, 0.830269, 0.00575936, 1, 0
