wav, obs, sigma_obs, syn, weight
5091.41, 0.984477, 0.00593095, 1, 0
5091.42, 0.986449, 0.0059377, 1, 0
5091.43, 0.988559, 0.00594474, 1, 0
5091.44, 0.990506, 0.00595144, 1, 0
5091.45, 0.991656, 0.00595609, 1, 0
5091.46, 0.991746, 0.00595507, 1, 0
5091.47, 0.99104, 0.00594706, 1, 0
5091.48, 0.991566, 0.005946, 0.99697, 0.178018
5091.49, 0.994248, 0.00595923, 0.99568, 0.227127
5091.5, 0.996401, 0.00596956, 0.99451, 0.263958
5091.51, 0.996952, 0.00596961, 0.99367, 0.276235
5091.52, 0.997471, 0.00596867, 0.99318, 0.288512
5091.53, 0.998418, 0.00597046, 0.99298, 0.282374
5091.54, 0.999353, 0.00597358, 0.99293, 0.282374
5091.55, 0.999981, 0.00597488, 0.99293, 0.282374
5091.56, 1.00028, 0.00597356, 0.99287, 0.282374
5091.57, 1.00092, 0.00597853, 0.99267, 0.288512
5091.58, 1.0017, 0.0059895, 0.99215, 0.313066
5091.59, 1.00073, 0.00598665, 0.99112, 0.362175
5091.6, 0.996934, 0.00596368, 0.98935, 0.448115
5091.61, 0.990279, 0.00592919, 0.9866, 0.583163
5091.62, 0.981401, 0.00588655, 0.98269, 0.779597
5091.63, 0.971181, 0.00583619, 0.97758, 1.06197
5091.64, 0.960066, 0.00578035, 0.9714, 1.41187
5091.65, 0.948608, 0.00572263, 0.96448, 1.82929
5091.66, 0.937939, 0.00566859, 0.95725, 2.2774
5091.67, 0.928853, 0.00562223, 0.95023, 2.7378
5091.68, 0.921597, 0.00558513, 0.94386, 3.15522
5091.69, 0.916982, 0.00556074, 0.9385, 3.51739
5091.7, 0.91595, 0.00555277, 0.93437, 3.79977
5091.71, 0.917143, 0.00555636, 0.93153, 3.98392
5091.72, 0.919059, 0.00556565, 0.92996, 4.08214
5091.73, 0.923111, 0.00558417, 0.92952, 4.06986
5091.74, 0.929908, 0.00561324, 0.92998, 3.95937
5091.75, 0.937373, 0.00564619, 0.931, 3.7568
5091.76, 0.944173, 0.00567772, 0.93215, 3.46215
5091.77, 0.950079, 0.00570512, 0.93294, 3.08769
5091.78, 0.955101, 0.0057279, 0.93286, 2.65186
5091.79, 0.959304, 0.00574654, 0.93153, 2.19146
5091.8, 0.96249, 0.00576011, 0.92873, 1.73107
5091.81, 0.964083, 0.00576554, 0.92447, 1.30751
5091.82, 0.962743, 0.00575562, 0.91906, 0.945338
5091.83, 0.95798, 0.00572872, 0.91298, 0.669103
5091.84, 0.950615, 0.00569158, 0.90682, 0.460392
5091.85, 0.940696, 0.00564393, 0.9012, 0.319205
5091.86, 0.92815, 0.00558253, 0.89664, 0.233265
5091.87, 0.916981, 0.00552656, 0.89355, 0.178018
5091.88, 0.91123, 0.00549664, 0.89223, 0.147325
5091.89, 0.908653, 0.00548324, 0.89295, 0.135048
5091.9, 0.907767, 0.00547878, 0.89592, 0.116633
5091.91, 0.911187, 0.0054922, 0.90148, 0.116633
5091.92, 0.919855, 0.00552871, 0.91, 0.116633
5091.93, 0.932358, 0.00558656, 0.92176, 0.104355
5091.94, 0.946267, 0.00565329, 0.93646, 0.0982169
5091.95, 0.959189, 0.00571386, 0.95279, 0.0859398
5091.96, 0.971574, 0.00577087, 0.96858, 0.0613856
5091.97, 0.983685, 0.00582669, 1, 0
5091.98, 0.992993, 0.00586866, 1, 0
5091.99, 0.998394, 0.00589128, 1, 0
5092, 1.00141, 0.00590249, 1, 0
5092.01, 1.00318, 0.0059088, 1, 0
5092.02, 1.00436, 0.0059143, 1, 0
5092.03, 1.00532, 0.00592003, 1, 0
