wav, obs, sigma_obs, syn, weight
5094.59, 0.972541, 0.00532821, 1, 0
5094.6, 0.972422, 0.00532648, 1, 0
5094.61, 0.972303, 0.00532476, 1, 0
5094.62, 0.972185, 0.00532304, 1, 0
5094.63, 0.971744, 0.00531972, 1, 0
5094.64, 0.971504, 0.0053174, 1, 0
5094.65, 0.973474, 0.00532598, 1, 0
5094.66, 0.977537, 0.00534387, 0.99669, 0.0427807
5094.67, 0.982402, 0.00536359, 0.99604, 0.0534759
5094.68, 0.986659, 0.00538028, 0.99577, 0.0641711
5094.69, 0.989702, 0.00539264, 0.99587, 0.0695187
5094.7, 0.993173, 0.00540618, 0.99622, 0.0748663
5094.71, 0.99772, 0.00542319, 0.99665, 0.0802139
5094.72, 1.00207, 0.00543978, 0.99705, 0.0802139
5094.73, 1.00448, 0.00544875, 0.99736, 0.0855615
5094.74, 1.00362, 0.00544385, 0.99757, 0.0855615
5094.75, 1.00203, 0.00543634, 0.99767, 0.0909091
5094.76, 1.00195, 0.00543566, 0.99768, 0.0909091
5094.77, 1.00088, 0.0054283, 0.99757, 0.0962567
5094.78, 0.997285, 0.00540794, 0.99729, 0.106952
5094.79, 0.992166, 0.00538375, 0.99674, 0.128342
5094.8, 0.986595, 0.00536042, 0.99568, 0.15508
5094.81, 0.981322, 0.00533775, 0.9938, 0.203209
5094.82, 0.975773, 0.00531187, 0.99065, 0.283422
5094.83, 0.969419, 0.00528086, 0.98574, 0.411765
5094.84, 0.963307, 0.00525216, 0.97864, 0.593583
5094.85, 0.957392, 0.00522633, 0.96908, 0.855615
5094.86, 0.949737, 0.00519207, 0.95712, 1.17647
5094.87, 0.940142, 0.00514781, 0.94318, 1.56684
5094.88, 0.929606, 0.00509918, 0.92801, 1.99465
5094.89, 0.917602, 0.00504551, 0.91259, 2.4385
5094.9, 0.903683, 0.00498538, 0.89795, 2.87166
5094.91, 0.889448, 0.00492266, 0.885, 3.25668
5094.92, 0.876891, 0.00486496, 0.87446, 3.57219
5094.93, 0.867896, 0.00482327, 0.86678, 3.80749
5094.94, 0.862309, 0.00479749, 0.86221, 3.94652
5094.95, 0.858932, 0.0047813, 0.86085, 4.00535
5094.96, 0.86002, 0.00478485, 0.86271, 3.97326
5094.97, 0.867573, 0.00481726, 0.86772, 3.85027
5094.98, 0.878632, 0.00486436, 0.87564, 3.6631
5094.99, 0.891463, 0.00491834, 0.88608, 3.40642
5095, 0.907416, 0.00498677, 0.8984, 3.1016
5095.01, 0.924874, 0.00506268, 0.91177, 2.76471
5095.02, 0.940232, 0.00512903, 0.92524, 2.41711
5095.03, 0.9535, 0.00518464, 0.93792, 2.08556
5095.04, 0.965728, 0.00523409, 0.94911, 1.79679
5095.05, 0.976614, 0.00527963, 0.95838, 1.5508
5095.06, 0.985361, 0.00531838, 0.96566, 1.35829
5095.07, 0.99092, 0.00534103, 0.97114, 1.2139
5095.08, 0.993789, 0.00535015, 0.97519, 1.10695
5095.09, 0.995374, 0.00535593, 0.97825, 1.01604
5095.1, 0.994811, 0.00535338, 0.98071, 0.935829
5095.11, 0.990845, 0.00533477, 0.98287, 0.855615
5095.12, 0.983864, 0.00530313, 0.98491, 0.764706
5095.13, 0.974933, 0.0052637, 0.9869, 0.673797
5095.14, 0.9656, 0.00522186, 0.98882, 0.57754
5095.15, 0.956504, 0.00518055, 0.99059, 0.486631
5095.16, 0.947539, 0.00514048, 0.99208, 0.411765
5095.17, 0.938689, 0.00510098, 0.99316, 0.352941
5095.18, 0.930615, 0.00506413, 0.99376, 0.320856
5095.19, 0.925894, 0.005042, 0.99386, 0.320856
5095.2, 0.925155, 0.00503769, 0.99358, 0.336898
5095.21, 0.925658, 0.00503849, 0.99315, 0.358289
5095.22, 0.926916, 0.00504259, 0.99295, 0.368984
5095.23, 0.930226, 0.00505657, 0.99329, 0.347594
5095.24, 0.935436, 0.0050785, 0.9943, 0.294118
5095.25, 0.941466, 0.00510241, 1, 0
5095.26, 0.946281, 0.00512087, 1, 0
5095.27, 0.949626, 0.00513366, 1, 0
5095.28, 0.953975, 0.00515094, 1, 0
5095.29, 0.958315, 0.00516831, 1, 0
5095.3, 0.959153, 0.00517094, 1, 0
5095.31, 0.955614, 0.00515436, 1, 0
