wav, obs, sigma_obs, syn, weight
5097.73, 0.99271, 0.00501454, 1, 0
5097.74, 0.993052, 0.00501601, 1, 0
5097.75, 0.993138, 0.00501453, 1, 0
5097.76, 0.993803, 0.00501521, 1, 0
5097.77, 0.995438, 0.00502183, 1, 0
5097.78, 0.996307, 0.00502503, 1, 0
5097.79, 0.996067, 0.00502225, 1, 0
5097.8, 0.996904, 0.00502411, 0.99806, 0.0801083
5097.81, 0.998714, 0.00503045, 0.99788, 0.103396
5097.82, 0.999978, 0.00503427, 0.99778, 0.121094
5097.83, 1.00129, 0.00503789, 0.99771, 0.132272
5097.84, 1.00333, 0.00504467, 0.99766, 0.139724
5097.85, 1.00531, 0.00505262, 0.99761, 0.144381
5097.86, 1.00637, 0.0050573, 0.99755, 0.149039
5097.87, 1.00606, 0.00505364, 0.99748, 0.153696
5097.88, 1.0057, 0.00504911, 0.99738, 0.159285
5097.89, 1.00681, 0.00505329, 0.99724, 0.165806
5097.9, 1.00748, 0.00505588, 0.99704, 0.173257
5097.91, 1.00647, 0.00505012, 0.99674, 0.183504
5097.92, 1.00521, 0.00504468, 0.9963, 0.194682
5097.93, 1.00482, 0.00504312, 0.99566, 0.21238
5097.94, 1.00572, 0.0050434, 0.99476, 0.23753
5097.95, 1.00722, 0.00504538, 0.99354, 0.27479
5097.96, 1.00829, 0.00504877, 0.99194, 0.333474
5097.97, 1.00828, 0.00505011, 0.98989, 0.422897
5097.98, 1.00631, 0.00504364, 0.98729, 0.556101
5097.99, 1.00132, 0.00502226, 0.98393, 0.744262
5098, 0.994359, 0.00499106, 0.97954, 0.996696
5098.01, 0.987253, 0.00496042, 0.97383, 1.31434
5098.02, 0.978578, 0.00492555, 0.96652, 1.68973
5098.03, 0.966905, 0.00487959, 0.95757, 2.10797
5098.04, 0.953077, 0.00482198, 0.94718, 2.54763
5098.05, 0.938936, 0.0047609, 0.93594, 2.97984
5098.06, 0.926754, 0.00471082, 0.92468, 3.37759
5098.07, 0.916246, 0.00466954, 0.91442, 3.71665
5098.08, 0.906674, 0.00463054, 0.90615, 3.9784
5098.09, 0.900385, 0.00460284, 0.90072, 4.15073
5098.1, 0.898653, 0.004593, 0.89871, 4.22618
5098.11, 0.899936, 0.00459781, 0.90036, 4.20103
5098.12, 0.90441, 0.00461675, 0.90558, 4.07714
5098.13, 0.913348, 0.00465123, 0.91392, 3.8601
5098.14, 0.925094, 0.00469683, 0.92459, 3.5583
5098.15, 0.937492, 0.00474722, 0.93657, 3.19036
5098.16, 0.949975, 0.00479677, 0.94875, 2.77864
5098.17, 0.961432, 0.00484048, 0.96012, 2.34829
5098.18, 0.969994, 0.00487445, 0.96992, 1.92819
5098.19, 0.976223, 0.00489965, 0.97774, 1.54348
5098.2, 0.981346, 0.00491798, 0.98355, 1.21187
5098.21, 0.983068, 0.00492289, 0.98756, 0.944533
5098.22, 0.980483, 0.00491278, 0.99015, 0.742399
5098.23, 0.977082, 0.00489947, 0.99169, 0.599881
5098.24, 0.973864, 0.00488549, 0.99252, 0.506732
5098.25, 0.969436, 0.00486514, 0.99285, 0.450842
5098.26, 0.965106, 0.00484557, 0.99281, 0.420103
5098.27, 0.962703, 0.00483564, 0.99243, 0.40613
5098.28, 0.961882, 0.00483177, 0.99169, 0.403336
5098.29, 0.962279, 0.00483155, 0.99058, 0.408925
5098.3, 0.964019, 0.00483719, 0.98909, 0.419171
5098.31, 0.966347, 0.00484624, 0.98726, 0.435007
5098.32, 0.968178, 0.0048538, 0.9852, 0.454568
5098.33, 0.969957, 0.00486032, 0.98305, 0.48065
5098.34, 0.972513, 0.00486862, 0.98098, 0.512321
5098.35, 0.976361, 0.00488267, 0.97912, 0.547717
5098.36, 0.97989, 0.00489603, 0.97763, 0.584045
5098.37, 0.979882, 0.00489397, 0.97659, 0.608264
5098.38, 0.978053, 0.0048849, 0.97615, 0.602675
5098.39, 0.977208, 0.00488208, 0.97655, 0.553306
5098.4, 0.975095, 0.0048739, 0.9781, 0.454568
5098.41, 0.969284, 0.004849, 1, 0
5098.42, 0.959001, 0.00480584, 1, 0
5098.43, 0.945559, 0.00475033, 1, 0
5098.44, 0.932686, 0.00469703, 1, 0
5098.45, 0.919982, 0.00464439, 1, 0
5098.46, 0.907277, 0.00459175, 1, 0
5098.47, 0.894573, 0.00453912, 1, 0
