wav, obs, sigma_obs, syn, weight
5108.06, 0.965509, 0.00425785, 1, 0
5108.07, 0.968593, 0.00426951, 1, 0
5108.08, 0.97164, 0.00428157, 1, 0
5108.09, 0.974805, 0.00429239, 1, 0
5108.1, 0.978072, 0.004302, 1, 0
5108.11, 0.981101, 0.00431265, 1, 0
5108.12, 0.98318, 0.00432069, 0.96844, 0.276543
5108.13, 0.98332, 0.00431957, 0.96491, 0.407451
5108.14, 0.980407, 0.00430795, 0.96112, 0.526905
5108.15, 0.975109, 0.00428932, 0.95759, 0.610359
5108.16, 0.970128, 0.00427087, 0.95504, 0.656177
5108.17, 0.964476, 0.00424954, 0.95416, 0.67254
5108.18, 0.956264, 0.00422022, 0.95528, 0.667631
5108.19, 0.94668, 0.00418731, 0.95825, 0.647995
5108.2, 0.937785, 0.00415707, 0.96252, 0.62345
5108.21, 0.931672, 0.0041353, 0.96728, 0.590723
5108.22, 0.928437, 0.00412344, 0.97175, 0.553087
5108.23, 0.927987, 0.00412215, 0.97538, 0.513814
5108.24, 0.93136, 0.0041338, 0.97787, 0.474542
5108.25, 0.938532, 0.00415812, 0.97925, 0.446724
5108.26, 0.948172, 0.00419122, 0.97969, 0.438542
5108.27, 0.957353, 0.00422309, 0.9794, 0.456542
5108.28, 0.964147, 0.00424684, 0.97849, 0.513814
5108.29, 0.968715, 0.00426261, 0.97683, 0.620177
5108.3, 0.969507, 0.00426508, 0.97388, 0.780539
5108.31, 0.965245, 0.00424992, 0.96868, 0.993265
5108.32, 0.959098, 0.00422755, 0.95988, 1.25344
5108.33, 0.952118, 0.00420219, 0.94611, 1.54308
5108.34, 0.942213, 0.00416811, 0.92651, 1.83762
5108.35, 0.930346, 0.00412662, 0.90141, 2.11907
5108.36, 0.918538, 0.00408293, 0.87278, 2.36616
5108.37, 0.907954, 0.00404362, 0.84425, 2.56089
5108.38, 0.900242, 0.00401647, 0.82044, 2.69834
5108.39, 0.897414, 0.00400868, 0.8058, 2.77198
5108.4, 0.900547, 0.00402009, 0.8033, 2.7818
5108.41, 0.909379, 0.00404859, 0.81353, 2.7278
5108.42, 0.921837, 0.00409233, 0.83446, 2.61162
5108.43, 0.9358, 0.00414256, 0.86215, 2.43325
5108.44, 0.949146, 0.00418773, 0.89192, 2.20089
5108.45, 0.959497, 0.00422314, 0.91962, 1.92762
5108.46, 0.96689, 0.00425047, 0.94254, 1.63471
5108.47, 0.974238, 0.00427675, 0.95961, 1.34181
5108.48, 0.981463, 0.00430184, 0.97113, 1.07672
5108.49, 0.987326, 0.00432254, 0.97817, 0.862357
5108.5, 0.991705, 0.0043376, 0.98192, 0.713449
5108.51, 0.995359, 0.00434927, 0.98331, 0.638177
5108.52, 0.999122, 0.004361, 0.98276, 0.633268
5108.53, 1.00035, 0.00436563, 0.98017, 0.688904
5108.54, 0.997294, 0.00435689, 0.97509, 0.79363
5108.55, 0.992136, 0.00433744, 0.96693, 0.926174
5108.56, 0.984094, 0.00430678, 0.95536, 1.07181
5108.57, 0.970714, 0.00426138, 0.94071, 1.2109
5108.58, 0.952755, 0.00419791, 0.92427, 1.33199
5108.59, 0.931373, 0.00411901, 0.90825, 1.42853
5108.6, 0.90731, 0.00403507, 0.89537, 1.49726
5108.61, 0.883054, 0.00395182, 0.88813, 1.53653
5108.62, 0.862329, 0.00387669, 0.88803, 1.54308
5108.63, 0.849592, 0.00382981, 0.89501, 1.51526
5108.64, 0.846821, 0.00382021, 0.90752, 1.44162
5108.65, 0.853169, 0.00384301, 0.9229, 1.30908
5108.66, 0.867189, 0.00389339, 0.9382, 1.1029
5108.67, 0.886634, 0.00396357, 0.95105, 0.839448
5108.68, 0.908055, 0.00403948, 0.96004, 0.557996
5108.69, 0.928995, 0.00411139, 1, 0
5108.7, 0.947618, 0.00417335, 1, 0
5108.71, 0.961011, 0.00421901, 1, 0
5108.72, 0.968922, 0.00424921, 1, 0
5108.73, 0.976717, 0.00427909, 1, 0
5108.74, 0.985061, 0.0043105, 1, 0
