wav, obs, sigma_obs, syn, weight
5149.78, 0.791667, 0.0035848, 1, 0
5149.79, 0.790703, 0.0035818, 1, 0
5149.8, 0.78974, 0.00357881, 1, 0
5149.81, 0.788776, 0.00357581, 1, 0
5149.82, 0.787813, 0.00357282, 1, 0
5149.83, 0.786829, 0.00356975, 1, 0
5149.84, 0.783117, 0.00355725, 0.99217, 0.0240991
5149.85, 0.788849, 0.00357741, 0.98901, 0.0339578
5149.86, 0.806829, 0.0036399, 0.98663, 0.0449119
5149.87, 0.830323, 0.00372138, 0.98548, 0.0514844
5149.88, 0.855073, 0.003807, 0.9854, 0.0569614
5149.89, 0.878649, 0.00388849, 0.98591, 0.0591522
5149.9, 0.898087, 0.00395697, 0.98652, 0.0613431
5149.91, 0.912061, 0.00400702, 0.98696, 0.0635339
5149.92, 0.92176, 0.00403905, 0.98719, 0.0635339
5149.93, 0.929153, 0.00406178, 0.98719, 0.0657247
5149.94, 0.936066, 0.0040854, 0.98704, 0.0668201
5149.95, 0.942719, 0.00411017, 0.98676, 0.0701064
5149.96, 0.948816, 0.00413298, 0.98634, 0.0722972
5149.97, 0.953893, 0.00414983, 0.98572, 0.074488
5149.98, 0.95812, 0.00416287, 0.98479, 0.0810605
5149.99, 0.961113, 0.00417321, 0.98334, 0.0887284
5150, 0.959901, 0.00416938, 0.98108, 0.100778
5150.01, 0.95364, 0.00414732, 0.97767, 0.120495
5150.02, 0.944257, 0.0041136, 0.97274, 0.148976
5150.03, 0.93128, 0.00406766, 0.96596, 0.189506
5150.04, 0.914679, 0.00401025, 0.957, 0.244277
5150.05, 0.89886, 0.00395533, 0.94548, 0.316574
5150.06, 0.886171, 0.0039107, 0.93093, 0.414066
5150.07, 0.87598, 0.00387501, 0.91277, 0.545515
5150.08, 0.868064, 0.00384678, 0.89039, 0.721876
5150.09, 0.861749, 0.00382313, 0.86341, 0.955199
5150.1, 0.854711, 0.0037977, 0.83187, 1.25425
5150.11, 0.846122, 0.00376813, 0.79634, 1.61902
5150.12, 0.836675, 0.00373585, 0.75801, 2.03747
5150.13, 0.825725, 0.00369776, 0.71853, 2.48878
5150.14, 0.812458, 0.00365077, 0.67992, 2.94228
5150.15, 0.796951, 0.00359595, 0.64438, 3.3673
5150.16, 0.779883, 0.00353609, 0.61401, 3.73316
5150.17, 0.762359, 0.00347489, 0.59056, 4.02126
5150.18, 0.745405, 0.00341533, 0.57518, 4.21515
5150.19, 0.730887, 0.00336366, 0.56842, 4.31264
5150.2, 0.722339, 0.00333291, 0.57032, 4.31373
5150.21, 0.721653, 0.00333048, 0.58061, 4.21953
5150.22, 0.729407, 0.00335874, 0.5988, 4.03331
5150.23, 0.747179, 0.00342158, 0.62418, 3.75945
5150.24, 0.77438, 0.00351587, 0.65563, 3.40783
5150.25, 0.805924, 0.00362485, 0.69165, 2.99376
5150.26, 0.837563, 0.00373463, 0.73036, 2.54245
5150.27, 0.866168, 0.00383461, 0.76971, 2.08457
5150.28, 0.889243, 0.00391452, 0.80772, 1.65079
5150.29, 0.905717, 0.00397026, 0.84262, 1.26739
5150.3, 0.916624, 0.00400777, 0.87307, 0.949722
5150.31, 0.923524, 0.00403262, 0.89825, 0.705445
5150.32, 0.928215, 0.00404972, 0.91799, 0.527989
5150.33, 0.932544, 0.00406476, 0.93271, 0.407493
5150.34, 0.937786, 0.00408212, 0.94337, 0.326433
5150.35, 0.944286, 0.00410375, 0.95111, 0.273853
5150.36, 0.951658, 0.00412906, 0.95723, 0.235514
5150.37, 0.959304, 0.00415608, 0.96306, 0.201556
5150.38, 0.967245, 0.00418299, 0.96958, 0.165407
5150.39, 0.974779, 0.0042076, 0.977, 0.123782
5150.4, 0.980283, 0.00422729, 0.98459, 0.0832513
5150.41, 0.984043, 0.00424107, 1, 0
5150.42, 0.987243, 0.00425038, 1, 0
5150.43, 0.990565, 0.00426132, 1, 0
5150.44, 0.993904, 0.00427377, 1, 0
5150.45, 0.996394, 0.00428032, 1, 0
5150.46, 0.997591, 0.00428193, 1, 0
