wav, obs, sigma_obs, syn, weight
5193.71, 0.989962, 0.00418999, 1, 0
5193.72, 0.989441, 0.00418789, 1, 0
5193.73, 0.988918, 0.00418488, 1, 0
5193.74, 0.98814, 0.00418199, 1, 0
5193.75, 0.986838, 0.00417843, 1, 0
5193.76, 0.984723, 0.00417108, 1, 0
5193.77, 0.981094, 0.00415744, 0.98623, 0.367519
5193.78, 0.97502, 0.00413533, 0.98603, 0.536825
5193.79, 0.965506, 0.00410262, 0.9856, 0.689614
5193.8, 0.953005, 0.00406022, 0.98478, 0.796979
5193.81, 0.93953, 0.00401266, 0.98331, 0.854791
5193.82, 0.926055, 0.00396516, 0.98094, 0.883697
5193.83, 0.913058, 0.00392178, 0.97747, 0.891956
5193.84, 0.901219, 0.00388283, 0.97297, 0.891956
5193.85, 0.892905, 0.00385486, 0.96787, 0.891956
5193.86, 0.891807, 0.00385055, 0.96294, 0.891956
5193.87, 0.896724, 0.00386685, 0.9592, 0.887827
5193.88, 0.905142, 0.00389596, 0.95746, 0.891956
5193.89, 0.91768, 0.00393879, 0.95808, 0.896086
5193.9, 0.93236, 0.00398787, 0.96077, 0.896086
5193.91, 0.944129, 0.00402628, 0.9647, 0.904344
5193.92, 0.953097, 0.00405574, 0.9688, 0.904344
5193.93, 0.960736, 0.00408221, 0.97208, 0.908474
5193.94, 0.964956, 0.00409698, 0.97366, 0.916733
5193.95, 0.965006, 0.00409695, 0.97264, 0.920862
5193.96, 0.962135, 0.00408731, 0.96789, 0.93738
5193.97, 0.95496, 0.00406182, 0.958, 0.962156
5193.98, 0.94193, 0.00401431, 0.94173, 1.00345
5193.99, 0.924855, 0.00395533, 0.91871, 1.06126
5194, 0.905305, 0.00389089, 0.89039, 1.13559
5194.01, 0.884199, 0.00381987, 0.86029, 1.22231
5194.02, 0.865182, 0.00375454, 0.83354, 1.31316
5194.03, 0.852624, 0.00371127, 0.81542, 1.40813
5194.04, 0.849105, 0.00369882, 0.80966, 1.49485
5194.05, 0.855229, 0.00371942, 0.8172, 1.57331
5194.06, 0.869476, 0.00376837, 0.83598, 1.63525
5194.07, 0.888593, 0.00383343, 0.86176, 1.68894
5194.08, 0.909097, 0.00390186, 0.88961, 1.72197
5194.09, 0.929044, 0.00396896, 0.91538, 1.73849
5194.1, 0.946414, 0.00402812, 0.93656, 1.73849
5194.11, 0.959258, 0.0040708, 0.95237, 1.71784
5194.12, 0.969204, 0.00410337, 0.96331, 1.68068
5194.13, 0.977904, 0.00413268, 0.97047, 1.63112
5194.14, 0.98253, 0.00414774, 0.97498, 1.56505
5194.15, 0.983236, 0.00414918, 0.97774, 1.49072
5194.16, 0.983955, 0.00415227, 0.97933, 1.42052
5194.17, 0.985326, 0.00415797, 0.98012, 1.35858
5194.18, 0.986552, 0.00416191, 0.98035, 1.31316
5194.19, 0.987315, 0.00416417, 0.98023, 1.28012
5194.2, 0.987566, 0.00416521, 0.97994, 1.2636
5194.21, 0.9875, 0.00416518, 0.97965, 1.25948
5194.22, 0.987619, 0.00416538, 0.97949, 1.2636
5194.23, 0.988176, 0.00416668, 0.97948, 1.27599
5194.24, 0.988437, 0.00416741, 0.97962, 1.29251
5194.25, 0.988065, 0.00416591, 0.97982, 1.31316
5194.26, 0.987362, 0.00416172, 0.98, 1.3338
5194.27, 0.986933, 0.0041593, 0.98009, 1.35445
5194.28, 0.987183, 0.00416183, 0.98006, 1.37923
5194.29, 0.98771, 0.00416377, 0.97991, 1.404
5194.3, 0.988084, 0.00416333, 0.97966, 1.43291
5194.31, 0.988046, 0.00416353, 0.97933, 1.45356
5194.32, 0.987725, 0.00416302, 0.97896, 1.47008
5194.33, 0.987378, 0.0041604, 0.97854, 1.44943
5194.34, 0.98715, 0.00415883, 0.9781, 1.36271
5194.35, 0.98668, 0.00415778, 0.97762, 1.18927
5194.36, 0.985413, 0.00415348, 0.9771, 0.941509
5194.37, 0.984832, 0.00415015, 0.97654, 0.644191
5194.38, 0.985995, 0.00415187, 1, 0
5194.39, 0.986954, 0.00415436, 1, 0
5194.4, 0.986493, 0.00415381, 1, 0
5194.41, 0.984649, 0.00414867, 1, 0
5194.42, 0.982158, 0.00414115, 1, 0
5194.43, 0.979918, 0.00413455, 1, 0
