wav, obs, sigma_obs, syn, weight
5213, 0.967453, 0.00487376, 1, 0
5213.01, 0.969651, 0.00488206, 1, 0
5213.02, 0.974561, 0.00490243, 1, 0
5213.03, 0.981346, 0.00493111, 1, 0
5213.04, 0.986631, 0.00495302, 1, 0
5213.05, 0.990456, 0.00496842, 1, 0
5213.06, 0.993311, 0.00498045, 0.9939, 0.0250363
5213.07, 0.995473, 0.00499095, 0.99604, 0.0361635
5213.08, 0.99748, 0.00499964, 0.99739, 0.0472908
5213.09, 0.998597, 0.00500524, 0.99812, 0.0528544
5213.1, 0.998478, 0.00500862, 0.99846, 0.0528544
5213.11, 1.00029, 0.00501688, 0.99858, 0.0528544
5213.12, 1.00168, 0.00502165, 0.99861, 0.0528544
5213.13, 0.999726, 0.00501552, 0.99859, 0.0556362
5213.14, 0.999901, 0.0050189, 0.99853, 0.058418
5213.15, 1.00051, 0.00502371, 0.99841, 0.0639816
5213.16, 0.998519, 0.00501765, 0.99818, 0.0667634
5213.17, 0.998456, 0.00501964, 0.99777, 0.0751089
5213.18, 0.998331, 0.00502073, 0.99711, 0.0862361
5213.19, 0.996047, 0.00501185, 0.99618, 0.105709
5213.2, 0.996209, 0.00501295, 0.995, 0.13909
5213.21, 0.996199, 0.0050135, 0.99366, 0.20029
5213.22, 0.994116, 0.00500541, 0.99234, 0.308781
5213.23, 0.994579, 0.0050077, 0.9912, 0.481253
5213.24, 0.994696, 0.00501057, 0.99033, 0.731616
5213.25, 0.992264, 0.00500464, 0.98964, 1.08491
5213.26, 0.990545, 0.00499884, 0.9888, 1.52443
5213.27, 0.989008, 0.00499093, 0.98725, 2.04463
5213.28, 0.98631, 0.0049778, 0.98432, 2.60377
5213.29, 0.982069, 0.00496086, 0.97953, 3.15735
5213.3, 0.975879, 0.00493886, 0.97281, 3.66642
5213.31, 0.967781, 0.00491012, 0.96476, 4.09761
5213.32, 0.958707, 0.00487527, 0.95665, 4.42864
5213.33, 0.951032, 0.0048425, 0.95011, 4.64562
5213.34, 0.946735, 0.00482337, 0.94667, 4.74855
5213.35, 0.947083, 0.00482784, 0.94722, 4.73742
5213.36, 0.953398, 0.00485457, 0.9517, 4.61224
5213.37, 0.962416, 0.00489146, 0.95914, 4.37579
5213.38, 0.969349, 0.00492447, 0.96801, 4.02528
5213.39, 0.977502, 0.00495661, 0.97676, 3.57741
5213.4, 0.986096, 0.00498957, 0.98425, 3.05721
5213.41, 0.991609, 0.00501914, 0.98992, 2.49806
5213.42, 0.995353, 0.00503619, 0.99377, 1.94727
5213.43, 0.997673, 0.00504437, 0.99614, 1.44098
5213.44, 0.998435, 0.00505164, 0.99746, 1.01536
5213.45, 0.999206, 0.00505448, 0.99813, 0.687107
5213.46, 0.999886, 0.00505399, 0.99843, 0.450653
5213.47, 0.999842, 0.00505449, 0.99853, 0.294872
5213.48, 0.99964, 0.00505807, 0.99854, 0.203072
5213.49, 0.999184, 0.00505835, 0.99853, 0.147436
5213.5, 0.998347, 0.00505222, 0.99852, 0.116836
5213.51, 0.997652, 0.0050489, 0.99856, 0.102927
5213.52, 0.997251, 0.00504957, 0.99863, 0.0945815
5213.53, 0.997118, 0.00505177, 0.99873, 0.0890179
5213.54, 0.997242, 0.00505424, 0.99884, 0.0862361
5213.55, 0.997546, 0.00505757, 0.99891, 0.0890179
5213.56, 0.99779, 0.00506016, 0.99891, 0.0917997
5213.57, 0.997636, 0.00505812, 0.9988, 0.100145
5213.58, 0.997208, 0.00505508, 0.99851, 0.105709
5213.59, 0.997073, 0.005056, 0.99801, 0.108491
5213.6, 0.997641, 0.005062, 0.99728, 0.105709
5213.61, 0.997253, 0.00506425, 0.99635, 0.0862361
5213.62, 0.99659, 0.00506217, 0.99533, 0.058418
5213.63, 0.998285, 0.00506475, 1, 0
5213.64, 1.00105, 0.0050741, 1, 0
5213.65, 1.00239, 0.00508262, 1, 0
5213.66, 1.00074, 0.00508069, 1, 0
5213.67, 0.99851, 0.00507665, 1, 0
5213.68, 0.996635, 0.00507391, 1, 0
