wav, obs, sigma_obs, syn, weight
5214.25, 0.994272, 0.00511561, 1, 0
5214.26, 0.995083, 0.00512999, 1, 0
5214.27, 0.996054, 0.00513486, 1, 0
5214.28, 0.996291, 0.00513207, 1, 0
5214.29, 0.995031, 0.00513303, 1, 0
5214.3, 0.995626, 0.00513871, 1, 0
5214.31, 0.996736, 0.00513955, 0.99797, 0.0420294
5214.32, 0.995008, 0.00513009, 0.99763, 0.0645818
5214.33, 0.994949, 0.00513485, 0.99742, 0.085084
5214.34, 0.997141, 0.00514749, 0.99725, 0.101486
5214.35, 0.998572, 0.00514757, 0.99705, 0.109687
5214.36, 0.997182, 0.00514229, 0.99673, 0.115837
5214.37, 0.994909, 0.00513694, 0.99623, 0.119938
5214.38, 0.99427, 0.00513464, 0.99547, 0.124038
5214.39, 0.994419, 0.0051395, 0.9944, 0.128139
5214.4, 0.994057, 0.00514153, 0.99301, 0.132239
5214.41, 0.992734, 0.00513579, 0.99135, 0.137364
5214.42, 0.991351, 0.00513433, 0.98954, 0.143515
5214.43, 0.990392, 0.00513297, 0.98776, 0.151716
5214.44, 0.989619, 0.00512756, 0.98616, 0.164017
5214.45, 0.988371, 0.00512287, 0.98487, 0.183494
5214.46, 0.987224, 0.00511999, 0.98397, 0.216298
5214.47, 0.986109, 0.00511713, 0.9834, 0.272679
5214.48, 0.984351, 0.00511218, 0.98297, 0.366989
5214.49, 0.983477, 0.00510858, 0.9823, 0.516654
5214.5, 0.983241, 0.00510583, 0.98078, 0.736028
5214.51, 0.981791, 0.00510043, 0.97764, 1.03228
5214.52, 0.979004, 0.0050942, 0.97204, 1.40645
5214.53, 0.974061, 0.00507725, 0.96333, 1.84314
5214.54, 0.965367, 0.00503744, 0.95134, 2.31777
5214.55, 0.951673, 0.00498188, 0.93652, 2.80162
5214.56, 0.934494, 0.00491556, 0.92001, 3.25984
5214.57, 0.915004, 0.00483565, 0.90341, 3.66169
5214.58, 0.891158, 0.00473474, 0.8885, 3.9846
5214.59, 0.869677, 0.00464562, 0.87692, 4.21319
5214.6, 0.857323, 0.00459676, 0.86984, 4.34031
5214.61, 0.853216, 0.00457704, 0.86787, 4.36389
5214.62, 0.858276, 0.00459653, 0.87092, 4.28393
5214.63, 0.872216, 0.00465864, 0.87823, 4.09941
5214.64, 0.891389, 0.00474261, 0.88843, 3.81648
5214.65, 0.911145, 0.00482534, 0.89976, 3.44846
5214.66, 0.926896, 0.00489119, 0.91036, 3.01484
5214.67, 0.936224, 0.004936, 0.91874, 2.54329
5214.68, 0.943942, 0.00496721, 0.92406, 2.06867
5214.69, 0.949802, 0.00498795, 0.92632, 1.62377
5214.7, 0.950393, 0.00499865, 0.92628, 1.23526
5214.71, 0.952677, 0.00501219, 0.92515, 0.920547
5214.72, 0.95765, 0.00503069, 0.92423, 0.685797
5214.73, 0.961221, 0.00504658, 0.92464, 0.524855
5214.74, 0.962503, 0.00505452, 0.9271, 0.426445
5214.75, 0.963548, 0.00505943, 0.93186, 0.373139
5214.76, 0.96546, 0.00506666, 0.93875, 0.351612
5214.77, 0.964925, 0.00507029, 0.94719, 0.346487
5214.78, 0.963802, 0.00506754, 0.95632, 0.353662
5214.79, 0.96343, 0.00505954, 0.96521, 0.366989
5214.8, 0.960425, 0.00505003, 0.97305, 0.385441
5214.81, 0.957358, 0.00504265, 0.97929, 0.403893
5214.82, 0.955879, 0.00503746, 0.98378, 0.426445
5214.83, 0.953824, 0.00503162, 0.98663, 0.450022
5214.84, 0.953403, 0.00503057, 0.98819, 0.476675
5214.85, 0.954896, 0.00503608, 0.98883, 0.502303
5214.86, 0.95605, 0.00504426, 0.98887, 0.528956
5214.87, 0.95906, 0.00505586, 0.98857, 0.546383
5214.88, 0.962769, 0.00506797, 0.98814, 0.537157
5214.89, 0.963903, 0.00507622, 0.98782, 0.484876
5214.9, 0.964614, 0.00508406, 0.98803, 0.38339
5214.91, 0.964137, 0.0050852, 0.98921, 0.254227
5214.92, 0.960971, 0.00507375, 1, 0
5214.93, 0.958392, 0.00506318, 1, 0
5214.94, 0.956907, 0.00505818, 1, 0
5214.95, 0.954952, 0.00505316, 1, 0
5214.96, 0.951129, 0.00503767, 1, 0
5214.97, 0.946371, 0.00501651, 1, 0
