wav, obs, sigma_obs, syn, weight
5231.04, 1.0038, 0.00450314, 1, 0
5231.05, 1.00348, 0.00450103, 1, 0
5231.06, 1.00341, 0.00449937, 1, 0
5231.07, 1.0045, 0.00449994, 1, 0
5231.08, 1.00575, 0.00450236, 1, 0
5231.09, 1.0059, 0.00450519, 1, 0
5231.1, 1.00598, 0.00450636, 1, 0
5231.11, 1.00661, 0.00450515, 0.99876, 0.129519
5231.12, 1.00674, 0.0045035, 0.99842, 0.164389
5231.13, 1.00628, 0.00450245, 0.99816, 0.193033
5231.14, 1.00601, 0.00450176, 0.998, 0.210468
5231.15, 1.00579, 0.00450017, 0.99791, 0.222922
5231.16, 1.00511, 0.00449657, 0.99785, 0.229149
5231.17, 1.00393, 0.00449173, 0.9978, 0.236621
5231.18, 1.00267, 0.00448734, 0.99775, 0.242848
5231.19, 1.0023, 0.00448567, 0.99769, 0.25032
5231.2, 1.00225, 0.00448473, 0.99764, 0.256547
5231.21, 1.00093, 0.00448006, 0.99757, 0.265264
5231.22, 0.999861, 0.00447603, 0.99749, 0.275227
5231.23, 1.0008, 0.00447786, 0.99738, 0.287681
5231.24, 1.00191, 0.00448084, 0.99721, 0.307607
5231.25, 1.00183, 0.00448049, 0.9969, 0.343723
5231.26, 1.00112, 0.00447617, 0.99637, 0.402255
5231.27, 1.00028, 0.0044707, 0.99546, 0.499394
5231.28, 0.999611, 0.00446853, 0.99399, 0.650084
5231.29, 0.999217, 0.00446796, 0.99181, 0.866779
5231.3, 0.998671, 0.0044647, 0.98877, 1.15571
5231.31, 0.996211, 0.00445424, 0.98486, 1.51437
5231.32, 0.991298, 0.00443595, 0.9802, 1.92908
5231.33, 0.98546, 0.00441468, 0.97505, 2.37493
5231.34, 0.978757, 0.00439023, 0.96977, 2.82077
5231.35, 0.970396, 0.00435969, 0.96475, 3.23921
5231.36, 0.961832, 0.0043285, 0.96036, 3.60037
5231.37, 0.95503, 0.00430371, 0.95686, 3.88681
5231.38, 0.950999, 0.00428807, 0.95442, 4.08233
5231.39, 0.950077, 0.00428296, 0.95316, 4.1857
5231.4, 0.951911, 0.00428868, 0.95308, 4.19317
5231.41, 0.956134, 0.00430393, 0.95421, 4.10475
5231.42, 0.962155, 0.00432554, 0.95648, 3.92417
5231.43, 0.968024, 0.00434593, 0.95982, 3.65517
5231.44, 0.971971, 0.00435861, 0.96406, 3.31145
5231.45, 0.973848, 0.00436349, 0.96891, 2.90919
5231.46, 0.974378, 0.00436401, 0.97404, 2.47705
5231.47, 0.974969, 0.0043663, 0.97905, 2.04615
5231.48, 0.976019, 0.00437104, 0.9836, 1.6414
5231.49, 0.977244, 0.00437567, 0.98742, 1.29145
5231.5, 0.978284, 0.00437891, 0.9904, 1.01
5231.51, 0.979295, 0.0043816, 0.99256, 0.797038
5231.52, 0.981599, 0.00438815, 0.99402, 0.647594
5231.53, 0.984844, 0.00439804, 0.99496, 0.549209
5231.54, 0.986769, 0.00440495, 0.99554, 0.486941
5231.55, 0.987055, 0.00440666, 0.99591, 0.447089
5231.56, 0.986551, 0.00440413, 0.99616, 0.419691
5231.57, 0.98607, 0.00440108, 0.99635, 0.398519
5231.58, 0.985898, 0.0043996, 0.99651, 0.382329
5231.59, 0.985294, 0.00439699, 0.99664, 0.367385
5231.6, 0.984253, 0.00439265, 0.99673, 0.356177
5231.61, 0.983623, 0.00438884, 0.9968, 0.346214
5231.62, 0.983883, 0.00438852, 0.99683, 0.341232
5231.63, 0.985082, 0.00439315, 0.99682, 0.337496
5231.64, 0.986411, 0.0043972, 0.9968, 0.33376
5231.65, 0.987378, 0.00439789, 0.99678, 0.328778
5231.66, 0.988429, 0.00440042, 0.99681, 0.318815
5231.67, 0.989218, 0.00440426, 0.99697, 0.296399
5231.68, 0.988889, 0.00440397, 0.99732, 0.256547
5231.69, 0.98908, 0.00440373, 0.99785, 0.20175
5231.7, 0.991096, 0.00440898, 1, 0
5231.71, 0.991096, 0.00441348, 1, 0
5231.72, 0.990004, 0.00441242, 1, 0
5231.73, 0.997904, 0.00440755, 1, 0
5231.74, 1.01537, 0.0044008, 1, 0
5231.75, 1.03155, 0.0043943, 1, 0
5231.76, 1.04701, 0.00438793, 1, 0
