wav, obs, sigma_obs, syn, weight
5235.83, 1.00196, 0.00421549, 1, 0
5235.84, 1.0015, 0.00421401, 1, 0
5235.85, 1.00275, 0.00421875, 1, 0
5235.86, 1.00519, 0.00422736, 1, 0
5235.87, 1.00602, 0.00422883, 1, 0
5235.88, 1.00552, 0.00422583, 1, 0
5235.89, 1.00529, 0.0042261, 1, 0
5235.9, 1.00474, 0.00422486, 0.9986, 0.0232098
5235.91, 1.00328, 0.00421871, 0.99855, 0.0299482
5235.92, 1.00144, 0.00421191, 0.99845, 0.0351891
5235.93, 1.00051, 0.00420874, 0.99831, 0.0381839
5235.94, 1.00167, 0.0042114, 0.99812, 0.0404301
5235.95, 1.00287, 0.00421385, 0.99789, 0.0411788
5235.96, 1.00238, 0.00421143, 0.99766, 0.0426762
5235.97, 1.00168, 0.00420865, 0.99744, 0.0449223
5235.98, 1.00107, 0.00420648, 0.99729, 0.0464197
5235.99, 0.999405, 0.00420159, 0.99722, 0.0494145
5236, 0.997443, 0.00419514, 0.99724, 0.053158
5236.01, 0.996083, 0.0041891, 0.99732, 0.0576503
5236.02, 0.99395, 0.0041812, 0.99744, 0.0643886
5236.03, 0.990965, 0.00417195, 0.99755, 0.0748705
5236.04, 0.989225, 0.00416628, 0.99761, 0.0928394
5236.05, 0.989706, 0.00416657, 0.99757, 0.123536
5236.06, 0.991977, 0.00417186, 0.99738, 0.176694
5236.07, 0.993042, 0.00417472, 0.99695, 0.263544
5236.08, 0.992041, 0.00417274, 0.99609, 0.397562
5236.09, 0.992646, 0.00417428, 0.99441, 0.590728
5236.1, 0.993278, 0.00417441, 0.99125, 0.84978
5236.11, 0.98877, 0.0041591, 0.98552, 1.17472
5236.12, 0.979134, 0.00412736, 0.9758, 1.55805
5236.13, 0.964901, 0.00407935, 0.96056, 1.98182
5236.14, 0.943658, 0.00400759, 0.93866, 2.42431
5236.15, 0.914897, 0.00391058, 0.91005, 2.8593
5236.16, 0.880624, 0.00379448, 0.87634, 3.25986
5236.17, 0.843813, 0.00366931, 0.84104, 3.60202
5236.18, 0.808755, 0.00354978, 0.80907, 3.86481
5236.19, 0.782522, 0.00345988, 0.78573, 4.03702
5236.2, 0.770817, 0.00341933, 0.77529, 4.10889
5236.21, 0.776359, 0.00343814, 0.77974, 4.07969
5236.22, 0.796893, 0.00350831, 0.79823, 3.95017
5236.23, 0.827365, 0.00361171, 0.82727, 3.72705
5236.24, 0.863091, 0.00373174, 0.86181, 3.42308
5236.25, 0.89935, 0.00385268, 0.8966, 3.05771
5236.26, 0.931296, 0.00395989, 0.92746, 2.65715
5236.27, 0.955822, 0.00404314, 0.95194, 2.25285
5236.28, 0.971882, 0.00409791, 0.96936, 1.87401
5236.29, 0.982166, 0.00413215, 0.98034, 1.54533
5236.3, 0.989045, 0.00415384, 0.98607, 1.28777
5236.31, 0.991442, 0.00416163, 0.98777, 1.10659
5236.32, 0.990125, 0.00415799, 0.98637, 1.00102
5236.33, 0.98774, 0.00414938, 0.98258, 0.957593
5236.34, 0.983641, 0.00413451, 0.97707, 0.956845
5236.35, 0.976848, 0.00411141, 0.97064, 0.979306
5236.36, 0.969799, 0.00408645, 0.96438, 1.00851
5236.37, 0.963921, 0.00406416, 0.95946, 1.03097
5236.38, 0.95873, 0.00404515, 0.95692, 1.0392
5236.39, 0.955658, 0.00403505, 0.95735, 1.02872
5236.4, 0.956551, 0.00403952, 0.96067, 0.996526
5236.41, 0.960272, 0.00405266, 0.96623, 0.941871
5236.42, 0.965036, 0.0040677, 0.97297, 0.866251
5236.43, 0.969339, 0.00408147, 0.97978, 0.771166
5236.44, 0.973667, 0.00409594, 0.98579, 0.663352
5236.45, 0.979333, 0.00411473, 0.99052, 0.547303
5236.46, 0.984444, 0.00413153, 0.99388, 0.432003
5236.47, 0.987538, 0.00414161, 0.99607, 0.324938
5236.48, 0.990169, 0.00415004, 0.99737, 0.232098
5236.49, 0.992623, 0.00415765, 0.9981, 0.156479
5236.5, 0.993893, 0.00416105, 0.99851, 0.0973316
5236.51, 0.994625, 0.00416293, 1, 0
5236.52, 0.995786, 0.00416686, 1, 0
5236.53, 0.9973, 0.00417175, 1, 0
5236.54, 0.998917, 0.00417648, 1, 0
5236.55, 1.00041, 0.0041808, 1, 0
5236.56, 1.00179, 0.00418485, 1, 0
5236.57, 1.00321, 0.004189, 1, 0
