wav, obs, sigma_obs, syn, weight
5241.07, 1.00005, 0.00406874, 1, 0
5241.08, 1.00016, 0.00406814, 1, 0
5241.09, 1.00021, 0.00406728, 1, 0
5241.1, 1.00034, 0.0040668, 1, 0
5241.11, 1.0007, 0.00406765, 1, 0
5241.12, 1.00047, 0.00406761, 1, 0
5241.13, 0.99905, 0.00406476, 0.99873, 0.301475
5241.14, 0.99712, 0.00406026, 0.99833, 0.452212
5241.15, 0.996528, 0.0040578, 0.99804, 0.602949
5241.16, 0.998831, 0.00406075, 0.99786, 0.678318
5241.17, 0.999529, 0.00406109, 0.9978, 0.753687
5241.18, 0.996397, 0.00405483, 0.99782, 0.753687
5241.19, 0.995151, 0.00405244, 0.9979, 0.791371
5241.2, 0.996647, 0.00405566, 0.99802, 0.791371
5241.21, 0.997876, 0.00405906, 0.99817, 0.829055
5241.22, 0.998662, 0.00406146, 0.99833, 0.791371
5241.23, 0.999168, 0.00406275, 0.99847, 0.829055
5241.24, 0.998738, 0.00406253, 0.99859, 0.866739
5241.25, 0.997816, 0.00406089, 0.99867, 0.866739
5241.26, 0.997474, 0.00405886, 0.9987, 0.904424
5241.27, 0.99797, 0.00405963, 0.9987, 0.904424
5241.28, 0.998647, 0.00406261, 0.99868, 0.942108
5241.29, 0.997958, 0.00406113, 0.99862, 0.942108
5241.3, 0.996312, 0.00405571, 0.99855, 0.942108
5241.31, 0.99496, 0.00405062, 0.99845, 0.979792
5241.32, 0.993599, 0.00404637, 0.99827, 0.979792
5241.33, 0.992515, 0.0040439, 0.99795, 1.01748
5241.34, 0.993044, 0.00404543, 0.99737, 1.05516
5241.35, 0.994118, 0.00404798, 0.9964, 1.09285
5241.36, 0.994098, 0.00404758, 0.99488, 1.13053
5241.37, 0.993911, 0.00404662, 0.9927, 1.16821
5241.38, 0.993873, 0.00404615, 0.98981, 1.2059
5241.39, 0.992977, 0.00404401, 0.9863, 1.2059
5241.4, 0.990694, 0.0040379, 0.98235, 1.2059
5241.41, 0.986871, 0.00402597, 0.97827, 1.24358
5241.42, 0.981645, 0.00400758, 0.97441, 1.24358
5241.43, 0.975956, 0.00398652, 0.9711, 1.28127
5241.44, 0.971431, 0.00397035, 0.96863, 1.28127
5241.45, 0.968773, 0.00396095, 0.96717, 1.31895
5241.46, 0.968015, 0.00395801, 0.96684, 1.31895
5241.47, 0.968606, 0.00396207, 0.96764, 1.31895
5241.48, 0.971213, 0.0039738, 0.96954, 1.31895
5241.49, 0.977062, 0.00399277, 0.97239, 1.31895
5241.5, 0.983186, 0.00401144, 0.97599, 1.31895
5241.51, 0.987262, 0.00402498, 0.98002, 1.39432
5241.52, 0.991567, 0.00403955, 0.98413, 1.39432
5241.53, 0.995372, 0.00405225, 0.98799, 1.432
5241.54, 0.995886, 0.00405431, 0.99131, 1.46969
5241.55, 0.995494, 0.00405278, 0.99396, 1.50737
5241.56, 0.996135, 0.00405382, 0.99588, 1.58274
5241.57, 0.995851, 0.0040526, 0.99717, 1.58274
5241.58, 0.994358, 0.00404808, 0.99796, 1.65811
5241.59, 0.992851, 0.00404305, 0.99839, 1.69579
5241.6, 0.992151, 0.00404057, 0.99859, 1.77116
5241.61, 0.992506, 0.00404189, 0.99867, 1.80885
5241.62, 0.993439, 0.00404537, 0.99868, 1.9219
5241.63, 0.994739, 0.00404996, 0.99866, 1.9219
5241.64, 0.996288, 0.004055, 0.99864, 1.99727
5241.65, 0.997508, 0.00405925, 0.99863, 1.99727
5241.66, 0.998243, 0.00406218, 0.99865, 1.9219
5241.67, 0.999015, 0.0040644, 0.99873, 1.69579
5241.68, 0.999607, 0.00406593, 0.99889, 1.35664
5241.69, 0.999514, 0.00406608, 0.99913, 0.942108
5241.7, 0.998757, 0.00406317, 1, 0
5241.71, 0.997566, 0.00405796, 1, 0
5241.72, 0.99626, 0.00405406, 1, 0
5241.73, 0.994951, 0.00405151, 1, 0
5241.74, 0.993642, 0.00404848, 1, 0
5241.75, 0.992334, 0.00404545, 1, 0
