wav, obs, sigma_obs, syn, weight
5255.3, 0.833803, 0.00402302, 1, 0
5255.31, 0.82551, 0.00398997, 1, 0
5255.32, 0.816509, 0.00395398, 1, 0
5255.33, 0.808395, 0.00392167, 1, 0
5255.34, 0.806944, 0.00391679, 1, 0
5255.35, 0.812531, 0.0039389, 1, 0
5255.36, 0.824573, 0.00398427, 0.76465, 0.00957093
5255.37, 0.843289, 0.00405455, 0.79829, 0.015112
5255.38, 0.86675, 0.00414241, 0.83692, 0.0206531
5255.39, 0.892601, 0.0042395, 0.8765, 0.0246829
5255.4, 0.919076, 0.00434081, 0.91277, 0.0282091
5255.41, 0.942408, 0.00443011, 0.94248, 0.0307277
5255.42, 0.960185, 0.00449655, 0.96409, 0.0332464
5255.43, 0.973878, 0.00454742, 0.97774, 0.0352613
5255.44, 0.983427, 0.00458468, 0.98446, 0.0372763
5255.45, 0.988445, 0.00460663, 0.98528, 0.0397949
5255.46, 0.989717, 0.004612, 0.98091, 0.0428173
5255.47, 0.987791, 0.00460379, 0.97201, 0.0463434
5255.48, 0.98263, 0.00458451, 0.95995, 0.050877
5255.49, 0.973588, 0.0045515, 0.94734, 0.0569218
5255.5, 0.961965, 0.00450823, 0.93767, 0.0669965
5255.51, 0.949525, 0.0044611, 0.93406, 0.0826122
5255.52, 0.936862, 0.0044153, 0.93776, 0.108806
5255.53, 0.928256, 0.00438495, 0.94753, 0.152631
5255.54, 0.92767, 0.00438259, 0.96031, 0.222146
5255.55, 0.932989, 0.0044041, 0.97269, 0.326419
5255.56, 0.943676, 0.00444625, 0.98222, 0.47099
5255.57, 0.958515, 0.00450174, 0.98789, 0.65989
5255.58, 0.970933, 0.00454885, 0.9896, 0.889593
5255.59, 0.978942, 0.00458117, 0.98749, 1.15506
5255.6, 0.98344, 0.00460045, 0.98139, 1.44622
5255.61, 0.983097, 0.00459856, 0.97101, 1.75652
5255.62, 0.977565, 0.00457647, 0.95641, 2.07941
5255.63, 0.967237, 0.00453956, 0.93863, 2.40885
5255.64, 0.951846, 0.00448356, 0.91986, 2.7388
5255.65, 0.932724, 0.00441187, 0.90275, 3.06169
5255.66, 0.91241, 0.00433541, 0.88911, 3.36695
5255.67, 0.893076, 0.00426554, 0.87867, 3.64098
5255.68, 0.877959, 0.00421245, 0.86886, 3.86766
5255.69, 0.86944, 0.00418082, 0.85617, 4.02936
5255.7, 0.864093, 0.00416072, 0.83844, 4.11147
5255.71, 0.858906, 0.00414226, 0.8167, 4.10643
5255.72, 0.852593, 0.00411956, 0.79502, 4.01425
5255.73, 0.845033, 0.00409145, 0.77836, 3.84651
5255.74, 0.836852, 0.00406032, 0.76963, 3.61832
5255.75, 0.829593, 0.00403257, 0.76784, 3.34378
5255.76, 0.826327, 0.00402037, 0.76879, 3.03801
5255.77, 0.827319, 0.00402506, 0.76783, 2.70958
5255.78, 0.829988, 0.00403681, 0.76316, 2.36855
5255.79, 0.832535, 0.00404817, 0.75737, 2.02148
5255.8, 0.83303, 0.00405111, 0.75625, 1.67894
5255.81, 0.830673, 0.00404233, 0.76564, 1.35101
5255.82, 0.830782, 0.00404346, 0.78832, 1.04776
5255.83, 0.837891, 0.0040716, 0.82258, 0.780786
5255.84, 0.853322, 0.00413022, 0.86304, 0.557633
5255.85, 0.875349, 0.00421431, 0.90299, 0.384852
5255.86, 0.900897, 0.00431224, 0.93688, 0.26043
5255.87, 0.926418, 0.00440843, 0.96194, 0.178322
5255.88, 0.948997, 0.00449235, 0.97818, 0.127948
5255.89, 0.966494, 0.00455784, 0.9874, 0.098228
5255.9, 0.977976, 0.00460316, 0.9919, 0.0805973
5255.91, 0.985114, 0.00463245, 0.99373, 0.0695152
5255.92, 0.990093, 0.00465219, 0.99434, 0.060448
5255.93, 0.994128, 0.00466735, 0.99461, 0.0518845
5255.94, 0.995252, 0.00467161, 0.995, 0.0413061
5255.95, 0.994789, 0.00467019, 0.99562, 0.030224
5255.96, 0.997674, 0.00468098, 0.99641, 0.0186381
5255.97, 0.998964, 0.00468665, 1, 0
5255.98, 0.99721, 0.00468252, 1, 0
5255.99, 0.998522, 0.00469042, 1, 0
5256, 0.999863, 0.00469586, 1, 0
5256.01, 0.999086, 0.00469104, 1, 0
5256.02, 0.999427, 0.004693, 1, 0
