wav, obs, sigma_obs, syn, weight
5257.25, 1.00275, 0.0048208, 1, 0
5257.26, 1.00145, 0.0048188, 1, 0
5257.27, 1.00042, 0.00481795, 1, 0
5257.28, 0.998508, 0.00481337, 1, 0
5257.29, 0.995881, 0.00480479, 1, 0
5257.3, 0.995086, 0.00480076, 1, 0
5257.31, 0.994588, 0.00479837, 0.99733, 0.0143715
5257.32, 0.993025, 0.00479405, 0.99727, 0.019162
5257.33, 0.992472, 0.00479231, 0.99726, 0.0263478
5257.34, 0.992505, 0.00479243, 0.99725, 0.028743
5257.35, 0.992059, 0.00479239, 0.99723, 0.0311383
5257.36, 0.991408, 0.00479316, 0.99722, 0.0311383
5257.37, 0.992716, 0.0047992, 0.9972, 0.0311383
5257.38, 0.996098, 0.00480985, 0.99717, 0.028743
5257.39, 0.997792, 0.00481598, 0.99714, 0.0311383
5257.4, 0.998243, 0.00482183, 0.9971, 0.028743
5257.41, 0.998538, 0.00482887, 0.99705, 0.0311383
5257.42, 0.998101, 0.00482786, 0.99697, 0.0311383
5257.43, 0.998259, 0.00482682, 0.99686, 0.0335335
5257.44, 0.998825, 0.00482942, 0.99671, 0.0335335
5257.45, 0.997116, 0.0048254, 0.99651, 0.038324
5257.46, 0.99619, 0.00482415, 0.99623, 0.0431145
5257.47, 0.996674, 0.0048268, 0.99584, 0.047905
5257.48, 0.993979, 0.00481685, 0.99525, 0.0598813
5257.49, 0.99198, 0.00480933, 0.99431, 0.0766481
5257.5, 0.993099, 0.00481374, 0.99282, 0.100601
5257.51, 0.993625, 0.00481648, 0.99054, 0.14132
5257.52, 0.991415, 0.00480863, 0.98725, 0.208387
5257.53, 0.987587, 0.00479439, 0.98278, 0.311383
5257.54, 0.985151, 0.0047862, 0.97712, 0.481446
5257.55, 0.979659, 0.00476583, 0.97031, 0.728157
5257.56, 0.968837, 0.00472408, 0.96238, 1.06828
5257.57, 0.955751, 0.00467398, 0.95323, 1.50182
5257.58, 0.94112, 0.00461949, 0.94253, 2.00962
5257.59, 0.925564, 0.00456207, 0.92987, 2.56292
5257.6, 0.910336, 0.00450386, 0.91502, 3.11622
5257.61, 0.895477, 0.00444554, 0.89838, 3.62402
5257.62, 0.880484, 0.0043873, 0.88119, 4.05516
5257.63, 0.865457, 0.0043313, 0.86558, 4.38331
5257.64, 0.853937, 0.00428849, 0.85416, 4.60128
5257.65, 0.847842, 0.00426565, 0.84935, 4.70428
5257.66, 0.847374, 0.00426573, 0.85264, 4.69469
5257.67, 0.856853, 0.00430392, 0.86403, 4.57733
5257.68, 0.874939, 0.0043746, 0.88197, 4.34499
5257.69, 0.895188, 0.00445409, 0.90378, 4.00486
5257.7, 0.917887, 0.0045436, 0.92635, 3.56893
5257.71, 0.940961, 0.00463385, 0.94696, 3.05395
5257.72, 0.959779, 0.00470632, 0.96382, 2.49825
5257.73, 0.974746, 0.00476737, 0.97627, 1.94015
5257.74, 0.985013, 0.00481179, 0.9846, 1.42518
5257.75, 0.989487, 0.00482902, 0.98966, 0.989239
5257.76, 0.993628, 0.00484379, 0.99247, 0.644323
5257.77, 0.998023, 0.00486002, 0.9939, 0.397612
5257.78, 0.999292, 0.00486416, 0.99458, 0.234735
5257.79, 0.998691, 0.00486486, 0.99488, 0.136529
5257.8, 0.997501, 0.00486511, 0.995, 0.0814386
5257.81, 0.996507, 0.0048626, 0.99504, 0.0503003
5257.82, 0.997119, 0.00486348, 0.99503, 0.0359288
5257.83, 0.997755, 0.00486515, 0.995, 0.0263478
5257.84, 0.996626, 0.00486287, 0.99498, 0.019162
5257.85, 0.997548, 0.00486712, 0.99504, 0.0119763
5257.86, 0.998576, 0.00487233, 1, 0
5257.87, 0.996473, 0.00486843, 1, 0
5257.88, 0.996696, 0.00486784, 1, 0
5257.89, 0.99824, 0.00487187, 1, 0
5257.9, 0.997137, 0.00487457, 1, 0
5257.91, 0.995706, 0.00487705, 1, 0
