wav, obs, sigma_obs, syn, weight
5262.51, 0.994364, 0.006042, 1, 0
5262.52, 0.994027, 0.00603937, 1, 0
5262.53, 0.993532, 0.00603695, 1, 0
5262.54, 0.991882, 0.00602908, 1, 0
5262.55, 0.987933, 0.00600888, 1, 0
5262.56, 0.982698, 0.00598176, 1, 0
5262.57, 0.977603, 0.00595566, 1, 0
5262.58, 0.972147, 0.00592829, 0.96178, 0.610917
5262.59, 0.966142, 0.00589853, 0.95676, 0.789317
5262.6, 0.961914, 0.00587682, 0.95308, 0.928135
5262.61, 0.960705, 0.00586926, 0.95103, 1.01361
5262.62, 0.960574, 0.00586836, 0.95081, 1.04917
5262.63, 0.96095, 0.00587127, 0.95247, 1.04516
5262.64, 0.963774, 0.00588418, 0.95582, 1.01074
5262.65, 0.968901, 0.00590614, 0.96047, 0.951081
5262.66, 0.973906, 0.00592846, 0.96589, 0.870199
5262.67, 0.978323, 0.00594934, 0.97148, 0.773255
5262.68, 0.983171, 0.00597228, 0.97669, 0.667707
5262.69, 0.988862, 0.00599893, 0.98112, 0.559864
5262.7, 0.995156, 0.00602839, 0.98458, 0.458905
5262.71, 0.999994, 0.00605058, 0.98704, 0.373434
5262.72, 1.00159, 0.00605665, 0.98859, 0.309187
5262.73, 1.00212, 0.00605689, 0.98937, 0.273622
5262.74, 1.00352, 0.00606107, 0.98947, 0.271901
5262.75, 1.00429, 0.00606374, 0.98885, 0.310335
5262.76, 1.00301, 0.00605847, 0.9873, 0.395232
5262.77, 0.99968, 0.00604209, 0.9844, 0.534051
5262.78, 0.99472, 0.00601569, 0.97952, 0.727365
5262.79, 0.98887, 0.00598538, 0.97189, 0.975173
5262.8, 0.981491, 0.00594904, 0.96076, 1.2683
5262.81, 0.970768, 0.00589713, 0.94571, 1.5947
5262.82, 0.957579, 0.00583315, 0.92685, 1.93601
5262.83, 0.944416, 0.00576863, 0.90508, 2.27273
5262.84, 0.931137, 0.00570344, 0.88207, 2.58364
5262.85, 0.917043, 0.00563504, 0.86006, 2.85037
5262.86, 0.905672, 0.0055797, 0.84155, 3.05745
5262.87, 0.900506, 0.00555336, 0.8288, 3.19513
5262.88, 0.899327, 0.00554628, 0.82345, 3.25765
5262.89, 0.900267, 0.00555014, 0.82622, 3.24274
5262.9, 0.90575, 0.00557575, 0.83675, 3.15153
5262.91, 0.916238, 0.00562495, 0.85368, 2.98862
5262.92, 0.927555, 0.00567861, 0.87488, 2.76089
5262.93, 0.93812, 0.0057291, 0.89787, 2.48268
5262.94, 0.95007, 0.00578538, 0.92024, 2.17062
5262.95, 0.962167, 0.00584147, 0.94006, 1.8448
5262.96, 0.970324, 0.0058789, 0.95614, 1.52701
5262.97, 0.975184, 0.00590111, 0.9681, 1.23503
5262.98, 0.979922, 0.00592312, 0.97624, 0.983778
5262.99, 0.983575, 0.00593958, 0.98128, 0.783007
5263, 0.983951, 0.00593938, 0.98407, 0.635583
5263.01, 0.982067, 0.00592842, 0.98537, 0.538066
5263.02, 0.979692, 0.00591621, 0.98575, 0.482998
5263.03, 0.977804, 0.00590682, 0.98559, 0.460626
5263.04, 0.976566, 0.00590032, 0.98509, 0.46292
5263.05, 0.974672, 0.00589029, 0.98436, 0.480703
5263.06, 0.971403, 0.00587344, 0.98344, 0.511679
5263.07, 0.967307, 0.00585292, 0.98232, 0.551833
5263.08, 0.962978, 0.00583145, 0.98098, 0.601739
5263.09, 0.958843, 0.00581022, 0.97939, 0.661971
5263.1, 0.953821, 0.00578436, 0.9775, 0.734248
5263.11, 0.945986, 0.00574571, 0.9752, 0.822587
5263.12, 0.936891, 0.00570141, 0.97238, 0.928135
5263.13, 0.929184, 0.00566328, 0.96879, 1.05032
5263.14, 0.919875, 0.00561768, 0.96402, 1.1748
5263.15, 0.905156, 0.00554708, 0.95769, 1.27289
5263.16, 0.887198, 0.00546013, 0.94931, 1.30157
5263.17, 0.867997, 0.00536528, 0.93907, 1.22011
5263.18, 0.844458, 0.00525032, 0.92856, 1.02221
5263.19, 0.814554, 0.00510672, 1, 0
5263.2, 0.78014, 0.00494052, 1, 0
5263.21, 0.741327, 0.00475076, 1, 0
5263.22, 0.695317, 0.00452511, 1, 0
5263.23, 0.642944, 0.0042684, 1, 0
5263.24, 0.590408, 0.0040109, 1, 0
5263.25, 0.538842, 0.00375813, 1, 0
