wav, obs, sigma_obs, syn, weight
5273.86, 0.998703, 0.00450817, 1, 0
5273.87, 0.999217, 0.0045085, 1, 0
5273.88, 0.999749, 0.00450896, 1, 0
5273.89, 1.00048, 0.00451091, 1, 0
5273.9, 1.00119, 0.00451326, 1, 0
5273.91, 1.00151, 0.0045141, 1, 0
5273.92, 1.00211, 0.0045157, 1, 0
5273.93, 1.00343, 0.00451966, 0.99936, 0.278802
5273.94, 1.00376, 0.00451971, 0.99926, 0.353482
5273.95, 1.00248, 0.00451392, 0.99919, 0.403268
5273.96, 1.00165, 0.00451071, 0.99912, 0.438118
5273.97, 1.00216, 0.00451264, 0.99907, 0.448075
5273.98, 1.00346, 0.00451562, 0.99902, 0.448075
5273.99, 1.00471, 0.00451747, 0.99899, 0.448075
5274, 1.0051, 0.00451718, 0.99898, 0.438118
5274.01, 1.00433, 0.00451363, 0.99899, 0.438118
5274.02, 1.00289, 0.00450803, 0.99901, 0.443097
5274.03, 1.00277, 0.00450709, 0.99904, 0.438118
5274.04, 1.00389, 0.0045104, 0.99909, 0.448075
5274.05, 1.00342, 0.00450772, 0.99914, 0.463011
5274.06, 1.00138, 0.00449969, 0.99917, 0.492883
5274.07, 0.999875, 0.00449425, 0.99919, 0.53769
5274.08, 0.999115, 0.00449132, 0.99915, 0.612369
5274.09, 0.998537, 0.00448794, 0.99903, 0.731856
5274.1, 0.997525, 0.00448281, 0.99877, 0.89615
5274.11, 0.996226, 0.00447743, 0.99826, 1.12517
5274.12, 0.99609, 0.00447736, 0.99737, 1.41393
5274.13, 0.996868, 0.00448042, 0.99592, 1.75247
5274.14, 0.996646, 0.0044774, 0.99374, 2.13085
5274.15, 0.994801, 0.00446799, 0.99069, 2.52416
5274.16, 0.991507, 0.00445591, 0.98678, 2.89755
5274.17, 0.987165, 0.00444036, 0.98218, 3.24108
5274.18, 0.982215, 0.00442108, 0.97722, 3.51988
5274.19, 0.977036, 0.00440217, 0.97238, 3.73396
5274.2, 0.972049, 0.00438548, 0.96817, 3.8634
5274.21, 0.967744, 0.00436932, 0.96502, 3.91319
5274.22, 0.964644, 0.00435585, 0.96324, 3.87336
5274.23, 0.963347, 0.00434999, 0.96301, 3.7489
5274.24, 0.96482, 0.00435514, 0.96432, 3.54477
5274.25, 0.969449, 0.00437172, 0.96706, 3.26597
5274.26, 0.975293, 0.00439243, 0.97098, 2.92245
5274.27, 0.980819, 0.00441132, 0.9757, 2.53909
5274.28, 0.985979, 0.00442739, 0.98072, 2.1408
5274.29, 0.990401, 0.00444052, 0.98556, 1.75247
5274.3, 0.993383, 0.00445094, 0.98981, 1.39899
5274.31, 0.995216, 0.00445828, 0.9932, 1.09032
5274.32, 0.996418, 0.00446169, 0.99567, 0.846364
5274.33, 0.99618, 0.00445952, 0.99731, 0.662156
5274.34, 0.99447, 0.00445301, 0.9983, 0.522754
5274.35, 0.993777, 0.00445022, 0.99885, 0.428161
5274.36, 0.994604, 0.00445222, 0.99913, 0.368417
5274.37, 0.994728, 0.00445088, 0.99926, 0.32361
5274.38, 0.993912, 0.00444604, 0.99932, 0.298717
5274.39, 0.993221, 0.00444253, 0.99935, 0.273824
5274.4, 0.992674, 0.00444021, 0.99937, 0.258888
5274.41, 0.992122, 0.00443801, 0.99937, 0.253909
5274.42, 0.992106, 0.00443761, 0.99938, 0.243952
5274.43, 0.992285, 0.00443785, 0.99938, 0.233995
5274.44, 0.990798, 0.00443247, 0.99937, 0.224038
5274.45, 0.987435, 0.00441995, 0.99936, 0.224038
5274.46, 0.983389, 0.00440317, 0.99936, 0.209102
5274.47, 0.97842, 0.00438341, 0.99936, 0.189187
5274.48, 0.971934, 0.00436111, 0.99938, 0.164294
5274.49, 0.964845, 0.00433669, 0.99942, 0.124465
5274.5, 0.958058, 0.00431109, 1, 0
5274.51, 0.951711, 0.00428652, 1, 0
5274.52, 0.946925, 0.00426832, 1, 0
5274.53, 0.945783, 0.00426432, 1, 0
5274.54, 0.947507, 0.00427138, 1, 0
5274.55, 0.948557, 0.00427584, 1, 0
5274.56, 0.949476, 0.00427979, 1, 0
