wav, obs, sigma_obs, syn, weight
5279.32, 0.987991, 0.0040991, 1, 0
5279.33, 0.989718, 0.00410486, 1, 0
5279.34, 0.991323, 0.0041104, 1, 0
5279.35, 0.993069, 0.0041162, 1, 0
5279.36, 0.995453, 0.00412313, 1, 0
5279.37, 0.997534, 0.00412886, 1, 0
5279.38, 0.998351, 0.00413121, 1, 0
5279.39, 0.99921, 0.00413381, 0.9953, 0.371593
5279.4, 1.00083, 0.00413866, 0.9954, 0.420062
5279.41, 1.00213, 0.00414277, 0.99566, 0.416831
5279.42, 1.00225, 0.00414315, 0.99593, 0.371593
5279.43, 1.00096, 0.00413813, 0.99615, 0.306968
5279.44, 0.999497, 0.00413223, 0.99632, 0.248806
5279.45, 0.999191, 0.0041306, 0.99649, 0.200337
5279.46, 0.999866, 0.00413304, 0.99668, 0.168025
5279.47, 1.00084, 0.00413689, 0.99692, 0.148637
5279.48, 1.00115, 0.00413765, 0.99719, 0.138944
5279.49, 1.00025, 0.00413329, 0.99749, 0.138944
5279.5, 0.998319, 0.00412508, 0.99777, 0.148637
5279.51, 0.997644, 0.00412209, 0.998, 0.177718
5279.52, 0.999114, 0.00412757, 0.99811, 0.23265
5279.53, 0.999044, 0.00412647, 0.99804, 0.332818
5279.54, 0.996811, 0.00411684, 0.99767, 0.49438
5279.55, 0.995493, 0.00411229, 0.99686, 0.736724
5279.56, 0.994665, 0.00411075, 0.99547, 1.06308
5279.57, 0.992529, 0.00410391, 0.99333, 1.47668
5279.58, 0.989759, 0.00409406, 0.99037, 1.95813
5279.59, 0.987082, 0.00408429, 0.98662, 2.47513
5279.6, 0.984197, 0.00407427, 0.98225, 2.99536
5279.61, 0.980654, 0.00406242, 0.97761, 3.47682
5279.62, 0.97613, 0.00404698, 0.97312, 3.88719
5279.63, 0.971412, 0.00403055, 0.96925, 4.21031
5279.64, 0.967456, 0.00401653, 0.9664, 4.42681
5279.65, 0.964281, 0.0040052, 0.96487, 4.53667
5279.66, 0.962375, 0.00399838, 0.96482, 4.53667
5279.67, 0.963078, 0.00400073, 0.96625, 4.42681
5279.68, 0.966582, 0.00401244, 0.96902, 4.21031
5279.69, 0.972149, 0.00403027, 0.97284, 3.88719
5279.7, 0.978692, 0.00405041, 0.97729, 3.47359
5279.71, 0.98501, 0.00406947, 0.98191, 2.99213
5279.72, 0.989916, 0.00408551, 0.98626, 2.4719
5279.73, 0.992994, 0.00409675, 0.98995, 1.95167
5279.74, 0.994719, 0.00410181, 0.99273, 1.47022
5279.75, 0.99567, 0.00410376, 0.99443, 1.05662
5279.76, 0.99641, 0.00410675, 0.99494, 0.72703
5279.77, 0.997278, 0.00410917, 0.99412, 0.484687
5279.78, 0.997551, 0.00410736, 0.99182, 0.316662
5279.79, 0.994792, 0.00409695, 0.98787, 0.213262
5279.8, 0.989688, 0.00408078, 0.98217, 0.148637
5279.81, 0.985228, 0.00406628, 0.97483, 0.119556
5279.82, 0.979335, 0.00404676, 0.9662, 0.0969373
5279.83, 0.969656, 0.00401528, 0.95691, 0.0904749
5279.84, 0.959953, 0.00398352, 0.94779, 0.0840124
5279.85, 0.952188, 0.0039576, 0.93975, 0.0840124
5279.86, 0.944218, 0.00393106, 0.93362, 0.0807811
5279.87, 0.937138, 0.00390698, 0.93006, 0.0807811
5279.88, 0.934059, 0.00389483, 0.92943, 0.0807811
5279.89, 0.93524, 0.00389789, 0.93181, 0.0807811
5279.9, 0.939965, 0.00391503, 0.93696, 0.0807811
5279.91, 0.947476, 0.00393982, 0.94438, 0.0743186
5279.92, 0.956405, 0.00396732, 0.95338, 0.0678561
5279.93, 0.964886, 0.00399519, 0.96314, 0.0516999
5279.94, 0.972859, 0.00402191, 1, 0
5279.95, 0.980834, 0.00404611, 1, 0
5279.96, 0.987533, 0.00406558, 1, 0
5279.97, 0.991757, 0.00407844, 1, 0
5279.98, 0.993323, 0.00408389, 1, 0
5279.99, 0.99303, 0.00408401, 1, 0
5280, 0.992957, 0.00408477, 1, 0
