wav, obs, sigma_obs, syn, weight
5284.77, 0.990231, 0.0039169, 1, 0
5284.78, 0.99131, 0.00392108, 1, 0
5284.79, 0.992551, 0.00392524, 1, 0
5284.8, 0.993887, 0.00392883, 1, 0
5284.81, 0.994274, 0.00392986, 1, 0
5284.82, 0.993986, 0.0039295, 1, 0
5284.83, 0.994873, 0.00393246, 0.99714, 0.0509653
5284.84, 0.996336, 0.00393707, 0.99709, 0.074232
5284.85, 0.996956, 0.00393941, 0.9971, 0.0963908
5284.86, 0.997166, 0.00393992, 0.99714, 0.109686
5284.87, 0.997238, 0.00393931, 0.99718, 0.11855
5284.88, 0.996745, 0.0039375, 0.99722, 0.121873
5284.89, 0.995943, 0.00393585, 0.99724, 0.122981
5284.9, 0.995518, 0.003936, 0.99724, 0.124089
5284.91, 0.99608, 0.00393737, 0.99722, 0.125197
5284.92, 0.997062, 0.00393819, 0.99717, 0.127413
5284.93, 0.996366, 0.00393617, 0.99708, 0.130737
5284.94, 0.99514, 0.00393386, 0.99696, 0.134061
5284.95, 0.995808, 0.00393536, 0.9968, 0.141816
5284.96, 0.996428, 0.00393706, 0.9966, 0.154004
5284.97, 0.995595, 0.00393584, 0.99638, 0.175055
5284.98, 0.994838, 0.0039331, 0.9961, 0.213833
5284.99, 0.99463, 0.00393092, 0.99573, 0.278093
5285, 0.994376, 0.00393047, 0.99512, 0.385563
5285.01, 0.993212, 0.00392758, 0.99403, 0.550647
5285.02, 0.990704, 0.00391934, 0.99201, 0.78553
5285.03, 0.987317, 0.00390815, 0.98836, 1.1024
5285.04, 0.982261, 0.00389203, 0.98218, 1.49794
5285.05, 0.973787, 0.00386532, 0.97243, 1.95995
5285.06, 0.961071, 0.00382466, 0.95828, 2.46738
5285.07, 0.943603, 0.00376858, 0.93946, 2.9859
5285.08, 0.920939, 0.00369803, 0.91662, 3.48447
5285.09, 0.894396, 0.0036165, 0.89153, 3.93097
5285.1, 0.867118, 0.0035309, 0.86702, 4.29659
5285.11, 0.843674, 0.00345629, 0.84643, 4.56472
5285.12, 0.828647, 0.00340846, 0.83298, 4.72426
5285.13, 0.825288, 0.00339715, 0.82891, 4.76968
5285.14, 0.833648, 0.0034229, 0.83492, 4.69988
5285.15, 0.850774, 0.00347758, 0.84994, 4.51597
5285.16, 0.873814, 0.00355133, 0.87146, 4.22458
5285.17, 0.899624, 0.00363294, 0.89613, 3.83791
5285.18, 0.924106, 0.00370941, 0.92062, 3.377
5285.19, 0.944383, 0.00377222, 0.94226, 2.87067
5285.2, 0.959338, 0.0038188, 0.95946, 2.34773
5285.21, 0.969791, 0.00385175, 0.97178, 1.84694
5285.22, 0.977213, 0.00387541, 0.97968, 1.39379
5285.23, 0.982446, 0.0038924, 0.98413, 1.01044
5285.24, 0.986014, 0.00390386, 0.98627, 0.709082
5285.25, 0.988268, 0.00390998, 0.98713, 0.485278
5285.26, 0.990151, 0.00391535, 0.98747, 0.332382
5285.27, 0.992392, 0.00392376, 0.98779, 0.233775
5285.28, 0.99406, 0.00392923, 0.98833, 0.172839
5285.29, 0.994913, 0.00393037, 0.98915, 0.136277
5285.3, 0.995875, 0.00393325, 0.9902, 0.115226
5285.31, 0.996342, 0.00393477, 0.99134, 0.101931
5285.32, 0.995529, 0.00393046, 0.99242, 0.093067
5285.33, 0.995123, 0.00392963, 0.99335, 0.0864194
5285.34, 0.995876, 0.00393479, 0.99409, 0.0819876
5285.35, 0.996551, 0.00393569, 0.99465, 0.0775559
5285.36, 0.996861, 0.00393385, 0.99509, 0.074232
5285.37, 0.997044, 0.00393565, 0.99547, 0.0709082
5285.38, 0.996818, 0.00393679, 0.99585, 0.0675844
5285.39, 0.996446, 0.00393566, 0.99625, 0.0642606
5285.4, 0.997083, 0.00393797, 0.99668, 0.0576129
5285.41, 0.998384, 0.00394184, 0.9971, 0.0487494
5285.42, 0.999245, 0.0039421, 0.99751, 0.036562
5285.43, 0.999673, 0.0039422, 0.99788, 0.0243747
5285.44, 0.999829, 0.0039443, 1, 0
5285.45, 0.999682, 0.00394507, 1, 0
5285.46, 0.99965, 0.00394486, 1, 0
5285.47, 1.00029, 0.00394621, 1, 0
5285.48, 1.00124, 0.00394839, 1, 0
5285.49, 1.00204, 0.00395019, 1, 0
