wav, obs, sigma_obs, syn, weight
5290.46, 0.998795, 0.0039815, 1, 0
5290.47, 0.998983, 0.00398196, 1, 0
5290.48, 0.999007, 0.0039815, 1, 0
5290.49, 0.999352, 0.00398266, 1, 0
5290.5, 1.00028, 0.00398656, 1, 0
5290.51, 1.00136, 0.00399047, 1, 0
5290.52, 1.00217, 0.00399306, 0.9997, 0.021722
5290.53, 1.00238, 0.00399385, 0.99964, 0.0380135
5290.54, 1.00183, 0.0039916, 0.99961, 0.0488745
5290.55, 1.001, 0.00398824, 0.99961, 0.0543051
5290.56, 1.00091, 0.0039889, 0.99963, 0.0597356
5290.57, 1.0013, 0.00399122, 0.99965, 0.0651661
5290.58, 1.00163, 0.00399171, 0.99967, 0.0597356
5290.59, 1.00225, 0.00399273, 0.99968, 0.0705966
5290.6, 1.00284, 0.00399397, 0.99967, 0.0705966
5290.61, 1.00269, 0.00399305, 0.99966, 0.0705966
5290.62, 1.00256, 0.00399356, 0.99965, 0.0814576
5290.63, 1.00287, 0.00399705, 0.99963, 0.0868881
5290.64, 1.00275, 0.00399858, 0.99959, 0.10318
5290.65, 1.00287, 0.00399903, 0.99951, 0.135763
5290.66, 1.00418, 0.00400172, 0.99938, 0.179207
5290.67, 1.00469, 0.00400309, 0.99914, 0.266095
5290.68, 1.00358, 0.00400085, 0.99871, 0.401857
5290.69, 1.00227, 0.00399652, 0.99798, 0.602786
5290.7, 1.00165, 0.00399385, 0.99682, 0.890603
5290.71, 1.00162, 0.00399438, 0.99509, 1.26531
5290.72, 1.0005, 0.00399188, 0.99269, 1.70518
5290.73, 0.997705, 0.00398311, 0.98958, 2.19935
5290.74, 0.993695, 0.00396884, 0.98586, 2.70439
5290.75, 0.987992, 0.00395047, 0.98173, 3.18228
5290.76, 0.980689, 0.00392949, 0.97749, 3.60586
5290.77, 0.973486, 0.00390748, 0.9735, 3.94255
5290.78, 0.967964, 0.00388938, 0.97011, 4.19235
5290.79, 0.965024, 0.00388016, 0.9676, 4.33354
5290.8, 0.963798, 0.00387682, 0.96617, 4.37699
5290.81, 0.963775, 0.0038771, 0.9659, 4.31725
5290.82, 0.965398, 0.00388201, 0.9668, 4.15434
5290.83, 0.968858, 0.00389288, 0.9688, 3.8991
5290.84, 0.973471, 0.00390831, 0.97173, 3.55155
5290.85, 0.976836, 0.0039203, 0.97538, 3.1334
5290.86, 0.978955, 0.00392808, 0.97943, 2.66638
5290.87, 0.981699, 0.00393683, 0.98354, 2.18306
5290.88, 0.983727, 0.00394298, 0.98739, 1.73233
5290.89, 0.984072, 0.00394394, 0.99071, 1.33047
5290.9, 0.984262, 0.00394399, 0.99336, 0.999213
5290.91, 0.984536, 0.00394384, 0.99529, 0.74941
5290.92, 0.984404, 0.00394265, 0.99661, 0.575634
5290.93, 0.98441, 0.00394394, 0.99744, 0.461593
5290.94, 0.984729, 0.00394745, 0.99794, 0.385566
5290.95, 0.985015, 0.00394832, 0.99826, 0.336691
5290.96, 0.986889, 0.00395357, 0.99847, 0.304108
5290.97, 0.991024, 0.00396767, 0.99864, 0.282386
5290.98, 0.993658, 0.0039756, 0.99878, 0.266095
5290.99, 0.9943, 0.00397585, 0.99889, 0.255234
5291, 0.995552, 0.00397966, 0.99896, 0.249803
5291.01, 0.997654, 0.00398751, 0.99897, 0.260664
5291.02, 0.999776, 0.00399586, 0.99891, 0.282386
5291.03, 1.00074, 0.00400068, 0.99878, 0.309539
5291.04, 1.00079, 0.0040009, 0.99859, 0.342122
5291.05, 1.00084, 0.00399846, 0.9984, 0.352983
5291.06, 1.001, 0.00399879, 0.9983, 0.331261
5291.07, 1.00103, 0.00400176, 0.99837, 0.276956
5291.08, 1.00061, 0.00400074, 0.99863, 0.195498
5291.09, 0.999911, 0.00399745, 1, 0
5291.1, 0.999199, 0.00399554, 1, 0
5291.11, 0.99849, 0.00399393, 1, 0
5291.12, 0.997779, 0.00399208, 1, 0
5291.13, 0.997067, 0.00399022, 1, 0
5291.14, 0.996355, 0.00398837, 1, 0
