wav, obs, sigma_obs, syn, weight
5292.69, 0.987542, 0.00400491, 1, 0
5292.7, 0.990954, 0.00401518, 1, 0
5292.71, 0.994219, 0.00402515, 1, 0
5292.72, 0.996324, 0.00403265, 1, 0
5292.73, 0.997083, 0.0040364, 1, 0
5292.74, 0.99694, 0.00403647, 1, 0
5292.75, 0.99702, 0.00403556, 0.96745, 0.880787
5292.76, 0.996836, 0.00403413, 0.97162, 1.25518
5292.77, 0.995179, 0.0040311, 0.97497, 1.53002
5292.78, 0.993952, 0.00402811, 0.97771, 1.64688
5292.79, 0.993736, 0.00402575, 0.97996, 1.61874
5292.8, 0.992237, 0.00402205, 0.98181, 1.51054
5292.81, 0.989698, 0.00401593, 0.98329, 1.37636
5292.82, 0.987376, 0.00400773, 0.98445, 1.24652
5292.83, 0.985491, 0.00400001, 0.98533, 1.12966
5292.84, 0.983802, 0.00399425, 0.98599, 1.03227
5292.85, 0.982057, 0.00399076, 0.98653, 0.947874
5292.86, 0.981158, 0.0039901, 0.98705, 0.876458
5292.87, 0.981809, 0.00399271, 0.98765, 0.818028
5292.88, 0.983768, 0.00399834, 0.98836, 0.774746
5292.89, 0.985893, 0.00400471, 0.98918, 0.748777
5292.9, 0.987361, 0.00401006, 0.99002, 0.748777
5292.91, 0.98939, 0.00401691, 0.99081, 0.785566
5292.92, 0.991859, 0.00402451, 0.99141, 0.867802
5292.93, 0.993314, 0.00402897, 0.99167, 1.00414
5292.94, 0.99368, 0.0040301, 0.99137, 1.20324
5292.95, 0.993098, 0.00402825, 0.99016, 1.45211
5292.96, 0.991183, 0.00402229, 0.98753, 1.74426
5292.97, 0.986334, 0.00400793, 0.9829, 2.05805
5292.98, 0.977301, 0.00398123, 0.97583, 2.36319
5292.99, 0.96579, 0.00394449, 0.96641, 2.6402
5293, 0.953266, 0.00390301, 0.9555, 2.86743
5293.01, 0.940831, 0.00386426, 0.94485, 3.03839
5293.02, 0.931828, 0.00383765, 0.93668, 3.13794
5293.03, 0.928307, 0.00382738, 0.933, 3.17256
5293.04, 0.928972, 0.0038285, 0.93476, 3.1401
5293.05, 0.934602, 0.003845, 0.94153, 3.03623
5293.06, 0.945671, 0.00388037, 0.95155, 2.86743
5293.07, 0.957329, 0.00391854, 0.96236, 2.6337
5293.08, 0.966449, 0.0039489, 0.97152, 2.34588
5293.09, 0.972554, 0.00396976, 0.97704, 2.01477
5293.1, 0.974041, 0.00397571, 0.97751, 1.67068
5293.11, 0.969464, 0.00396182, 0.97226, 1.33308
5293.12, 0.958666, 0.00392743, 0.96159, 1.02795
5293.13, 0.94388, 0.00387996, 0.94719, 0.768254
5293.14, 0.928923, 0.0038318, 0.93233, 0.569157
5293.15, 0.918076, 0.00379589, 0.92109, 0.421998
5293.16, 0.913962, 0.00378155, 0.917, 0.32245
5293.17, 0.917297, 0.00379337, 0.92147, 0.259691
5293.18, 0.928515, 0.00383134, 0.9332, 0.220738
5293.19, 0.945545, 0.00388701, 0.94884, 0.196933
5293.2, 0.962181, 0.00394045, 0.96456, 0.183948
5293.21, 0.975681, 0.00398354, 0.97756, 0.175292
5293.22, 0.98597, 0.0040168, 0.9867, 0.168799
5293.23, 0.993483, 0.00404171, 0.99226, 0.164471
5293.24, 0.998563, 0.00405853, 0.99522, 0.162307
5293.25, 1.00143, 0.00406683, 0.99658, 0.157979
5293.26, 1.00272, 0.00407128, 0.9971, 0.151487
5293.27, 1.00329, 0.00407528, 0.99716, 0.144994
5293.28, 1.00393, 0.00407663, 0.99689, 0.13201
5293.29, 1.00389, 0.00407496, 0.9962, 0.112533
5293.3, 1.00203, 0.00407118, 0.99485, 0.0843997
5293.31, 0.999248, 0.00406469, 0.99252, 0.0562665
5293.32, 0.995081, 0.00405175, 1, 0
5293.33, 0.987918, 0.00402803, 1, 0
5293.34, 0.980993, 0.00400493, 1, 0
5293.35, 0.976931, 0.00399144, 1, 0
5293.36, 0.97313, 0.00397883, 1, 0
5293.37, 0.968982, 0.00396505, 1, 0
