wav, obs, sigma_obs, syn, weight
5294.2, 0.99692, 0.00408661, 1, 0
5294.21, 0.997261, 0.00408823, 1, 0
5294.22, 0.998119, 0.00409064, 1, 0
5294.23, 0.999747, 0.00409489, 1, 0
5294.24, 1.00139, 0.00410122, 1, 0
5294.25, 1.0015, 0.00410375, 1, 0
5294.26, 0.999336, 0.00409738, 0.99397, 0.155531
5294.27, 0.997976, 0.00409256, 0.99455, 0.220336
5294.28, 0.99859, 0.00409443, 0.99503, 0.27218
5294.29, 0.99953, 0.0040987, 0.99539, 0.298101
5294.3, 0.999646, 0.00409937, 0.99564, 0.29625
5294.31, 0.998699, 0.00409506, 0.99578, 0.283289
5294.32, 0.997648, 0.00409284, 0.99581, 0.264773
5294.33, 0.997668, 0.00409542, 0.99573, 0.246258
5294.34, 0.999062, 0.00410061, 0.99557, 0.229594
5294.35, 0.999564, 0.0041014, 0.99534, 0.214781
5294.36, 0.998849, 0.00409894, 0.99507, 0.203672
5294.37, 0.998494, 0.00410053, 0.99479, 0.196266
5294.38, 0.99835, 0.00410187, 0.99451, 0.192562
5294.39, 0.998042, 0.00409961, 0.99426, 0.196266
5294.4, 0.997679, 0.00409709, 0.99409, 0.21293
5294.41, 0.997238, 0.00409578, 0.99398, 0.253664
5294.42, 0.99674, 0.00409568, 0.99392, 0.335133
5294.43, 0.996504, 0.00409627, 0.99382, 0.470297
5294.44, 0.996246, 0.00409593, 0.99348, 0.677672
5294.45, 0.995234, 0.00409261, 0.99257, 0.966515
5294.46, 0.993096, 0.00408573, 0.99059, 1.34238
5294.47, 0.989171, 0.00407332, 0.98679, 1.79231
5294.48, 0.982364, 0.00405151, 0.98029, 2.29223
5294.49, 0.972132, 0.00401896, 0.97026, 2.80697
5294.5, 0.958429, 0.00397572, 0.9564, 3.30134
5294.51, 0.941819, 0.00392253, 0.93943, 3.74201
5294.52, 0.924237, 0.00386481, 0.92136, 4.10306
5294.53, 0.90855, 0.00381222, 0.90523, 4.36783
5294.54, 0.897643, 0.00377749, 0.89431, 4.53077
5294.55, 0.893922, 0.00376765, 0.89103, 4.58447
5294.56, 0.898835, 0.0037826, 0.89612, 4.52892
5294.57, 0.911335, 0.00382283, 0.90834, 4.36228
5294.58, 0.928703, 0.00388189, 0.92501, 4.0901
5294.59, 0.946934, 0.00394097, 0.94297, 3.71794
5294.6, 0.962605, 0.00399046, 0.9595, 3.26801
5294.61, 0.973785, 0.00402833, 0.97294, 2.76623
5294.62, 0.981654, 0.00405601, 0.98279, 2.2478
5294.63, 0.987474, 0.00407571, 0.98937, 1.74973
5294.64, 0.991722, 0.00408914, 0.99343, 1.30535
5294.65, 0.993386, 0.00409485, 0.99578, 0.933187
5294.66, 0.992925, 0.00409422, 0.99707, 0.644344
5294.67, 0.993299, 0.00409375, 0.99777, 0.436969
5294.68, 0.99371, 0.00409383, 0.99815, 0.29625
5294.69, 0.992711, 0.00409299, 0.99838, 0.207375
5294.7, 0.992195, 0.00409343, 0.99853, 0.15368
5294.71, 0.992723, 0.00409489, 0.99863, 0.124055
5294.72, 0.993396, 0.00409547, 0.9987, 0.107391
5294.73, 0.993535, 0.00409651, 0.99872, 0.101836
5294.74, 0.993534, 0.00409922, 0.9987, 0.0981328
5294.75, 0.994736, 0.00410343, 0.99863, 0.0944297
5294.76, 0.996177, 0.00410785, 0.9985, 0.0944297
5294.77, 0.99683, 0.00411112, 0.99831, 0.0962812
5294.78, 0.997517, 0.00411275, 0.99808, 0.0944297
5294.79, 0.998104, 0.00411399, 0.99784, 0.0944297
5294.8, 0.997952, 0.00411615, 0.99762, 0.0907265
5294.81, 0.997465, 0.00411695, 0.99748, 0.0833203
5294.82, 0.997761, 0.00411758, 0.99742, 0.0703594
5294.83, 0.999852, 0.00412221, 0.99745, 0.0555469
5294.84, 1.00121, 0.00412693, 0.99758, 0.0370312
5294.85, 1.0006, 0.00412803, 1, 0
5294.86, 1.00067, 0.00412707, 1, 0
5294.87, 1.00151, 0.00412704, 1, 0
5294.88, 1.00198, 0.00413001, 1, 0
5294.89, 1.00236, 0.00413359, 1, 0
5294.9, 1.00281, 0.00413675, 1, 0
