wav, obs, sigma_obs, syn, weight
5294.95, 0.998395, 0.00412497, 1, 0
5294.96, 0.999314, 0.00412843, 1, 0
5294.97, 0.999858, 0.00412884, 1, 0
5294.98, 0.999475, 0.00412657, 1, 0
5294.99, 0.998191, 0.00412326, 1, 0
5295, 0.99699, 0.00412109, 1, 0
5295.01, 0.996452, 0.00411919, 0.9988, 0.0251819
5295.02, 0.996516, 0.0041169, 0.99858, 0.0389175
5295.03, 0.996231, 0.00411729, 0.99834, 0.0515084
5295.04, 0.995404, 0.00411861, 0.9981, 0.0618101
5295.05, 0.99453, 0.00411681, 0.9979, 0.0686779
5295.06, 0.994058, 0.00411533, 0.99778, 0.0721118
5295.07, 0.994406, 0.00411633, 0.99775, 0.0732564
5295.08, 0.995694, 0.00411828, 0.99781, 0.0755457
5295.09, 0.996265, 0.00411996, 0.99794, 0.0755457
5295.1, 0.995364, 0.00412065, 0.99809, 0.074401
5295.11, 0.995119, 0.0041203, 0.99822, 0.0755457
5295.12, 0.996178, 0.00412198, 0.9983, 0.0755457
5295.13, 0.997746, 0.00412756, 0.99831, 0.0778349
5295.14, 0.998156, 0.00412997, 0.99826, 0.0847027
5295.15, 0.997255, 0.00412776, 0.99816, 0.0972937
5295.16, 0.996406, 0.00412607, 0.99799, 0.124765
5295.17, 0.99646, 0.00412753, 0.99775, 0.173984
5295.18, 0.997103, 0.00413042, 0.99738, 0.259831
5295.19, 0.99677, 0.00412872, 0.99673, 0.398332
5295.2, 0.995595, 0.0041236, 0.99553, 0.606655
5295.21, 0.993872, 0.00411771, 0.99325, 0.896246
5295.22, 0.990199, 0.00410811, 0.98903, 1.27283
5295.23, 0.983075, 0.00408702, 0.98168, 1.7261
5295.24, 0.971281, 0.00404667, 0.96977, 2.23775
5295.25, 0.954261, 0.0039905, 0.95209, 2.77573
5295.26, 0.931573, 0.00391811, 0.92826, 3.30684
5295.27, 0.903122, 0.003824, 0.89936, 3.7956
5295.28, 0.871188, 0.00371773, 0.86824, 4.21224
5295.29, 0.840279, 0.00361659, 0.83926, 4.53159
5295.3, 0.817021, 0.00354053, 0.81734, 4.74106
5295.31, 0.805298, 0.00350215, 0.80666, 4.83607
5295.32, 0.807137, 0.00350872, 0.80936, 4.81088
5295.33, 0.824024, 0.00356441, 0.82488, 4.6701
5295.34, 0.852007, 0.00365662, 0.85015, 4.41599
5295.35, 0.883119, 0.00376043, 0.88052, 4.05657
5295.36, 0.913213, 0.00386168, 0.91114, 3.60902
5295.37, 0.939671, 0.00395038, 0.9382, 3.10081
5295.38, 0.9605, 0.00401853, 0.95954, 2.56397
5295.39, 0.974362, 0.00406365, 0.97473, 2.0363
5295.4, 0.982135, 0.00409054, 0.98458, 1.55212
5295.41, 0.988437, 0.00411311, 0.99043, 1.13662
5295.42, 0.993388, 0.0041302, 0.99361, 0.80582
5295.43, 0.995138, 0.00413499, 0.99518, 0.563159
5295.44, 0.996788, 0.00413961, 0.9958, 0.398332
5295.45, 0.999176, 0.00414784, 0.99587, 0.295315
5295.46, 1.0001, 0.00415194, 0.99561, 0.236939
5295.47, 0.999881, 0.00415253, 0.99518, 0.204889
5295.48, 0.999375, 0.00415187, 0.99473, 0.188864
5295.49, 0.998831, 0.0041501, 0.99441, 0.179707
5295.5, 0.998258, 0.00414829, 0.99433, 0.171695
5295.51, 0.997943, 0.00414836, 0.99456, 0.164827
5295.52, 0.998958, 0.00415238, 0.99507, 0.15567
5295.53, 1.00024, 0.0041565, 0.99578, 0.145368
5295.54, 0.999797, 0.00415496, 0.99655, 0.132777
5295.55, 0.999132, 0.00415318, 0.99726, 0.119042
5295.56, 0.999319, 0.00415427, 0.99785, 0.103017
5295.57, 0.999862, 0.00415557, 0.99826, 0.0858473
5295.58, 1.00017, 0.00415691, 0.9985, 0.0675332
5295.59, 1.00006, 0.00415831, 0.9986, 0.0503638
5295.6, 0.999985, 0.00415817, 0.9986, 0.0343389
5295.61, 0.999405, 0.00415619, 0.99854, 0.0206034
5295.62, 0.997716, 0.00415271, 1, 0
5295.63, 0.995901, 0.00414747, 1, 0
5295.64, 0.994453, 0.00414173, 1, 0
5295.65, 0.993179, 0.00413757, 1, 0
5295.66, 0.991948, 0.0041341, 1, 0
5295.67, 0.990697, 0.0041303, 1, 0
