wav, obs, sigma_obs, syn, weight
5310.09, 0.997001, 0.00557975, 1, 0
5310.1, 0.997424, 0.0055801, 1, 0
5310.11, 0.998938, 0.00558419, 1, 0
5310.12, 0.999214, 0.00558314, 1, 0
5310.13, 0.997638, 0.00557471, 1, 0
5310.14, 0.99683, 0.00556895, 1, 0
5310.15, 0.997178, 0.00556738, 1, 0
5310.16, 0.996269, 0.00556073, 0.99868, 0.0731917
5310.17, 0.994027, 0.00554894, 0.99826, 0.0971682
5310.18, 0.99228, 0.00553937, 0.9979, 0.117359
5310.19, 0.990881, 0.00553127, 0.99763, 0.133764
5310.2, 0.9888, 0.00552034, 0.99744, 0.146383
5310.21, 0.98739, 0.00551263, 0.99734, 0.155217
5310.22, 0.988339, 0.00551551, 0.99731, 0.160264
5310.23, 0.990109, 0.00552184, 0.99734, 0.162788
5310.24, 0.991067, 0.00552414, 0.99742, 0.165312
5310.25, 0.992322, 0.00552768, 0.99756, 0.165312
5310.26, 0.994618, 0.00553606, 0.99774, 0.166574
5310.27, 0.996666, 0.00554341, 0.99794, 0.166574
5310.28, 0.997781, 0.00554654, 0.99815, 0.171622
5310.29, 0.99866, 0.00554846, 0.99832, 0.182979
5310.3, 0.999651, 0.0055507, 0.99843, 0.205694
5310.31, 1.00054, 0.00555236, 0.99844, 0.248599
5310.32, 1.00078, 0.00555103, 0.99828, 0.318005
5310.33, 0.999736, 0.0055439, 0.9979, 0.426531
5310.34, 0.998437, 0.00553618, 0.99724, 0.586795
5310.35, 0.998468, 0.00553563, 0.99622, 0.807632
5310.36, 0.99872, 0.00553569, 0.9948, 1.09914
5310.37, 0.997442, 0.00552692, 0.99295, 1.46005
5310.38, 0.994959, 0.00551332, 0.99072, 1.88153
5310.39, 0.992094, 0.00550073, 0.9882, 2.34718
5310.4, 0.989404, 0.00548895, 0.98554, 2.83176
5310.41, 0.987177, 0.00547714, 0.98291, 3.30624
5310.42, 0.985233, 0.00546551, 0.98049, 3.74413
5310.43, 0.983237, 0.00545389, 0.97842, 4.11766
5310.44, 0.980737, 0.00544144, 0.97682, 4.40917
5310.45, 0.978013, 0.0054289, 0.97576, 4.60224
5310.46, 0.976125, 0.00541888, 0.97527, 4.68805
5310.47, 0.975799, 0.0054149, 0.97538, 4.66534
5310.48, 0.977322, 0.00542016, 0.97607, 4.53536
5310.49, 0.979501, 0.0054286, 0.97731, 4.3019
5310.5, 0.98076, 0.00543142, 0.97906, 3.97633
5310.51, 0.982107, 0.00543432, 0.9812, 3.57251
5310.52, 0.984809, 0.00544476, 0.9836, 3.11569
5310.53, 0.987072, 0.00545404, 0.98607, 2.63238
5310.54, 0.987573, 0.00545515, 0.98841, 2.15158
5310.55, 0.988636, 0.00545793, 0.99037, 1.70108
5310.56, 0.991328, 0.00546718, 0.99176, 1.30104
5310.57, 0.992979, 0.00547203, 0.9924, 0.967897
5310.58, 0.992642, 0.00546863, 0.99217, 0.702892
5310.59, 0.992343, 0.00546523, 0.99101, 0.502246
5310.6, 0.992408, 0.00546316, 0.98897, 0.360911
5310.61, 0.991347, 0.0054564, 0.98616, 0.26248
5310.62, 0.988954, 0.0054446, 0.98279, 0.195598
5310.63, 0.985913, 0.00543114, 0.97915, 0.151431
5310.64, 0.982244, 0.00541461, 0.97553, 0.121145
5310.65, 0.977794, 0.00539249, 0.97223, 0.100954
5310.66, 0.973386, 0.00537, 0.96947, 0.0858109
5310.67, 0.970013, 0.0053536, 0.96742, 0.0731917
5310.68, 0.968014, 0.00534443, 0.96615, 0.0643582
5310.69, 0.967458, 0.00534169, 0.96572, 0.0567866
5310.7, 0.968113, 0.00534293, 0.96616, 0.050477
5310.71, 0.969805, 0.00534698, 0.96747, 0.0466912
5310.72, 0.972542, 0.00535545, 0.96968, 0.0416435
5310.73, 0.976194, 0.00536886, 0.9728, 0.0365958
5310.74, 0.980424, 0.00538589, 0.97678, 0.0328101
5310.75, 0.984632, 0.00540335, 0.98142, 0.0265004
5310.76, 0.988024, 0.00541668, 0.98628, 0.0214527
5310.77, 0.990068, 0.00542379, 1, 0
5310.78, 0.990597, 0.00542481, 1, 0
5310.79, 0.990847, 0.00542434, 1, 0
5310.8, 0.992305, 0.00542769, 1, 0
5310.81, 0.994589, 0.00543373, 1, 0
5310.82, 0.996499, 0.00543855, 1, 0
5310.83, 0.998409, 0.00544337, 1, 0
