wav, obs, sigma_obs, syn, weight
5318.37, 0.947974, 0.00429473, 1, 0
5318.38, 0.953211, 0.00431283, 1, 0
5318.39, 0.959713, 0.00433498, 1, 0
5318.4, 0.967376, 0.00436149, 1, 0
5318.41, 0.97534, 0.00439028, 1, 0
5318.42, 0.982353, 0.00441503, 1, 0
5318.43, 0.987421, 0.00443032, 1, 0
5318.44, 0.991182, 0.00444105, 0.98409, 0.802333
5318.45, 0.994203, 0.0044513, 0.98857, 0.925769
5318.46, 0.996065, 0.00445787, 0.99228, 0.925769
5318.47, 0.997213, 0.00446114, 0.99498, 0.839364
5318.48, 0.999214, 0.00446676, 0.99678, 0.715928
5318.49, 1.00121, 0.00447251, 0.99785, 0.567805
5318.5, 1.00091, 0.00447131, 0.99845, 0.456713
5318.51, 0.999925, 0.00446793, 0.99875, 0.357964
5318.52, 1.00056, 0.0044691, 0.99886, 0.296246
5318.53, 1.0004, 0.00446668, 0.99887, 0.259215
5318.54, 0.997991, 0.00445637, 0.99881, 0.234528
5318.55, 0.996973, 0.00445164, 0.99869, 0.222185
5318.56, 0.99813, 0.00445538, 0.99854, 0.209841
5318.57, 0.997609, 0.0044534, 0.99838, 0.197497
5318.58, 0.995794, 0.00444661, 0.99822, 0.185154
5318.59, 0.99626, 0.00444737, 0.99809, 0.185154
5318.6, 0.997878, 0.00445181, 0.99798, 0.185154
5318.61, 0.997874, 0.00445049, 0.99789, 0.197497
5318.62, 0.996503, 0.00444484, 0.9978, 0.197497
5318.63, 0.995151, 0.00443983, 0.99762, 0.197497
5318.64, 0.995857, 0.0044416, 0.99726, 0.209841
5318.65, 0.998093, 0.00444811, 0.99652, 0.209841
5318.66, 0.997703, 0.00444596, 0.99509, 0.222185
5318.67, 0.994419, 0.00443409, 0.99255, 0.222185
5318.68, 0.991186, 0.00442158, 0.98832, 0.222185
5318.69, 0.987655, 0.00440762, 0.98181, 0.222185
5318.7, 0.98178, 0.00438603, 0.97251, 0.234528
5318.71, 0.971703, 0.00435023, 0.96026, 0.234528
5318.72, 0.957224, 0.00429909, 0.94544, 0.222185
5318.73, 0.942241, 0.00424568, 0.92912, 0.222185
5318.74, 0.929235, 0.0041984, 0.91298, 0.222185
5318.75, 0.917676, 0.0041556, 0.89909, 0.209841
5318.76, 0.908777, 0.00412264, 0.88948, 0.209841
5318.77, 0.90524, 0.00411051, 0.88566, 0.197497
5318.78, 0.907171, 0.00411827, 0.88825, 0.197497
5318.79, 0.913418, 0.00413966, 0.89683, 0.197497
5318.8, 0.92349, 0.00417377, 0.91003, 0.185154
5318.81, 0.936591, 0.00421901, 0.9259, 0.197497
5318.82, 0.9506, 0.00426765, 0.94232, 0.209841
5318.83, 0.963721, 0.00431286, 0.95752, 0.222185
5318.84, 0.975018, 0.00435078, 0.9703, 0.246872
5318.85, 0.983832, 0.00437961, 0.98015, 0.283903
5318.86, 0.989814, 0.00439942, 0.98715, 0.345621
5318.87, 0.993688, 0.00441299, 0.99175, 0.419682
5318.88, 0.996511, 0.00442351, 0.99454, 0.555462
5318.89, 0.998151, 0.00442919, 0.99608, 0.740615
5318.9, 0.998521, 0.00442894, 0.99678, 1.03686
5318.91, 0.998646, 0.00442761, 0.99688, 1.41951
5318.92, 0.998874, 0.00442745, 0.9965, 1.95029
5318.93, 0.998247, 0.00442519, 0.99562, 2.6045
5318.94, 0.99673, 0.0044197, 0.99419, 3.38214
5318.95, 0.995149, 0.00441226, 0.99214, 4.25854
5318.96, 0.993321, 0.00440348, 0.98944, 5.14728
5318.97, 0.990528, 0.00439313, 0.98619, 6.01133
5318.98, 0.986257, 0.00437857, 0.98258, 6.69023
5318.99, 0.980663, 0.0043589, 0.97894, 7.07288
5319, 0.975547, 0.00434001, 0.9757, 6.97413
5319.01, 0.971824, 0.00432548, 0.97332, 6.30758
5319.02, 0.968638, 0.00431371, 0.97224, 5.12259
5319.03, 0.966663, 0.00430683, 1, 0
5319.04, 0.967817, 0.00430994, 1, 0
5319.05, 0.970862, 0.00431897, 1, 0
5319.06, 0.973387, 0.00432658, 1, 0
5319.07, 0.97598, 0.00433491, 1, 0
5319.08, 0.979621, 0.00434717, 1, 0
5319.09, 0.983655, 0.00436088, 1, 0
