wav, obs, sigma_obs, syn, weight
5319.68, 0.996407, 0.00436009, 1, 0
5319.69, 0.996692, 0.00436005, 1, 0
5319.7, 0.995848, 0.00435564, 1, 0
5319.71, 0.993924, 0.00434769, 1, 0
5319.72, 0.991585, 0.00433984, 1, 0
5319.73, 0.98779, 0.00432746, 1, 0
5319.74, 0.981174, 0.00430404, 1, 0
5319.75, 0.973109, 0.00427472, 0.96562, 0.405495
5319.76, 0.964884, 0.00424477, 0.95547, 0.507476
5319.77, 0.955559, 0.00421133, 0.94476, 0.574249
5319.78, 0.945352, 0.0041752, 0.93467, 0.600958
5319.79, 0.936591, 0.00414418, 0.92666, 0.588817
5319.8, 0.930745, 0.00412349, 0.92208, 0.551182
5319.81, 0.928457, 0.00411565, 0.92183, 0.495335
5319.82, 0.930652, 0.0041232, 0.92612, 0.428562
5319.83, 0.9378, 0.00414695, 0.93436, 0.358147
5319.84, 0.947828, 0.0041804, 0.94531, 0.288945
5319.85, 0.958759, 0.0042174, 0.95735, 0.230671
5319.86, 0.970356, 0.00425698, 0.96892, 0.182108
5319.87, 0.981381, 0.00429445, 0.97882, 0.151757
5319.88, 0.989149, 0.00431997, 0.98642, 0.142045
5319.89, 0.993932, 0.00433504, 0.99166, 0.16147
5319.9, 0.997963, 0.00434848, 0.99481, 0.21853
5319.91, 1.00074, 0.00435776, 0.99627, 0.325367
5319.92, 1.00092, 0.00435718, 0.99634, 0.496549
5319.93, 0.998605, 0.00434797, 0.99502, 0.744217
5319.94, 0.994459, 0.00433314, 0.99201, 1.07444
5319.95, 0.989599, 0.00431584, 0.98675, 1.48358
5319.96, 0.983151, 0.00429292, 0.97859, 1.95584
5319.97, 0.972038, 0.00425442, 0.96705, 2.46696
5319.98, 0.956056, 0.00419926, 0.95209, 2.98536
5319.99, 0.937119, 0.00413316, 0.93444, 3.47584
5320, 0.917398, 0.00406434, 0.91562, 3.90805
5320.01, 0.899268, 0.00400178, 0.89781, 4.25527
5320.02, 0.885486, 0.00395382, 0.8835, 4.50172
5320.03, 0.877871, 0.00392629, 0.87489, 4.63891
5320.04, 0.876377, 0.0039206, 0.8734, 4.66076
5320.05, 0.881728, 0.00393913, 0.87929, 4.56971
5320.06, 0.895268, 0.0039846, 0.89157, 4.36575
5320.07, 0.913811, 0.00404638, 0.90829, 4.05738
5320.08, 0.932096, 0.00410792, 0.92702, 3.65674
5320.09, 0.94894, 0.00416541, 0.94539, 3.1869
5320.1, 0.963957, 0.00421715, 0.96158, 2.67335
5320.11, 0.974964, 0.00425484, 0.97455, 2.15495
5320.12, 0.981498, 0.00427655, 0.98407, 1.65962
5320.13, 0.986359, 0.00429246, 0.99049, 1.22134
5320.14, 0.990319, 0.00430523, 0.9945, 0.85591
5320.15, 0.992165, 0.00431017, 0.99681, 0.571821
5320.16, 0.992801, 0.00431041, 0.99807, 0.365431
5320.17, 0.993946, 0.00431243, 0.99873, 0.227029
5320.18, 0.995476, 0.00431739, 0.99907, 0.139616
5320.19, 0.996917, 0.00432403, 0.99925, 0.0886261
5320.2, 0.998295, 0.00432882, 0.99936, 0.0594888
5320.21, 0.999349, 0.00432994, 0.99944, 0.042492
5320.22, 0.999404, 0.00432861, 0.99949, 0.0352076
5320.23, 0.99971, 0.00432939, 0.99953, 0.0291374
5320.24, 1.00255, 0.00433778, 0.99956, 0.0254952
5320.25, 1.00556, 0.00434659, 0.99959, 0.0230671
5320.26, 1.00547, 0.00434638, 0.99961, 0.021853
5320.27, 1.00449, 0.00434319, 0.99963, 0.020639
5320.28, 1.00474, 0.00434282, 0.99964, 0.0194249
5320.29, 1.00499, 0.00434193, 0.99964, 0.0169968
5320.3, 1.00485, 0.00434031, 0.99962, 0.0169968
5320.31, 1.00534, 0.0043427, 0.99959, 0.0145687
5320.32, 1.00602, 0.00434571, 0.99952, 0.0121406
5320.33, 1.00558, 0.00434187, 0.99943, 0.00971245
5320.34, 1.00481, 0.00433644, 1, 0
5320.35, 1.00473, 0.0043363, 1, 0
5320.36, 1.00442, 0.00433608, 1, 0
5320.37, 1.00335, 0.00433195, 1, 0
5320.38, 1.00251, 0.00432795, 1, 0
5320.39, 1.00229, 0.00432596, 1, 0
5320.4, 1.00208, 0.00432399, 1, 0
