wav, obs, sigma_obs, syn, weight
5320.73, 0.995814, 0.00428251, 1, 0
5320.74, 0.995643, 0.00428034, 1, 0
5320.75, 0.994972, 0.00427697, 1, 0
5320.76, 0.993108, 0.00427062, 1, 0
5320.77, 0.990649, 0.00426215, 1, 0
5320.78, 0.988319, 0.00425301, 1, 0
5320.79, 0.986312, 0.00424435, 1, 0
5320.8, 0.984695, 0.00423697, 0.98608, 0.0145431
5320.81, 0.983496, 0.00423131, 0.98785, 0.0181788
5320.82, 0.983017, 0.00422918, 0.99011, 0.0227235
5320.83, 0.983582, 0.00423239, 0.99243, 0.0254503
5320.84, 0.984125, 0.00423545, 0.99451, 0.0281772
5320.85, 0.983788, 0.00423338, 0.99616, 0.0318129
5320.86, 0.98467, 0.00423463, 0.99732, 0.0345397
5320.87, 0.987753, 0.00424402, 0.99804, 0.0372666
5320.88, 0.990539, 0.00425318, 0.99843, 0.0409023
5320.89, 0.992283, 0.00425886, 0.99858, 0.045447
5320.9, 0.994493, 0.00426487, 0.99858, 0.0509007
5320.91, 0.997047, 0.00427194, 0.9985, 0.0572633
5320.92, 0.998875, 0.00427846, 0.99835, 0.0663527
5320.93, 0.999741, 0.00428191, 0.99814, 0.0808957
5320.94, 0.999783, 0.00428083, 0.99787, 0.101801
5320.95, 0.999368, 0.00427767, 0.9975, 0.138159
5320.96, 0.998796, 0.00427473, 0.99694, 0.196331
5320.97, 0.998161, 0.00427271, 0.99606, 0.289952
5320.98, 0.996813, 0.00426864, 0.99455, 0.432656
5320.99, 0.993581, 0.00425699, 0.99191, 0.639894
5321, 0.988405, 0.00423797, 0.98733, 0.920757
5321.01, 0.981326, 0.00421291, 0.97972, 1.27979
5321.02, 0.9704, 0.00417548, 0.96774, 1.71154
5321.03, 0.953417, 0.00411799, 0.95017, 2.19964
5321.04, 0.928837, 0.00403465, 0.92623, 2.72319
5321.05, 0.897326, 0.00392752, 0.89614, 3.25492
5321.06, 0.862161, 0.00380802, 0.8614, 3.76392
5321.07, 0.825827, 0.00368447, 0.82489, 4.2193
5321.08, 0.790538, 0.00356394, 0.79059, 4.59379
5321.09, 0.761202, 0.00346256, 0.76288, 4.8692
5321.1, 0.743234, 0.00339884, 0.74575, 5.02917
5321.11, 0.740191, 0.00338727, 0.74179, 5.06734
5321.12, 0.752668, 0.00343074, 0.75164, 4.98099
5321.13, 0.776705, 0.00351312, 0.77377, 4.77648
5321.14, 0.808663, 0.00362081, 0.8049, 4.46017
5321.15, 0.845498, 0.00374412, 0.84074, 4.05206
5321.16, 0.882295, 0.0038676, 0.87698, 3.57214
5321.17, 0.913858, 0.00397476, 0.91002, 3.05131
5321.18, 0.938806, 0.00405986, 0.93754, 2.51958
5321.19, 0.957446, 0.00412264, 0.95864, 2.00603
5321.2, 0.971404, 0.00416837, 0.97358, 1.53702
5321.21, 0.981608, 0.00420078, 0.98339, 1.13254
5321.22, 0.987811, 0.00422053, 0.98943, 0.803504
5321.23, 0.991032, 0.00423102, 0.99296, 0.550818
5321.24, 0.993208, 0.0042377, 0.99496, 0.370848
5321.25, 0.995242, 0.0042437, 0.99611, 0.24905
5321.26, 0.997439, 0.0042505, 0.99682, 0.170881
5321.27, 0.999573, 0.00425716, 0.99729, 0.122707
5321.28, 1.00137, 0.00426252, 0.99764, 0.0945298
5321.29, 1.00269, 0.00426608, 0.99792, 0.076351
5321.3, 1.00359, 0.00426816, 0.99815, 0.0645348
5321.31, 1.00432, 0.00426988, 0.99834, 0.0563543
5321.32, 1.00524, 0.0042724, 0.9985, 0.0499917
5321.33, 1.00657, 0.00427624, 0.99864, 0.045447
5321.34, 1.00766, 0.0042789, 0.99875, 0.0418113
5321.35, 1.00793, 0.00427852, 0.99885, 0.0381755
5321.36, 1.00773, 0.00427747, 0.99893, 0.0363576
5321.37, 1.00745, 0.00427706, 0.99901, 0.0336308
5321.38, 1.00735, 0.00427593, 0.99907, 0.030904
5321.39, 1.00727, 0.00427408, 0.99912, 0.0281772
5321.4, 1.00686, 0.00427249, 0.99917, 0.0245414
5321.41, 1.00625, 0.00427066, 0.99921, 0.0209056
5321.42, 1.00574, 0.00426782, 0.99925, 0.0163609
5321.43, 1.0053, 0.00426512, 1, 0
5321.44, 1.00509, 0.00426407, 1, 0
5321.45, 1.00588, 0.00426582, 1, 0
5321.46, 1.00715, 0.00426848, 1, 0
5321.47, 1.00702, 0.00426723, 1, 0
5321.48, 1.0055, 0.00426222, 1, 0
5321.49, 1.00431, 0.00425807, 1, 0
