wav, obs, sigma_obs, syn, weight
5326.46, 0.987681, 0.00393163, 1, 0
5326.47, 0.98778, 0.00393106, 1, 0
5326.48, 0.987511, 0.00392888, 1, 0
5326.49, 0.986815, 0.00392502, 1, 0
5326.5, 0.98642, 0.00392304, 1, 0
5326.51, 0.986604, 0.00392403, 1, 0
5326.52, 0.987078, 0.00392597, 1, 0
5326.53, 0.987702, 0.00392755, 0.98543, 0.369886
5326.54, 0.988327, 0.00392803, 0.98506, 0.472582
5326.55, 0.988409, 0.00392717, 0.98484, 0.549831
5326.56, 0.987961, 0.00392572, 0.98472, 0.59618
5326.57, 0.988105, 0.00392594, 0.98467, 0.620718
5326.58, 0.988342, 0.00392602, 0.98466, 0.632533
5326.59, 0.987004, 0.00392144, 0.98469, 0.637077
5326.6, 0.985356, 0.00391626, 0.98474, 0.641621
5326.61, 0.985107, 0.0039155, 0.98476, 0.644347
5326.62, 0.985138, 0.003915, 0.98475, 0.648892
5326.63, 0.984669, 0.00391239, 0.98468, 0.654344
5326.64, 0.984287, 0.00391068, 0.98456, 0.661615
5326.65, 0.984254, 0.00391046, 0.98437, 0.675247
5326.66, 0.984514, 0.00391049, 0.98412, 0.69615
5326.67, 0.985126, 0.00391178, 0.98377, 0.727958
5326.68, 0.985876, 0.00391433, 0.98327, 0.77976
5326.69, 0.985748, 0.00391333, 0.98252, 0.855192
5326.7, 0.984396, 0.00390759, 0.98132, 0.961523
5326.71, 0.982395, 0.00390097, 0.97938, 1.09875
5326.72, 0.979088, 0.00389114, 0.97634, 1.26597
5326.73, 0.973458, 0.00387344, 0.97183, 1.45864
5326.74, 0.966638, 0.00385148, 0.96557, 1.66313
5326.75, 0.959253, 0.00382774, 0.95755, 1.86761
5326.76, 0.949549, 0.00379718, 0.94816, 2.05846
5326.77, 0.938029, 0.00376139, 0.93825, 2.22386
5326.78, 0.927754, 0.0037295, 0.929, 2.35564
5326.79, 0.920431, 0.00370614, 0.92176, 2.44925
5326.8, 0.916808, 0.00369327, 0.91768, 2.50105
5326.81, 0.916876, 0.00369242, 0.91742, 2.51286
5326.82, 0.920392, 0.00370345, 0.92098, 2.48196
5326.83, 0.926973, 0.00372348, 0.92769, 2.41108
5326.84, 0.935506, 0.00374891, 0.93639, 2.30111
5326.85, 0.944378, 0.00377596, 0.94576, 2.15843
5326.86, 0.952792, 0.00380224, 0.95459, 1.9903
5326.87, 0.960202, 0.0038255, 0.96205, 1.80854
5326.88, 0.965757, 0.00384212, 0.96774, 1.62677
5326.89, 0.96938, 0.00385209, 0.97168, 1.45864
5326.9, 0.972129, 0.0038606, 0.97414, 1.31323
5326.91, 0.974341, 0.00386857, 0.97549, 1.20054
5326.92, 0.975832, 0.00387383, 0.97611, 1.11784
5326.93, 0.976712, 0.00387521, 0.97627, 1.06604
5326.94, 0.977181, 0.00387364, 0.97618, 1.03695
5326.95, 0.977414, 0.0038739, 0.97595, 1.02605
5326.96, 0.977642, 0.00387669, 0.97565, 1.02605
5326.97, 0.97807, 0.00387752, 0.97529, 1.03423
5326.98, 0.977924, 0.00387535, 0.97491, 1.04604
5326.99, 0.97646, 0.00387158, 0.97449, 1.06149
5327, 0.975455, 0.0038688, 0.97406, 1.07876
5327.01, 0.975916, 0.00386826, 0.9736, 1.09603
5327.02, 0.976104, 0.00386803, 0.97313, 1.11511
5327.03, 0.975204, 0.00386604, 0.97263, 1.13329
5327.04, 0.973674, 0.00386109, 0.97211, 1.14783
5327.05, 0.972756, 0.00385708, 0.97157, 1.15056
5327.06, 0.973187, 0.00385741, 0.97102, 1.12784
5327.07, 0.972957, 0.00385615, 0.97048, 1.05604
5327.08, 0.971301, 0.00385095, 0.97004, 0.920626
5327.09, 0.97014, 0.00384764, 0.9699, 0.727958
5327.1, 0.969689, 0.00384638, 1, 0
5327.11, 0.968869, 0.00384321, 1, 0
5327.12, 0.967656, 0.00383834, 1, 0
5327.13, 0.966341, 0.00383312, 1, 0
5327.14, 0.965009, 0.00382786, 1, 0
5327.15, 0.963689, 0.00382263, 1, 0
5327.16, 0.962368, 0.00381739, 1, 0
