wav, obs, sigma_obs, syn, weight
5331.11, 0.992732, 0.00383178, 1, 0
5331.12, 0.992409, 0.00382937, 1, 0
5331.13, 0.992176, 0.00382907, 1, 0
5331.14, 0.992283, 0.00383106, 1, 0
5331.15, 0.993154, 0.00383276, 1, 0
5331.16, 0.994216, 0.00383377, 1, 0
5331.17, 0.994463, 0.00383486, 1, 0
5331.18, 0.994214, 0.00383449, 0.99896, 0.0494658
5331.19, 0.994006, 0.00383281, 0.99869, 0.0643055
5331.2, 0.99402, 0.00383417, 0.99849, 0.0692521
5331.21, 0.994367, 0.00383756, 0.99837, 0.0791452
5331.22, 0.995057, 0.0038381, 0.99831, 0.0791452
5331.23, 0.995675, 0.00383797, 0.99828, 0.0791452
5331.24, 0.995939, 0.00383985, 0.99825, 0.0791452
5331.25, 0.996226, 0.00384138, 0.99822, 0.0791452
5331.26, 0.996454, 0.00384176, 0.99817, 0.0741987
5331.27, 0.996109, 0.00384224, 0.99808, 0.0741987
5331.28, 0.995715, 0.00384166, 0.99791, 0.0741987
5331.29, 0.995855, 0.00383908, 0.99757, 0.0741987
5331.3, 0.995902, 0.0038375, 0.99691, 0.0741987
5331.31, 0.995492, 0.00383777, 0.99568, 0.0791452
5331.32, 0.994726, 0.00383707, 0.99355, 0.0840918
5331.33, 0.992466, 0.00383041, 0.9901, 0.0890384
5331.34, 0.987426, 0.00381396, 0.98493, 0.0989315
5331.35, 0.980274, 0.00379177, 0.97771, 0.123664
5331.36, 0.970977, 0.00376451, 0.9683, 0.15829
5331.37, 0.958014, 0.00372587, 0.95684, 0.212703
5331.38, 0.942479, 0.00367827, 0.94377, 0.286901
5331.39, 0.926855, 0.0036294, 0.92978, 0.395726
5331.4, 0.911753, 0.00358314, 0.91573, 0.53423
5331.41, 0.897821, 0.0035422, 0.90253, 0.712307
5331.42, 0.886694, 0.0035092, 0.89101, 0.92501
5331.43, 0.879607, 0.00348699, 0.88189, 1.18223
5331.44, 0.876942, 0.00347735, 0.87564, 1.46913
5331.45, 0.876621, 0.00347533, 0.8726, 1.78077
5331.46, 0.877084, 0.00347682, 0.87291, 2.10724
5331.47, 0.879629, 0.00348438, 0.87657, 2.42877
5331.48, 0.885056, 0.00350077, 0.8834, 2.72062
5331.49, 0.893309, 0.00352749, 0.89303, 2.963
5331.5, 0.904073, 0.00356186, 0.90487, 3.14108
5331.51, 0.917021, 0.00360101, 0.91813, 3.24495
5331.52, 0.931987, 0.00364588, 0.9319, 3.26969
5331.53, 0.947493, 0.00369266, 0.94528, 3.22022
5331.54, 0.960887, 0.00373266, 0.95748, 3.09161
5331.55, 0.972156, 0.00376638, 0.96795, 2.91353
5331.56, 0.981967, 0.00379644, 0.97643, 2.6761
5331.57, 0.988992, 0.00381782, 0.98291, 2.39909
5331.58, 0.992896, 0.00382941, 0.98762, 2.08746
5331.59, 0.995116, 0.00383689, 0.9909, 1.76593
5331.6, 0.99658, 0.0038419, 0.99312, 1.4444
5331.61, 0.997676, 0.00384406, 0.99458, 1.14266
5331.62, 0.998159, 0.00384528, 0.99554, 0.880491
5331.63, 0.998054, 0.00384659, 0.99615, 0.662841
5331.64, 0.997994, 0.00384682, 0.99651, 0.509497
5331.65, 0.998054, 0.0038459, 0.99668, 0.410566
5331.66, 0.997954, 0.00384459, 0.99669, 0.37594
5331.67, 0.99771, 0.00384367, 0.99654, 0.400673
5331.68, 0.997548, 0.0038436, 0.99625, 0.489711
5331.69, 0.997868, 0.00384436, 0.99577, 0.657895
5331.7, 0.998157, 0.00384488, 0.9951, 0.905224
5331.71, 0.997468, 0.00384366, 0.99421, 1.25643
5331.72, 0.99658, 0.00384132, 0.99312, 1.69173
5331.73, 0.996222, 0.00383889, 0.99189, 2.19628
5331.74, 0.995743, 0.00383675, 0.99067, 2.70083
5331.75, 0.994702, 0.00383434, 0.98975, 3.11634
5331.76, 0.993259, 0.00383108, 0.98949, 3.29937
5331.77, 0.99308, 0.00383134, 0.99022, 3.13118
5331.78, 0.995087, 0.00383757, 0.99193, 2.61674
5331.79, 0.996824, 0.00384243, 1, 0
5331.8, 0.997091, 0.00384232, 1, 0
5331.81, 0.996694, 0.00383966, 1, 0
5331.82, 0.996853, 0.00383901, 1, 0
5331.83, 0.998406, 0.00384369, 1, 0
5331.84, 1.00039, 0.00385004, 1, 0
5331.85, 1.00212, 0.00385538, 1, 0
