wav, obs, sigma_obs, syn, weight
5357.8, 0.995591, 0.00522626, 1, 0
5357.81, 0.996843, 0.00523174, 1, 0
5357.82, 0.997408, 0.00523254, 1, 0
5357.83, 0.997258, 0.00522874, 1, 0
5357.84, 0.997262, 0.00522682, 1, 0
5357.85, 0.998106, 0.00523012, 1, 0
5357.86, 1.00006, 0.00523712, 1, 0
5357.87, 1.00174, 0.00524172, 0.99964, 0.0142971
5357.88, 1.00063, 0.00523527, 0.99963, 0.0214456
5357.89, 0.998387, 0.00522434, 0.99961, 0.0214456
5357.9, 0.998661, 0.0052228, 0.99957, 0.0285941
5357.91, 0.999714, 0.00522428, 0.99951, 0.0285941
5357.92, 0.998312, 0.00521691, 0.99941, 0.0357427
5357.93, 0.996766, 0.00520996, 0.99922, 0.0428912
5357.94, 0.99786, 0.0052141, 0.99892, 0.0500397
5357.95, 0.999316, 0.00521924, 0.99846, 0.0643368
5357.96, 0.999, 0.00521621, 0.99784, 0.0929309
5357.97, 0.99822, 0.00521077, 0.99708, 0.142971
5357.98, 0.997895, 0.0052073, 0.99622, 0.214456
5357.99, 0.997203, 0.00520307, 0.99536, 0.335981
5358, 0.995542, 0.00519545, 0.99457, 0.507546
5358.01, 0.992896, 0.0051832, 0.99381, 0.736299
5358.02, 0.989747, 0.00516777, 0.9929, 1.02939
5358.03, 0.986905, 0.00515283, 0.99146, 1.37252
5358.04, 0.983511, 0.00513624, 0.98898, 1.75139
5358.05, 0.977765, 0.00511239, 0.98493, 2.14456
5358.06, 0.970259, 0.00508226, 0.97898, 2.51628
5358.07, 0.962692, 0.00505026, 0.97127, 2.85226
5358.08, 0.955871, 0.00502035, 0.96253, 3.1382
5358.09, 0.950233, 0.00499577, 0.95406, 3.35981
5358.1, 0.946066, 0.0049773, 0.94743, 3.50993
5358.11, 0.943728, 0.00496593, 0.94405, 3.58141
5358.12, 0.943885, 0.00496484, 0.94469, 3.57427
5358.13, 0.946817, 0.0049754, 0.94922, 3.48133
5358.14, 0.951903, 0.00499438, 0.95668, 3.32407
5358.15, 0.958482, 0.00501906, 0.9656, 3.09531
5358.16, 0.965997, 0.00504824, 0.97451, 2.80222
5358.17, 0.973617, 0.00507862, 0.98226, 2.45195
5358.18, 0.98027, 0.00510476, 0.98828, 2.08737
5358.19, 0.985749, 0.00512566, 0.9925, 1.70135
5358.2, 0.990447, 0.00514349, 0.99517, 1.35107
5358.21, 0.993954, 0.00515658, 0.99671, 1.04369
5358.22, 0.99563, 0.00516199, 0.99749, 0.786338
5358.23, 0.996392, 0.00516297, 0.99782, 0.593328
5358.24, 0.997436, 0.0051643, 0.99788, 0.471803
5358.25, 0.998392, 0.00516614, 0.9978, 0.400318
5358.26, 0.998669, 0.00516713, 0.99763, 0.393169
5358.27, 0.998365, 0.0051653, 0.99736, 0.428912
5358.28, 0.997931, 0.00516085, 0.99701, 0.521843
5358.29, 0.99827, 0.00515901, 0.99653, 0.657665
5358.3, 0.999363, 0.00516116, 0.99586, 0.843527
5358.31, 0.999687, 0.00516169, 0.99486, 1.03654
5358.32, 0.998896, 0.00515866, 0.9933, 1.17951
5358.33, 0.998121, 0.00515502, 0.99077, 1.2081
5358.34, 0.998141, 0.00515305, 0.98663, 1.10087
5358.35, 0.999269, 0.00515397, 0.98043, 0.872121
5358.36, 1.00071, 0.00515656, 1, 0
5358.37, 1.00119, 0.00515824, 1, 0
5358.38, 1.00071, 0.00515718, 1, 0
5358.39, 0.999761, 0.00515243, 1, 0
5358.4, 0.998629, 0.00514562, 1, 0
5358.41, 0.997582, 0.00513976, 1, 0
5358.42, 0.996536, 0.0051339, 1, 0
