wav, obs, sigma_obs, syn, weight
5366.05, 0.997459, 0.00429658, 1, 0
5366.06, 0.998604, 0.00430052, 1, 0
5366.07, 0.99831, 0.00429948, 1, 0
5366.08, 0.996445, 0.00429281, 1, 0
5366.09, 0.995386, 0.00428811, 1, 0
5366.1, 0.995978, 0.00428854, 1, 0
5366.11, 0.99684, 0.00429053, 1, 0
5366.12, 0.997279, 0.00429144, 0.99769, 0.0788599
5366.13, 0.997274, 0.0042901, 0.99729, 0.112961
5366.14, 0.997105, 0.00428835, 0.99694, 0.1428
5366.15, 0.997161, 0.00428869, 0.99667, 0.167311
5366.16, 0.997725, 0.00429079, 0.99649, 0.184362
5366.17, 0.998971, 0.00429415, 0.99644, 0.192887
5366.18, 1.00086, 0.00429966, 0.99651, 0.200347
5366.19, 1.00248, 0.00430458, 0.99669, 0.205675
5366.2, 1.00189, 0.00430122, 0.99695, 0.211003
5366.21, 0.999938, 0.00429278, 0.99725, 0.218463
5366.22, 0.999582, 0.00429074, 0.99755, 0.228054
5366.23, 1.00039, 0.00429325, 0.99781, 0.240842
5366.24, 1.00057, 0.00429313, 0.99801, 0.260024
5366.25, 1.00052, 0.00429239, 0.99813, 0.285601
5366.26, 1.0009, 0.00429379, 0.99816, 0.325031
5366.27, 1.00117, 0.00429411, 0.9981, 0.384708
5366.28, 1.00094, 0.00429174, 0.99794, 0.473159
5366.29, 1.00044, 0.00428924, 0.99765, 0.599974
5366.3, 0.999974, 0.00428772, 0.99716, 0.774745
5366.31, 0.99975, 0.00428636, 0.99637, 1.0028
5366.32, 0.999317, 0.00428377, 0.99514, 1.2884
5366.33, 0.997937, 0.00427839, 0.99329, 1.62409
5366.34, 0.995583, 0.00426946, 0.99069, 1.99814
5366.35, 0.992534, 0.00425735, 0.98723, 2.3967
5366.36, 0.98924, 0.00424505, 0.98297, 2.7942
5366.37, 0.985688, 0.00423311, 0.9781, 3.17145
5366.38, 0.980988, 0.00421679, 0.97301, 3.50607
5366.39, 0.975547, 0.0041971, 0.96821, 3.78208
5366.4, 0.971263, 0.00418185, 0.96424, 3.98775
5366.41, 0.969062, 0.00417428, 0.96163, 4.1135
5366.42, 0.96901, 0.00417391, 0.96071, 4.15719
5366.43, 0.970236, 0.00417793, 0.96162, 4.1167
5366.44, 0.971909, 0.0041836, 0.96421, 3.99308
5366.45, 0.974716, 0.00419204, 0.96816, 3.7906
5366.46, 0.978851, 0.0042037, 0.97296, 3.51672
5366.47, 0.982773, 0.00421579, 0.97804, 3.18423
5366.48, 0.985802, 0.00422637, 0.98289, 2.81018
5366.49, 0.988582, 0.00423506, 0.98713, 2.41375
5366.5, 0.991131, 0.00424191, 0.99051, 2.01945
5366.51, 0.992973, 0.0042471, 0.99295, 1.64647
5366.52, 0.993984, 0.00425013, 0.99444, 1.31291
5366.53, 0.994124, 0.00425013, 0.99499, 1.03051
5366.54, 0.993005, 0.00424604, 0.99457, 0.803518
5366.55, 0.990479, 0.00423738, 0.99311, 0.629813
5366.56, 0.987167, 0.00422512, 0.9905, 0.504064
5366.57, 0.983285, 0.00421014, 0.98668, 0.416679
5366.58, 0.978331, 0.00419281, 0.98173, 0.359132
5366.59, 0.971906, 0.0041717, 0.97594, 0.319702
5366.6, 0.963879, 0.00414459, 0.96981, 0.295192
5366.61, 0.955292, 0.00411486, 0.96402, 0.278141
5366.62, 0.947728, 0.00408848, 0.95928, 0.267484
5366.63, 0.942558, 0.00407031, 0.95624, 0.26109
5366.64, 0.940823, 0.00406378, 0.95532, 0.256827
5366.65, 0.942848, 0.00406956, 0.95666, 0.25363
5366.66, 0.948012, 0.00408571, 0.96005, 0.250433
5366.67, 0.954434, 0.00410701, 0.96502, 0.248302
5366.68, 0.960663, 0.00412834, 0.97091, 0.238711
5366.69, 0.965804, 0.00414528, 0.97701, 0.22166
5366.7, 0.969653, 0.00415694, 0.98268, 0.191821
5366.71, 0.972347, 0.00416428, 0.98751, 0.152391
5366.72, 0.973891, 0.00416799, 0.99132, 0.107633
5366.73, 0.974485, 0.00416915, 1, 0
5366.74, 0.975006, 0.00417021, 1, 0
5366.75, 0.975916, 0.00417249, 1, 0
5366.76, 0.976789, 0.00417497, 1, 0
5366.77, 0.977452, 0.00417715, 1, 0
5366.78, 0.978118, 0.00417933, 1, 0
5366.79, 0.978811, 0.00418156, 1, 0
