wav, obs, sigma_obs, syn, weight
5376.49, 0.987808, 0.00377747, 1, 0
5376.5, 0.987918, 0.00377666, 1, 0
5376.51, 0.98814, 0.00377712, 1, 0
5376.52, 0.988609, 0.0037791, 1, 0
5376.53, 0.989514, 0.00378216, 1, 0
5376.54, 0.991162, 0.00378709, 1, 0
5376.55, 0.993278, 0.00379334, 1, 0
5376.56, 0.993431, 0.003794, 0.99638, 0.00563419
5376.57, 0.991402, 0.00378834, 0.99525, 0.0112684
5376.58, 0.990858, 0.00378664, 0.9942, 0.0112684
5376.59, 0.991437, 0.00378789, 0.99347, 0.0150245
5376.6, 0.990314, 0.00378428, 0.99324, 0.0169026
5376.61, 0.988998, 0.00378041, 0.99357, 0.0187806
5376.62, 0.989373, 0.00378175, 0.99437, 0.0206587
5376.63, 0.990652, 0.00378559, 0.99545, 0.0225367
5376.64, 0.991918, 0.00378913, 0.99659, 0.0262929
5376.65, 0.992659, 0.00379113, 0.99759, 0.0338051
5376.66, 0.993361, 0.00379289, 0.99835, 0.0413174
5376.67, 0.994759, 0.00379643, 0.99885, 0.0582199
5376.68, 0.996599, 0.00380163, 0.99912, 0.0845128
5376.69, 0.998334, 0.00380718, 0.99923, 0.133342
5376.7, 0.999389, 0.00381078, 0.9992, 0.210343
5376.71, 1.00033, 0.00381354, 0.99904, 0.324905
5376.72, 1.0022, 0.00381836, 0.99869, 0.490174
5376.73, 1.00351, 0.0038225, 0.99797, 0.711786
5376.74, 1.00264, 0.00382172, 0.99658, 0.984105
5376.75, 0.999876, 0.00381315, 0.99403, 1.29774
5376.76, 0.994369, 0.00379418, 0.98967, 1.63955
5376.77, 0.983968, 0.00376284, 0.98286, 1.98511
5376.78, 0.970324, 0.00372287, 0.97323, 2.31189
5376.79, 0.956242, 0.00367956, 0.9611, 2.60112
5376.8, 0.940675, 0.00363215, 0.9477, 2.83963
5376.81, 0.924292, 0.00358413, 0.93513, 3.01617
5376.82, 0.912251, 0.00354867, 0.92589, 3.12697
5376.83, 0.907869, 0.00353532, 0.92208, 3.17017
5376.84, 0.912053, 0.00354794, 0.9246, 3.14575
5376.85, 0.922443, 0.0035791, 0.93283, 3.05561
5376.86, 0.936116, 0.00361951, 0.94488, 2.89785
5376.87, 0.951811, 0.00366612, 0.95823, 2.67999
5376.88, 0.967434, 0.00371315, 0.97064, 2.40955
5376.89, 0.979891, 0.00375121, 0.98065, 2.10343
5376.9, 0.98938, 0.00377969, 0.98776, 1.7804
5376.91, 0.99722, 0.00380167, 0.9922, 1.47052
5376.92, 1.00162, 0.00381451, 0.99458, 1.19633
5376.93, 1.0022, 0.00381792, 0.99556, 0.987861
5376.94, 1.00239, 0.0038182, 0.9957, 0.860152
5376.95, 1.00345, 0.00381964, 0.99533, 0.816957
5376.96, 1.00452, 0.0038233, 0.99453, 0.854518
5376.97, 1.00434, 0.00382367, 0.99316, 0.954056
5376.98, 1.00212, 0.00381618, 0.99084, 1.09679
5376.99, 0.998585, 0.00380527, 0.98713, 1.2583
5377, 0.99462, 0.0037941, 0.98176, 1.41981
5377.01, 0.990906, 0.00378246, 0.9749, 1.55879
5377.02, 0.986788, 0.00376965, 0.96738, 1.67335
5377.03, 0.981582, 0.00375579, 0.96055, 1.75223
5377.04, 0.977516, 0.00374493, 0.95599, 1.78792
5377.05, 0.976339, 0.00374034, 0.95487, 1.77665
5377.06, 0.977622, 0.00374216, 0.95754, 1.70528
5377.07, 0.980404, 0.00374915, 0.96336, 1.55128
5377.08, 0.983671, 0.00375945, 0.97099, 1.31277
5377.09, 0.987702, 0.00377273, 0.97888, 1.00476
5377.1, 0.992624, 0.00378795, 0.98581, 0.679858
5377.11, 0.9969, 0.00380083, 1, 0
5377.12, 0.999539, 0.00380869, 1, 0
5377.13, 1.0006, 0.00381166, 1, 0
5377.14, 1.0008, 0.003812, 1, 0
5377.15, 1.00098, 0.00381247, 1, 0
5377.16, 1.00121, 0.00381318, 1, 0
5377.17, 1.00141, 0.00381377, 1, 0
