wav, obs, sigma_obs, syn, weight
5385.24, 0.995848, 0.00388403, 1, 0
5385.25, 0.995717, 0.00388386, 1, 0
5385.26, 0.994805, 0.00388062, 1, 0
5385.27, 0.993147, 0.00387481, 1, 0
5385.28, 0.992745, 0.00387526, 1, 0
5385.29, 0.993583, 0.00387979, 1, 0
5385.3, 0.994312, 0.00388024, 0.99856, 0.0357342
5385.31, 0.995274, 0.00388225, 0.99854, 0.0604733
5385.32, 0.996504, 0.0038884, 0.99847, 0.0879611
5385.33, 0.996935, 0.00389124, 0.9983, 0.1127
5385.34, 0.996578, 0.00388972, 0.99795, 0.131942
5385.35, 0.996028, 0.00388698, 0.99736, 0.140188
5385.36, 0.995517, 0.00388561, 0.99648, 0.142937
5385.37, 0.995527, 0.00388715, 0.99532, 0.145686
5385.38, 0.996662, 0.0038915, 0.99397, 0.145686
5385.39, 0.997441, 0.00389386, 0.9926, 0.148434
5385.4, 0.996809, 0.00389189, 0.99143, 0.151183
5385.41, 0.997061, 0.00389393, 0.99067, 0.15943
5385.42, 0.998452, 0.00389951, 0.9905, 0.178671
5385.43, 0.999186, 0.0039004, 0.99095, 0.211656
5385.44, 0.999423, 0.00390013, 0.9919, 0.274878
5385.45, 0.999764, 0.00390274, 0.99316, 0.376584
5385.46, 1.00031, 0.00390545, 0.99445, 0.536013
5385.47, 1.0011, 0.00390787, 0.9955, 0.764162
5385.48, 1.00194, 0.00391072, 0.99607, 1.07203
5385.49, 1.00152, 0.00390988, 0.99592, 1.45136
5385.5, 0.999406, 0.00390335, 0.99481, 1.88842
5385.51, 0.996641, 0.00389387, 0.9925, 2.35846
5385.52, 0.993315, 0.00388286, 0.98884, 2.8285
5385.53, 0.988722, 0.00386958, 0.98385, 3.26556
5385.54, 0.981675, 0.00384987, 0.97789, 3.65039
5385.55, 0.97333, 0.00382582, 0.97166, 3.95825
5385.56, 0.967205, 0.00380662, 0.96616, 4.1809
5385.57, 0.964244, 0.00379674, 0.9624, 4.31284
5385.58, 0.963905, 0.00379626, 0.96117, 4.35408
5385.59, 0.964981, 0.00380053, 0.96272, 4.30185
5385.6, 0.968221, 0.00381061, 0.96671, 4.15891
5385.61, 0.975117, 0.00383049, 0.97233, 3.92526
5385.62, 0.981986, 0.00385125, 0.97856, 3.60915
5385.63, 0.98625, 0.0038658, 0.98446, 3.21608
5385.64, 0.989881, 0.00387706, 0.9894, 2.77078
5385.65, 0.992601, 0.00388503, 0.99313, 2.29798
5385.66, 0.993311, 0.00388873, 0.99568, 1.83069
5385.67, 0.994426, 0.00389296, 0.99729, 1.39913
5385.68, 0.996525, 0.00389885, 0.99823, 1.02805
5385.69, 0.997133, 0.00390178, 0.99875, 0.728428
5385.7, 0.99739, 0.00390447, 0.99902, 0.508525
5385.71, 0.99898, 0.00390999, 0.99916, 0.354593
5385.72, 0.999977, 0.00391226, 0.99923, 0.252888
5385.73, 0.999919, 0.00391097, 0.99927, 0.195164
5385.74, 1.00022, 0.00391216, 0.99929, 0.15943
5385.75, 1.0011, 0.00391592, 0.99929, 0.137439
5385.76, 1.00179, 0.00391903, 0.9993, 0.129193
5385.77, 1.00063, 0.00391662, 0.99929, 0.120947
5385.78, 0.998533, 0.00391101, 0.99926, 0.115449
5385.79, 0.997852, 0.00390886, 0.99917, 0.1127
5385.8, 0.998494, 0.00391113, 0.99898, 0.109951
5385.81, 0.999341, 0.00391466, 0.99859, 0.104454
5385.82, 0.998974, 0.00391327, 0.99789, 0.0934587
5385.83, 0.998094, 0.00390972, 0.99678, 0.0824635
5385.84, 0.997699, 0.00390855, 0.99521, 0.0632221
5385.85, 0.996019, 0.00390403, 0.9933, 0.0439806
5385.86, 0.993181, 0.00389603, 0.99133, 0.0247391
5385.87, 0.991576, 0.00389158, 1, 0
5385.88, 0.990329, 0.00388791, 1, 0
5385.89, 0.988508, 0.00388227, 1, 0
5385.9, 0.988157, 0.00388119, 1, 0
5385.91, 0.98953, 0.00388553, 1, 0
5385.92, 0.990546, 0.00388876, 1, 0
