wav, obs, sigma_obs, syn, weight
5386.59, 1.00277, 0.00394936, 1, 0
5386.6, 1.00114, 0.00394617, 1, 0
5386.61, 0.999828, 0.00394316, 1, 0
5386.62, 0.999615, 0.00394108, 1, 0
5386.63, 0.999857, 0.00394135, 1, 0
5386.64, 0.999945, 0.00394351, 1, 0
5386.65, 1.00006, 0.00394389, 0.99904, 0.0134221
5386.66, 1.00051, 0.00394402, 0.99908, 0.0187909
5386.67, 1.00145, 0.00394734, 0.99913, 0.0295286
5386.68, 1.00238, 0.00395179, 0.99915, 0.0375819
5386.69, 1.00287, 0.00395472, 0.9991, 0.0402663
5386.7, 1.00275, 0.00395471, 0.99893, 0.0456351
5386.71, 1.00256, 0.00395391, 0.99861, 0.0456351
5386.72, 1.00247, 0.00395376, 0.99809, 0.0429507
5386.73, 1.00124, 0.00395065, 0.99738, 0.0456351
5386.74, 0.99928, 0.00394522, 0.99655, 0.0456351
5386.75, 0.997982, 0.0039411, 0.99572, 0.0456351
5386.76, 0.996115, 0.00393593, 0.99505, 0.0483196
5386.77, 0.993258, 0.00392881, 0.99469, 0.0536884
5386.78, 0.991308, 0.00392345, 0.9947, 0.0590572
5386.79, 0.989523, 0.00391724, 0.99506, 0.0751637
5386.8, 0.986698, 0.00390746, 0.99566, 0.0993235
5386.81, 0.985399, 0.00390333, 0.99633, 0.144959
5386.82, 0.986355, 0.00390709, 0.9969, 0.225491
5386.83, 0.98765, 0.0039116, 0.99721, 0.359712
5386.84, 0.988898, 0.00391592, 0.99711, 0.558359
5386.85, 0.990218, 0.00392052, 0.99637, 0.834855
5386.86, 0.991287, 0.00392292, 0.99458, 1.19725
5386.87, 0.990589, 0.00392007, 0.99108, 1.63481
5386.88, 0.986159, 0.00390861, 0.9849, 2.12606
5386.89, 0.97787, 0.00388462, 0.97491, 2.65221
5386.9, 0.965108, 0.00384443, 0.96016, 3.17567
5386.91, 0.9461, 0.00378546, 0.94031, 3.66423
5386.92, 0.921392, 0.00370887, 0.9162, 4.09642
5386.93, 0.893371, 0.00362072, 0.89007, 4.4454
5386.94, 0.865994, 0.00353532, 0.8654, 4.69773
5386.95, 0.843979, 0.00346773, 0.84618, 4.85075
5386.96, 0.832116, 0.00343124, 0.83592, 4.8937
5386.97, 0.832746, 0.00343269, 0.8366, 4.83196
5386.98, 0.845811, 0.00347283, 0.84807, 4.66552
5386.99, 0.868267, 0.00354461, 0.86811, 4.39171
5387, 0.89549, 0.00363157, 0.89309, 4.02395
5387.01, 0.922372, 0.0037145, 0.91904, 3.57833
5387.02, 0.94529, 0.0037859, 0.94264, 3.07366
5387.03, 0.962623, 0.00384203, 0.96184, 2.54751
5387.04, 0.975004, 0.00388127, 0.97598, 2.02942
5387.05, 0.984074, 0.00390912, 0.98548, 1.54891
5387.06, 0.990947, 0.00393089, 0.99133, 1.13014
5387.07, 0.994565, 0.00394364, 0.99469, 0.791904
5387.08, 0.995653, 0.00394872, 0.9965, 0.531515
5387.09, 0.996561, 0.00395191, 0.99746, 0.34629
5387.1, 0.998476, 0.00395683, 0.99797, 0.222807
5387.11, 1.00083, 0.00396286, 0.99828, 0.147643
5387.12, 1.00114, 0.00396441, 0.99848, 0.102008
5387.13, 1.00045, 0.00396404, 0.99863, 0.0778482
5387.14, 1.00083, 0.00396633, 0.99875, 0.0671105
5387.15, 1.00077, 0.00396631, 0.99885, 0.0590572
5387.16, 1.00019, 0.00396402, 0.99893, 0.0536884
5387.17, 1.00099, 0.00396577, 0.999, 0.0536884
5387.18, 1.00173, 0.0039682, 0.99906, 0.0536884
5387.19, 1.00087, 0.00396701, 0.99911, 0.0536884
5387.2, 0.999399, 0.0039642, 0.99915, 0.051004
5387.21, 0.998262, 0.00396197, 0.99918, 0.051004
5387.22, 0.997743, 0.00396089, 0.99921, 0.051004
5387.23, 0.996693, 0.00395678, 0.99923, 0.0483196
5387.24, 0.995298, 0.00395124, 0.99925, 0.0429507
5387.25, 0.995758, 0.00395398, 0.99926, 0.0348975
5387.26, 0.997436, 0.00396074, 0.99927, 0.0214754
5387.27, 0.998595, 0.00396359, 0.99927, 0.0134221
5387.28, 0.998622, 0.00396416, 1, 0
5387.29, 0.998339, 0.00396484, 1, 0
5387.3, 0.999336, 0.00396693, 1, 0
5387.31, 1.001, 0.0039697, 1, 0
5387.32, 1.00238, 0.00397217, 1, 0
5387.33, 1.00376, 0.00397465, 1, 0
