wav, obs, sigma_obs, syn, weight
5400.91, 0.995417, 0.0050987, 1, 0
5400.92, 0.994505, 0.00509732, 1, 0
5400.93, 0.993414, 0.00509502, 1, 0
5400.94, 0.993254, 0.00509735, 1, 0
5400.95, 0.993764, 0.00510153, 1, 0
5400.96, 0.993977, 0.00510156, 1, 0
5400.97, 0.994103, 0.0051022, 0.99464, 0.0567518
5400.98, 0.995259, 0.00510859, 0.99481, 0.0963461
5400.99, 0.997694, 0.00511982, 0.99501, 0.13858
5401, 0.998131, 0.00512353, 0.99521, 0.174215
5401.01, 0.997455, 0.00512262, 0.99538, 0.197971
5401.02, 0.997768, 0.00512516, 0.99552, 0.20853
5401.03, 0.996612, 0.00512413, 0.99566, 0.20985
5401.04, 0.995217, 0.00512098, 0.99577, 0.20721
5401.05, 0.995326, 0.00512041, 0.99588, 0.204571
5401.06, 0.99468, 0.00512037, 0.99597, 0.201931
5401.07, 0.993393, 0.00511691, 0.99604, 0.200611
5401.08, 0.99217, 0.00510966, 0.9961, 0.200611
5401.09, 0.99048, 0.00510504, 0.99613, 0.20589
5401.1, 0.990086, 0.00510472, 0.99613, 0.216449
5401.11, 0.991343, 0.0051078, 0.9961, 0.241525
5401.12, 0.991387, 0.00511259, 0.99601, 0.289038
5401.13, 0.990849, 0.00511465, 0.99582, 0.369547
5401.14, 0.99131, 0.00511518, 0.99544, 0.494929
5401.15, 0.993151, 0.00512151, 0.99468, 0.682342
5401.16, 0.993859, 0.00512746, 0.99318, 0.937065
5401.17, 0.991712, 0.00512374, 0.99037, 1.26306
5401.18, 0.986961, 0.00510527, 0.9854, 1.6524
5401.19, 0.97992, 0.00507729, 0.97723, 2.08794
5401.2, 0.968818, 0.00503404, 0.96488, 2.54591
5401.21, 0.951379, 0.00496384, 0.94785, 2.99861
5401.22, 0.930657, 0.00488146, 0.92656, 3.41699
5401.23, 0.907302, 0.00478827, 0.90271, 3.7773
5401.24, 0.88106, 0.00468052, 0.87925, 4.06237
5401.25, 0.858023, 0.0045876, 0.85982, 4.26299
5401.26, 0.842878, 0.0045278, 0.84789, 4.37253
5401.27, 0.838672, 0.00451176, 0.84573, 4.38837
5401.28, 0.848455, 0.00455759, 0.85371, 4.31182
5401.29, 0.867945, 0.00462891, 0.87011, 4.14288
5401.3, 0.889932, 0.00471341, 0.89167, 3.88552
5401.31, 0.911829, 0.00488224, 0.91453, 3.54897
5401.32, 0.940667, 0.00484156, 0.93527, 3.14643
5401.33, 0.959185, 0.00485291, 0.95164, 2.69901
5401.34, 0.935854, 0.00567489, 0.96288, 2.23444
5401.35, 0.948563, 0.00559794, 0.96955, 1.78174
5401.36, 0.965881, 0.0053959, 0.97298, 1.366
5401.37, 0.970668, 0.0054651, 0.97476, 1.00833
5401.38, 0.972766, 0.00554101, 0.97621, 0.720616
5401.39, 0.976264, 0.00553993, 0.97814, 0.505487
5401.4, 0.979841, 0.00553969, 0.98081, 0.355029
5401.41, 0.983133, 0.00555908, 0.98404, 0.258683
5401.42, 0.986494, 0.00557676, 0.9874, 0.204571
5401.43, 0.990121, 0.00559003, 0.99047, 0.178174
5401.44, 0.994006, 0.00560542, 0.99291, 0.168936
5401.45, 0.997349, 0.00561964, 0.99458, 0.170255
5401.46, 0.99919, 0.00562635, 0.9955, 0.175535
5401.47, 0.999713, 0.00562704, 0.99579, 0.183454
5401.48, 0.999601, 0.00562599, 0.99563, 0.191372
5401.49, 0.999919, 0.00562706, 0.99522, 0.197971
5401.5, 1.00135, 0.00563231, 0.99477, 0.201931
5401.51, 1.00269, 0.00563734, 0.99444, 0.203251
5401.52, 1.00284, 0.00563782, 0.99434, 0.197971
5401.53, 1.00227, 0.00563421, 0.99452, 0.183454
5401.54, 1.00166, 0.00562875, 0.99494, 0.158377
5401.55, 1.00141, 0.00562572, 0.99552, 0.124062
5401.56, 1.00152, 0.00562632, 0.99613, 0.0844678
5401.57, 1.00117, 0.00562503, 0.9967, 0.048833
5401.58, 1.00011, 0.00561954, 1, 0
5401.59, 0.999079, 0.00561416, 1, 0
5401.6, 0.998456, 0.00561109, 1, 0
5401.61, 0.997913, 0.00560847, 1, 0
5401.62, 0.99728, 0.00560534, 1, 0
5401.63, 0.996646, 0.00560221, 1, 0
