wav, obs, sigma_obs, syn, weight
5406.41, 0.947107, 0.00476755, 1, 0
5406.42, 0.951477, 0.00478348, 1, 0
5406.43, 0.955201, 0.00479687, 1, 0
5406.44, 0.958093, 0.00480701, 1, 0
5406.45, 0.960546, 0.00481543, 1, 0
5406.46, 0.962793, 0.00482289, 1, 0
5406.47, 0.964823, 0.00482898, 1, 0
5406.48, 0.966828, 0.00483459, 0.96968, 0.327759
5406.49, 0.969105, 0.00484146, 0.96995, 0.451885
5406.5, 0.970924, 0.00484714, 0.97058, 0.56222
5406.51, 0.971153, 0.00484743, 0.97131, 0.641726
5406.52, 0.971079, 0.00484654, 0.97207, 0.687158
5406.53, 0.972687, 0.00485117, 0.97277, 0.702572
5406.54, 0.975116, 0.00485864, 0.97341, 0.701761
5406.55, 0.976783, 0.00486369, 0.974, 0.691214
5406.56, 0.9773, 0.00486449, 0.97454, 0.679045
5406.57, 0.976878, 0.00486151, 0.97503, 0.666065
5406.58, 0.976596, 0.00485962, 0.97547, 0.654707
5406.59, 0.977297, 0.00486215, 0.97584, 0.646594
5406.6, 0.978986, 0.00486771, 0.97614, 0.64416
5406.61, 0.980919, 0.00487289, 0.97634, 0.649028
5406.62, 0.981416, 0.00487232, 0.9764, 0.667687
5406.63, 0.98013, 0.00486539, 0.97625, 0.705817
5406.64, 0.978266, 0.00485685, 0.97574, 0.772343
5406.65, 0.976199, 0.00484796, 0.97461, 0.874565
5406.66, 0.973473, 0.00483653, 0.97241, 1.01897
5406.67, 0.968865, 0.00481739, 0.9685, 1.21044
5406.68, 0.960804, 0.00478411, 0.96204, 1.44814
5406.69, 0.948511, 0.00473454, 0.95213, 1.72317
5406.7, 0.931704, 0.00466856, 0.93798, 2.02578
5406.71, 0.910817, 0.00458676, 0.91926, 2.33812
5406.72, 0.886626, 0.00449088, 0.89641, 2.64316
5406.73, 0.86032, 0.004386, 0.87083, 2.92306
5406.74, 0.833762, 0.00428048, 0.84486, 3.16239
5406.75, 0.810318, 0.00418905, 0.82147, 3.34898
5406.76, 0.793242, 0.00412458, 0.8038, 3.47554
5406.77, 0.78508, 0.0040942, 0.79444, 3.53558
5406.78, 0.786755, 0.00410023, 0.79486, 3.52909
5406.79, 0.797036, 0.00413911, 0.80507, 3.45526
5406.8, 0.814337, 0.00420543, 0.82359, 3.31572
5406.81, 0.836834, 0.00429217, 0.84782, 3.11614
5406.82, 0.862139, 0.00438994, 0.87462, 2.86302
5406.83, 0.887502, 0.00448783, 0.90097, 2.56853
5406.84, 0.910687, 0.00457732, 0.92454, 2.24888
5406.85, 0.929992, 0.00465196, 0.9439, 1.92031
5406.86, 0.945316, 0.00471043, 0.95862, 1.60229
5406.87, 0.957273, 0.00475435, 0.96903, 1.30941
5406.88, 0.966821, 0.00478958, 0.97593, 1.05548
5406.89, 0.974646, 0.00482036, 0.98026, 0.84617
5406.9, 0.980257, 0.00484191, 0.98288, 0.683913
5406.91, 0.983642, 0.00485238, 0.98445, 0.563843
5406.92, 0.98642, 0.00486051, 0.98541, 0.479469
5406.93, 0.989217, 0.00487008, 0.98605, 0.424302
5406.94, 0.990673, 0.0048743, 0.98652, 0.387794
5406.95, 0.99048, 0.00487158, 0.98689, 0.364267
5406.96, 0.989815, 0.00486768, 0.98719, 0.348041
5406.97, 0.98961, 0.00486628, 0.98746, 0.336683
5406.98, 0.990403, 0.00486845, 0.98769, 0.32857
5406.99, 0.991576, 0.00487137, 0.9879, 0.322891
5407, 0.99196, 0.00487063, 0.98808, 0.317212
5407.01, 0.991947, 0.00486866, 0.98825, 0.313156
5407.02, 0.992388, 0.00486965, 0.98838, 0.308288
5407.03, 0.992515, 0.00486956, 0.98848, 0.301798
5407.04, 0.991542, 0.00486419, 0.98854, 0.289629
5407.05, 0.990696, 0.00485934, 0.98853, 0.267724
5407.06, 0.990935, 0.00485949, 0.98846, 0.232027
5407.07, 0.991204, 0.00485916, 0.98832, 0.185784
5407.08, 0.990745, 0.00485487, 0.98821, 0.134673
5407.09, 0.990022, 0.00485019, 1, 0
5407.1, 0.989399, 0.00484713, 1, 0
5407.11, 0.988898, 0.00484432, 1, 0
5407.12, 0.988487, 0.0048411, 1, 0
5407.13, 0.98808, 0.00483786, 1, 0
5407.14, 0.987659, 0.00483469, 1, 0
5407.15, 0.987238, 0.00483152, 1, 0
