wav, obs, sigma_obs, syn, weight
5405.97, 0.681787, 0.00377466, 1, 0
5405.98, 0.699597, 0.00384502, 1, 0
5405.99, 0.717407, 0.00391537, 1, 0
5406, 0.735217, 0.00398573, 1, 0
5406.01, 0.7534, 0.00405751, 1, 0
5406.02, 0.771224, 0.00412792, 1, 0
5406.03, 0.78721, 0.00419126, 1, 0
5406.04, 0.801462, 0.00424734, 0.84631, 0.889194
5406.05, 0.814859, 0.00429882, 0.84759, 1.21927
5406.06, 0.827612, 0.00434775, 0.85318, 1.50139
5406.07, 0.839555, 0.00439521, 0.86051, 1.69226
5406.08, 0.8503, 0.00443823, 0.86797, 1.78165
5406.09, 0.859603, 0.0044739, 0.87492, 1.78863
5406.1, 0.868196, 0.00450588, 0.88083, 1.74487
5406.11, 0.876559, 0.00453722, 0.88575, 1.67736
5406.12, 0.88362, 0.00456366, 0.8898, 1.60241
5406.13, 0.888841, 0.00458302, 0.89314, 1.52653
5406.14, 0.893508, 0.00460067, 0.896, 1.45623
5406.15, 0.898226, 0.0046189, 0.89864, 1.39198
5406.16, 0.9021, 0.0046334, 0.90127, 1.33379
5406.17, 0.905126, 0.00464392, 0.9041, 1.28444
5406.18, 0.908484, 0.00465563, 0.90721, 1.24534
5406.19, 0.91176, 0.00466727, 0.91057, 1.21973
5406.2, 0.913253, 0.00467231, 0.91394, 1.21275
5406.21, 0.914279, 0.00467585, 0.91693, 1.22765
5406.22, 0.917781, 0.00468922, 0.91888, 1.26908
5406.23, 0.922631, 0.00470703, 0.919, 1.33751
5406.24, 0.926189, 0.00471808, 0.91639, 1.43295
5406.25, 0.929305, 0.00472771, 0.91023, 1.5512
5406.26, 0.933368, 0.00474341, 0.9, 1.68621
5406.27, 0.93653, 0.00475557, 0.88573, 1.82774
5406.28, 0.936963, 0.00475494, 0.86811, 1.96786
5406.29, 0.935581, 0.00474732, 0.84855, 2.09496
5406.3, 0.933415, 0.0047384, 0.82904, 2.20203
5406.31, 0.930582, 0.00472709, 0.81188, 2.28211
5406.32, 0.927014, 0.00471185, 0.79931, 2.33053
5406.33, 0.922567, 0.00469204, 0.79311, 2.34542
5406.34, 0.917868, 0.00467097, 0.79428, 2.32494
5406.35, 0.914465, 0.00465643, 0.80287, 2.26954
5406.36, 0.913221, 0.00465162, 0.81795, 2.18015
5406.37, 0.914317, 0.00465534, 0.83782, 2.05911
5406.38, 0.917837, 0.00466768, 0.86032, 1.9106
5406.39, 0.923665, 0.00468897, 0.88321, 1.74068
5406.4, 0.93049, 0.00471399, 0.90457, 1.55679
5406.41, 0.936673, 0.00473601, 0.92302, 1.36964
5406.42, 0.942178, 0.00475574, 0.93786, 1.18807
5406.43, 0.947433, 0.00477573, 0.94906, 1.02048
5406.44, 0.952392, 0.0047948, 0.95702, 0.874296
5406.45, 0.956866, 0.00481124, 0.96244, 0.752789
5406.46, 0.960622, 0.00482457, 0.96603, 0.656421
5406.47, 0.963597, 0.00483502, 0.96841, 0.583795
5406.48, 0.966111, 0.00484372, 0.97005, 0.531189
5406.49, 0.968391, 0.00485133, 0.97126, 0.493014
5406.5, 0.970449, 0.00485756, 0.97223, 0.466478
5406.51, 0.972452, 0.00486317, 0.97305, 0.446925
5406.52, 0.974724, 0.00486996, 0.97377, 0.432027
5406.53, 0.976664, 0.00487603, 0.97443, 0.419457
5406.54, 0.977047, 0.00487685, 0.97503, 0.409215
5406.55, 0.976891, 0.0048757, 0.97558, 0.399439
5406.56, 0.978328, 0.00487976, 0.97609, 0.391059
5406.57, 0.980774, 0.00488726, 0.97654, 0.383145
5406.58, 0.982563, 0.00489272, 0.97694, 0.373368
5406.59, 0.983201, 0.00489399, 0.97728, 0.361264
5406.6, 0.982831, 0.0048912, 0.97754, 0.341711
5406.61, 0.98248, 0.00488894, 0.97776, 0.311451
5406.62, 0.98308, 0.00489108, 0.97799, 0.267224
5406.63, 0.984687, 0.00489646, 0.97836, 0.211358
5406.64, 0.986679, 0.00490194, 0.97915, 0.151303
5406.65, 0.987394, 0.00490217, 1, 0
5406.66, 0.986237, 0.00489566, 1, 0
5406.67, 0.984333, 0.00488691, 1, 0
5406.68, 0.982269, 0.00487801, 1, 0
5406.69, 0.979818, 0.00486759, 1, 0
5406.7, 0.975464, 0.00484949, 1, 0
5406.71, 0.966992, 0.00481493, 1, 0
