wav, obs, sigma_obs, syn, weight
5406.98, 1.00357, 0.00493252, 1, 0
5406.99, 1.00369, 0.00493092, 1, 0
5407, 1.00371, 0.00492866, 1, 0
5407.01, 1.00386, 0.00492733, 1, 0
5407.02, 1.00438, 0.00492854, 1, 0
5407.03, 1.00454, 0.00492863, 1, 0
5407.04, 1.00362, 0.00492351, 1, 0
5407.05, 1.00269, 0.00491824, 0.99882, 0.214899
5407.06, 1.00285, 0.00491804, 0.99868, 0.314487
5407.07, 1.00318, 0.00491808, 0.99856, 0.418005
5407.08, 1.0028, 0.00491409, 0.99844, 0.520214
5407.09, 1.00202, 0.00490905, 0.99828, 0.61456
5407.1, 1.00132, 0.0049056, 0.99809, 0.703664
5407.11, 1.00101, 0.0049036, 0.99785, 0.788838
5407.12, 1.00075, 0.00490099, 0.99756, 0.86877
5407.13, 0.999377, 0.00489385, 0.99724, 0.944771
5407.14, 0.997188, 0.00488398, 0.99692, 1.0116
5407.15, 0.99586, 0.0048784, 0.9966, 1.06794
5407.16, 0.995751, 0.00487726, 0.99632, 1.10857
5407.17, 0.996222, 0.00487597, 0.99607, 1.13477
5407.18, 0.996529, 0.00487345, 0.99584, 1.14526
5407.19, 0.996043, 0.00487043, 0.99557, 1.14001
5407.2, 0.995067, 0.00486708, 0.99516, 1.11774
5407.21, 0.994167, 0.00486358, 0.99438, 1.08367
5407.22, 0.99356, 0.00486076, 0.99295, 1.03781
5407.23, 0.99313, 0.00485851, 0.99046, 0.986702
5407.24, 0.992077, 0.00485333, 0.9864, 0.938219
5407.25, 0.989658, 0.00484234, 0.98026, 0.902839
5407.26, 0.985497, 0.00482516, 0.97161, 0.891046
5407.27, 0.978535, 0.00479778, 0.96013, 0.912012
5407.28, 0.966707, 0.00475064, 0.94577, 0.973599
5407.29, 0.9506, 0.00468604, 0.92873, 1.07581
5407.3, 0.933583, 0.00461877, 0.9095, 1.21602
5407.31, 0.915566, 0.00454888, 0.88876, 1.38374
5407.32, 0.894006, 0.00446567, 0.86738, 1.56719
5407.33, 0.870728, 0.00437528, 0.84629, 1.75457
5407.34, 0.849613, 0.004292, 0.82641, 1.93409
5407.35, 0.830937, 0.00421789, 0.80854, 2.10051
5407.36, 0.813939, 0.00415129, 0.79328, 2.25251
5407.37, 0.800102, 0.00409735, 0.78093, 2.38617
5407.38, 0.790978, 0.00406123, 0.77156, 2.50541
5407.39, 0.78619, 0.00404153, 0.76493, 2.605
5407.4, 0.784738, 0.00403456, 0.76068, 2.68493
5407.41, 0.785102, 0.00403435, 0.75835, 2.73735
5407.42, 0.786044, 0.00403644, 0.75759, 2.75569
5407.43, 0.78693, 0.00403939, 0.75822, 2.73603
5407.44, 0.787631, 0.00404217, 0.76034, 2.681
5407.45, 0.788577, 0.00404409, 0.76428, 2.59058
5407.46, 0.790548, 0.00404879, 0.77049, 2.47265
5407.47, 0.794632, 0.00406353, 0.77939, 2.33769
5407.48, 0.802232, 0.00409326, 0.79119, 2.19223
5407.49, 0.814654, 0.00414066, 0.80573, 2.04547
5407.5, 0.831035, 0.00420258, 0.82249, 1.89609
5407.51, 0.849619, 0.00427326, 0.8406, 1.7454
5407.52, 0.869112, 0.00434688, 0.85891, 1.59078
5407.53, 0.888378, 0.00441837, 0.87621, 1.42698
5407.54, 0.906308, 0.00448516, 0.89135, 1.25926
5407.55, 0.921549, 0.0045432, 0.90347, 1.08629
5407.56, 0.932145, 0.00458341, 0.91214, 0.914632
5407.57, 0.937621, 0.00460291, 0.91743, 0.754768
5407.58, 0.940241, 0.00461109, 0.91996, 0.610628
5407.59, 0.941435, 0.00461395, 0.92073, 0.487455
5407.6, 0.94126, 0.00461181, 0.92095, 0.390488
5407.61, 0.940659, 0.00460853, 0.92176, 0.315797
5407.62, 0.941345, 0.00461097, 0.92406, 0.260762
5407.63, 0.943457, 0.00461867, 0.92835, 0.225382
5407.64, 0.946193, 0.00462706, 0.93469, 0.201796
5407.65, 0.949815, 0.0046382, 0.94277, 0.187382
5407.66, 0.95488, 0.00465605, 0.95195, 0.176899
5407.67, 0.960766, 0.0046774, 0.96146, 0.163795
5407.68, 0.966532, 0.00469759, 0.97052, 0.149381
5407.69, 0.971532, 0.00471562, 0.97853, 0.128415
5407.7, 0.975609, 0.00473158, 0.98511, 0.100898
5407.71, 0.979672, 0.00474613, 0.99018, 0.0720699
5407.72, 0.983926, 0.00475911, 1, 0
5407.73, 0.986998, 0.00476869, 1, 0
5407.74, 0.98865, 0.00477491, 1, 0
5407.75, 0.990314, 0.0047804, 1, 0
5407.76, 0.992537, 0.00478637, 1, 0
5407.77, 0.994771, 0.00479235, 1, 0
5407.78, 0.996916, 0.00479825, 1, 0
