wav, obs, sigma_obs, syn, weight
5416.67, 0.989523, 0.00400856, 1, 0
5416.68, 0.990153, 0.00400883, 1, 0
5416.69, 0.990697, 0.00400873, 1, 0
5416.7, 0.991934, 0.0040117, 1, 0
5416.71, 0.993854, 0.00401763, 1, 0
5416.72, 0.995746, 0.00402316, 1, 0
5416.73, 0.997577, 0.00402799, 1, 0
5416.74, 0.99973, 0.00403382, 0.99759, 0.0373639
5416.75, 1.00153, 0.00403908, 0.99758, 0.053377
5416.76, 1.00224, 0.0040417, 0.99758, 0.067255
5416.77, 1.00265, 0.00404351, 0.99758, 0.0789979
5416.78, 1.00339, 0.00404565, 0.99757, 0.0864707
5416.79, 1.00381, 0.00404568, 0.99755, 0.0918084
5416.8, 1.00368, 0.00404363, 0.99752, 0.0939435
5416.81, 1.00342, 0.00404295, 0.99748, 0.0971461
5416.82, 1.00304, 0.00404251, 0.99744, 0.0992812
5416.83, 1.00221, 0.00403843, 0.99738, 0.102484
5416.84, 1.00103, 0.004033, 0.99731, 0.107822
5416.85, 0.999758, 0.00402969, 0.99722, 0.116362
5416.86, 0.998454, 0.00402604, 0.9971, 0.128105
5416.87, 0.997088, 0.00401996, 0.99694, 0.149456
5416.88, 0.995542, 0.00401334, 0.99673, 0.187887
5416.89, 0.993898, 0.00400775, 0.99643, 0.248737
5416.9, 0.992482, 0.00400361, 0.99595, 0.344815
5416.91, 0.991269, 0.0039998, 0.99514, 0.487866
5416.92, 0.989882, 0.00399416, 0.99369, 0.688563
5416.93, 0.987344, 0.00398468, 0.99107, 0.95438
5416.94, 0.982601, 0.00396935, 0.98648, 1.28425
5416.95, 0.975255, 0.00394569, 0.97882, 1.67177
5416.96, 0.964349, 0.00390997, 0.9669, 2.09985
5416.97, 0.947514, 0.00385612, 0.94969, 2.54928
5416.98, 0.924385, 0.00378315, 0.92687, 2.99338
5416.99, 0.897203, 0.00369654, 0.8993, 3.41079
5417, 0.867833, 0.00360214, 0.86923, 3.77802
5417.01, 0.838223, 0.00350708, 0.84023, 4.0812
5417.02, 0.813353, 0.00342734, 0.81645, 4.30646
5417.03, 0.798465, 0.0033794, 0.80171, 4.44737
5417.04, 0.795322, 0.0033687, 0.79845, 4.49861
5417.05, 0.804236, 0.00339618, 0.80701, 4.45911
5417.06, 0.8241, 0.00345861, 0.82562, 4.32674
5417.07, 0.851526, 0.00354534, 0.85085, 4.10683
5417.08, 0.880869, 0.00363839, 0.87868, 3.80471
5417.09, 0.908816, 0.0037271, 0.90548, 3.43428
5417.1, 0.933658, 0.00380582, 0.92874, 3.01793
5417.11, 0.953276, 0.00386764, 0.94737, 2.57811
5417.12, 0.966462, 0.00390859, 0.96144, 2.14042
5417.13, 0.975639, 0.00393639, 0.9717, 1.72941
5417.14, 0.982999, 0.00395821, 0.97911, 1.36111
5417.15, 0.988842, 0.00397536, 0.9845, 1.04939
5417.16, 0.993054, 0.00398792, 0.98847, 0.796385
5417.17, 0.995348, 0.0039954, 0.99136, 0.599957
5417.18, 0.996064, 0.00399797, 0.99342, 0.451569
5417.19, 0.995944, 0.00399669, 0.9948, 0.341613
5417.2, 0.99568, 0.00399491, 0.99567, 0.26048
5417.21, 0.995674, 0.00399511, 0.99618, 0.202833
5417.22, 0.995471, 0.00399451, 0.99646, 0.160131
5417.23, 0.994627, 0.00399086, 0.99662, 0.129172
5417.24, 0.993071, 0.00398481, 0.99673, 0.107822
5417.25, 0.991942, 0.00398121, 0.99686, 0.0918084
5417.26, 0.993242, 0.00398747, 0.99701, 0.0822006
5417.27, 0.995367, 0.0039957, 0.9972, 0.0747278
5417.28, 0.995341, 0.00399276, 0.99741, 0.0693901
5417.29, 0.994537, 0.0039866, 0.99762, 0.0640524
5417.3, 0.995089, 0.00398784, 0.99781, 0.0597822
5417.31, 0.997051, 0.00399425, 0.99796, 0.053377
5417.32, 0.999476, 0.00400107, 0.99809, 0.0448367
5417.33, 1.00048, 0.00400346, 0.99818, 0.0352288
5417.34, 1.00017, 0.00400218, 0.99825, 0.0234859
5417.35, 1.00042, 0.00400271, 1, 0
5417.36, 1.00125, 0.00400487, 1, 0
5417.37, 1.00181, 0.0040059, 1, 0
5417.38, 1.00201, 0.00400599, 1, 0
5417.39, 1.00201, 0.00400599, 1, 0
5417.4, 1.00197, 0.004006, 1, 0
5417.41, 1.00195, 0.004006, 1, 0
