wav, obs, sigma_obs, syn, weight
5440.98, 0.993334, 0.0042235, 1, 0
5440.99, 0.994488, 0.00422869, 1, 0
5441, 0.995294, 0.00423273, 1, 0
5441.01, 0.994945, 0.00423289, 1, 0
5441.02, 0.996135, 0.00423767, 1, 0
5441.03, 0.999136, 0.00424763, 1, 0
5441.04, 0.999681, 0.00424882, 0.99968, 0.00424913
5441.05, 0.999344, 0.00424864, 0.99965, 0.00743597
5441.06, 1.0005, 0.00425582, 0.99962, 0.0116851
5441.07, 1.00087, 0.00425905, 0.9996, 0.0148719
5441.08, 1.00082, 0.0042591, 0.99956, 0.0191211
5441.09, 1.00163, 0.00426214, 0.99953, 0.0212456
5441.1, 1.00047, 0.00425922, 0.99949, 0.0233702
5441.11, 0.998563, 0.00425392, 0.99944, 0.026557
5441.12, 1.00031, 0.00426008, 0.99938, 0.0308062
5441.13, 1.00197, 0.00426599, 0.99931, 0.033993
5441.14, 1.00063, 0.00426238, 0.9992, 0.0382421
5441.15, 0.998273, 0.00425525, 0.99905, 0.0456781
5441.16, 0.998304, 0.00425515, 0.99883, 0.0584255
5441.17, 1.00122, 0.00426409, 0.9985, 0.075422
5441.18, 1.00133, 0.00426544, 0.99802, 0.108353
5441.19, 0.999829, 0.00426187, 0.99735, 0.162529
5441.2, 1.00039, 0.0042636, 0.99645, 0.251761
5441.21, 0.999689, 0.00426241, 0.99522, 0.389857
5441.22, 0.997172, 0.00425616, 0.99346, 0.592753
5441.23, 0.9951, 0.00424954, 0.99075, 0.86576
5441.24, 0.991699, 0.00423855, 0.98639, 1.21631
5441.25, 0.984706, 0.0042168, 0.97937, 1.63273
5441.26, 0.973004, 0.00417911, 0.96851, 2.10119
5441.27, 0.957506, 0.00412735, 0.95282, 2.59728
5441.28, 0.938096, 0.00406148, 0.93191, 3.0923
5441.29, 0.911829, 0.00397398, 0.90647, 3.55864
5441.3, 0.88082, 0.00387062, 0.87846, 3.96762
5441.31, 0.849886, 0.00376552, 0.85103, 4.29905
5441.32, 0.822788, 0.00367348, 0.82793, 4.54019
5441.33, 0.804587, 0.00361305, 0.81279, 4.68466
5441.34, 0.800191, 0.00360062, 0.80817, 4.72822
5441.35, 0.809134, 0.00363254, 0.81488, 4.66873
5441.36, 0.829775, 0.00370289, 0.8318, 4.50832
5441.37, 0.859681, 0.00380505, 0.85616, 4.25231
5441.38, 0.890972, 0.00391141, 0.88427, 3.90601
5441.39, 0.918102, 0.00400283, 0.91242, 3.48535
5441.4, 0.942024, 0.00408434, 0.93764, 3.01476
5441.41, 0.959948, 0.00414546, 0.95813, 2.51761
5441.42, 0.969882, 0.00417809, 0.97334, 2.02365
5441.43, 0.976616, 0.00420003, 0.9837, 1.56262
5441.44, 0.981999, 0.00421876, 0.99022, 1.15789
5441.45, 0.985369, 0.00423219, 0.99405, 0.821144
5441.46, 0.987206, 0.00424022, 0.99619, 0.559822
5441.47, 0.988311, 0.00424466, 0.99736, 0.368612
5441.48, 0.989518, 0.00424881, 0.99801, 0.240076
5441.49, 0.991496, 0.00425626, 0.9984, 0.156155
5441.5, 0.993998, 0.00426631, 0.99865, 0.10729
5441.51, 0.995741, 0.00427302, 0.99884, 0.0775466
5441.52, 0.996731, 0.0042769, 0.99899, 0.0605501
5441.53, 0.99744, 0.00428018, 0.99911, 0.0499272
5441.54, 0.998086, 0.00428269, 0.9992, 0.0424913
5441.55, 0.99926, 0.00428675, 0.99928, 0.0382421
5441.56, 1.00123, 0.00429405, 0.99935, 0.033993
5441.57, 1.0027, 0.00429995, 0.9994, 0.0308062
5441.58, 1.00386, 0.00430509, 0.99945, 0.0276193
5441.59, 1.00557, 0.00431252, 0.99949, 0.0244325
5441.6, 1.00541, 0.00431269, 0.99952, 0.0212456
5441.61, 1.00342, 0.00430577, 0.99955, 0.0169965
5441.62, 1.0029, 0.00430489, 0.99957, 0.0127474
5441.63, 1.00324, 0.0043062, 0.99959, 0.00849825
5441.64, 1.00321, 0.00430516, 0.99961, 0.00424913
5441.65, 1.00308, 0.00430649, 1, 0
5441.66, 1.00269, 0.00430826, 1, 0
5441.67, 1.00216, 0.00430786, 1, 0
5441.68, 1.00285, 0.0043101, 1, 0
5441.69, 1.00468, 0.00431545, 1, 0
5441.7, 1.0062, 0.00431995, 1, 0
