wav, obs, sigma_obs, syn, weight
5450.47, 1.00612, 0.00548104, 1, 0
5450.48, 1.00567, 0.00547966, 1, 0
5450.49, 1.00527, 0.00547806, 1, 0
5450.5, 1.005, 0.00547553, 1, 0
5450.51, 1.00433, 0.00547088, 1, 0
5450.52, 1.00264, 0.00546325, 1, 0
5450.53, 1.00124, 0.00545754, 1, 0
5450.54, 1.00186, 0.0054597, 0.99943, 0.0201135
5450.55, 1.00341, 0.00546503, 0.99936, 0.0268179
5450.56, 1.0041, 0.00546653, 0.99931, 0.0402269
5450.57, 1.00455, 0.00546731, 0.99926, 0.0469314
5450.58, 1.00578, 0.00547205, 0.99923, 0.0469314
5450.59, 1.00722, 0.00547762, 0.99919, 0.0536359
5450.6, 1.00809, 0.00548011, 0.99917, 0.0603404
5450.61, 1.00864, 0.0054805, 0.99914, 0.0737494
5450.62, 1.00922, 0.00548066, 0.99911, 0.0871583
5450.63, 1.00965, 0.0054818, 0.99906, 0.113976
5450.64, 1.00975, 0.0054837, 0.99898, 0.160908
5450.65, 1.00944, 0.0054829, 0.99883, 0.227953
5450.66, 1.00849, 0.00547682, 0.99857, 0.335224
5450.67, 1.00633, 0.00546567, 0.9981, 0.496132
5450.68, 1.00303, 0.00545128, 0.99731, 0.71738
5450.69, 0.9999, 0.00543765, 0.99609, 0.998969
5450.7, 0.997404, 0.00542602, 0.9943, 1.3476
5450.71, 0.994674, 0.0054133, 0.99186, 1.74317
5450.72, 0.990921, 0.00539659, 0.98875, 2.17225
5450.73, 0.985644, 0.00537386, 0.98505, 2.60134
5450.74, 0.979604, 0.00534794, 0.98096, 3.01702
5450.75, 0.97476, 0.00532634, 0.97678, 3.38577
5450.76, 0.97148, 0.00531049, 0.97286, 3.68747
5450.77, 0.968756, 0.00529666, 0.96956, 3.91542
5450.78, 0.966427, 0.00528537, 0.96718, 4.06292
5450.79, 0.964999, 0.00528014, 0.96596, 4.12326
5450.8, 0.965068, 0.00528163, 0.966, 4.10315
5450.81, 0.967117, 0.00528861, 0.96731, 3.99587
5450.82, 0.970231, 0.00529898, 0.96976, 3.80144
5450.83, 0.973014, 0.00531047, 0.9731, 3.52656
5450.84, 0.975789, 0.00532272, 0.977, 3.19134
5450.85, 0.979322, 0.00533583, 0.98112, 2.79577
5450.86, 0.982696, 0.00534788, 0.98511, 2.36668
5450.87, 0.984774, 0.00535685, 0.9887, 1.9376
5450.88, 0.986196, 0.00536365, 0.99172, 1.52862
5450.89, 0.987784, 0.00536957, 0.99412, 1.15988
5450.9, 0.989044, 0.00537391, 0.99591, 0.85147
5450.91, 0.989461, 0.0053758, 0.99719, 0.610108
5450.92, 0.989462, 0.0053755, 0.99807, 0.422383
5450.93, 0.989639, 0.00537445, 0.99865, 0.294997
5450.94, 0.990531, 0.00537659, 0.99903, 0.214544
5450.95, 0.992138, 0.00538294, 0.99927, 0.147499
5450.96, 0.993333, 0.00538745, 0.99944, 0.113976
5450.97, 0.993606, 0.00538727, 0.99955, 0.0938628
5450.98, 0.993814, 0.00538691, 0.99962, 0.0737494
5450.99, 0.994418, 0.00538864, 0.99968, 0.0603404
5451, 0.995074, 0.00539032, 0.99972, 0.0469314
5451.01, 0.995537, 0.00539081, 0.99974, 0.0402269
5451.02, 0.995765, 0.00539066, 0.99977, 0.0268179
5451.03, 0.995677, 0.00538971, 0.99979, 0.0201135
5451.04, 0.995151, 0.00538708, 0.99982, 0.013409
5451.05, 0.994373, 0.00538319, 1, 0
5451.06, 0.99374, 0.00537947, 1, 0
5451.07, 0.992742, 0.00537423, 1, 0
5451.08, 0.990313, 0.00536393, 1, 0
5451.09, 0.986651, 0.00534932, 1, 0
5451.1, 0.983138, 0.00533522, 1, 0
5451.11, 0.979776, 0.00532166, 1, 0
