wav, obs, sigma_obs, syn, weight
5451.74, 1.00258, 0.0053336, 1, 0
5451.75, 1.00202, 0.00532831, 1, 0
5451.76, 1.00178, 0.00532595, 1, 0
5451.77, 1.00186, 0.00532681, 1, 0
5451.78, 1.00153, 0.00532505, 1, 0
5451.79, 1.00032, 0.00531722, 1, 0
5451.8, 0.998477, 0.00530669, 1, 0
5451.81, 0.996417, 0.00529679, 0.99958, 0.00664628
5451.82, 0.994702, 0.00528937, 0.99933, 0.0110771
5451.83, 0.993492, 0.00528435, 0.99901, 0.0110771
5451.84, 0.992387, 0.00527928, 0.99858, 0.015508
5451.85, 0.991258, 0.00527337, 0.99806, 0.015508
5451.86, 0.990303, 0.00526782, 0.99745, 0.0177234
5451.87, 0.989149, 0.00526129, 0.99677, 0.0177234
5451.88, 0.986953, 0.00525034, 0.99608, 0.0199388
5451.89, 0.98412, 0.00523656, 0.99541, 0.0243697
5451.9, 0.981943, 0.00522521, 0.99479, 0.0288005
5451.91, 0.980653, 0.00521769, 0.99425, 0.0354468
5451.92, 0.979823, 0.00521286, 0.9938, 0.0509548
5451.93, 0.979296, 0.00520968, 0.9934, 0.0797554
5451.94, 0.979008, 0.0052071, 0.99298, 0.13071
5451.95, 0.978548, 0.00520364, 0.99243, 0.214896
5451.96, 0.977577, 0.00519837, 0.99158, 0.343391
5451.97, 0.976951, 0.00519417, 0.99022, 0.533918
5451.98, 0.977523, 0.00519398, 0.98815, 0.797554
5451.99, 0.978331, 0.00519514, 0.98518, 1.13208
5452, 0.978128, 0.00519357, 0.98123, 1.53751
5452.01, 0.97638, 0.00518563, 0.97635, 1.99832
5452.02, 0.972941, 0.00516952, 0.97074, 2.48792
5452.03, 0.968311, 0.00514846, 0.96472, 2.97975
5452.04, 0.962788, 0.00512441, 0.95872, 3.44277
5452.05, 0.955975, 0.00509461, 0.95317, 3.85041
5452.06, 0.948364, 0.00506084, 0.94846, 4.18273
5452.07, 0.942219, 0.00503434, 0.94489, 4.42864
5452.08, 0.938849, 0.00502063, 0.94267, 4.57929
5452.09, 0.937861, 0.00501542, 0.94193, 4.63246
5452.1, 0.939085, 0.00501733, 0.9427, 4.58372
5452.11, 0.942754, 0.00502932, 0.94497, 4.4375
5452.12, 0.948371, 0.00505058, 0.94864, 4.19159
5452.13, 0.954744, 0.00507636, 0.95352, 3.86149
5452.14, 0.961587, 0.00510435, 0.95932, 3.45828
5452.15, 0.969292, 0.00513424, 0.96563, 2.99526
5452.16, 0.977088, 0.0051636, 0.972, 2.50786
5452.17, 0.983494, 0.00518857, 0.97796, 2.01825
5452.18, 0.98774, 0.00520525, 0.9831, 1.55745
5452.19, 0.989642, 0.00521097, 0.98716, 1.15424
5452.2, 0.990366, 0.00521196, 0.99003, 0.817493
5452.21, 0.991409, 0.0052165, 0.99173, 0.556072
5452.22, 0.992761, 0.00522214, 0.99243, 0.365545
5452.23, 0.99386, 0.00522374, 0.99235, 0.234835
5452.24, 0.994077, 0.00522114, 0.99175, 0.150649
5452.25, 0.993252, 0.00521639, 0.99086, 0.0974788
5452.26, 0.992968, 0.00521432, 0.98988, 0.0686782
5452.27, 0.994154, 0.00521714, 0.98895, 0.0531702
5452.28, 0.994786, 0.00521786, 0.9882, 0.0443085
5452.29, 0.993821, 0.00521292, 0.9877, 0.0376623
5452.3, 0.993649, 0.00521023, 0.98748, 0.0354468
5452.31, 0.995496, 0.00521454, 0.98759, 0.0332314
5452.32, 0.997594, 0.00522186, 0.98803, 0.0288005
5452.33, 0.998806, 0.00522784, 0.9888, 0.0288005
5452.34, 0.999437, 0.00522926, 0.98991, 0.0265851
5452.35, 1.00026, 0.0052286, 0.99133, 0.0199388
5452.36, 1.00241, 0.00523472, 0.993, 0.0177234
5452.37, 1.00524, 0.00524609, 0.99476, 0.0110771
5452.38, 1.00651, 0.00525116, 1, 0
5452.39, 1.00647, 0.00524978, 1, 0
5452.4, 1.00727, 0.00525057, 1, 0
5452.41, 1.00862, 0.00525327, 1, 0
5452.42, 1.00883, 0.00525224, 1, 0
5452.43, 1.0079, 0.00524749, 1, 0
5452.44, 1.0072, 0.00524347, 1, 0
