wav, obs, sigma_obs, syn, weight
5452.48, 0.994442, 0.00517385, 1, 0
5452.49, 0.996338, 0.0051806, 1, 0
5452.5, 0.99867, 0.00518908, 1, 0
5452.51, 1.00059, 0.00519593, 1, 0
5452.52, 1.0005, 0.00519482, 1, 0
5452.53, 0.999305, 0.00518893, 1, 0
5452.54, 0.99915, 0.00518628, 1, 0
5452.55, 0.999833, 0.00518662, 0.99858, 0.766796
5452.56, 1.00001, 0.00518566, 0.998, 1.08537
5452.57, 1.00003, 0.00518457, 0.99744, 1.39097
5452.58, 1.00068, 0.00518575, 0.99698, 1.64657
5452.59, 1.00069, 0.00518391, 0.99665, 1.82623
5452.6, 0.99887, 0.00517456, 0.99645, 1.9281
5452.61, 0.998072, 0.00516973, 0.99637, 1.95959
5452.62, 1.0005, 0.00517865, 0.99637, 1.93922
5452.63, 1.00188, 0.00518314, 0.99642, 1.87069
5452.64, 0.999095, 0.00516987, 0.99652, 1.76141
5452.65, 0.996536, 0.00515743, 0.99663, 1.62064
5452.66, 0.997432, 0.00515956, 0.99671, 1.4521
5452.67, 0.999311, 0.00516615, 0.9967, 1.26873
5452.68, 0.999966, 0.00516792, 0.99652, 1.08166
5452.69, 0.999126, 0.0051632, 0.99605, 0.905708
5452.7, 0.997266, 0.0051535, 0.99518, 0.751978
5452.71, 0.995623, 0.00514369, 0.99377, 0.637144
5452.72, 0.994343, 0.00513521, 0.9917, 0.568614
5452.73, 0.992254, 0.00512519, 0.98885, 0.557501
5452.74, 0.989122, 0.00511249, 0.98517, 0.603805
5452.75, 0.985639, 0.00509775, 0.98063, 0.714935
5452.76, 0.981842, 0.00508085, 0.97532, 0.883482
5452.77, 0.977246, 0.00506095, 0.9694, 1.10759
5452.78, 0.971526, 0.00503662, 0.96315, 1.37616
5452.79, 0.964604, 0.00500672, 0.95689, 1.67065
5452.8, 0.957578, 0.00497561, 0.95097, 1.97996
5452.81, 0.951813, 0.0049493, 0.94572, 2.27816
5452.82, 0.946618, 0.0049268, 0.94141, 2.55599
5452.83, 0.941095, 0.0049059, 0.93822, 2.79306
5452.84, 0.937467, 0.00489216, 0.93626, 2.97828
5452.85, 0.93786, 0.00489087, 0.93554, 3.10793
5452.86, 0.94017, 0.0048968, 0.93608, 3.17276
5452.87, 0.942377, 0.00490495, 0.93781, 3.17276
5452.88, 0.945924, 0.00491924, 0.94069, 3.10793
5452.89, 0.951833, 0.00494173, 0.9446, 2.98013
5452.9, 0.958482, 0.0049659, 0.94944, 2.79306
5452.91, 0.964584, 0.00498731, 0.95501, 2.55784
5452.92, 0.97025, 0.00500796, 0.9611, 2.28001
5452.93, 0.97564, 0.00502899, 0.9674, 1.97441
5452.94, 0.980732, 0.00504904, 0.97361, 1.66139
5452.95, 0.985122, 0.00506577, 0.97941, 1.35578
5452.96, 0.987996, 0.005076, 0.98454, 1.07055
5452.97, 0.989663, 0.00508097, 0.98881, 0.822361
5452.98, 0.991495, 0.005086, 0.99217, 0.616771
5452.99, 0.993455, 0.00509149, 0.99464, 0.451928
5453, 0.994457, 0.0050941, 0.99635, 0.331537
5453.01, 0.994737, 0.00509459, 0.99746, 0.244486
5453.02, 0.99526, 0.0050959, 0.99813, 0.185216
5453.03, 0.995715, 0.00509616, 0.9985, 0.146321
5453.04, 0.99536, 0.0050921, 0.99867, 0.120391
5453.05, 0.995007, 0.00508793, 0.9987, 0.105573
5453.06, 0.995681, 0.00508899, 0.99858, 0.0963125
5453.07, 0.996247, 0.0050908, 0.9983, 0.0870517
5453.08, 0.995461, 0.00508775, 0.99779, 0.0814952
5453.09, 0.994383, 0.00508238, 0.99695, 0.0777909
5453.1, 0.994194, 0.00507855, 0.99574, 0.0740865
5453.11, 0.994665, 0.00507802, 0.99416, 0.0703822
5453.12, 0.995053, 0.00507936, 0.99235, 0.0666779
5453.13, 0.994038, 0.00507457, 0.99066, 0.0611214
5453.14, 0.991295, 0.00506102, 0.98957, 0.0555649
5453.15, 0.988566, 0.00504829, 0.98951, 0.0463041
5453.16, 0.986548, 0.0050402, 0.99062, 0.0370433
5453.17, 0.983988, 0.00502971, 0.99261, 0.0259303
5453.18, 0.979946, 0.00501186, 1, 0
5453.19, 0.974127, 0.00498572, 1, 0
5453.2, 0.967546, 0.00495644, 1, 0
5453.21, 0.962351, 0.00493432, 1, 0
5453.22, 0.958978, 0.0049207, 1, 0
5453.23, 0.956515, 0.00490995, 1, 0
5453.24, 0.954414, 0.00489962, 1, 0
