wav, obs, sigma_obs, syn, weight
5456.26, 0.987255, 0.0046369, 1, 0
5456.27, 0.985713, 0.00463273, 1, 0
5456.28, 0.983557, 0.0046252, 1, 0
5456.29, 0.980589, 0.0046132, 1, 0
5456.3, 0.977405, 0.00459985, 1, 0
5456.31, 0.974449, 0.00458747, 1, 0
5456.32, 0.971746, 0.00457614, 1, 0
5456.33, 0.969312, 0.00456595, 0.9726, 0.879411
5456.34, 0.967219, 0.00455729, 0.96888, 1.21254
5456.35, 0.965915, 0.00455154, 0.96714, 1.50192
5456.36, 0.966145, 0.0045509, 0.96718, 1.70377
5456.37, 0.968054, 0.00455641, 0.96848, 1.80399
5456.38, 0.971226, 0.00456756, 0.9705, 1.82093
5456.39, 0.973948, 0.00457722, 0.97278, 1.78705
5456.4, 0.974481, 0.00457763, 0.97497, 1.73341
5456.41, 0.974734, 0.00457676, 0.9767, 1.6826
5456.42, 0.976952, 0.00458411, 0.97775, 1.65295
5456.43, 0.97911, 0.00459121, 0.97798, 1.65013
5456.44, 0.979103, 0.00458939, 0.97735, 1.67695
5456.45, 0.978, 0.00458378, 0.97594, 1.73059
5456.46, 0.9766, 0.00457814, 0.97394, 1.80682
5456.47, 0.973804, 0.00456759, 0.97156, 1.89857
5456.48, 0.969612, 0.0045514, 0.96906, 1.99456
5456.49, 0.966182, 0.00453728, 0.96664, 2.08913
5456.5, 0.964472, 0.00452893, 0.96452, 2.17383
5456.51, 0.963763, 0.00452432, 0.96285, 2.23876
5456.52, 0.963626, 0.00452242, 0.9618, 2.27969
5456.53, 0.964043, 0.00452355, 0.96148, 2.28957
5456.54, 0.965704, 0.00452924, 0.96194, 2.26417
5456.55, 0.969438, 0.00454103, 0.9632, 2.20629
5456.56, 0.973391, 0.00455351, 0.96518, 2.11313
5456.57, 0.975133, 0.00455994, 0.96773, 1.99032
5456.58, 0.976603, 0.00456565, 0.97066, 1.84493
5456.59, 0.980189, 0.00457712, 0.97378, 1.6826
5456.6, 0.983673, 0.00458763, 0.9769, 1.51603
5456.61, 0.985028, 0.00459138, 0.97989, 1.34947
5456.62, 0.986287, 0.00459522, 0.98265, 1.19278
5456.63, 0.989133, 0.00460466, 0.98511, 1.04739
5456.64, 0.992905, 0.00461741, 0.98726, 0.917524
5456.65, 0.996212, 0.00462852, 0.98906, 0.801775
5456.66, 0.997073, 0.00463067, 0.99053, 0.704376
5456.67, 0.995954, 0.00462555, 0.99167, 0.622505
5456.68, 0.996074, 0.00462495, 0.99254, 0.554749
5456.69, 0.997932, 0.0046304, 0.99316, 0.502521
5456.7, 0.999621, 0.00463443, 0.9936, 0.462997
5456.71, 1.0001, 0.00463393, 0.99391, 0.434765
5456.72, 0.999066, 0.0046291, 0.99412, 0.413591
5456.73, 0.997402, 0.00462272, 0.99428, 0.398064
5456.74, 0.996356, 0.00461831, 0.99439, 0.38536
5456.75, 0.9963, 0.0046171, 0.99446, 0.374067
5456.76, 0.997063, 0.00461864, 0.9945, 0.359952
5456.77, 0.997528, 0.00461891, 0.99452, 0.337366
5456.78, 0.997022, 0.00461571, 0.99455, 0.3049
5456.79, 0.996732, 0.00461419, 0.99468, 0.261141
5456.8, 0.997286, 0.0046165, 0.99499, 0.204678
5456.81, 0.997569, 0.00461636, 0.99556, 0.145392
5456.82, 0.997172, 0.00461198, 1, 0
5456.83, 0.996989, 0.00460943, 1, 0
5456.84, 0.997188, 0.00460998, 1, 0
5456.85, 0.997078, 0.00460925, 1, 0
5456.86, 0.996519, 0.00460614, 1, 0
5456.87, 0.99598, 0.00460314, 1, 0
5456.88, 0.995503, 0.00460047, 1, 0
