wav, obs, sigma_obs, syn, weight
5460.52, 0.851459, 0.00377065, 1, 0
5460.53, 0.879567, 0.00386441, 1, 0
5460.54, 0.906477, 0.00395375, 1, 0
5460.55, 0.930929, 0.00403443, 1, 0
5460.56, 0.952119, 0.0041051, 1, 0
5460.57, 0.969079, 0.00416282, 1, 0
5460.58, 0.980374, 0.0042004, 1, 0
5460.59, 0.986332, 0.00421824, 0.98749, 0.0169296
5460.6, 0.989748, 0.00422778, 0.98272, 0.0253944
5460.61, 0.991745, 0.0042336, 0.97856, 0.0338592
5460.62, 0.991817, 0.00423336, 0.97562, 0.0395024
5460.63, 0.991062, 0.00423048, 0.97403, 0.0451457
5460.64, 0.99128, 0.00423089, 0.97354, 0.0451457
5460.65, 0.991547, 0.00423132, 0.97381, 0.0479673
5460.66, 0.99038, 0.00422665, 0.97458, 0.0507889
5460.67, 0.989147, 0.00422195, 0.97572, 0.0536105
5460.68, 0.989327, 0.00422233, 0.97721, 0.0564321
5460.69, 0.990384, 0.0042248, 0.97895, 0.0620753
5460.7, 0.991438, 0.0042262, 0.98089, 0.0761833
5460.71, 0.991692, 0.00422589, 0.98291, 0.0959345
5460.72, 0.9914, 0.00422501, 0.98485, 0.132615
5460.73, 0.992084, 0.0042264, 0.98653, 0.197512
5460.74, 0.993718, 0.00423006, 0.98773, 0.304733
5460.75, 0.994938, 0.00423347, 0.98824, 0.468386
5460.76, 0.995387, 0.00423517, 0.98789, 0.699758
5460.77, 0.995275, 0.00423439, 0.98655, 1.00449
5460.78, 0.994373, 0.00423027, 0.98423, 1.38541
5460.79, 0.992295, 0.00422201, 0.98104, 1.8284
5460.8, 0.988723, 0.00420909, 0.97723, 2.30807
5460.81, 0.983449, 0.00419115, 0.9731, 2.80467
5460.82, 0.976519, 0.0041679, 0.969, 3.27306
5460.83, 0.96835, 0.00414034, 0.96524, 3.6963
5460.84, 0.959961, 0.00411168, 0.96206, 4.049
5460.85, 0.95275, 0.00408675, 0.95963, 4.31705
5460.86, 0.948429, 0.00407182, 0.95803, 4.49199
5460.87, 0.947556, 0.00406836, 0.9573, 4.57382
5460.88, 0.949704, 0.004074, 0.95748, 4.55407
5460.89, 0.953895, 0.00408633, 0.95855, 4.43838
5460.9, 0.959012, 0.00410299, 0.96052, 4.22676
5460.91, 0.964693, 0.00412175, 0.96333, 3.92485
5460.92, 0.970743, 0.00414062, 0.96689, 3.54393
5460.93, 0.976584, 0.00415822, 0.97105, 3.10094
5460.94, 0.981554, 0.00417327, 0.97556, 2.61845
5460.95, 0.984999, 0.00418432, 0.98016, 2.12749
5460.96, 0.986849, 0.00419101, 0.98455, 1.6591
5460.97, 0.987954, 0.00419472, 0.98847, 1.23868
5460.98, 0.989269, 0.0041982, 0.99174, 0.888805
5460.99, 0.991625, 0.00420487, 0.9943, 0.615109
5461, 0.99393, 0.00421153, 0.99617, 0.414776
5461.01, 0.99416, 0.00421162, 0.99744, 0.279339
5461.02, 0.99368, 0.00420923, 0.99824, 0.191869
5461.03, 0.99473, 0.00421134, 0.99872, 0.138259
5461.04, 0.995961, 0.00421432, 0.99898, 0.110043
5461.05, 0.995649, 0.0042132, 0.99912, 0.0931129
5461.06, 0.994328, 0.00420911, 0.99919, 0.0846481
5461.07, 0.992854, 0.00420411, 0.99922, 0.0790049
5461.08, 0.991815, 0.0041996, 0.99924, 0.0761833
5461.09, 0.99124, 0.0041959, 0.99925, 0.0761833
5461.1, 0.990477, 0.0041921, 0.99926, 0.0761833
5461.11, 0.989454, 0.00418824, 0.99929, 0.0677185
5461.12, 0.988619, 0.00418521, 0.99934, 0.0620753
5461.13, 0.987779, 0.00418191, 0.99943, 0.0564321
5461.14, 0.986473, 0.00417656, 0.99955, 0.042324
5461.15, 0.985174, 0.00417122, 0.99968, 0.0310376
5461.16, 0.984648, 0.00416894, 1, 0
5461.17, 0.985299, 0.00417065, 1, 0
5461.18, 0.987032, 0.00417563, 1, 0
5461.19, 0.988692, 0.00418026, 1, 0
5461.2, 0.989599, 0.00418248, 1, 0
5461.21, 0.990327, 0.00418414, 1, 0
5461.22, 0.991216, 0.0041863, 1, 0
