wav, obs, sigma_obs, syn, weight
5463.91, 0.958932, 0.00392539, 1, 0
5463.92, 0.954013, 0.00390602, 1, 0
5463.93, 0.949066, 0.00388871, 1, 0
5463.94, 0.94413, 0.00387391, 1, 0
5463.95, 0.939416, 0.00385944, 1, 0
5463.96, 0.93646, 0.00384901, 1, 0
5463.97, 0.938186, 0.00385323, 1, 0
5463.98, 0.94407, 0.00387081, 0.97178, 0.0887854
5463.99, 0.951108, 0.00389166, 0.97475, 0.128698
5464, 0.958573, 0.00391257, 0.97821, 0.167796
5464.01, 0.96661, 0.00393337, 0.98157, 0.201192
5464.02, 0.974095, 0.00395186, 0.98438, 0.226443
5464.03, 0.979787, 0.00396588, 0.98642, 0.245178
5464.04, 0.983177, 0.00397517, 0.98774, 0.256582
5464.05, 0.984716, 0.00398139, 0.98853, 0.265542
5464.06, 0.986207, 0.00398881, 0.98904, 0.270429
5464.07, 0.987838, 0.00399698, 0.98953, 0.273687
5464.08, 0.988108, 0.00400059, 0.99013, 0.275316
5464.09, 0.987718, 0.0039994, 0.99089, 0.276945
5464.1, 0.988514, 0.00399659, 0.99172, 0.281018
5464.11, 0.989702, 0.00399394, 0.99251, 0.291607
5464.12, 0.989888, 0.00399224, 0.9931, 0.315229
5464.13, 0.989665, 0.00399058, 0.99334, 0.361658
5464.14, 0.989654, 0.00398804, 0.99308, 0.441483
5464.15, 0.989393, 0.00398457, 0.99213, 0.568552
5464.16, 0.988273, 0.0039794, 0.99016, 0.750195
5464.17, 0.98569, 0.00397058, 0.98667, 0.995373
5464.18, 0.980838, 0.00395563, 0.98081, 1.30246
5464.19, 0.972653, 0.00393135, 0.97144, 1.66411
5464.2, 0.959295, 0.00389049, 0.95718, 2.06894
5464.21, 0.938967, 0.00382564, 0.93683, 2.49576
5464.22, 0.912546, 0.00374095, 0.90987, 2.92584
5464.23, 0.881573, 0.00364289, 0.87701, 3.33475
5464.24, 0.846753, 0.00353226, 0.84063, 3.69966
5464.25, 0.810719, 0.00341706, 0.80464, 4.00186
5464.26, 0.780163, 0.00332138, 0.77391, 4.22667
5464.27, 0.760161, 0.00326059, 0.7532, 4.36596
5464.28, 0.753162, 0.00323756, 0.746, 4.41157
5464.29, 0.760237, 0.0032604, 0.7536, 4.36351
5464.3, 0.781068, 0.00333749, 0.77475, 4.22341
5464.31, 0.811684, 0.00344303, 0.80599, 3.99616
5464.32, 0.846829, 0.00354343, 0.84253, 3.69233
5464.33, 0.88316, 0.00364311, 0.87946, 3.32497
5464.34, 0.917429, 0.00374704, 0.91275, 2.912
5464.35, 0.945245, 0.00383334, 0.93997, 2.47784
5464.36, 0.96441, 0.00388962, 0.96033, 2.04451
5464.37, 0.976613, 0.0039259, 0.9744, 1.63235
5464.38, 0.984346, 0.00395109, 0.98346, 1.2601
5464.39, 0.990352, 0.00397045, 0.98898, 0.940799
5464.4, 0.995089, 0.00398447, 0.99225, 0.681774
5464.41, 0.997813, 0.00399152, 0.99417, 0.48221
5464.42, 0.99932, 0.00399507, 0.99532, 0.338851
5464.43, 1.00054, 0.00399877, 0.99603, 0.240291
5464.44, 1.00074, 0.00399973, 0.99648, 0.176756
5464.45, 0.99963, 0.00399633, 0.99675, 0.137658
5464.46, 0.998666, 0.00399288, 0.99691, 0.113222
5464.47, 0.998618, 0.00399186, 0.99701, 0.0985599
5464.48, 0.999038, 0.00399229, 0.99708, 0.0895999
5464.49, 0.999497, 0.00399291, 0.99715, 0.082269
5464.5, 0.999723, 0.00399274, 0.99724, 0.0781963
5464.51, 1.00011, 0.00399375, 0.99736, 0.0741236
5464.52, 1.00117, 0.00399817, 0.9975, 0.0700508
5464.53, 1.00236, 0.00400224, 0.99766, 0.0659781
5464.54, 1.00306, 0.00400256, 0.99782, 0.0610908
5464.55, 1.00345, 0.00400188, 0.99797, 0.0545745
5464.56, 1.00361, 0.00400207, 0.9981, 0.046429
5464.57, 1.0033, 0.00400151, 0.99822, 0.03584
5464.58, 1.00258, 0.0039997, 0.99832, 0.0252509
5464.59, 1.00182, 0.00399756, 1, 0
5464.6, 1.00114, 0.00399534, 1, 0
5464.61, 1.0005, 0.00399289, 1, 0
5464.62, 1.00016, 0.00399091, 1, 0
5464.63, 1.00038, 0.00399009, 1, 0
5464.64, 1.00086, 0.00398982, 1, 0
5464.65, 1.00121, 0.00398927, 1, 0
