wav, obs, sigma_obs, syn, weight
5477.42, 0.976078, 0.00364812, 1, 0
5477.43, 0.974382, 0.00364274, 1, 0
5477.44, 0.972871, 0.00363851, 1, 0
5477.45, 0.971949, 0.00363614, 1, 0
5477.46, 0.971803, 0.00363555, 1, 0
5477.47, 0.970831, 0.00363302, 1, 0
5477.48, 0.968508, 0.00362728, 1, 0
5477.49, 0.967251, 0.00362345, 0.98754, 0.0666546
5477.5, 0.967382, 0.00362296, 0.987, 0.0974183
5477.51, 0.96729, 0.00362339, 0.98717, 0.125618
5477.52, 0.96663, 0.00362281, 0.98775, 0.148691
5477.53, 0.965567, 0.00362015, 0.98848, 0.161509
5477.54, 0.964251, 0.00361608, 0.9891, 0.174327
5477.55, 0.963348, 0.00361307, 0.98935, 0.184582
5477.56, 0.963892, 0.00361464, 0.9889, 0.194837
5477.57, 0.964927, 0.00361812, 0.98728, 0.205091
5477.58, 0.964957, 0.00361892, 0.98388, 0.220473
5477.59, 0.964239, 0.00361715, 0.978, 0.235855
5477.6, 0.962417, 0.00361166, 0.96897, 0.256364
5477.61, 0.957682, 0.00359786, 0.95629, 0.282
5477.62, 0.9487, 0.00357164, 0.9399, 0.315328
5477.63, 0.934484, 0.00352951, 0.92026, 0.364037
5477.64, 0.913787, 0.00346855, 0.89843, 0.446073
5477.65, 0.887093, 0.00339072, 0.87593, 0.571692
5477.66, 0.858452, 0.00330717, 0.85456, 0.75371
5477.67, 0.832021, 0.00322972, 0.83607, 1.00495
5477.68, 0.811569, 0.00316947, 0.82196, 1.32284
5477.69, 0.800094, 0.00313565, 0.81327, 1.69713
5477.7, 0.799391, 0.00313374, 0.8105, 2.115
5477.71, 0.808839, 0.00316133, 0.81359, 2.54826
5477.72, 0.825947, 0.00321123, 0.822, 2.96869
5477.73, 0.846602, 0.00327234, 0.83473, 3.35324
5477.74, 0.867377, 0.00333445, 0.85045, 3.67882
5477.75, 0.885517, 0.00338875, 0.8677, 3.93262
5477.76, 0.899242, 0.00342936, 0.88505, 4.10951
5477.77, 0.909391, 0.00345843, 0.90135, 4.20693
5477.78, 0.920063, 0.00348825, 0.91592, 4.22231
5477.79, 0.931419, 0.00352097, 0.92853, 4.15053
5477.8, 0.941533, 0.00355249, 0.93934, 3.99671
5477.81, 0.951931, 0.00358386, 0.94873, 3.7583
5477.82, 0.96323, 0.00361525, 0.95703, 3.43784
5477.83, 0.972493, 0.00364222, 0.96448, 3.05586
5477.84, 0.978773, 0.00366203, 0.97114, 2.63029
5477.85, 0.983238, 0.00367483, 0.97696, 2.18678
5477.86, 0.987308, 0.00368641, 0.98189, 1.75353
5477.87, 0.991646, 0.00370039, 0.98589, 1.35873
5477.88, 0.994874, 0.00370967, 0.989, 1.02033
5477.89, 0.996252, 0.00371226, 0.99132, 0.748583
5477.9, 0.996211, 0.00371319, 0.99298, 0.543492
5477.91, 0.996226, 0.0037146, 0.99412, 0.397364
5477.92, 0.997408, 0.00371655, 0.99488, 0.299946
5477.93, 0.998098, 0.00371777, 0.99538, 0.235855
5477.94, 0.997445, 0.00371717, 0.9957, 0.194837
5477.95, 0.996482, 0.00371444, 0.99593, 0.1692
5477.96, 0.995619, 0.00371151, 0.9961, 0.153818
5477.97, 0.994973, 0.00371108, 0.99625, 0.141
5477.98, 0.995463, 0.00371333, 0.9964, 0.133309
5477.99, 0.997015, 0.00371666, 0.99654, 0.128182
5478, 0.997538, 0.00371769, 0.99669, 0.120491
5478.01, 0.997412, 0.00371821, 0.99684, 0.115364
5478.02, 0.998624, 0.00372269, 0.99698, 0.102546
5478.03, 1, 0.00372702, 0.99714, 0.0871637
5478.04, 1.00022, 0.00372713, 0.99734, 0.0692183
5478.05, 1.00016, 0.00372616, 0.99761, 0.0461455
5478.06, 1.00031, 0.00372633, 1, 0
5478.07, 1.00046, 0.00372773, 1, 0
5478.08, 1.0004, 0.00372853, 1, 0
5478.09, 1.00003, 0.00372703, 1, 0
5478.1, 0.99956, 0.00372481, 1, 0
5478.11, 0.999152, 0.00372304, 1, 0
5478.12, 0.998743, 0.00372126, 1, 0
