wav, obs, sigma_obs, syn, weight
5478.09, 1.00804, 0.00375607, 1, 0
5478.1, 1.00657, 0.00375242, 1, 0
5478.11, 1.00514, 0.00374891, 1, 0
5478.12, 1.00366, 0.00374527, 1, 0
5478.13, 1.0017, 0.0037396, 1, 0
5478.14, 0.999308, 0.00373212, 1, 0
5478.15, 0.997318, 0.00372631, 1, 0
5478.16, 0.996411, 0.00372381, 0.99686, 0.105999
5478.17, 0.996812, 0.00372449, 0.99629, 0.159523
5478.18, 0.997428, 0.00372629, 0.99543, 0.216196
5478.19, 0.99749, 0.00372752, 0.99427, 0.265522
5478.2, 0.997433, 0.00372816, 0.99286, 0.304353
5478.21, 0.997609, 0.00372875, 0.99134, 0.33269
5478.22, 0.998067, 0.0037298, 0.98996, 0.351581
5478.23, 0.998103, 0.00372963, 0.98897, 0.364174
5478.24, 0.997518, 0.00372792, 0.98855, 0.369422
5478.25, 0.997744, 0.00372887, 0.98873, 0.369422
5478.26, 0.998574, 0.00373167, 0.9893, 0.363125
5478.27, 0.998199, 0.00373075, 0.98982, 0.35263
5478.28, 0.996682, 0.00372621, 0.98963, 0.340036
5478.29, 0.994137, 0.00371859, 0.98789, 0.33164
5478.3, 0.988454, 0.0037024, 0.98364, 0.333739
5478.31, 0.979325, 0.00367628, 0.97603, 0.359976
5478.32, 0.968908, 0.0036449, 0.96457, 0.423996
5478.33, 0.957295, 0.00361012, 0.94954, 0.542588
5478.34, 0.944206, 0.00357327, 0.93224, 0.728349
5478.35, 0.932392, 0.00354002, 0.91486, 0.991772
5478.36, 0.922999, 0.00351233, 0.89987, 1.32866
5478.37, 0.913772, 0.00348521, 0.88904, 1.73167
5478.38, 0.903533, 0.00345574, 0.88258, 2.1798
5478.39, 0.89176, 0.00342188, 0.87877, 2.64892
5478.4, 0.87672, 0.00337748, 0.87465, 3.10965
5478.41, 0.857578, 0.0033202, 0.86743, 3.5347
5478.42, 0.835983, 0.00325722, 0.85609, 3.90097
5478.43, 0.815944, 0.00319916, 0.84229, 4.19063
5478.44, 0.802867, 0.00315877, 0.82999, 4.39318
5478.45, 0.80019, 0.00314971, 0.82391, 4.50233
5478.46, 0.809676, 0.00317982, 0.8276, 4.51597
5478.47, 0.830788, 0.00324273, 0.84201, 4.43306
5478.48, 0.860643, 0.00332961, 0.86523, 4.25465
5478.49, 0.89421, 0.00343004, 0.89325, 3.98493
5478.5, 0.925843, 0.00352438, 0.92151, 3.63545
5478.51, 0.951167, 0.00359629, 0.94626, 3.21985
5478.52, 0.970179, 0.00365065, 0.96549, 2.76017
5478.53, 0.983849, 0.0036923, 0.9789, 2.2858
5478.54, 0.99331, 0.00372132, 0.98737, 1.82297
5478.55, 0.998976, 0.00373837, 0.99229, 1.39688
5478.56, 1.00143, 0.00374591, 0.99497, 1.02641
5478.57, 1.00326, 0.0037511, 0.99637, 0.72625
5478.58, 1.00539, 0.00375643, 0.99712, 0.494312
5478.59, 1.00573, 0.00375639, 0.99754, 0.328492
5478.6, 1.00477, 0.00375324, 0.99781, 0.216196
5478.61, 1.00425, 0.00375262, 0.998, 0.14483
5478.62, 1.00312, 0.00374972, 0.99815, 0.101801
5478.63, 1.00099, 0.00374285, 0.99827, 0.0766131
5478.64, 0.999932, 0.0037408, 0.99838, 0.0619202
5478.65, 0.999429, 0.00374131, 0.99847, 0.0524747
5478.66, 0.997119, 0.00373429, 0.99854, 0.0461777
5478.67, 0.993038, 0.00372082, 0.99861, 0.0419798
5478.68, 0.988539, 0.00370695, 0.99867, 0.0388313
5478.69, 0.985928, 0.0037006, 0.99871, 0.0356828
5478.7, 0.985496, 0.0037013, 0.99876, 0.0335838
5478.71, 0.985659, 0.00370144, 0.99879, 0.0314848
5478.72, 0.986274, 0.00370169, 0.99883, 0.0293858
5478.73, 0.987352, 0.0037043, 0.99886, 0.0262374
5478.74, 0.987626, 0.0037059, 0.99889, 0.0220394
5478.75, 0.987074, 0.00370558, 0.99891, 0.0167919
5478.76, 0.987162, 0.003706, 0.99894, 0.0115444
5478.77, 0.987505, 0.00370656, 1, 0
5478.78, 0.987372, 0.00370637, 1, 0
5478.79, 0.988158, 0.00370934, 1, 0
5478.8, 0.990463, 0.00371692, 1, 0
5478.81, 0.992822, 0.00372467, 1, 0
5478.82, 0.995, 0.00373186, 1, 0
5478.83, 0.997178, 0.00373906, 1, 0
