wav, obs, sigma_obs, syn, weight
5481.54, 0.970294, 0.00371161, 1, 0
5481.55, 0.980183, 0.00374086, 1, 0
5481.56, 0.988521, 0.00376565, 1, 0
5481.57, 0.993393, 0.00378048, 1, 0
5481.58, 0.996518, 0.00379028, 1, 0
5481.59, 0.998891, 0.00379756, 1, 0
5481.6, 0.999801, 0.00379967, 0.98677, 0.306932
5481.61, 0.999898, 0.00379974, 0.98822, 0.514318
5481.62, 1.00019, 0.00380181, 0.98939, 0.721705
5481.63, 1.00032, 0.00380251, 0.99034, 0.887614
5481.64, 0.999443, 0.00379913, 0.99113, 0.970568
5481.65, 0.9967, 0.00379199, 0.99178, 0.970568
5481.66, 0.993466, 0.00378391, 0.99233, 0.929091
5481.67, 0.991283, 0.00377737, 0.9928, 0.871023
5481.68, 0.988753, 0.00377018, 0.99321, 0.812955
5481.69, 0.98557, 0.0037621, 0.99358, 0.754886
5481.7, 0.983292, 0.00375606, 0.99391, 0.713409
5481.71, 0.982382, 0.00375325, 0.9942, 0.671932
5481.72, 0.982504, 0.00375319, 0.99443, 0.63875
5481.73, 0.982735, 0.00375329, 0.99456, 0.622159
5481.74, 0.98282, 0.00375319, 0.99451, 0.605568
5481.75, 0.983282, 0.00375506, 0.99412, 0.622159
5481.76, 0.983801, 0.00375768, 0.99302, 0.647045
5481.77, 0.983274, 0.00375719, 0.99058, 0.705114
5481.78, 0.979615, 0.00374713, 0.9858, 0.804659
5481.79, 0.971924, 0.00372479, 0.9774, 0.945682
5481.8, 0.960382, 0.00369085, 0.96413, 1.14477
5481.81, 0.942359, 0.00363726, 0.94528, 1.39364
5481.82, 0.916428, 0.00355956, 0.9214, 1.67568
5481.83, 0.887523, 0.00347254, 0.89461, 1.98261
5481.84, 0.859442, 0.00338808, 0.86851, 2.30614
5481.85, 0.834394, 0.00331353, 0.84735, 2.59648
5481.86, 0.819017, 0.00326789, 0.8348, 2.85364
5481.87, 0.818584, 0.00326618, 0.83289, 3.06102
5481.88, 0.830449, 0.0033016, 0.84151, 3.21034
5481.89, 0.851537, 0.0033655, 0.85856, 3.2933
5481.9, 0.878915, 0.0034487, 0.88065, 3.31818
5481.91, 0.905837, 0.00353019, 0.90405, 3.2767
5481.92, 0.926706, 0.0035926, 0.92548, 3.17716
5481.93, 0.941942, 0.00363742, 0.94261, 3.01125
5481.94, 0.951538, 0.00366559, 0.95432, 2.79557
5481.95, 0.954833, 0.00367625, 0.96067, 2.53011
5481.96, 0.954216, 0.00367508, 0.96268, 2.21489
5481.97, 0.952556, 0.00366978, 0.96205, 1.89136
5481.98, 0.951342, 0.00366689, 0.96068, 1.55955
5481.99, 0.951591, 0.00366934, 0.96019, 1.24432
5482, 0.954059, 0.00367749, 0.96158, 0.962273
5482.01, 0.95946, 0.00369386, 0.96501, 0.73
5482.02, 0.967427, 0.00371789, 0.96998, 0.555795
5482.03, 0.975563, 0.00374166, 0.9756, 0.431364
5482.04, 0.982813, 0.0037629, 0.98103, 0.348409
5482.05, 0.989249, 0.00378336, 0.98566, 0.290341
5482.06, 0.994212, 0.00379907, 0.98927, 0.257159
5482.07, 0.997162, 0.00380713, 0.99192, 0.240568
5482.08, 0.998292, 0.00381018, 0.9938, 0.232273
5482.09, 0.998875, 0.00381256, 0.99512, 0.223977
5482.1, 1.00034, 0.0038177, 0.99605, 0.240568
5482.11, 1.00135, 0.00382137, 0.99665, 0.265455
5482.12, 1.00125, 0.00382155, 0.99695, 0.315227
5482.13, 1.0017, 0.00382324, 0.99691, 0.398182
5482.14, 1.00208, 0.00382482, 0.99644, 0.514318
5482.15, 1.0009, 0.00382188, 0.99542, 0.647045
5482.16, 1.00024, 0.00381948, 0.99366, 0.754886
5482.17, 1.00083, 0.00381995, 0.99097, 0.779773
5482.18, 1.00015, 0.00381799, 0.98715, 0.696818
5482.19, 0.998541, 0.00381368, 0.98199, 0.530909
5482.2, 0.997653, 0.00381027, 0.97535, 0.331818
5482.21, 0.996629, 0.00380799, 1, 0
5482.22, 0.994918, 0.00380568, 1, 0
5482.23, 0.993188, 0.0038014, 1, 0
5482.24, 0.991079, 0.00379421, 1, 0
5482.25, 0.987927, 0.00378426, 1, 0
5482.26, 0.984419, 0.00377347, 1, 0
