wav, obs, sigma_obs, syn, weight
5486.78, 0.996636, 0.00400006, 1, 0
5486.79, 0.998461, 0.00400754, 1, 0
5486.8, 1.00021, 0.00401343, 1, 0
5486.81, 1.00155, 0.00401759, 1, 0
5486.82, 1.00216, 0.00402025, 1, 0
5486.83, 1.00221, 0.00402162, 1, 0
5486.84, 1.00231, 0.00402291, 0.99813, 0.0149735
5486.85, 1.00293, 0.00402499, 0.99805, 0.0249559
5486.86, 1.00228, 0.00402395, 0.99797, 0.0382657
5486.87, 1.00007, 0.00401907, 0.99789, 0.0507437
5486.88, 0.998722, 0.00401559, 0.99779, 0.0598942
5486.89, 0.998082, 0.00401361, 0.99764, 0.067381
5486.9, 0.99691, 0.00401045, 0.99743, 0.0715403
5486.91, 0.994901, 0.00400382, 0.99711, 0.0756996
5486.92, 0.992608, 0.0039962, 0.99664, 0.0798589
5486.93, 0.991073, 0.00399302, 0.99597, 0.0848501
5486.94, 0.990533, 0.00399275, 0.99508, 0.0906731
5486.95, 0.990191, 0.00399117, 0.99399, 0.0981599
5486.96, 0.988322, 0.00398429, 0.99278, 0.108974
5486.97, 0.986383, 0.00397847, 0.99155, 0.123948
5486.98, 0.986447, 0.00398085, 0.99044, 0.148904
5486.99, 0.986852, 0.00398333, 0.98958, 0.188001
5487, 0.986774, 0.00398274, 0.98902, 0.252055
5487.01, 0.986774, 0.00398291, 0.98872, 0.351878
5487.02, 0.986336, 0.0039822, 0.98846, 0.499118
5487.03, 0.985112, 0.00397896, 0.98777, 0.702925
5487.04, 0.983595, 0.00397458, 0.98589, 0.966626
5487.05, 0.979991, 0.00396353, 0.9817, 1.29105
5487.06, 0.972085, 0.00393896, 0.97374, 1.6629
5487.07, 0.961277, 0.00390503, 0.96039, 2.06968
5487.08, 0.946032, 0.0038574, 0.94036, 2.49143
5487.09, 0.921623, 0.00378217, 0.91326, 2.9032
5487.1, 0.889683, 0.00368228, 0.88025, 3.28337
5487.11, 0.854636, 0.00357029, 0.84429, 3.61112
5487.12, 0.821245, 0.00346398, 0.80991, 3.87066
5487.13, 0.793481, 0.00337664, 0.78233, 4.05201
5487.14, 0.77546, 0.00332034, 0.76621, 4.14934
5487.15, 0.77383, 0.00331541, 0.76436, 4.16015
5487.16, 0.789271, 0.00336411, 0.77704, 4.08445
5487.17, 0.814818, 0.00344534, 0.80178, 3.92307
5487.18, 0.846797, 0.00354804, 0.8342, 3.68349
5487.19, 0.881601, 0.00366041, 0.86916, 3.37321
5487.2, 0.912452, 0.00375904, 0.90207, 3.00802
5487.21, 0.936553, 0.00383523, 0.92982, 2.60706
5487.22, 0.95425, 0.00389153, 0.95111, 2.19362
5487.23, 0.964902, 0.00392571, 0.96616, 1.79017
5487.24, 0.970491, 0.0039438, 0.97615, 1.4175
5487.25, 0.976103, 0.00396219, 0.9825, 1.09224
5487.26, 0.980811, 0.00397758, 0.98647, 0.826041
5487.27, 0.982787, 0.00398408, 0.98897, 0.621402
5487.28, 0.984902, 0.00399187, 0.99054, 0.47333
5487.29, 0.987211, 0.00400063, 0.99152, 0.376002
5487.3, 0.987762, 0.00400276, 0.99208, 0.31694
5487.31, 0.988559, 0.0040056, 0.99235, 0.286161
5487.32, 0.990532, 0.00401252, 0.99243, 0.273683
5487.33, 0.991746, 0.00401644, 0.99235, 0.274515
5487.34, 0.992638, 0.00402107, 0.99217, 0.285329
5487.35, 0.994234, 0.0040306, 0.9919, 0.30779
5487.36, 0.995734, 0.00403583, 0.99151, 0.34356
5487.37, 0.99651, 0.00403512, 0.99096, 0.395135
5487.38, 0.996454, 0.00403433, 0.99015, 0.467507
5487.39, 0.995985, 0.00403379, 0.98892, 0.556517
5487.4, 0.994665, 0.00403023, 0.98703, 0.658836
5487.41, 0.990703, 0.00401799, 0.98415, 0.752837
5487.42, 0.983894, 0.00399654, 0.97994, 0.804412
5487.43, 0.974479, 0.00396693, 0.97411, 0.774465
5487.44, 0.961509, 0.00392693, 0.96652, 0.650517
5487.45, 0.945685, 0.00387787, 0.95754, 0.463348
5487.46, 0.929081, 0.00382447, 0.94805, 0.274515
5487.47, 0.912009, 0.00376977, 1, 0
5487.48, 0.895044, 0.00371681, 1, 0
5487.49, 0.880148, 0.00367002, 1, 0
5487.5, 0.869859, 0.00363764, 1, 0
5487.51, 0.86531, 0.00362421, 1, 0
5487.52, 0.862047, 0.00361506, 1, 0
