wav, obs, sigma_obs, syn, weight
5487.8, 0.642176, 0.00291959, 1, 0
5487.81, 0.705884, 0.00312688, 1, 0
5487.82, 0.772373, 0.00334373, 1, 0
5487.83, 0.831221, 0.00353433, 1, 0
5487.84, 0.874575, 0.00367262, 1, 0
5487.85, 0.90474, 0.00376928, 1, 0
5487.86, 0.92505, 0.00383625, 0.91153, 1.54953
5487.87, 0.938353, 0.00388144, 0.92959, 2.6447
5487.88, 0.946316, 0.00390742, 0.94116, 3.75916
5487.89, 0.950292, 0.00391846, 0.94774, 4.55214
5487.9, 0.951559, 0.00392235, 0.95133, 4.82861
5487.91, 0.950975, 0.00392247, 0.95411, 4.63358
5487.92, 0.949635, 0.00392047, 0.95734, 4.17065
5487.93, 0.949519, 0.00391913, 0.96147, 3.63699
5487.94, 0.951495, 0.00392366, 0.96639, 3.1462
5487.95, 0.955347, 0.00393821, 0.97165, 2.73257
5487.96, 0.96037, 0.00395574, 0.97671, 2.40466
5487.97, 0.966103, 0.00397325, 0.98112, 2.14319
5487.98, 0.972464, 0.0039955, 0.98464, 1.93101
5487.99, 0.978719, 0.00401772, 0.98722, 1.75527
5488, 0.984142, 0.00403436, 0.98892, 1.60525
5488.01, 0.988723, 0.00404801, 0.98984, 1.48094
5488.02, 0.992624, 0.00406025, 0.98998, 1.3695
5488.03, 0.995682, 0.00407019, 0.98924, 1.2752
5488.04, 0.996256, 0.00407372, 0.98736, 1.19376
5488.05, 0.994488, 0.0040703, 0.98404, 1.12517
5488.06, 0.992683, 0.00406396, 0.97898, 1.06517
5488.07, 0.989226, 0.0040517, 0.97213, 1.01159
5488.08, 0.982582, 0.00403137, 0.96371, 0.962292
5488.09, 0.974988, 0.0040089, 0.95423, 0.917285
5488.1, 0.966016, 0.00398168, 0.94429, 0.870135
5488.11, 0.953787, 0.00394313, 0.93423, 0.827271
5488.12, 0.939691, 0.00389848, 0.92392, 0.782264
5488.13, 0.925376, 0.00385347, 0.91275, 0.739401
5488.14, 0.911582, 0.00381008, 0.89999, 0.694394
5488.15, 0.897252, 0.00376385, 0.88548, 0.655816
5488.16, 0.882462, 0.00371496, 0.87014, 0.612952
5488.17, 0.870843, 0.00367734, 0.85612, 0.574375
5488.18, 0.862808, 0.00365299, 0.84633, 0.537941
5488.19, 0.857655, 0.00363871, 0.84352, 0.499363
5488.2, 0.859812, 0.00364681, 0.84926, 0.462929
5488.21, 0.870618, 0.00368114, 0.86331, 0.428638
5488.22, 0.886718, 0.0037324, 0.88365, 0.39649
5488.23, 0.906296, 0.00379606, 0.90712, 0.370772
5488.24, 0.927184, 0.0038651, 0.93036, 0.34934
5488.25, 0.945399, 0.0039244, 0.95072, 0.334338
5488.26, 0.95982, 0.00397065, 0.96672, 0.321478
5488.27, 0.970963, 0.00400715, 0.9781, 0.310763
5488.28, 0.977993, 0.00403117, 0.98545, 0.304333
5488.29, 0.981705, 0.00404384, 0.98979, 0.29576
5488.3, 0.984482, 0.00405116, 0.99213, 0.289331
5488.31, 0.985716, 0.00405472, 0.99327, 0.282901
5488.32, 0.985509, 0.00405678, 0.99378, 0.274328
5488.33, 0.986968, 0.00406301, 0.99395, 0.267899
5488.34, 0.989297, 0.00407081, 0.99396, 0.259326
5488.35, 0.990241, 0.00407485, 0.99387, 0.250753
5488.36, 0.991144, 0.00407815, 0.9937, 0.240037
5488.37, 0.99291, 0.00408369, 0.99347, 0.225035
5488.38, 0.995145, 0.00409182, 0.99315, 0.205746
5488.39, 0.996775, 0.0040978, 0.99275, 0.173598
5488.4, 0.997366, 0.00409934, 0.99224, 0.130735
5488.41, 0.99783, 0.00410068, 0.99164, 0.0878708
5488.42, 0.998099, 0.00410161, 0.99104, 0.0492934
5488.43, 0.997658, 0.00410002, 1, 0
5488.44, 0.996544, 0.00409678, 1, 0
5488.45, 0.994933, 0.00409283, 1, 0
5488.46, 0.993125, 0.00408872, 1, 0
5488.47, 0.991839, 0.00408559, 1, 0
5488.48, 0.991349, 0.0040838, 1, 0
