wav, obs, sigma_obs, syn, weight
5491.49, 1.00533, 0.00433547, 1, 0
5491.5, 1.00506, 0.00433611, 1, 0
5491.51, 1.00473, 0.00433643, 1, 0
5491.52, 1.00455, 0.00433752, 1, 0
5491.53, 1.00443, 0.00433911, 1, 0
5491.54, 1.00331, 0.00433542, 1, 0
5491.55, 1.00177, 0.0043294, 0.99923, 0.00521618
5491.56, 1.00155, 0.00432977, 0.99895, 0.00782427
5491.57, 1.002, 0.00433194, 0.9985, 0.0130404
5491.58, 1.00165, 0.0043301, 0.99779, 0.0156485
5491.59, 0.999341, 0.0043229, 0.99677, 0.0182566
5491.6, 0.997139, 0.00431747, 0.99542, 0.0182566
5491.61, 0.996006, 0.00431573, 0.99378, 0.0234728
5491.62, 0.993269, 0.00430672, 0.99198, 0.0234728
5491.63, 0.98977, 0.00429453, 0.99025, 0.028689
5491.64, 0.987431, 0.00428777, 0.98883, 0.0312971
5491.65, 0.985778, 0.00428474, 0.98796, 0.0391213
5491.66, 0.985271, 0.00428545, 0.98777, 0.0495537
5491.67, 0.986618, 0.00429058, 0.9883, 0.0678103
5491.68, 0.988126, 0.00429518, 0.98943, 0.0991074
5491.69, 0.989422, 0.00429979, 0.99095, 0.153877
5491.7, 0.991449, 0.00430904, 0.99257, 0.24516
5491.71, 0.992413, 0.00431381, 0.99401, 0.388605
5491.72, 0.991862, 0.00431152, 0.99496, 0.59986
5491.73, 0.991956, 0.00431263, 0.99514, 0.891966
5491.74, 0.99161, 0.00431258, 0.99424, 1.26231
5491.75, 0.989466, 0.00430532, 0.99186, 1.70569
5491.76, 0.986332, 0.00429457, 0.98764, 2.1934
5491.77, 0.981114, 0.00427727, 0.98128, 2.69937
5491.78, 0.972649, 0.00424957, 0.97279, 3.18708
5491.79, 0.962953, 0.00421778, 0.96261, 3.62785
5491.8, 0.952968, 0.00418455, 0.9517, 3.99559
5491.81, 0.942787, 0.00414997, 0.94146, 4.27987
5491.82, 0.934262, 0.00412106, 0.93347, 4.47026
5491.83, 0.928926, 0.00410401, 0.92907, 4.56676
5491.84, 0.927706, 0.00410243, 0.92907, 4.56676
5491.85, 0.932659, 0.00412103, 0.93347, 4.47287
5491.86, 0.943185, 0.00415673, 0.94148, 4.27987
5491.87, 0.954599, 0.00419572, 0.95173, 3.9982
5491.88, 0.965942, 0.00423553, 0.96267, 3.62785
5491.89, 0.977018, 0.00427503, 0.9729, 3.18969
5491.9, 0.985472, 0.00430477, 0.98149, 2.69937
5491.91, 0.99096, 0.00432417, 0.98803, 2.19601
5491.92, 0.994504, 0.00433782, 0.99257, 1.7083
5491.93, 0.996849, 0.00434691, 0.99547, 1.26753
5491.94, 0.999158, 0.00435534, 0.99718, 0.899791
5491.95, 1.00214, 0.0043665, 0.99813, 0.612901
5491.96, 1.00318, 0.00437065, 0.99861, 0.406862
5491.97, 1.00232, 0.00436754, 0.99885, 0.268633
5491.98, 1.00276, 0.00436889, 0.99894, 0.19039
5491.99, 1.00273, 0.00437021, 0.99894, 0.148661
5492, 1.00134, 0.00436837, 0.99887, 0.133013
5492.01, 1.0015, 0.00437042, 0.99873, 0.130404
5492.02, 1.00211, 0.00437227, 0.99852, 0.133013
5492.03, 1.00153, 0.00436932, 0.99825, 0.140837
5492.04, 1.00134, 0.0043678, 0.99796, 0.148661
5492.05, 1.00122, 0.00436842, 0.99767, 0.153877
5492.06, 1.00011, 0.00436844, 0.99743, 0.156485
5492.07, 0.999259, 0.00436827, 0.99729, 0.156485
5492.08, 0.998748, 0.00436639, 0.99725, 0.153877
5492.09, 0.997628, 0.00436096, 0.99732, 0.140837
5492.1, 0.996419, 0.00435747, 0.99748, 0.12258
5492.11, 0.995423, 0.00435661, 0.99769, 0.0938912
5492.12, 0.994224, 0.00435244, 0.99794, 0.059986
5492.13, 0.992415, 0.00434642, 0.9982, 0.0339052
5492.14, 0.990323, 0.00434132, 1, 0
5492.15, 0.989123, 0.00433739, 1, 0
5492.16, 0.987851, 0.00433336, 1, 0
5492.17, 0.985378, 0.00432819, 1, 0
5492.18, 0.982775, 0.00432291, 1, 0
5492.19, 0.980313, 0.00431776, 1, 0
