wav, obs, sigma_obs, syn, weight
5508.04, 0.999932, 0.00432271, 1, 0
5508.05, 0.999312, 0.00432036, 1, 0
5508.06, 0.998839, 0.00431829, 1, 0
5508.07, 0.998855, 0.00431718, 1, 0
5508.08, 0.998905, 0.00431614, 1, 0
5508.09, 0.998368, 0.00431395, 1, 0
5508.1, 0.997868, 0.00431192, 1, 0
5508.11, 0.998165, 0.00431162, 0.9993, 0.0302875
5508.12, 0.998625, 0.0043119, 0.99923, 0.0426778
5508.13, 0.998551, 0.00431125, 0.99919, 0.0536914
5508.14, 0.99818, 0.00430939, 0.99915, 0.064705
5508.15, 0.997888, 0.00430692, 0.99912, 0.0729652
5508.16, 0.997973, 0.00430575, 0.99909, 0.078472
5508.17, 0.998302, 0.00430607, 0.99905, 0.0839789
5508.18, 0.998114, 0.00430516, 0.999, 0.0894857
5508.19, 0.997459, 0.00430271, 0.99894, 0.0949925
5508.2, 0.997335, 0.00430139, 0.99887, 0.103253
5508.21, 0.997898, 0.00430168, 0.99878, 0.11289
5508.22, 0.998568, 0.00430214, 0.99867, 0.126657
5508.23, 0.998968, 0.004302, 0.99854, 0.144554
5508.24, 0.998925, 0.00430103, 0.99835, 0.172088
5508.25, 0.99872, 0.00429992, 0.99808, 0.216142
5508.26, 0.998714, 0.00429946, 0.99766, 0.280847
5508.27, 0.998664, 0.00429882, 0.99698, 0.37997
5508.28, 0.998209, 0.00429685, 0.99589, 0.520394
5508.29, 0.997287, 0.00429315, 0.99416, 0.713132
5508.3, 0.995809, 0.00428721, 0.99153, 0.966445
5508.31, 0.993437, 0.00427786, 0.98775, 1.27896
5508.32, 0.989729, 0.00426393, 0.98263, 1.64516
5508.33, 0.984123, 0.00424436, 0.97608, 2.04991
5508.34, 0.97633, 0.00421817, 0.96826, 2.47669
5508.35, 0.966467, 0.0041846, 0.95952, 2.89934
5508.36, 0.955413, 0.00414648, 0.95047, 3.2972
5508.37, 0.944739, 0.00410995, 0.94182, 3.64551
5508.38, 0.935696, 0.00407893, 0.93438, 3.93186
5508.39, 0.92924, 0.00405569, 0.92884, 4.13974
5508.4, 0.925948, 0.00404287, 0.92574, 4.26365
5508.41, 0.926096, 0.00404261, 0.9254, 4.3022
5508.42, 0.92932, 0.00405289, 0.92784, 4.25126
5508.43, 0.93497, 0.00407052, 0.93282, 4.11359
5508.44, 0.942206, 0.00409387, 0.93984, 3.89331
5508.45, 0.950335, 0.00412143, 0.94822, 3.5987
5508.46, 0.959246, 0.00415103, 0.95718, 3.24213
5508.47, 0.968373, 0.00417987, 0.96593, 2.83876
5508.48, 0.975998, 0.00420407, 0.9738, 2.41336
5508.49, 0.981156, 0.00422127, 0.98027, 1.98658
5508.5, 0.98425, 0.00423159, 0.98504, 1.58183
5508.51, 0.985915, 0.00423653, 0.98799, 1.21976
5508.52, 0.986864, 0.00423875, 0.98911, 0.91413
5508.53, 0.98708, 0.00423849, 0.98849, 0.667701
5508.54, 0.985988, 0.00423409, 0.98626, 0.483223
5508.55, 0.983423, 0.00422481, 0.98264, 0.351059
5508.56, 0.979512, 0.0042107, 0.97792, 0.265704
5508.57, 0.974701, 0.00419357, 0.9725, 0.217519
5508.58, 0.969517, 0.00417557, 0.96685, 0.195492
5508.59, 0.964248, 0.00415728, 0.96151, 0.196868
5508.6, 0.959298, 0.00413964, 0.95698, 0.216142
5508.61, 0.955708, 0.00412645, 0.95369, 0.247806
5508.62, 0.954365, 0.00412103, 0.95191, 0.289108
5508.63, 0.95548, 0.00412423, 0.9518, 0.338669
5508.64, 0.958491, 0.00413407, 0.95332, 0.386853
5508.65, 0.961745, 0.00414461, 0.9563, 0.430908
5508.66, 0.964994, 0.00415467, 0.96044, 0.463949
5508.67, 0.969711, 0.00416906, 0.96535, 0.476339
5508.68, 0.975359, 0.00418638, 0.97061, 0.459819
5508.69, 0.979734, 0.00420002, 0.97582, 0.410257
5508.7, 0.982953, 0.00421038, 0.98072, 0.331785
5508.71, 0.986446, 0.0042217, 0.98516, 0.239546
5508.72, 0.989952, 0.00423281, 1, 0
5508.73, 0.992609, 0.00424068, 1, 0
5508.74, 0.994538, 0.00424585, 1, 0
5508.75, 0.996129, 0.00424979, 1, 0
5508.76, 0.997599, 0.0042533, 1, 0
5508.77, 0.999133, 0.00425704, 1, 0
5508.78, 1.00067, 0.00426078, 1, 0
