wav, obs, sigma_obs, syn, weight
5520.13, 0.99535, 0.00366872, 1, 0
5520.14, 0.994598, 0.00366646, 1, 0
5520.15, 0.993894, 0.00366379, 1, 0
5520.16, 0.992318, 0.0036588, 1, 0
5520.17, 0.989322, 0.00365069, 1, 0
5520.18, 0.987161, 0.00364526, 1, 0
5520.19, 0.98702, 0.0036451, 1, 0
5520.2, 0.986851, 0.003644, 0.99439, 0.394402
5520.21, 0.986585, 0.00364233, 0.99419, 0.548605
5520.22, 0.988367, 0.00364761, 0.9944, 0.673153
5520.23, 0.991206, 0.00365644, 0.99491, 0.744323
5520.24, 0.99278, 0.00366082, 0.99559, 0.750254
5520.25, 0.993852, 0.00366351, 0.99634, 0.705772
5520.26, 0.995346, 0.00366768, 0.99708, 0.631637
5520.27, 0.996028, 0.00366868, 0.99775, 0.542674
5520.28, 0.995852, 0.00366666, 0.99829, 0.44778
5520.29, 0.996804, 0.00366989, 0.9987, 0.367713
5520.3, 0.998663, 0.003677, 0.99897, 0.299508
5520.31, 0.999615, 0.0036798, 0.99912, 0.249096
5520.32, 0.999848, 0.00367896, 0.99917, 0.222407
5520.33, 1.00011, 0.00367819, 0.99913, 0.225373
5520.34, 0.999979, 0.00367799, 0.99898, 0.257992
5520.35, 0.999341, 0.00367805, 0.99869, 0.326197
5520.36, 0.999137, 0.0036778, 0.99817, 0.444815
5520.37, 0.999255, 0.00367661, 0.99729, 0.610879
5520.38, 0.998497, 0.00367395, 0.99586, 0.839217
5520.39, 0.996952, 0.00367026, 0.99366, 1.1239
5520.4, 0.995178, 0.0036658, 0.99048, 1.46789
5520.41, 0.992262, 0.0036572, 0.98613, 1.85339
5520.42, 0.987413, 0.00364215, 0.9806, 2.25966
5520.43, 0.981279, 0.00362387, 0.97403, 2.66889
5520.44, 0.973925, 0.0036029, 0.96677, 3.05143
5520.45, 0.964495, 0.00357563, 0.95936, 3.39245
5520.46, 0.954701, 0.0035471, 0.95243, 3.66824
5520.47, 0.947709, 0.00352732, 0.94666, 3.87582
5520.48, 0.943076, 0.00351433, 0.94261, 4.0063
5520.49, 0.939759, 0.00350418, 0.94069, 4.05374
5520.5, 0.939743, 0.00350305, 0.9411, 4.02112
5520.51, 0.944028, 0.00351474, 0.9438, 3.90547
5520.52, 0.950741, 0.00353507, 0.9485, 3.70975
5520.53, 0.958408, 0.00355879, 0.95472, 3.44286
5520.54, 0.966239, 0.00358085, 0.96184, 3.1137
5520.55, 0.973456, 0.00360024, 0.96917, 2.73413
5520.56, 0.979497, 0.00361786, 0.97611, 2.33083
5520.57, 0.984818, 0.0036338, 0.98219, 1.92456
5520.58, 0.989694, 0.00364751, 0.98712, 1.53906
5520.59, 0.993329, 0.00365763, 0.99084, 1.1921
5520.6, 0.995284, 0.00366319, 0.99346, 0.89556
5520.61, 0.995809, 0.00366404, 0.99517, 0.661291
5520.62, 0.995657, 0.00366302, 0.99619, 0.4804
5520.63, 0.995728, 0.003664, 0.99674, 0.352886
5520.64, 0.995813, 0.00366498, 0.99693, 0.266889
5520.65, 0.995606, 0.00366359, 0.99685, 0.20758
5520.66, 0.995761, 0.00366326, 0.9965, 0.171995
5520.67, 0.996438, 0.0036653, 0.99586, 0.145306
5520.68, 0.996763, 0.00366612, 0.99491, 0.133444
5520.69, 0.99707, 0.00366647, 0.99364, 0.121583
5520.7, 0.998574, 0.00367044, 0.9921, 0.118617
5520.71, 1.00021, 0.00367499, 0.99041, 0.115652
5520.72, 1.0004, 0.0036755, 0.9887, 0.115652
5520.73, 1.00011, 0.00367507, 0.98716, 0.118617
5520.74, 1.00016, 0.00367605, 0.98596, 0.118617
5520.75, 0.99984, 0.00367517, 0.98525, 0.112686
5520.76, 0.99914, 0.0036725, 0.98516, 0.10379
5520.77, 0.998965, 0.00367218, 0.98579, 0.0830321
5520.78, 0.999345, 0.00367386, 0.9872, 0.0593086
5520.79, 0.999758, 0.00367464, 1, 0
5520.8, 0.999797, 0.00367379, 1, 0
5520.81, 0.999262, 0.00367162, 1, 0
5520.82, 0.998387, 0.00366912, 1, 0
5520.83, 0.997389, 0.00366687, 1, 0
5520.84, 0.99638, 0.00366466, 1, 0
5520.85, 0.995387, 0.0036624, 1, 0
