wav, obs, sigma_obs, syn, weight
5520.95, 0.967316, 0.00357953, 1, 0
5520.96, 0.9719, 0.00359311, 1, 0
5520.97, 0.976615, 0.00360726, 1, 0
5520.98, 0.980967, 0.00361984, 1, 0
5520.99, 0.984722, 0.00363018, 1, 0
5521, 0.987922, 0.00363936, 1, 0
5521.01, 0.990581, 0.0036473, 1, 0
5521.02, 0.992622, 0.00365244, 0.99264, 0.572261
5521.03, 0.993739, 0.00365428, 0.99318, 0.848005
5521.04, 0.993538, 0.00365299, 0.99257, 1.13697
5521.05, 0.991865, 0.0036484, 0.99056, 1.40516
5521.06, 0.988659, 0.00363997, 0.98706, 1.64879
5521.07, 0.983889, 0.00362655, 0.98214, 1.86599
5521.08, 0.977505, 0.00360782, 0.97613, 2.05674
5521.09, 0.969566, 0.00358499, 0.96963, 2.22105
5521.1, 0.962091, 0.00356379, 0.96344, 2.35515
5521.11, 0.958068, 0.00355199, 0.95851, 2.44769
5521.12, 0.957135, 0.00354909, 0.95562, 2.50057
5521.13, 0.958195, 0.00355263, 0.95529, 2.5138
5521.14, 0.962192, 0.00356482, 0.95757, 2.48735
5521.15, 0.969105, 0.00358498, 0.96204, 2.42503
5521.16, 0.976622, 0.00360609, 0.96794, 2.33815
5521.17, 0.98336, 0.00362435, 0.97431, 2.23616
5521.18, 0.988942, 0.00363933, 0.9802, 2.12662
5521.19, 0.992521, 0.00364924, 0.98487, 2.02463
5521.2, 0.993412, 0.0036524, 0.98781, 1.94342
5521.21, 0.992622, 0.00365058, 0.98879, 1.88676
5521.22, 0.990843, 0.00364516, 0.98784, 1.8641
5521.23, 0.987244, 0.00363487, 0.98518, 1.87165
5521.24, 0.981789, 0.00361967, 0.98123, 1.89998
5521.25, 0.97556, 0.00360146, 0.97659, 1.94342
5521.26, 0.969854, 0.0035843, 0.97201, 1.98875
5521.27, 0.965895, 0.00357276, 0.96825, 2.02463
5521.28, 0.96408, 0.00356777, 0.96595, 2.04163
5521.29, 0.964549, 0.00356914, 0.96555, 2.0303
5521.3, 0.967442, 0.00357685, 0.9671, 1.98497
5521.31, 0.972241, 0.00358962, 0.97031, 1.90565
5521.32, 0.977561, 0.00360441, 0.97459, 1.78855
5521.33, 0.982306, 0.00361839, 0.9792, 1.63557
5521.34, 0.985757, 0.00362916, 0.98342, 1.45426
5521.35, 0.987956, 0.00363563, 0.98667, 1.2484
5521.36, 0.989075, 0.00363769, 0.98862, 1.03687
5521.37, 0.988807, 0.00363672, 0.98921, 0.827229
5521.38, 0.987335, 0.00363395, 0.98864, 0.634587
5521.39, 0.985765, 0.00362993, 0.98727, 0.466497
5521.4, 0.984875, 0.00362657, 0.98561, 0.332403
5521.41, 0.984989, 0.00362659, 0.98412, 0.230416
5521.42, 0.985698, 0.00362931, 0.98323, 0.160535
5521.43, 0.986542, 0.00363292, 0.98316, 0.11143
5521.44, 0.988131, 0.00363755, 0.98395, 0.0831007
5521.45, 0.990516, 0.00364289, 0.98539, 0.0642142
5521.46, 0.992243, 0.00364703, 0.9871, 0.0528822
5521.47, 0.992988, 0.00364964, 0.98858, 0.0453276
5521.48, 0.993649, 0.00365191, 0.9893, 0.0396617
5521.49, 0.993897, 0.00365236, 0.98883, 0.0358844
5521.5, 0.992836, 0.00364851, 0.98693, 0.0339957
5521.51, 0.990251, 0.00364046, 0.98364, 0.0302184
5521.52, 0.986718, 0.00363023, 0.97934, 0.0264411
5521.53, 0.984125, 0.00362258, 0.97468, 0.0226638
5521.54, 0.982797, 0.0036185, 0.97051, 0.0188865
5521.55, 0.981121, 0.00361438, 0.96768, 0.0132206
5521.56, 0.979682, 0.0036113, 0.96683, 0.0113319
5521.57, 0.980233, 0.00361293, 1, 0
5521.58, 0.982546, 0.00361926, 1, 0
5521.59, 0.985865, 0.00362898, 1, 0
5521.6, 0.989862, 0.00364066, 1, 0
5521.61, 0.994265, 0.00365319, 1, 0
5521.62, 0.998704, 0.0036658, 1, 0
5521.63, 1.00309, 0.0036783, 1, 0
