wav, obs, sigma_obs, syn, weight
5522.06, 1.00645, 0.00368985, 1, 0
5522.07, 1.00491, 0.00368414, 1, 0
5522.08, 1.00322, 0.00367798, 1, 0
5522.09, 1.00156, 0.00367191, 1, 0
5522.1, 1.001, 0.00366926, 1, 0
5522.11, 1.00096, 0.00366856, 1, 0
5522.12, 0.999975, 0.00366564, 1, 0
5522.13, 0.998148, 0.00366098, 0.99939, 0.00834301
5522.14, 0.996341, 0.00365688, 0.99935, 0.0133488
5522.15, 0.995515, 0.00365491, 0.99932, 0.0175203
5522.16, 0.995814, 0.00365506, 0.99929, 0.0208575
5522.17, 0.995975, 0.00365499, 0.99925, 0.0241947
5522.18, 0.995689, 0.00365427, 0.99922, 0.0266976
5522.19, 0.995592, 0.00365433, 0.99918, 0.0300349
5522.2, 0.995758, 0.0036552, 0.99913, 0.0325378
5522.21, 0.995973, 0.0036561, 0.99906, 0.0367093
5522.22, 0.996044, 0.00365603, 0.99899, 0.0408808
5522.23, 0.996186, 0.0036555, 0.9989, 0.0458866
5522.24, 0.997339, 0.00365795, 0.99879, 0.052561
5522.25, 0.999203, 0.00366302, 0.99865, 0.060904
5522.26, 1.00027, 0.00366651, 0.99849, 0.0759214
5522.27, 1.00034, 0.00366726, 0.99828, 0.0976133
5522.28, 0.999908, 0.00366612, 0.99802, 0.134323
5522.29, 0.999503, 0.00366515, 0.99767, 0.192724
5522.3, 0.999078, 0.00366434, 0.99715, 0.286165
5522.31, 0.99741, 0.00365877, 0.99632, 0.424659
5522.32, 0.994124, 0.00364776, 0.99488, 0.619886
5522.33, 0.989843, 0.0036355, 0.99227, 0.878519
5522.34, 0.984087, 0.00362007, 0.98761, 1.20306
5522.35, 0.975692, 0.00359631, 0.97955, 1.58517
5522.36, 0.963477, 0.00356125, 0.96641, 2.01651
5522.37, 0.946072, 0.00351153, 0.9465, 2.47871
5522.38, 0.921693, 0.00344128, 0.91867, 2.9551
5522.39, 0.889278, 0.00334738, 0.883, 3.42064
5522.4, 0.84898, 0.00323115, 0.84135, 3.85364
5522.41, 0.804108, 0.00310164, 0.79749, 4.23158
5522.42, 0.760334, 0.00297422, 0.75665, 4.53443
5522.43, 0.725376, 0.00287198, 0.72454, 4.74717
5522.44, 0.705917, 0.00281522, 0.70608, 4.86064
5522.45, 0.704349, 0.00281065, 0.70425, 4.87149
5522.46, 0.720815, 0.00285858, 0.71934, 4.77721
5522.47, 0.753141, 0.00295288, 0.7489, 4.58198
5522.48, 0.795833, 0.00307742, 0.78834, 4.29582
5522.49, 0.841398, 0.00320995, 0.83202, 3.93123
5522.5, 0.883365, 0.003331, 0.87451, 3.50824
5522.51, 0.91745, 0.0034281, 0.91167, 3.04603
5522.52, 0.944308, 0.00350522, 0.94123, 2.57048
5522.53, 0.964751, 0.00356508, 0.96276, 2.10327
5522.54, 0.978759, 0.0036054, 0.97722, 1.6661
5522.55, 0.987681, 0.00363033, 0.98622, 1.27314
5522.56, 0.993669, 0.0036479, 0.99149, 0.937755
5522.57, 0.997343, 0.00365903, 0.99444, 0.666607
5522.58, 0.998971, 0.00366335, 0.99607, 0.458866
5522.59, 0.999494, 0.00366455, 0.99699, 0.309526
5522.6, 0.999468, 0.00366473, 0.99756, 0.208575
5522.61, 0.998717, 0.00366267, 0.99793, 0.144334
5522.62, 0.997315, 0.00365811, 0.99821, 0.104288
5522.63, 0.995604, 0.00365198, 0.99842, 0.0800929
5522.64, 0.994068, 0.00364682, 0.99859, 0.0650755
5522.65, 0.993131, 0.00364465, 0.99874, 0.0550639
5522.66, 0.992855, 0.00364391, 0.99886, 0.0483895
5522.67, 0.992978, 0.0036433, 0.99896, 0.0425494
5522.68, 0.992909, 0.00364313, 0.99905, 0.0392122
5522.69, 0.993235, 0.00364527, 0.99913, 0.0350407
5522.7, 0.995185, 0.00365187, 0.9992, 0.0325378
5522.71, 0.997563, 0.0036585, 0.99925, 0.0300349
5522.72, 0.998927, 0.00366078, 0.9993, 0.0266976
5522.73, 1.00041, 0.00366347, 0.99933, 0.0241947
5522.74, 1.0024, 0.00366902, 0.99934, 0.0208575
5522.75, 1.00329, 0.00367318, 0.99932, 0.0175203
5522.76, 1.00332, 0.003675, 0.99927, 0.0125145
5522.77, 1.00422, 0.00367663, 0.99918, 0.00834301
5522.78, 1.00539, 0.00367838, 1, 0
5522.79, 1.00573, 0.00367975, 1, 0
5522.8, 1.00571, 0.00368043, 1, 0
5522.81, 1.00583, 0.00368042, 1, 0
5522.82, 1.00597, 0.00368031, 1, 0
5522.83, 1.00609, 0.00368031, 1, 0
5522.84, 1.00621, 0.00368031, 1, 0
