wav, obs, sigma_obs, syn, weight
5531.63, 1.00578, 0.00379858, 1, 0
5531.64, 1.00328, 0.00379134, 1, 0
5531.65, 1.00121, 0.00378512, 1, 0
5531.66, 1.00039, 0.00378189, 1, 0
5531.67, 0.999244, 0.00377868, 1, 0
5531.68, 0.997116, 0.00377402, 1, 0
5531.69, 0.996223, 0.00377199, 0.99819, 0.0256005
5531.7, 0.996484, 0.0037726, 0.99848, 0.0413546
5531.71, 0.996254, 0.00377307, 0.99877, 0.0571088
5531.72, 0.996766, 0.00377572, 0.999, 0.0689244
5531.73, 0.998935, 0.00378193, 0.99914, 0.0748322
5531.74, 1.0012, 0.00378803, 0.99917, 0.0748322
5531.75, 1.00222, 0.00379081, 0.9991, 0.0708937
5531.76, 1.0016, 0.00378938, 0.99894, 0.0669551
5531.77, 1.00181, 0.00379095, 0.99869, 0.0630166
5531.78, 1.00428, 0.00379928, 0.99839, 0.0630166
5531.79, 1.00667, 0.00380632, 0.99809, 0.0669551
5531.8, 1.00775, 0.00380889, 0.99782, 0.0748322
5531.81, 1.00767, 0.00380889, 0.99763, 0.0905863
5531.82, 1.00697, 0.00380759, 0.99752, 0.118156
5531.83, 1.00609, 0.00380538, 0.99749, 0.159511
5531.84, 1.005, 0.00380147, 0.99749, 0.228435
5531.85, 1.00345, 0.00379637, 0.99745, 0.332806
5531.86, 1.00122, 0.00379131, 0.99722, 0.486409
5531.87, 0.998743, 0.00378515, 0.99664, 0.693182
5531.88, 0.99634, 0.00377721, 0.99542, 0.962972
5531.89, 0.993583, 0.00376919, 0.99322, 1.2879
5531.9, 0.990084, 0.00376055, 0.98957, 1.65615
5531.91, 0.985473, 0.00374843, 0.98401, 2.05198
5531.92, 0.978901, 0.00372892, 0.97623, 2.44583
5531.93, 0.969861, 0.00370073, 0.9663, 2.81605
5531.94, 0.958923, 0.0036684, 0.9548, 3.14492
5531.95, 0.947463, 0.00363566, 0.94295, 3.41471
5531.96, 0.937384, 0.00360551, 0.93241, 3.61361
5531.97, 0.930367, 0.00358423, 0.92493, 3.74161
5531.98, 0.927576, 0.0035768, 0.92191, 3.79872
5531.99, 0.929288, 0.00358319, 0.92391, 3.78296
5532, 0.935545, 0.00360254, 0.93053, 3.70026
5532.01, 0.945954, 0.00363309, 0.94051, 3.55059
5532.02, 0.958323, 0.00366926, 0.95207, 3.34579
5532.03, 0.969994, 0.00370419, 0.96344, 3.08781
5532.04, 0.978705, 0.00373123, 0.97319, 2.79242
5532.05, 0.984147, 0.00374826, 0.98053, 2.47537
5532.06, 0.98738, 0.00375705, 0.98522, 2.15241
5532.07, 0.988259, 0.00375973, 0.98751, 1.8452
5532.08, 0.986885, 0.00375777, 0.98798, 1.56951
5532.09, 0.984632, 0.00375122, 0.98733, 1.33713
5532.1, 0.982071, 0.0037422, 0.98626, 1.15399
5532.11, 0.97909, 0.003734, 0.98541, 1.0122
5532.12, 0.976152, 0.00372641, 0.98523, 0.909802
5532.13, 0.974222, 0.00372062, 0.98591, 0.831031
5532.14, 0.974724, 0.00372228, 0.98738, 0.769984
5532.15, 0.976686, 0.00372879, 0.98941, 0.714844
5532.16, 0.977788, 0.0037323, 0.99163, 0.661674
5532.17, 0.979143, 0.00373533, 0.9937, 0.604565
5532.18, 0.981936, 0.00374218, 0.99537, 0.543518
5532.19, 0.985314, 0.00375367, 0.99654, 0.48444
5532.2, 0.988709, 0.00376668, 0.99718, 0.423393
5532.21, 0.991939, 0.00377634, 0.99738, 0.366284
5532.22, 0.99465, 0.00378345, 0.99725, 0.313114
5532.23, 0.996664, 0.00378963, 0.99693, 0.259943
5532.24, 0.998192, 0.00379446, 0.99655, 0.208742
5532.25, 0.998688, 0.00379596, 0.99623, 0.153603
5532.26, 0.997345, 0.00379214, 0.99607, 0.100433
5532.27, 0.995146, 0.00378631, 0.99612, 0.0571088
5532.28, 0.993181, 0.00378147, 1, 0
5532.29, 0.991666, 0.00377708, 1, 0
5532.3, 0.990351, 0.00377289, 1, 0
5532.31, 0.988808, 0.00376914, 1, 0
5532.32, 0.987133, 0.00376559, 1, 0
5532.33, 0.985517, 0.00376195, 1, 0
