wav, obs, sigma_obs, syn, weight
5539.48, 1.0025, 0.00416457, 1, 0
5539.49, 1.0017, 0.00416204, 1, 0
5539.5, 1.00075, 0.00415865, 1, 0
5539.51, 1.00033, 0.0041583, 1, 0
5539.52, 1.00028, 0.0041606, 1, 0
5539.53, 0.999673, 0.00416074, 1, 0
5539.54, 0.999402, 0.00415986, 0.9997, 0.00842954
5539.55, 1.0003, 0.00416091, 0.99968, 0.0210739
5539.56, 1.00107, 0.00416394, 0.99968, 0.0337182
5539.57, 1.00136, 0.00416698, 0.99969, 0.0421477
5539.58, 1.00171, 0.00416786, 0.99969, 0.0463625
5539.59, 1.00227, 0.00416824, 0.99969, 0.0505772
5539.6, 1.00284, 0.00417034, 0.99969, 0.054792
5539.61, 1.00306, 0.00417523, 0.99968, 0.054792
5539.62, 1.00362, 0.00417992, 0.99968, 0.054792
5539.63, 1.00456, 0.00418134, 0.99966, 0.0632216
5539.64, 1.00415, 0.00417991, 0.99964, 0.0716511
5539.65, 1.00372, 0.00418027, 0.99961, 0.0842954
5539.66, 1.00518, 0.00418559, 0.99957, 0.113799
5539.67, 1.00506, 0.0041861, 0.99949, 0.160161
5539.68, 1.003, 0.00418059, 0.99935, 0.244457
5539.69, 1.00237, 0.00417814, 0.99911, 0.375115
5539.7, 1.00217, 0.00417797, 0.99867, 0.568994
5539.71, 1.0009, 0.00417622, 0.9979, 0.838739
5539.72, 0.999013, 0.0041705, 0.99665, 1.18857
5539.73, 0.996565, 0.00416183, 0.99474, 1.61426
5539.74, 0.99364, 0.00415312, 0.99201, 2.08631
5539.75, 0.991261, 0.00414692, 0.98841, 2.57522
5539.76, 0.988418, 0.00413941, 0.98404, 3.05992
5539.77, 0.982875, 0.00412321, 0.97917, 3.49826
5539.78, 0.976098, 0.00410166, 0.97426, 3.87337
5539.79, 0.970172, 0.00408184, 0.96985, 4.16419
5539.8, 0.966271, 0.0040704, 0.9665, 4.3665
5539.81, 0.964035, 0.00406416, 0.96462, 4.47609
5539.82, 0.963213, 0.00406022, 0.96448, 4.49716
5539.83, 0.965356, 0.00406688, 0.96609, 4.42129
5539.84, 0.970237, 0.00408355, 0.96924, 4.2527
5539.85, 0.976181, 0.00410291, 0.97351, 3.9956
5539.86, 0.982065, 0.00412325, 0.97839, 3.64999
5539.87, 0.986842, 0.00414075, 0.9833, 3.23694
5539.88, 0.989588, 0.00414901, 0.98778, 2.76489
5539.89, 0.990728, 0.00415293, 0.99151, 2.27176
5539.9, 0.990893, 0.00415671, 0.99436, 1.78706
5539.91, 0.990102, 0.00415483, 0.99637, 1.33608
5539.92, 0.988946, 0.00415068, 0.99767, 0.952538
5539.93, 0.988412, 0.00415129, 0.99844, 0.653289
5539.94, 0.989347, 0.0041546, 0.99884, 0.425692
5539.95, 0.991021, 0.00415769, 0.99898, 0.269745
5539.96, 0.991538, 0.00415917, 0.99894, 0.168591
5539.97, 0.991235, 0.00416041, 0.99874, 0.105369
5539.98, 0.990792, 0.00416184, 0.9984, 0.0758659
5539.99, 0.990345, 0.00416165, 0.99794, 0.054792
5540, 0.991129, 0.00416502, 0.99742, 0.0421477
5540.01, 0.993671, 0.00417486, 0.99689, 0.0379329
5540.02, 0.995245, 0.00417915, 0.99642, 0.0379329
5540.03, 0.995608, 0.004179, 0.99608, 0.0337182
5540.04, 0.996612, 0.00418512, 0.99591, 0.0295034
5540.05, 0.998234, 0.00419286, 0.99594, 0.0295034
5540.06, 1.00006, 0.00419824, 0.99618, 0.0252886
5540.07, 1.00178, 0.00420324, 0.99658, 0.0210739
5540.08, 1.00242, 0.00420678, 0.99711, 0.0168591
5540.09, 1.00167, 0.00420702, 0.99769, 0.00842954
5540.1, 1.00094, 0.00420383, 0.99827, 0.00842954
5540.11, 1.00007, 0.00419891, 1, 0
5540.12, 0.998192, 0.00419441, 1, 0
5540.13, 0.996155, 0.00419007, 1, 0
5540.14, 0.994451, 0.00418559, 1, 0
5540.15, 0.992699, 0.00418113, 1, 0
5540.16, 0.990931, 0.00417668, 1, 0
