wav, obs, sigma_obs, syn, weight
5538.93, 0.999559, 0.00412045, 1, 0
5538.94, 1.00003, 0.00412247, 1, 0
5538.95, 0.999643, 0.00412268, 1, 0
5538.96, 0.998956, 0.00412168, 1, 0
5538.97, 0.998741, 0.00412064, 1, 0
5538.98, 0.998135, 0.00411845, 1, 0
5538.99, 0.996623, 0.00411427, 0.99907, 0.0121784
5539, 0.994329, 0.0041077, 0.99909, 0.0228345
5539.01, 0.991088, 0.00409676, 0.99912, 0.0319683
5539.02, 0.987467, 0.00408397, 0.99915, 0.0411021
5539.03, 0.985342, 0.00407934, 0.99917, 0.0471913
5539.04, 0.985257, 0.00408175, 0.99919, 0.0487136
5539.05, 0.986629, 0.00408524, 0.99919, 0.0487136
5539.06, 0.988153, 0.0040904, 0.9992, 0.0487136
5539.07, 0.989782, 0.00409784, 0.9992, 0.0502358
5539.08, 0.992457, 0.00410699, 0.99919, 0.0502358
5539.09, 0.99531, 0.00411688, 0.99919, 0.0517581
5539.1, 0.997425, 0.00412585, 0.99917, 0.0578473
5539.11, 0.998812, 0.00413173, 0.99915, 0.0700257
5539.12, 0.999982, 0.00413531, 0.99911, 0.0928602
5539.13, 1.00105, 0.00413779, 0.99904, 0.133962
5539.14, 1.00054, 0.0041369, 0.99891, 0.210077
5539.15, 0.999135, 0.00413399, 0.99866, 0.331861
5539.16, 0.998964, 0.00413282, 0.99819, 0.516059
5539.17, 0.99856, 0.00413079, 0.99731, 0.776372
5539.18, 0.996746, 0.0041261, 0.99573, 1.11584
5539.19, 0.99417, 0.00412015, 0.99296, 1.52687
5539.2, 0.989795, 0.00410788, 0.98831, 1.99573
5539.21, 0.982253, 0.00408382, 0.98093, 2.49657
5539.22, 0.971628, 0.00404992, 0.97006, 2.99436
5539.23, 0.958025, 0.00400684, 0.9554, 3.46171
5539.24, 0.941464, 0.00395387, 0.93763, 3.86968
5539.25, 0.922407, 0.00389272, 0.91865, 4.20002
5539.26, 0.903791, 0.00383275, 0.90147, 4.44054
5539.27, 0.891312, 0.00379157, 0.88945, 4.58516
5539.28, 0.887427, 0.00377863, 0.88526, 4.63235
5539.29, 0.892517, 0.0037964, 0.88994, 4.58364
5539.3, 0.905704, 0.0038404, 0.90249, 4.44054
5539.31, 0.923694, 0.00389962, 0.92023, 4.20002
5539.32, 0.942136, 0.00396047, 0.93976, 3.8712
5539.33, 0.959172, 0.0040161, 0.95796, 3.46171
5539.34, 0.973517, 0.00406249, 0.97281, 2.99588
5539.35, 0.984055, 0.0040975, 0.98359, 2.49505
5539.36, 0.991121, 0.0041215, 0.99064, 1.99573
5539.37, 0.995657, 0.00413679, 0.99481, 1.52534
5539.38, 0.998584, 0.00414748, 0.99708, 1.11128
5539.39, 1.0003, 0.0041543, 0.99823, 0.771805
5539.4, 1.00111, 0.00415693, 0.9988, 0.511492
5539.41, 1.00225, 0.00415965, 0.99909, 0.32425
5539.42, 1.00382, 0.00416446, 0.99925, 0.200943
5539.43, 1.00469, 0.00416968, 0.99936, 0.124828
5539.44, 1.00484, 0.00417268, 0.99944, 0.0822041
5539.45, 1.00458, 0.00417252, 0.9995, 0.0578473
5539.46, 1.00413, 0.00417161, 0.99954, 0.0441467
5539.47, 1.00383, 0.0041712, 0.99958, 0.0380575
5539.48, 1.00381, 0.00417095, 0.99961, 0.0319683
5539.49, 1.00327, 0.0041687, 0.99963, 0.0289237
5539.5, 1.00242, 0.0041662, 0.99966, 0.0274014
5539.51, 1.00228, 0.00416774, 0.99967, 0.0258791
5539.52, 1.002, 0.00416934, 0.99969, 0.0228345
5539.53, 1.00136, 0.00416839, 0.99969, 0.0197899
5539.54, 1.00181, 0.00416842, 0.9997, 0.0182676
5539.55, 1.0028, 0.00417066, 0.9997, 0.0137007
5539.56, 1.00323, 0.0041741, 0.9997, 0.00913379
5539.57, 1.00352, 0.00417593, 0.9997, 0.0045669
5539.58, 1.00399, 0.00417624, 1, 0
5539.59, 1.00457, 0.00417748, 1, 0
5539.6, 1.00505, 0.00418085, 1, 0
5539.61, 1.00534, 0.00418614, 1, 0
5539.62, 1.00564, 0.00419137, 1, 0
5539.63, 1.00595, 0.00419644, 1, 0
