wav, obs, sigma_obs, syn, weight
5546.63, 0.990168, 0.00479264, 1, 0
5546.64, 0.993645, 0.00480735, 1, 0
5546.65, 0.997287, 0.00482157, 1, 0
5546.66, 0.999216, 0.00482962, 1, 0
5546.67, 0.998133, 0.00482762, 1, 0
5546.68, 0.996507, 0.0048222, 1, 0
5546.69, 0.994408, 0.00481421, 0.99791, 0.0244168
5546.7, 0.991245, 0.00480347, 0.99798, 0.0415085
5546.71, 0.989263, 0.00479818, 0.99808, 0.0610419
5546.72, 0.988709, 0.0047988, 0.99819, 0.0781336
5546.73, 0.98847, 0.00480036, 0.99831, 0.0854587
5546.74, 0.988357, 0.00480062, 0.99842, 0.0879003
5546.75, 0.989163, 0.00480452, 0.99852, 0.0866795
5546.76, 0.991595, 0.00481675, 0.99861, 0.0842378
5546.77, 0.994424, 0.00482765, 0.99867, 0.0817961
5546.78, 0.997227, 0.00483695, 0.99872, 0.0805753
5546.79, 1.00026, 0.00485003, 0.99874, 0.0805753
5546.8, 1.00305, 0.00486054, 0.99873, 0.0842378
5546.81, 1.00473, 0.00486674, 0.99871, 0.090342
5546.82, 1.00474, 0.00487102, 0.99865, 0.103771
5546.83, 1.00388, 0.00487044, 0.99856, 0.129409
5546.84, 1.00326, 0.00486742, 0.9984, 0.175801
5546.85, 1.00333, 0.0048675, 0.99812, 0.253934
5546.86, 1.00243, 0.00486638, 0.99762, 0.380901
5546.87, 1.00017, 0.00486135, 0.99667, 0.56769
5546.88, 0.997548, 0.00485303, 0.99493, 0.825286
5546.89, 0.994045, 0.00484014, 0.99183, 1.16102
5546.9, 0.98836, 0.00481932, 0.98662, 1.56511
5546.91, 0.979468, 0.00478759, 0.97847, 2.02415
5546.92, 0.969186, 0.00475025, 0.96664, 2.51493
5546.93, 0.956817, 0.00470364, 0.95085, 3.00692
5546.94, 0.939006, 0.0046356, 0.93153, 3.46962
5546.95, 0.916364, 0.00454986, 0.91005, 3.87738
5546.96, 0.89221, 0.00445954, 0.8886, 4.20945
5546.97, 0.871096, 0.00438101, 0.86985, 4.45362
5546.98, 0.855081, 0.00432024, 0.85636, 4.60378
5546.99, 0.846568, 0.00428782, 0.84994, 4.6575
5547, 0.848393, 0.00429844, 0.8512, 4.61355
5547.01, 0.858603, 0.00433945, 0.85946, 4.47437
5547.02, 0.87414, 0.00439758, 0.87298, 4.24119
5547.03, 0.892424, 0.00446878, 0.88954, 3.91889
5547.04, 0.910384, 0.00454095, 0.90699, 3.51845
5547.05, 0.926208, 0.00460411, 0.9237, 3.06186
5547.06, 0.940037, 0.00465617, 0.93871, 2.56986
5547.07, 0.952071, 0.00470104, 0.95169, 2.07787
5547.08, 0.961947, 0.00474006, 0.96272, 1.60906
5547.09, 0.969068, 0.0047698, 0.97197, 1.19398
5547.1, 0.975983, 0.00479744, 0.9796, 0.846041
5547.11, 0.98397, 0.00482734, 0.98571, 0.575015
5547.12, 0.990795, 0.00485389, 0.99038, 0.377239
5547.13, 0.995493, 0.0048746, 0.99374, 0.242947
5547.14, 0.998667, 0.00489025, 0.99599, 0.158709
5547.15, 1.00192, 0.00490329, 0.99738, 0.107434
5547.16, 1.00364, 0.00491013, 0.99817, 0.0781336
5547.17, 1.00337, 0.00491142, 0.99859, 0.0610419
5547.18, 1.00418, 0.00491691, 0.99878, 0.0500544
5547.19, 1.00491, 0.00492003, 0.99884, 0.0439502
5547.2, 1.00417, 0.00491588, 0.99884, 0.0390668
5547.21, 1.00353, 0.00491427, 0.9988, 0.0354043
5547.22, 1.00293, 0.00491537, 0.99875, 0.0317418
5547.23, 1.00197, 0.00491539, 0.99869, 0.0293001
5547.24, 1.00111, 0.00491304, 0.99864, 0.0268584
5547.25, 0.99997, 0.00490879, 0.99861, 0.0231959
5547.26, 0.998731, 0.00490517, 0.99859, 0.0183126
5547.27, 0.999094, 0.00490615, 0.99861, 0.0146501
5547.28, 0.999386, 0.00490647, 0.99866, 0.0097667
5547.29, 0.997918, 0.00490197, 0.99875, 0.00488335
5547.3, 0.996487, 0.00489962, 1, 0
5547.31, 0.996689, 0.00490174, 1, 0
5547.32, 0.998666, 0.00490772, 1, 0
5547.33, 1.00045, 0.00491728, 1, 0
5547.34, 1.00176, 0.00492857, 1, 0
5547.35, 1.00322, 0.00493933, 1, 0
