wav, obs, sigma_obs, syn, weight
5546.12, 0.999174, 0.00476415, 1, 0
5546.13, 0.999569, 0.00476537, 1, 0
5546.14, 1.00027, 0.00476801, 1, 0
5546.15, 1.00215, 0.0047762, 1, 0
5546.16, 1.00464, 0.00478735, 1, 0
5546.17, 1.0057, 0.00479354, 1, 0
5546.18, 1.00344, 0.00478763, 0.99907, 0.00618413
5546.19, 1.00325, 0.00478736, 0.99903, 0.0131413
5546.2, 1.00611, 0.00479683, 0.99899, 0.0193254
5546.21, 1.00602, 0.00479764, 0.99894, 0.0262826
5546.22, 1.00587, 0.00479937, 0.99889, 0.0316937
5546.23, 1.00758, 0.00480694, 0.99883, 0.0355588
5546.24, 1.00761, 0.00480705, 0.99875, 0.0394239
5546.25, 1.00709, 0.00480586, 0.99867, 0.0417429
5546.26, 1.00727, 0.00480844, 0.99857, 0.045608
5546.27, 1.0067, 0.00480675, 0.99847, 0.0502461
5546.28, 1.00541, 0.00480238, 0.99834, 0.0548842
5546.29, 1.00436, 0.00480099, 0.9982, 0.0610683
5546.3, 1.0046, 0.00480548, 0.99802, 0.0687985
5546.31, 1.00476, 0.00480692, 0.99782, 0.0788477
5546.32, 1.0035, 0.00480012, 0.99757, 0.092762
5546.33, 1.0016, 0.00479619, 0.99725, 0.11518
5546.34, 0.999332, 0.0047919, 0.99684, 0.149192
5546.35, 0.99697, 0.00478207, 0.99628, 0.207942
5546.36, 0.995349, 0.00477455, 0.99548, 0.298384
5546.37, 0.993114, 0.0047676, 0.99424, 0.436755
5546.38, 0.989074, 0.00475582, 0.99217, 0.633101
5546.39, 0.985173, 0.0047403, 0.98855, 0.892061
5546.4, 0.979754, 0.00471897, 0.98224, 1.21441
5546.41, 0.969461, 0.00468506, 0.9716, 1.59087
5546.42, 0.953276, 0.00462725, 0.9547, 2.01216
5546.43, 0.930349, 0.00454162, 0.92982, 2.46051
5546.44, 0.899811, 0.00442827, 0.8961, 2.922
5546.45, 0.861167, 0.00428277, 0.85419, 3.37654
5546.46, 0.814093, 0.00410451, 0.80662, 3.80015
5546.47, 0.760202, 0.00390178, 0.75768, 4.17274
5546.48, 0.706973, 0.00369991, 0.71291, 4.47345
5546.49, 0.664552, 0.00353728, 0.67814, 4.68448
5546.5, 0.642169, 0.00345147, 0.65834, 4.79812
5546.51, 0.641534, 0.00344926, 0.65649, 4.80894
5546.52, 0.662351, 0.00352942, 0.67288, 4.71695
5546.53, 0.702374, 0.00368367, 0.70503, 4.52369
5546.54, 0.753435, 0.00388188, 0.7483, 4.24077
5546.55, 0.806934, 0.00408851, 0.79693, 3.88209
5546.56, 0.855928, 0.00427339, 0.84524, 3.46621
5546.57, 0.896499, 0.00442971, 0.88861, 3.01708
5546.58, 0.927498, 0.00455205, 0.92413, 2.55559
5546.59, 0.950173, 0.00463513, 0.95077, 2.10183
5546.6, 0.966889, 0.00469572, 0.96914, 1.67513
5546.61, 0.97848, 0.00474157, 0.98084, 1.28862
5546.62, 0.984436, 0.00476635, 0.9878, 0.954676
5546.63, 0.987902, 0.00478132, 0.99176, 0.682574
5546.64, 0.991427, 0.00479604, 0.99398, 0.473859
5546.65, 0.994953, 0.00480968, 0.99524, 0.324667
5546.66, 0.99622, 0.00481556, 0.99602, 0.225721
5546.67, 0.994822, 0.00481231, 0.99652, 0.163107
5546.68, 0.993231, 0.00480665, 0.99687, 0.124456
5546.69, 0.990862, 0.00479781, 0.99714, 0.101265
5546.7, 0.987751, 0.00478751, 0.99735, 0.0858049
5546.71, 0.986154, 0.0047838, 0.99752, 0.0749826
5546.72, 0.985723, 0.00478493, 0.99768, 0.0687985
5546.73, 0.985506, 0.00478631, 0.99783, 0.0633874
5546.74, 0.985474, 0.00478658, 0.99797, 0.0595223
5546.75, 0.986613, 0.00479226, 0.99809, 0.0556572
5546.76, 0.989235, 0.00480509, 0.99819, 0.0533382
5546.77, 0.992025, 0.00481505, 0.99827, 0.0525651
5546.78, 0.994869, 0.00482503, 0.99832, 0.0510191
5546.79, 0.997898, 0.00483821, 0.99834, 0.0494731
5546.8, 1.00053, 0.00484761, 0.99833, 0.047154
5546.81, 1.00188, 0.00485338, 0.99829, 0.0417429
5546.82, 1.00163, 0.00485697, 0.99822, 0.0324667
5546.83, 1.00073, 0.00485536, 0.99813, 0.0216445
5546.84, 1.00028, 0.00485279, 0.99804, 0.0115953
5546.85, 1.00031, 0.00485312, 1, 0
5546.86, 0.999113, 0.00485139, 1, 0
5546.87, 0.996679, 0.00484542, 1, 0
5546.88, 0.993878, 0.00483603, 1, 0
5546.89, 0.991055, 0.00482636, 1, 0
5546.9, 0.988257, 0.00481701, 1, 0
