wav, obs, sigma_obs, syn, weight
5549.6, 0.969617, 0.00509534, 1, 0
5549.61, 0.966537, 0.00508127, 1, 0
5549.62, 0.963649, 0.00506844, 1, 0
5549.63, 0.961319, 0.00505903, 1, 0
5549.64, 0.959731, 0.0050529, 1, 0
5549.65, 0.959072, 0.00504943, 1, 0
5549.66, 0.959998, 0.00505175, 1, 0
5549.67, 0.963152, 0.00506353, 1, 0
5549.68, 0.967736, 0.00508148, 0.96324, 1.67355
5549.69, 0.972463, 0.00509987, 0.96669, 1.95248
5549.7, 0.976586, 0.00511562, 0.97154, 2.05992
5549.71, 0.979796, 0.00512759, 0.97681, 1.9938
5549.72, 0.983071, 0.00513994, 0.98183, 1.79752
5549.73, 0.987338, 0.0051566, 0.9862, 1.53306
5549.74, 0.991114, 0.00517155, 0.98978, 1.25
5549.75, 0.992756, 0.00517802, 0.99253, 0.987603
5549.76, 0.993293, 0.00517998, 0.99453, 0.762397
5549.77, 0.994162, 0.00518304, 0.99591, 0.584711
5549.78, 0.995375, 0.00518708, 0.99682, 0.458678
5549.79, 0.996564, 0.00519055, 0.99738, 0.380165
5549.8, 0.997315, 0.005192, 0.99765, 0.349174
5549.81, 0.997457, 0.00519127, 0.99766, 0.369835
5549.82, 0.997677, 0.00519226, 0.99736, 0.440083
5549.83, 0.998309, 0.00519651, 0.99665, 0.570248
5549.84, 0.998008, 0.00519524, 0.99536, 0.760331
5549.85, 0.995881, 0.00518298, 0.9933, 1.01033
5549.86, 0.993248, 0.0051694, 0.99029, 1.30992
5549.87, 0.990786, 0.00516019, 0.98623, 1.65083
5549.88, 0.986492, 0.005144, 0.98114, 2.01033
5549.89, 0.979271, 0.0051137, 0.97522, 2.36777
5549.9, 0.971209, 0.0050789, 0.96883, 2.70248
5549.91, 0.963984, 0.00504786, 0.96251, 2.99174
5549.92, 0.957389, 0.00502076, 0.95682, 3.22521
5549.93, 0.951563, 0.00499804, 0.95233, 3.39463
5549.94, 0.947815, 0.00498272, 0.94949, 3.4938
5549.95, 0.946789, 0.00497653, 0.94857, 3.5186
5549.96, 0.947667, 0.00497831, 0.94967, 3.47314
5549.97, 0.950106, 0.00498775, 0.95264, 3.35537
5549.98, 0.954795, 0.00500648, 0.95715, 3.16529
5549.99, 0.961386, 0.00503247, 0.96273, 2.91322
5550, 0.96782, 0.00505794, 0.96882, 2.6095
5550.01, 0.973322, 0.00507988, 0.97485, 2.2624
5550.02, 0.979069, 0.00510249, 0.98036, 1.89463
5550.03, 0.985001, 0.00512547, 0.98502, 1.53099
5550.04, 0.98933, 0.00514214, 0.98872, 1.18802
5550.05, 0.991638, 0.00515092, 0.99147, 0.882231
5550.06, 0.993213, 0.00515654, 0.99343, 0.632231
5550.07, 0.994561, 0.00516084, 0.99479, 0.43595
5550.08, 0.995253, 0.0051623, 0.99574, 0.291322
5550.09, 0.995288, 0.00516144, 0.99645, 0.190083
5550.1, 0.995128, 0.00516086, 0.99702, 0.126033
5550.11, 0.995045, 0.00516105, 0.99751, 0.0867769
5550.12, 0.995119, 0.00516059, 0.99795, 0.0640496
5550.13, 0.995356, 0.00515941, 0.99834, 0.0475207
5550.14, 0.995707, 0.00515866, 0.99868, 0.0433884
5550.15, 0.996208, 0.00515929, 0.99897, 0.0371901
5550.16, 0.996945, 0.00516194, 0.9992, 0.0330579
5550.17, 0.997807, 0.0051658, 0.99937, 0.0309917
5550.18, 0.99853, 0.00516894, 0.9995, 0.0289256
5550.19, 0.998653, 0.00516897, 0.99958, 0.0247934
5550.2, 0.997738, 0.00516384, 0.99965, 0.0206612
5550.21, 0.996803, 0.00515839, 0.99969, 0.018595
5550.22, 0.997465, 0.0051603, 0.99973, 0.0144628
5550.23, 0.999239, 0.00516744, 1, 0
5550.24, 1.00064, 0.00517292, 1, 0
5550.25, 1.00099, 0.00517354, 1, 0
5550.26, 1.00017, 0.00516867, 1, 0
5550.27, 0.999225, 0.00516337, 1, 0
5550.28, 0.999424, 0.00516398, 1, 0
5550.29, 1.00054, 0.00516927, 1, 0
5550.3, 1.00138, 0.00517314, 1, 0
