wav, obs, sigma_obs, syn, weight
5557.51, 0.98508, 0.00425404, 1, 0
5557.52, 0.988222, 0.00426375, 1, 0
5557.53, 0.99099, 0.00427198, 1, 0
5557.54, 0.993083, 0.00427759, 1, 0
5557.55, 0.994942, 0.00428254, 1, 0
5557.56, 0.996886, 0.00428833, 1, 0
5557.57, 0.998324, 0.00429265, 1, 0
5557.58, 0.998898, 0.00429396, 0.99891, 0.00865385
5557.59, 0.999217, 0.00429419, 0.99862, 0.0127263
5557.6, 0.999523, 0.00429415, 0.99823, 0.0157806
5557.61, 0.999179, 0.00429186, 0.99773, 0.0188349
5557.62, 0.998154, 0.00428731, 0.9971, 0.0218892
5557.63, 0.997374, 0.00428366, 0.99638, 0.0239254
5557.64, 0.99732, 0.00428267, 0.99559, 0.0264706
5557.65, 0.997883, 0.00428417, 0.99481, 0.0285068
5557.66, 0.998379, 0.0042855, 0.99411, 0.030543
5557.67, 0.997854, 0.00428264, 0.99358, 0.0335973
5557.68, 0.997539, 0.00428034, 0.99325, 0.0371607
5557.69, 0.99961, 0.00428723, 0.99317, 0.040724
5557.7, 1.00206, 0.00429569, 0.99331, 0.0463236
5557.71, 1.00158, 0.00429297, 0.99364, 0.0534503
5557.72, 0.999927, 0.00428534, 0.99406, 0.0636313
5557.73, 1.00003, 0.00428367, 0.99449, 0.0794118
5557.74, 1.001, 0.00428621, 0.99478, 0.103846
5557.75, 1.00122, 0.00428779, 0.99481, 0.142025
5557.76, 1.00023, 0.00428406, 0.99441, 0.199039
5557.77, 0.998169, 0.00427389, 0.99335, 0.281505
5557.78, 0.995915, 0.00426407, 0.99133, 0.395023
5557.79, 0.993679, 0.00425737, 0.98792, 0.542138
5557.8, 0.990069, 0.0042461, 0.98257, 0.722851
5557.81, 0.984106, 0.00422532, 0.97466, 0.935634
5557.82, 0.975708, 0.00419607, 0.96361, 1.1754
5557.83, 0.96409, 0.00415635, 0.94907, 1.43399
5557.84, 0.947617, 0.00410032, 0.93105, 1.70583
5557.85, 0.9261, 0.00402735, 0.91005, 1.98377
5557.86, 0.900786, 0.00394205, 0.88703, 2.26375
5557.87, 0.87369, 0.00385102, 0.86328, 2.53965
5557.88, 0.847225, 0.00376178, 0.84014, 2.80843
5557.89, 0.822768, 0.00367841, 0.81876, 3.06448
5557.9, 0.801187, 0.00360354, 0.79991, 3.30119
5557.91, 0.783807, 0.00354296, 0.78393, 3.51092
5557.92, 0.771646, 0.0035016, 0.77083, 3.68349
5557.93, 0.763189, 0.0034733, 0.76047, 3.80922
5557.94, 0.756567, 0.00345045, 0.75283, 3.87947
5557.95, 0.751556, 0.00343292, 0.74818, 3.89016
5557.96, 0.748641, 0.00342289, 0.74711, 3.83926
5557.97, 0.749194, 0.00342404, 0.75041, 3.73185
5557.98, 0.754613, 0.00344073, 0.7589, 3.57557
5557.99, 0.766005, 0.00347824, 0.77304, 3.37958
5558, 0.78385, 0.00353866, 0.79269, 3.15255
5558.01, 0.807638, 0.00361861, 0.81699, 2.9026
5558.02, 0.835711, 0.00371179, 0.84439, 2.63688
5558.03, 0.865115, 0.00380886, 0.87292, 2.35894
5558.04, 0.893333, 0.00390204, 0.90051, 2.07438
5558.05, 0.918412, 0.00398537, 0.92541, 1.78931
5558.06, 0.939351, 0.00405506, 0.9464, 1.50832
5558.07, 0.955923, 0.00410935, 0.96296, 1.23954
5558.08, 0.968769, 0.00415081, 0.97521, 0.990612
5558.09, 0.978878, 0.00418383, 0.98372, 0.767648
5558.1, 0.986273, 0.00420813, 0.9893, 0.577772
5558.11, 0.990744, 0.00422225, 0.99279, 0.424039
5558.12, 0.993065, 0.0042289, 0.9949, 0.304412
5558.13, 0.994277, 0.0042319, 0.99617, 0.216855
5558.14, 0.995214, 0.00423417, 0.99694, 0.155769
5558.15, 0.996316, 0.00423721, 0.99745, 0.114536
5558.16, 0.997026, 0.00423905, 0.9978, 0.0880657
5558.17, 0.99709, 0.00423856, 0.99807, 0.0702489
5558.18, 0.997276, 0.00423772, 0.99828, 0.0575227
5558.19, 0.997996, 0.00423807, 0.99845, 0.0468326
5558.2, 0.998857, 0.0042397, 0.99861, 0.0366516
5558.21, 0.999353, 0.00424118, 0.99874, 0.0279978
5558.22, 0.998983, 0.00423955, 0.99889, 0.0188349
5558.23, 0.998386, 0.0042368, 1, 0
5558.24, 0.999145, 0.00423914, 1, 0
5558.25, 1.00065, 0.00424421, 1, 0
5558.26, 1.00086, 0.0042439, 1, 0
5558.27, 0.999734, 0.00423817, 1, 0
5558.28, 0.998852, 0.00423343, 1, 0
5558.29, 0.998094, 0.0042292, 1, 0
