wav, obs, sigma_obs, syn, weight
5560.89, 1.00833, 0.00407409, 1, 0
5560.9, 1.00788, 0.00407314, 1, 0
5560.91, 1.00743, 0.00407232, 1, 0
5560.92, 1.00692, 0.00407042, 1, 0
5560.93, 1.00638, 0.00406757, 1, 0
5560.94, 1.00594, 0.00406533, 1, 0
5560.95, 1.0056, 0.00406388, 1, 0
5560.96, 1.0052, 0.0040619, 0.9997, 0.0270385
5560.97, 1.00467, 0.00405906, 0.99967, 0.0390556
5560.98, 1.00399, 0.00405591, 0.99966, 0.0510727
5560.99, 1.00342, 0.00405341, 0.99964, 0.0600855
5561, 1.00335, 0.00405268, 0.99963, 0.0690983
5561.01, 1.00389, 0.0040541, 0.99962, 0.0721026
5561.02, 1.0048, 0.00405694, 0.9996, 0.0781111
5561.03, 1.00493, 0.00405692, 0.99959, 0.0811154
5561.04, 1.00368, 0.0040519, 0.99956, 0.0871239
5561.05, 1.00308, 0.00404919, 0.99954, 0.0961368
5561.06, 1.00423, 0.00405272, 0.9995, 0.10515
5561.07, 1.00526, 0.00405564, 0.99945, 0.123175
5561.08, 1.00516, 0.00405439, 0.99938, 0.153218
5561.09, 1.00476, 0.00405228, 0.99928, 0.198282
5561.1, 1.00448, 0.0040508, 0.99914, 0.273389
5561.11, 1.00417, 0.00404893, 0.99892, 0.384547
5561.12, 1.00364, 0.0040461, 0.99857, 0.552786
5561.13, 1.00271, 0.00404221, 0.99799, 0.781111
5561.14, 1.00125, 0.00403701, 0.99707, 1.07853
5561.15, 0.999152, 0.00403019, 0.99566, 1.43905
5561.16, 0.996442, 0.00402129, 0.9936, 1.85664
5561.17, 0.993212, 0.00401012, 0.99081, 2.30127
5561.18, 0.989599, 0.00399766, 0.98728, 2.75191
5561.19, 0.985728, 0.00398487, 0.98315, 3.18753
5561.2, 0.981653, 0.00397183, 0.9787, 3.57208
5561.21, 0.977371, 0.00395819, 0.97436, 3.89354
5561.22, 0.972827, 0.00394326, 0.97062, 4.13688
5561.23, 0.968816, 0.00392964, 0.96793, 4.29912
5561.24, 0.967349, 0.00392459, 0.96667, 4.36821
5561.25, 0.968676, 0.0039288, 0.96699, 4.35319
5561.26, 0.971154, 0.00393587, 0.96887, 4.24804
5561.27, 0.974323, 0.0039446, 0.97204, 4.05577
5561.28, 0.978588, 0.00395746, 0.9761, 3.77938
5561.29, 0.983269, 0.00397188, 0.98055, 3.43388
5561.3, 0.987239, 0.00398326, 0.98494, 3.02831
5561.31, 0.990327, 0.00399173, 0.98887, 2.58668
5561.32, 0.992766, 0.003999, 0.99211, 2.13303
5561.33, 0.99494, 0.00400563, 0.99459, 1.70042
5561.34, 0.996987, 0.00401134, 0.99634, 1.30385
5561.35, 0.998218, 0.00401433, 0.99748, 0.97038
5561.36, 0.998396, 0.00401425, 0.99815, 0.699996
5561.37, 0.998475, 0.00401408, 0.99847, 0.498709
5561.38, 0.998601, 0.00401413, 0.99856, 0.354504
5561.39, 0.997612, 0.00401053, 0.99851, 0.258368
5561.4, 0.995666, 0.0040035, 0.99837, 0.198282
5561.41, 0.994251, 0.00399748, 0.99819, 0.159227
5561.42, 0.993293, 0.00399302, 0.99802, 0.138197
5561.43, 0.991673, 0.00398791, 0.99789, 0.129184
5561.44, 0.98949, 0.00398164, 0.99783, 0.120171
5561.45, 0.987462, 0.00397486, 0.99785, 0.117167
5561.46, 0.986194, 0.00396974, 0.99795, 0.111158
5561.47, 0.985974, 0.00396802, 0.99811, 0.108154
5561.48, 0.986025, 0.00396767, 0.99833, 0.10515
5561.49, 0.985948, 0.0039673, 0.99856, 0.0961368
5561.5, 0.987063, 0.0039699, 0.99878, 0.0811154
5561.51, 0.989693, 0.0039762, 0.99899, 0.066094
5561.52, 0.991781, 0.00398138, 0.99916, 0.0480684
5561.53, 0.99256, 0.00398374, 1, 0
5561.54, 0.99329, 0.00398643, 1, 0
5561.55, 0.994188, 0.00398938, 1, 0
5561.56, 0.994411, 0.00398943, 1, 0
5561.57, 0.993938, 0.00398661, 1, 0
5561.58, 0.993554, 0.00398416, 1, 0
5561.59, 0.993243, 0.00398201, 1, 0
