wav, obs, sigma_obs, syn, weight
5576.68, 1.00174, 0.00362354, 1, 0
5576.69, 1.0009, 0.00362178, 1, 0
5576.7, 0.999707, 0.00361903, 1, 0
5576.71, 0.99963, 0.00361941, 1, 0
5576.72, 1.00062, 0.00362281, 1, 0
5576.73, 1.00069, 0.0036238, 1, 0
5576.74, 0.999904, 0.00362207, 1, 0
5576.75, 1.00002, 0.00362181, 0.99814, 0.08875
5576.76, 1.00064, 0.00362293, 0.99825, 0.123264
5576.77, 1.00069, 0.00362351, 0.99833, 0.155313
5576.78, 1.00004, 0.003622, 0.99839, 0.175035
5576.79, 0.999125, 0.00361928, 0.99842, 0.184896
5576.8, 0.99891, 0.0036194, 0.99845, 0.187361
5576.81, 0.999463, 0.00362164, 0.99846, 0.187361
5576.82, 1.00008, 0.00362208, 0.99846, 0.187361
5576.83, 0.999782, 0.00362052, 0.99846, 0.192292
5576.84, 0.998308, 0.00361841, 0.99844, 0.199687
5576.85, 0.997532, 0.00361792, 0.99841, 0.214479
5576.86, 0.997585, 0.00361773, 0.99836, 0.236667
5576.87, 0.996322, 0.00361302, 0.99828, 0.278576
5576.88, 0.995102, 0.00360879, 0.99816, 0.342674
5576.89, 0.996456, 0.00361287, 0.99798, 0.44375
5576.9, 0.99781, 0.00361714, 0.99767, 0.591667
5576.91, 0.997075, 0.00361511, 0.99714, 0.796285
5576.92, 0.996293, 0.00361353, 0.99625, 1.06253
5576.93, 0.995922, 0.00361338, 0.99477, 1.39042
5576.94, 0.994347, 0.00360862, 0.9924, 1.77007
5576.95, 0.990932, 0.00359851, 0.98882, 2.1867
5576.96, 0.985718, 0.00358472, 0.98378, 2.60826
5576.97, 0.979185, 0.0035672, 0.9772, 3.0175
5576.98, 0.971564, 0.00354553, 0.96936, 3.38483
5576.99, 0.96258, 0.00351973, 0.96094, 3.69792
5577, 0.953814, 0.00349494, 0.95301, 3.93951
5577.01, 0.948083, 0.00347929, 0.94679, 4.10222
5577.02, 0.945458, 0.00347191, 0.94336, 4.18358
5577.03, 0.945358, 0.00347038, 0.94337, 4.18358
5577.04, 0.948712, 0.00347905, 0.94683, 4.09729
5577.05, 0.955437, 0.00349872, 0.95308, 3.93212
5577.06, 0.963649, 0.00352342, 0.96104, 3.69052
5577.07, 0.972016, 0.00354834, 0.96948, 3.37497
5577.08, 0.979749, 0.00357034, 0.97735, 3.00271
5577.09, 0.986338, 0.00358862, 0.98396, 2.59347
5577.1, 0.991473, 0.0036029, 0.98903, 2.16698
5577.11, 0.995106, 0.00361233, 0.99263, 1.75035
5577.12, 0.997319, 0.00361767, 0.99503, 1.36576
5577.13, 0.998374, 0.00362153, 0.99654, 1.03788
5577.14, 0.999171, 0.00362576, 0.99746, 0.766701
5577.15, 1.00057, 0.00363096, 0.99801, 0.562083
5577.16, 1.00174, 0.00363438, 0.99834, 0.409236
5577.17, 1.00217, 0.00363478, 0.99855, 0.310625
5577.18, 1.00279, 0.00363546, 0.99867, 0.241597
5577.19, 1.00367, 0.00363745, 0.99874, 0.202153
5577.2, 1.00399, 0.00363914, 0.99875, 0.172569
5577.21, 1.00354, 0.00363876, 0.99872, 0.155313
5577.22, 1.00263, 0.00363598, 0.99862, 0.145451
5577.23, 1.00228, 0.00363506, 0.99846, 0.138056
5577.24, 1.00252, 0.00363679, 0.99821, 0.13066
5577.25, 1.00181, 0.00363536, 0.99786, 0.125729
5577.26, 0.999982, 0.0036297, 0.99738, 0.118333
5577.27, 0.997945, 0.00362273, 0.99677, 0.108472
5577.28, 0.996139, 0.00361719, 0.99603, 0.0986111
5577.29, 0.994569, 0.00361398, 0.99519, 0.0813542
5577.3, 0.992619, 0.00360958, 0.99433, 0.0640972
5577.31, 0.99043, 0.00360343, 0.99354, 0.044375
5577.32, 0.989058, 0.00359904, 1, 0
5577.33, 0.988092, 0.00359589, 1, 0
5577.34, 0.986693, 0.00359206, 1, 0
5577.35, 0.986245, 0.00359098, 1, 0
5577.36, 0.987694, 0.00359491, 1, 0
5577.37, 0.98952, 0.00359983, 1, 0
5577.38, 0.991021, 0.00360389, 1, 0
