wav, obs, sigma_obs, syn, weight
5588.98, 0.910447, 0.00375896, 1, 0
5588.99, 0.913537, 0.00376824, 1, 0
5589, 0.916097, 0.00377593, 1, 0
5589.01, 0.920258, 0.00378844, 1, 0
5589.02, 0.926499, 0.0038079, 1, 0
5589.03, 0.932362, 0.0038285, 1, 0
5589.04, 0.937838, 0.00384791, 0.93045, 0.407681
5589.05, 0.944078, 0.00386666, 0.93394, 0.681697
5589.06, 0.949611, 0.00388473, 0.93775, 0.955712
5589.07, 0.953805, 0.00390064, 0.94143, 1.12948
5589.08, 0.95772, 0.00391216, 0.94478, 1.16289
5589.09, 0.961855, 0.00392377, 0.94783, 1.07601
5589.1, 0.965677, 0.00393733, 0.9506, 0.928979
5589.11, 0.967207, 0.0039431, 0.95313, 0.761896
5589.12, 0.967891, 0.00394495, 0.95545, 0.621547
5589.13, 0.970699, 0.00395397, 0.95759, 0.514614
5589.14, 0.972661, 0.00396002, 0.95955, 0.434415
5589.15, 0.972811, 0.00396016, 0.96136, 0.387631
5589.16, 0.974737, 0.0039677, 0.96302, 0.367582
5589.17, 0.976501, 0.00397546, 0.96454, 0.354215
5589.18, 0.975628, 0.00397365, 0.96594, 0.354215
5589.19, 0.97603, 0.00397481, 0.96721, 0.374265
5589.2, 0.977806, 0.00398068, 0.96833, 0.414365
5589.21, 0.977523, 0.00398192, 0.9693, 0.461148
5589.22, 0.976727, 0.00398074, 0.97004, 0.548031
5589.23, 0.976488, 0.00397922, 0.97046, 0.661647
5589.24, 0.974556, 0.00397318, 0.97032, 0.808679
5589.25, 0.970704, 0.00396192, 0.96924, 0.969079
5589.26, 0.965839, 0.00394668, 0.96656, 1.16289
5589.27, 0.959994, 0.00392731, 0.96136, 1.36339
5589.28, 0.951954, 0.00390138, 0.95251, 1.56389
5589.29, 0.939735, 0.00386472, 0.939, 1.75102
5589.3, 0.923588, 0.00381538, 0.92032, 1.93147
5589.31, 0.903914, 0.00375274, 0.89705, 2.09187
5589.32, 0.880108, 0.00367784, 0.87113, 2.23222
5589.33, 0.855538, 0.00360102, 0.8458, 2.34584
5589.34, 0.835602, 0.00353743, 0.82504, 2.45277
5589.35, 0.823015, 0.00349709, 0.81258, 2.53965
5589.36, 0.820222, 0.00348922, 0.8109, 2.60649
5589.37, 0.829305, 0.00352059, 0.82044, 2.65327
5589.38, 0.847016, 0.00357812, 0.83949, 2.68
5589.39, 0.869116, 0.00364711, 0.86469, 2.66664
5589.4, 0.89401, 0.00372676, 0.89202, 2.62654
5589.41, 0.918644, 0.00380689, 0.91781, 2.55302
5589.42, 0.939338, 0.00387237, 0.93952, 2.45945
5589.43, 0.955522, 0.00392331, 0.95606, 2.34584
5589.44, 0.967373, 0.00396205, 0.96757, 2.22554
5589.45, 0.975132, 0.00398897, 0.97499, 2.09856
5589.46, 0.980146, 0.00400639, 0.9795, 1.97826
5589.47, 0.983728, 0.00401744, 0.98216, 1.85127
5589.48, 0.985862, 0.00402464, 0.98376, 1.71761
5589.49, 0.987051, 0.00402972, 0.98479, 1.57726
5589.5, 0.988206, 0.00403369, 0.98551, 1.43023
5589.51, 0.989259, 0.00403698, 0.98606, 1.26983
5589.52, 0.989927, 0.00403947, 0.98651, 1.10274
5589.53, 0.990123, 0.0040407, 0.98688, 0.942345
5589.54, 0.990491, 0.0040422, 0.9872, 0.788629
5589.55, 0.991284, 0.00404467, 0.98747, 0.64828
5589.56, 0.990782, 0.00404383, 0.9877, 0.534664
5589.57, 0.989653, 0.00404184, 0.9879, 0.441098
5589.58, 0.990336, 0.00404524, 0.98807, 0.374265
5589.59, 0.991217, 0.00404821, 0.98821, 0.320798
5589.6, 0.990813, 0.00404656, 0.98833, 0.287382
5589.61, 0.990032, 0.00404498, 0.98841, 0.260649
5589.62, 0.98953, 0.00404493, 0.98846, 0.233916
5589.63, 0.989365, 0.00404521, 0.98846, 0.200499
5589.64, 0.988713, 0.00404417, 0.98842, 0.153716
5589.65, 0.988401, 0.00404445, 0.98837, 0.10025
5589.66, 0.990182, 0.00405054, 0.98836, 0.0601497
5589.67, 0.99054, 0.00405196, 1, 0
5589.68, 0.987784, 0.00404405, 1, 0
5589.69, 0.9865, 0.00404082, 1, 0
5589.7, 0.987274, 0.00404398, 1, 0
5589.71, 0.987429, 0.00404522, 1, 0
5589.72, 0.987585, 0.00404647, 1, 0
