wav, obs, sigma_obs, syn, weight
5592.3, 0.70611, 0.0032954, 1, 0
5592.31, 0.762189, 0.00348379, 1, 0
5592.32, 0.82068, 0.00367996, 1, 0
5592.33, 0.873193, 0.00385685, 1, 0
5592.34, 0.911164, 0.00398637, 1, 0
5592.35, 0.935669, 0.00407022, 1, 0
5592.36, 0.948463, 0.00411329, 0.96318, 0.0219568
5592.37, 0.951099, 0.00412134, 0.96415, 0.0356798
5592.38, 0.94733, 0.0041089, 0.96114, 0.0521474
5592.39, 0.940508, 0.00408771, 0.95622, 0.0631257
5592.4, 0.932752, 0.0040631, 0.95149, 0.0658703
5592.41, 0.92708, 0.00404507, 0.94886, 0.0658703
5592.42, 0.926017, 0.00404223, 0.94936, 0.0658703
5592.43, 0.930137, 0.0040558, 0.95313, 0.0631257
5592.44, 0.93902, 0.00408605, 0.95949, 0.0603812
5592.45, 0.951152, 0.00412941, 0.96729, 0.0603812
5592.46, 0.963242, 0.00417059, 0.97525, 0.0631257
5592.47, 0.973777, 0.00420471, 0.98232, 0.0741041
5592.48, 0.983068, 0.00423706, 0.98792, 0.0905717
5592.49, 0.989959, 0.00426106, 0.9919, 0.123507
5592.5, 0.993812, 0.00427336, 0.99446, 0.181143
5592.51, 0.995539, 0.00428089, 0.99595, 0.277204
5592.52, 0.996456, 0.00428764, 0.99668, 0.428157
5592.53, 0.997497, 0.00429386, 0.99689, 0.64498
5592.54, 0.998387, 0.00429586, 0.99668, 0.944142
5592.55, 0.998226, 0.0042931, 0.99597, 1.32015
5592.56, 0.996451, 0.00428825, 0.99459, 1.76203
5592.57, 0.994768, 0.00428535, 0.99224, 2.25057
5592.58, 0.992989, 0.00428125, 0.98864, 2.74734
5592.59, 0.98887, 0.00426721, 0.98364, 3.23039
5592.6, 0.983171, 0.00424829, 0.97735, 3.65855
5592.61, 0.976964, 0.00422944, 0.97031, 4.02084
5592.62, 0.970287, 0.00420838, 0.96343, 4.2953
5592.63, 0.965069, 0.00419097, 0.95785, 4.48193
5592.64, 0.962763, 0.00418297, 0.95464, 4.57524
5592.65, 0.961297, 0.00417915, 0.95447, 4.57524
5592.66, 0.961314, 0.00418132, 0.95738, 4.48193
5592.67, 0.964984, 0.00419493, 0.96277, 4.2953
5592.68, 0.970596, 0.0042135, 0.96961, 4.01809
5592.69, 0.976544, 0.00423262, 0.97674, 3.6558
5592.7, 0.982388, 0.0042531, 0.98321, 3.22216
5592.71, 0.987512, 0.00427277, 0.98843, 2.74185
5592.72, 0.991529, 0.0042882, 0.99223, 2.23959
5592.73, 0.994532, 0.00429646, 0.99474, 1.7538
5592.74, 0.99583, 0.00429963, 0.99627, 1.30917
5592.75, 0.995556, 0.00430231, 0.99714, 0.933163
5592.76, 0.996932, 0.00430818, 0.9976, 0.636747
5592.77, 0.999417, 0.00431531, 0.99783, 0.417179
5592.78, 1.00001, 0.00431898, 0.99795, 0.266226
5592.79, 0.999977, 0.00432144, 0.998, 0.170165
5592.8, 1.00056, 0.00432404, 0.99801, 0.112529
5592.81, 1.00156, 0.00432537, 0.99798, 0.0768487
5592.82, 1.00188, 0.00432692, 0.9979, 0.0576366
5592.83, 1.00113, 0.00432855, 0.99777, 0.0466582
5592.84, 1.0006, 0.00432599, 0.99756, 0.041169
5592.85, 1.00057, 0.00432327, 0.99726, 0.0356798
5592.86, 1.00064, 0.00432537, 0.99688, 0.0329352
5592.87, 1.00032, 0.00432638, 0.99643, 0.0329352
5592.88, 0.999388, 0.00432435, 0.99593, 0.027446
5592.89, 0.998009, 0.00432179, 0.99539, 0.027446
5592.9, 0.996955, 0.00431929, 0.99484, 0.0219568
5592.91, 0.996417, 0.00431745, 0.99429, 0.0192122
5592.92, 0.995795, 0.00431724, 0.99375, 0.013723
5592.93, 0.995211, 0.00431718, 0.99328, 0.00823379
5592.94, 0.994747, 0.00431588, 0.99297, 0.0054892
5592.95, 0.99397, 0.00431393, 1, 0
5592.96, 0.99362, 0.00431342, 1, 0
5592.97, 0.994196, 0.00431508, 1, 0
5592.98, 0.993693, 0.00431434, 1, 0
5592.99, 0.991746, 0.00431036, 1, 0
5593, 0.990146, 0.00430716, 1, 0
