wav, obs, sigma_obs, syn, weight
5603.37, 0.988955, 0.00473535, 1, 0
5603.38, 0.989711, 0.00473637, 1, 0
5603.39, 0.990451, 0.00473728, 1, 0
5603.4, 0.991137, 0.0047378, 1, 0
5603.41, 0.992025, 0.00473977, 1, 0
5603.42, 0.993219, 0.0047437, 1, 0
5603.43, 0.994651, 0.00474825, 1, 0
5603.44, 0.996104, 0.00475193, 1, 0
5603.45, 0.997099, 0.00475346, 0.99504, 0.151175
5603.46, 0.997248, 0.00475206, 0.99468, 0.188198
5603.47, 0.996408, 0.00474787, 0.99455, 0.214422
5603.48, 0.99495, 0.00474225, 0.99455, 0.228306
5603.49, 0.994096, 0.00473842, 0.99463, 0.234476
5603.5, 0.994286, 0.00473749, 0.99474, 0.234476
5603.51, 0.994583, 0.00473692, 0.99484, 0.231391
5603.52, 0.99447, 0.00473534, 0.99493, 0.226763
5603.53, 0.994215, 0.00473358, 0.99498, 0.223678
5603.54, 0.994133, 0.00473242, 0.99498, 0.222135
5603.55, 0.994499, 0.00473233, 0.99493, 0.220593
5603.56, 0.995122, 0.00473262, 0.99481, 0.222135
5603.57, 0.995272, 0.0047313, 0.9946, 0.228306
5603.58, 0.994759, 0.00472804, 0.99429, 0.240647
5603.59, 0.993992, 0.0047243, 0.99387, 0.262243
5603.6, 0.992919, 0.00471945, 0.99331, 0.299266
5603.61, 0.99106, 0.00471098, 0.99254, 0.362513
5603.62, 0.988918, 0.00470106, 0.99147, 0.455069
5603.63, 0.987768, 0.00469561, 0.98997, 0.586191
5603.64, 0.986898, 0.00469193, 0.98787, 0.766676
5603.65, 0.984134, 0.00468087, 0.98498, 0.998067
5603.66, 0.979478, 0.00466197, 0.98118, 1.28345
5603.67, 0.974486, 0.004641, 0.97637, 1.61357
5603.68, 0.969856, 0.00462171, 0.9706, 1.98379
5603.69, 0.965601, 0.00460582, 0.96402, 2.37407
5603.7, 0.960811, 0.00458898, 0.95691, 2.76744
5603.71, 0.954217, 0.00456417, 0.94968, 3.14538
5603.72, 0.946291, 0.00453321, 0.94277, 3.48629
5603.73, 0.938446, 0.00450253, 0.93666, 3.7763
5603.74, 0.932158, 0.00447812, 0.93178, 3.99844
5603.75, 0.928667, 0.0044646, 0.92849, 4.14653
5603.76, 0.927382, 0.0044591, 0.92705, 4.2144
5603.77, 0.927224, 0.00445682, 0.92756, 4.19589
5603.78, 0.929022, 0.00446139, 0.93, 4.09716
5603.79, 0.933986, 0.00447819, 0.93423, 3.91822
5603.8, 0.941304, 0.00450388, 0.93996, 3.66832
5603.81, 0.949572, 0.00453274, 0.94679, 3.35517
5603.82, 0.957921, 0.00456229, 0.95428, 2.99574
5603.83, 0.965672, 0.00459068, 0.96192, 2.60701
5603.84, 0.972255, 0.00461468, 0.96925, 2.20901
5603.85, 0.977342, 0.00463196, 0.97589, 1.82028
5603.86, 0.981442, 0.00464531, 0.98159, 1.46085
5603.87, 0.985165, 0.00465789, 0.98622, 1.13999
5603.88, 0.98875, 0.00466985, 0.98979, 0.87003
5603.89, 0.992047, 0.00468003, 0.9924, 0.652523
5603.9, 0.993949, 0.0046852, 0.99423, 0.485921
5603.91, 0.994026, 0.00468446, 0.99546, 0.36097
5603.92, 0.994208, 0.00468426, 0.99628, 0.274584
5603.93, 0.995728, 0.00468862, 0.99681, 0.217508
5603.94, 0.997134, 0.00469242, 0.99716, 0.175857
5603.95, 0.997465, 0.00469238, 0.9974, 0.151175
5603.96, 0.997711, 0.00469215, 0.99757, 0.132664
5603.97, 0.998625, 0.0046944, 0.99771, 0.120323
5603.98, 0.999989, 0.00469818, 0.99782, 0.111068
5603.99, 1.00144, 0.00470209, 0.99792, 0.100269
5604, 1.00258, 0.00470468, 0.99801, 0.0925564
5604.01, 1.00321, 0.00470533, 0.99812, 0.0802156
5604.02, 1.00349, 0.00470476, 0.99826, 0.0678747
5604.03, 1.00366, 0.00470403, 0.99844, 0.0524486
5604.04, 1.004, 0.00470444, 1, 0
5604.05, 1.00458, 0.00470611, 1, 0
5604.06, 1.00519, 0.00470767, 1, 0
5604.07, 1.00558, 0.00470784, 1, 0
5604.08, 1.0055, 0.00470566, 1, 0
5604.09, 1.00495, 0.00470135, 1, 0
5604.1, 1.00436, 0.00469682, 1, 0
5604.11, 1.00386, 0.00469271, 1, 0
