wav, obs, sigma_obs, syn, weight
5607.3, 0.999884, 0.0043363, 1, 0
5607.31, 0.999494, 0.00433422, 1, 0
5607.32, 0.999426, 0.00433334, 1, 0
5607.33, 0.998808, 0.00433041, 1, 0
5607.34, 0.997074, 0.00432326, 1, 0
5607.35, 0.995336, 0.00431595, 1, 0
5607.36, 0.994803, 0.00431295, 1, 0
5607.37, 0.994655, 0.00431166, 0.99978, 0.00598802
5607.38, 0.993904, 0.00430873, 0.99976, 0.00598802
5607.39, 0.993044, 0.0043054, 0.99975, 0.00798403
5607.4, 0.992698, 0.00430339, 0.99973, 0.00998004
5607.41, 0.99285, 0.0043026, 0.9997, 0.00998004
5607.42, 0.993426, 0.004303, 0.99967, 0.0139721
5607.43, 0.994496, 0.00430551, 0.99963, 0.0139721
5607.44, 0.995927, 0.00430993, 0.99956, 0.0159681
5607.45, 0.997147, 0.00431361, 0.99945, 0.0199601
5607.46, 0.997976, 0.00431551, 0.9993, 0.0259481
5607.47, 0.998955, 0.00431775, 0.9991, 0.0319361
5607.48, 0.999947, 0.00432, 0.99885, 0.0419162
5607.49, 0.999819, 0.00431831, 0.99857, 0.0598802
5607.5, 0.998602, 0.00431299, 0.99828, 0.0898204
5607.51, 0.997713, 0.0043093, 0.99798, 0.139721
5607.52, 0.997657, 0.00430867, 0.99767, 0.219561
5607.53, 0.997979, 0.00430856, 0.99733, 0.345309
5607.54, 0.998163, 0.00430743, 0.99683, 0.52495
5607.55, 0.997682, 0.00430459, 0.996, 0.770459
5607.56, 0.996128, 0.00429889, 0.99455, 1.08982
5607.57, 0.993223, 0.00428895, 0.9921, 1.47705
5607.58, 0.989169, 0.0042748, 0.98823, 1.91816
5607.59, 0.984293, 0.00425694, 0.98261, 2.39521
5607.6, 0.97787, 0.00423382, 0.97508, 2.88024
5607.61, 0.968962, 0.00420349, 0.96581, 3.34531
5607.62, 0.958179, 0.00416721, 0.95539, 3.76647
5607.63, 0.946832, 0.00412817, 0.94481, 4.11976
5607.64, 0.936824, 0.00409312, 0.93534, 4.39122
5607.65, 0.929947, 0.00406882, 0.92828, 4.57285
5607.66, 0.92685, 0.00405785, 0.92467, 4.65868
5607.67, 0.927734, 0.00406079, 0.92509, 4.6487
5607.68, 0.932249, 0.00407507, 0.92947, 4.54291
5607.69, 0.939811, 0.00409816, 0.93715, 4.34331
5607.7, 0.949508, 0.00412917, 0.947, 4.05389
5607.71, 0.960283, 0.00416557, 0.95772, 3.68463
5607.72, 0.970882, 0.00420096, 0.96809, 3.25349
5607.73, 0.980235, 0.00423072, 0.97721, 2.78244
5607.74, 0.987634, 0.00425421, 0.98456, 2.29541
5607.75, 0.992806, 0.0042711, 0.99004, 1.82435
5607.76, 0.996048, 0.004281, 0.99383, 1.39122
5607.77, 0.997718, 0.00428496, 0.99628, 1.01597
5607.78, 0.998197, 0.00428566, 0.99777, 0.712575
5607.79, 0.997892, 0.00428452, 0.99862, 0.479042
5607.8, 0.997223, 0.0042817, 0.99909, 0.313373
5607.81, 0.996326, 0.00427733, 0.99935, 0.197605
5607.82, 0.995168, 0.00427175, 0.9995, 0.125749
5607.83, 0.994331, 0.00426772, 0.9996, 0.0818363
5607.84, 0.994646, 0.00426879, 0.99966, 0.0558882
5607.85, 0.995392, 0.00427142, 0.9997, 0.0419162
5607.86, 0.995321, 0.00426963, 0.99974, 0.0319361
5607.87, 0.995566, 0.00426815, 0.99976, 0.0279441
5607.88, 0.997799, 0.00427446, 0.99979, 0.0239521
5607.89, 1.00063, 0.00428413, 0.99981, 0.0219561
5607.9, 1.00209, 0.00428992, 0.99982, 0.0199601
5607.91, 1.00271, 0.0042916, 0.99984, 0.0179641
5607.92, 1.0035, 0.00429123, 0.99985, 0.0159681
5607.93, 1.00444, 0.00429177, 0.99987, 0.011976
5607.94, 1.00535, 0.00429495, 0.99988, 0.00798403
5607.95, 1.00614, 0.00429798, 0.99989, 0.00798403
5607.96, 1.00668, 0.00429852, 1, 0
5607.97, 1.00677, 0.0042972, 1, 0
5607.98, 1.00633, 0.0042948, 1, 0
5607.99, 1.0055, 0.00429143, 1, 0
5608, 1.00444, 0.00428727, 1, 0
5608.01, 1.00333, 0.00428292, 1, 0
5608.02, 1.00227, 0.00427874, 1, 0
