wav, obs, sigma_obs, syn, weight
5608.62, 0.99854, 0.00420945, 1, 0
5608.63, 0.998204, 0.00420956, 1, 0
5608.64, 0.997826, 0.00420791, 1, 0
5608.65, 0.997507, 0.00420457, 1, 0
5608.66, 0.997683, 0.00420361, 1, 0
5608.67, 0.998345, 0.00420623, 1, 0
5608.68, 0.99856, 0.00420721, 1, 0
5608.69, 0.998181, 0.00420472, 0.99963, 0.0055549
5608.7, 0.998384, 0.00420308, 0.99955, 0.00833236
5608.71, 0.99915, 0.00420348, 0.99947, 0.0138873
5608.72, 0.998921, 0.00420264, 0.99938, 0.0138873
5608.73, 0.99782, 0.00420021, 0.99928, 0.0194422
5608.74, 0.99765, 0.00419887, 0.99916, 0.0194422
5608.75, 0.998469, 0.00419915, 0.99902, 0.0249971
5608.76, 0.998946, 0.00419975, 0.99886, 0.0277745
5608.77, 0.998792, 0.00419963, 0.99868, 0.030552
5608.78, 0.998419, 0.00419813, 0.99848, 0.0388843
5608.79, 0.998101, 0.00419579, 0.99827, 0.0472167
5608.8, 0.997987, 0.00419373, 0.99806, 0.0638814
5608.81, 0.997931, 0.00419244, 0.99786, 0.0916559
5608.82, 0.997721, 0.00419197, 0.99765, 0.138873
5608.83, 0.997462, 0.00419139, 0.99739, 0.211086
5608.84, 0.997334, 0.00418984, 0.99701, 0.330517
5608.85, 0.997383, 0.00418829, 0.99638, 0.502719
5608.86, 0.997446, 0.00418733, 0.99536, 0.738802
5608.87, 0.996774, 0.00418478, 0.99372, 1.0471
5608.88, 0.994761, 0.00417842, 0.99127, 1.42483
5608.89, 0.991487, 0.00416738, 0.98784, 1.85534
5608.9, 0.987073, 0.00415155, 0.98339, 2.32195
5608.91, 0.981497, 0.00413183, 0.97799, 2.79689
5608.92, 0.974918, 0.00410945, 0.97195, 3.2524
5608.93, 0.967829, 0.004086, 0.9657, 3.66346
5608.94, 0.960905, 0.00406321, 0.9598, 4.00786
5608.95, 0.955002, 0.00404298, 0.95482, 4.2745
5608.96, 0.950773, 0.0040276, 0.95128, 4.44948
5608.97, 0.948632, 0.0040197, 0.94955, 4.5328
5608.98, 0.948833, 0.00402003, 0.94983, 4.52447
5608.99, 0.951472, 0.00402775, 0.95208, 4.42448
5609, 0.956218, 0.00404201, 0.95608, 4.23006
5609.01, 0.962402, 0.00406175, 0.96141, 3.94676
5609.02, 0.968999, 0.00408318, 0.96755, 3.58847
5609.03, 0.974926, 0.00410166, 0.97393, 3.1663
5609.04, 0.980136, 0.00411747, 0.98001, 2.70802
5609.05, 0.984873, 0.00413224, 0.98538, 2.23029
5609.06, 0.988426, 0.00414304, 0.98979, 1.76646
5609.07, 0.990218, 0.00414723, 0.99318, 1.34429
5609.08, 0.99175, 0.00415056, 0.99561, 0.98044
5609.09, 0.994303, 0.00415813, 0.99724, 0.686031
5609.1, 0.996442, 0.00416493, 0.99828, 0.461057
5609.11, 0.996995, 0.00416659, 0.99891, 0.299965
5609.12, 0.997061, 0.00416631, 0.99928, 0.191644
5609.13, 0.997611, 0.00416711, 0.99949, 0.122208
5609.14, 0.998543, 0.00416896, 0.99961, 0.0833236
5609.15, 0.999451, 0.00417091, 0.99968, 0.0583265
5609.16, 0.999664, 0.00417106, 0.99972, 0.0416618
5609.17, 0.999105, 0.0041689, 0.99975, 0.0361069
5609.18, 0.998511, 0.00416592, 0.99977, 0.030552
5609.19, 0.998301, 0.00416369, 0.99979, 0.0277745
5609.2, 0.998483, 0.00416358, 0.9998, 0.0249971
5609.21, 0.999178, 0.00416595, 0.99981, 0.0222196
5609.22, 1.00053, 0.00417006, 0.99983, 0.0166647
5609.23, 1.00154, 0.00417259, 0.99984, 0.0138873
5609.24, 1.00074, 0.00416941, 0.99985, 0.0111098
5609.25, 0.999728, 0.00416537, 0.99987, 0.00833236
5609.26, 1.00122, 0.0041686, 1, 0
5609.27, 1.0037, 0.00417488, 1, 0
5609.28, 1.00436, 0.00417618, 1, 0
5609.29, 1.00354, 0.00417341, 1, 0
5609.3, 1.00332, 0.00417231, 1, 0
5609.31, 1.00313, 0.00417126, 1, 0
5609.32, 1.00294, 0.00417021, 1, 0
