wav, obs, sigma_obs, syn, weight
5611.01, 0.998595, 0.00402996, 1, 0
5611.02, 0.99862, 0.00402973, 1, 0
5611.03, 0.998524, 0.00402856, 1, 0
5611.04, 0.998272, 0.00402637, 1, 0
5611.05, 0.997972, 0.00402444, 1, 0
5611.06, 0.998029, 0.00402443, 1, 0
5611.07, 0.999232, 0.00402809, 1, 0
5611.08, 1.00098, 0.00403312, 0.9999, 0.00500511
5611.09, 1.00113, 0.00403283, 0.9999, 0.00500511
5611.1, 0.999756, 0.00402767, 0.9999, 0.00750767
5611.11, 0.998912, 0.00402427, 0.99989, 0.00750767
5611.12, 0.998759, 0.00402328, 0.99989, 0.0100102
5611.13, 0.998255, 0.00402146, 0.99988, 0.0125128
5611.14, 0.997673, 0.00401922, 0.99987, 0.0150153
5611.15, 0.997788, 0.00401846, 0.99985, 0.0175179
5611.16, 0.998035, 0.00401804, 0.99984, 0.022523
5611.17, 0.997588, 0.00401618, 0.99981, 0.0275281
5611.18, 0.99695, 0.0040139, 0.99979, 0.0400409
5611.19, 0.99679, 0.00401258, 0.99975, 0.0575588
5611.2, 0.996975, 0.0040119, 0.9997, 0.0925946
5611.21, 0.997274, 0.00401156, 0.99962, 0.152656
5611.22, 0.997659, 0.00401232, 0.99947, 0.24525
5611.23, 0.998097, 0.00401414, 0.99918, 0.385394
5611.24, 0.998476, 0.00401506, 0.99864, 0.583095
5611.25, 0.998273, 0.00401303, 0.99767, 0.850869
5611.26, 0.996404, 0.00400632, 0.99602, 1.1787
5611.27, 0.99297, 0.00399544, 0.99337, 1.5641
5611.28, 0.989381, 0.00398326, 0.98946, 1.98703
5611.29, 0.98522, 0.0039686, 0.98408, 2.41997
5611.3, 0.978611, 0.00394712, 0.97728, 2.8404
5611.31, 0.970109, 0.00392066, 0.96941, 3.22579
5611.32, 0.961806, 0.00389485, 0.96116, 3.55363
5611.33, 0.954659, 0.0038721, 0.95349, 3.80889
5611.34, 0.949035, 0.00385329, 0.94747, 3.98407
5611.35, 0.945363, 0.00384051, 0.94401, 4.07666
5611.36, 0.944209, 0.00383638, 0.94369, 4.08667
5611.37, 0.946674, 0.00384403, 0.94654, 4.0141
5611.38, 0.953186, 0.00386419, 0.9521, 3.85394
5611.39, 0.961447, 0.00388916, 0.95951, 3.61619
5611.4, 0.969398, 0.00391251, 0.96771, 3.30588
5611.41, 0.976963, 0.00393517, 0.9757, 2.93299
5611.42, 0.984039, 0.00395718, 0.9827, 2.51507
5611.43, 0.989921, 0.00397482, 0.98829, 2.08463
5611.44, 0.994196, 0.00398653, 0.99234, 1.6617
5611.45, 0.996942, 0.00399435, 0.99498, 1.2688
5611.46, 0.998342, 0.0039991, 0.99645, 0.933453
5611.47, 0.998683, 0.00400017, 0.99702, 0.658172
5611.48, 0.998765, 0.00399973, 0.99694, 0.45046
5611.49, 0.999662, 0.00400174, 0.99641, 0.307814
5611.5, 1.00082, 0.0040047, 0.9956, 0.21522
5611.51, 1.00092, 0.00400449, 0.99468, 0.170174
5611.52, 1.00062, 0.00400303, 0.99377, 0.157661
5611.53, 1.00116, 0.00400389, 0.993, 0.177681
5611.54, 1.00149, 0.00400401, 0.99247, 0.22523
5611.55, 1.0003, 0.00399945, 0.99219, 0.300307
5611.56, 0.998112, 0.00399229, 0.99211, 0.407917
5611.57, 0.995879, 0.00398547, 0.99208, 0.543055
5611.58, 0.994423, 0.00398007, 0.99191, 0.69571
5611.59, 0.993854, 0.00397601, 0.99135, 0.843361
5611.6, 0.992774, 0.00397146, 0.99019, 0.963484
5611.61, 0.990461, 0.00396497, 0.98833, 1.01353
5611.62, 0.98764, 0.00395611, 0.98585, 0.968489
5611.63, 0.985085, 0.00394662, 0.98302, 0.825843
5611.64, 0.983426, 0.00394061, 0.98037, 0.625639
5611.65, 0.982844, 0.003939, 1, 0
5611.66, 0.983109, 0.00393958, 1, 0
5611.67, 0.984135, 0.00394196, 1, 0
5611.68, 0.985924, 0.00394695, 1, 0
5611.69, 0.988205, 0.00395381, 1, 0
5611.7, 0.990387, 0.0039603, 1, 0
5611.71, 0.992528, 0.00396663, 1, 0
