wav, obs, sigma_obs, syn, weight
5619.23, 0.979289, 0.00358353, 1, 0
5619.24, 0.981602, 0.00358952, 1, 0
5619.25, 0.984642, 0.00359758, 1, 0
5619.26, 0.988378, 0.00360776, 1, 0
5619.27, 0.991591, 0.00361703, 1, 0
5619.28, 0.993745, 0.00362353, 1, 0
5619.29, 0.995211, 0.0036272, 1, 0
5619.3, 0.996425, 0.00362965, 0.99331, 0.102786
5619.31, 0.997705, 0.00363304, 0.9952, 0.132154
5619.32, 0.998436, 0.00363526, 0.99666, 0.146837
5619.33, 0.997997, 0.00363373, 0.99764, 0.143449
5619.34, 0.997569, 0.00363225, 0.99821, 0.128765
5619.35, 0.998106, 0.00363393, 0.99849, 0.106175
5619.36, 0.998696, 0.00363552, 0.9986, 0.0869729
5619.37, 0.998748, 0.00363493, 0.9986, 0.0711596
5619.38, 0.998662, 0.00363368, 0.99854, 0.0643825
5619.39, 0.998691, 0.00363313, 0.99844, 0.0621235
5619.4, 0.998824, 0.00363399, 0.9983, 0.065512
5619.41, 0.99884, 0.00363519, 0.99814, 0.0745482
5619.42, 0.998511, 0.00363495, 0.99793, 0.091491
5619.43, 0.99838, 0.00363426, 0.99764, 0.120858
5619.44, 0.9988, 0.00363415, 0.99724, 0.168298
5619.45, 0.998145, 0.00363135, 0.99664, 0.247364
5619.46, 0.995528, 0.00362415, 0.99569, 0.367093
5619.47, 0.992898, 0.00361682, 0.99413, 0.53878
5619.48, 0.990794, 0.00361029, 0.99151, 0.77259
5619.49, 0.987147, 0.00359953, 0.98719, 1.07304
5619.5, 0.980626, 0.00358104, 0.98031, 1.43788
5619.51, 0.970782, 0.00355328, 0.96993, 1.85467
5619.52, 0.957243, 0.00351488, 0.95521, 2.30761
5619.53, 0.939581, 0.00346446, 0.93577, 2.77184
5619.54, 0.916909, 0.00339992, 0.91199, 3.22477
5619.55, 0.889219, 0.00332163, 0.88522, 3.63818
5619.56, 0.86008, 0.00323922, 0.8578, 3.99398
5619.57, 0.833346, 0.00316306, 0.83277, 4.27523
5619.58, 0.811891, 0.00310107, 0.81336, 4.4695
5619.59, 0.79896, 0.00306306, 0.80233, 4.57342
5619.6, 0.798218, 0.00306094, 0.80135, 4.58245
5619.61, 0.809854, 0.00309473, 0.81059, 4.49887
5619.62, 0.831042, 0.00315447, 0.82865, 4.32154
5619.63, 0.857755, 0.00322959, 0.85298, 4.05723
5619.64, 0.885673, 0.00330952, 0.88037, 3.71611
5619.65, 0.91186, 0.00338457, 0.90767, 3.31288
5619.66, 0.934344, 0.00344778, 0.93235, 2.86672
5619.67, 0.952725, 0.00349946, 0.95282, 2.40248
5619.68, 0.967109, 0.00354064, 0.9685, 1.94616
5619.69, 0.977992, 0.0035713, 0.97963, 1.52033
5619.7, 0.985926, 0.00359277, 0.98698, 1.1442
5619.71, 0.991474, 0.00360795, 0.99152, 0.831325
5619.72, 0.995208, 0.00361855, 0.99413, 0.58509
5619.73, 0.997697, 0.00362547, 0.99553, 0.402108
5619.74, 0.99945, 0.00363015, 0.99618, 0.274473
5619.75, 1.00074, 0.0036336, 0.99635, 0.189759
5619.76, 1.00091, 0.00363403, 0.9962, 0.136672
5619.77, 0.999792, 0.00363071, 0.99579, 0.105045
5619.78, 0.998916, 0.00362736, 0.99518, 0.0869729
5619.79, 0.998966, 0.00362625, 0.99446, 0.0768072
5619.8, 0.998883, 0.00362628, 0.99371, 0.0711596
5619.81, 0.998345, 0.00362633, 0.99304, 0.0689006
5619.82, 0.997899, 0.00362573, 0.99256, 0.0689006
5619.83, 0.998156, 0.00362596, 0.99235, 0.0711596
5619.84, 0.999498, 0.00362901, 0.99243, 0.0756777
5619.85, 1.00086, 0.00363233, 0.99278, 0.0813253
5619.86, 1.00119, 0.00363308, 0.99332, 0.0869729
5619.87, 1.00132, 0.00363347, 0.99391, 0.0892319
5619.88, 1.00182, 0.00363495, 0.99444, 0.0858434
5619.89, 1.00178, 0.0036349, 0.99476, 0.0745482
5619.9, 1.0012, 0.00363291, 0.99483, 0.0576054
5619.91, 1.00138, 0.003632, 1, 0
5619.92, 1.00209, 0.00363228, 1, 0
5619.93, 1.00185, 0.00363136, 1, 0
5619.94, 1.00027, 0.00362763, 1, 0
5619.95, 0.997568, 0.00362037, 1, 0
5619.96, 0.994322, 0.00361124, 1, 0
5619.97, 0.99132, 0.00360295, 1, 0
