wav, obs, sigma_obs, syn, weight
5619.66, 0.925369, 0.00342148, 1, 0
5619.67, 0.94578, 0.00347897, 1, 0
5619.68, 0.961705, 0.00352445, 1, 0
5619.69, 0.973566, 0.00355817, 1, 0
5619.7, 0.982436, 0.00358244, 1, 0
5619.71, 0.988793, 0.00359965, 1, 0
5619.72, 0.993092, 0.00361174, 1, 0
5619.73, 0.995941, 0.00361978, 0.99883, 0.0506711
5619.74, 0.997897, 0.00362506, 0.99868, 0.0675615
5619.75, 0.999375, 0.003629, 0.99841, 0.0788217
5619.76, 1.00004, 0.00363077, 0.99799, 0.0844519
5619.77, 0.999255, 0.00362849, 0.99741, 0.0833258
5619.78, 0.998098, 0.00362467, 0.99668, 0.0788217
5619.79, 0.997912, 0.00362284, 0.99586, 0.0743176
5619.8, 0.997993, 0.00362262, 0.99504, 0.0698135
5619.81, 0.997561, 0.00362276, 0.99433, 0.0686875
5619.82, 0.997016, 0.00362238, 0.99383, 0.0686875
5619.83, 0.996956, 0.00362201, 0.99362, 0.0709396
5619.84, 0.997951, 0.00362409, 0.99375, 0.0776957
5619.85, 0.99949, 0.0036278, 0.99418, 0.091208
5619.86, 1.00017, 0.00362942, 0.99486, 0.114855
5619.87, 1.00023, 0.00362956, 0.99565, 0.155391
5619.88, 1.00065, 0.00363084, 0.99646, 0.224079
5619.89, 1.00091, 0.00363164, 0.99715, 0.332177
5619.9, 1.00039, 0.00363003, 0.99764, 0.489821
5619.91, 1.00018, 0.00362847, 0.99781, 0.70827
5619.92, 1.00088, 0.0036286, 0.99758, 0.993154
5619.93, 1.0011, 0.00362833, 0.99679, 1.3411
5619.94, 0.999976, 0.00362571, 0.99529, 1.74646
5619.95, 0.997621, 0.0036197, 0.99289, 2.18899
5619.96, 0.99447, 0.00361089, 0.98949, 2.64954
5619.97, 0.990985, 0.00360071, 0.98507, 3.10107
5619.98, 0.986076, 0.00358658, 0.97986, 3.52333
5619.99, 0.978563, 0.00356568, 0.97428, 3.89042
5620, 0.9707, 0.00354395, 0.96896, 4.18769
5620.01, 0.965018, 0.00352808, 0.96463, 4.40163
5620.02, 0.961853, 0.00351912, 0.96192, 4.52775
5620.03, 0.961314, 0.00351751, 0.96128, 4.5604
5620.04, 0.963767, 0.00352418, 0.96279, 4.49959
5620.05, 0.968495, 0.00353709, 0.96619, 4.34533
5620.06, 0.973677, 0.00355116, 0.97094, 4.10323
5620.07, 0.978685, 0.00356487, 0.97634, 3.78119
5620.08, 0.983644, 0.00357883, 0.98172, 3.39159
5620.09, 0.988023, 0.00359149, 0.98653, 2.95694
5620.1, 0.991143, 0.0036006, 0.99047, 2.49865
5620.11, 0.992852, 0.00360488, 0.99343, 2.04261
5620.12, 0.993389, 0.00360487, 0.99548, 1.61247
5620.13, 0.993582, 0.00360467, 0.99678, 1.22849
5620.14, 0.993828, 0.00360603, 0.99752, 0.904198
5620.15, 0.993828, 0.00360666, 0.99789, 0.64296
5620.16, 0.994206, 0.00360763, 0.99805, 0.447032
5620.17, 0.996238, 0.00361264, 0.99811, 0.305153
5620.18, 0.999214, 0.00361995, 0.99816, 0.210567
5620.19, 1.00144, 0.00362523, 0.99824, 0.148635
5620.2, 1.00195, 0.00362656, 0.99837, 0.112602
5620.21, 1.00078, 0.00362442, 0.99856, 0.091208
5620.22, 1.00042, 0.00362399, 0.99878, 0.0810738
5620.23, 1.00188, 0.00362728, 0.99901, 0.0776957
5620.24, 1.00259, 0.00362865, 0.99921, 0.0799478
5620.25, 1.00139, 0.00362554, 0.99937, 0.090082
5620.26, 0.999193, 0.00361993, 0.99949, 0.105846
5620.27, 0.99712, 0.00361438, 0.99954, 0.127241
5620.28, 0.996094, 0.00361106, 0.99953, 0.154265
5620.29, 0.995124, 0.00360758, 0.99946, 0.179038
5620.3, 0.992933, 0.00360103, 0.99932, 0.193676
5620.31, 0.990551, 0.00359455, 0.9991, 0.191424
5620.32, 0.988609, 0.00358964, 0.99881, 0.167778
5620.33, 0.98531, 0.00358007, 0.99846, 0.128367
5620.34, 0.979492, 0.00356249, 1, 0
5620.35, 0.971485, 0.0035394, 1, 0
5620.36, 0.961947, 0.00351294, 1, 0
5620.37, 0.951693, 0.00348436, 1, 0
5620.38, 0.941174, 0.00345472, 1, 0
5620.39, 0.930718, 0.00342534, 1, 0
5620.4, 0.920277, 0.00339602, 1, 0
