wav, obs, sigma_obs, syn, weight
5636.34, 0.998626, 0.00379691, 1, 0
5636.35, 0.998457, 0.00379595, 1, 0
5636.36, 0.998346, 0.00379588, 1, 0
5636.37, 0.998257, 0.00379689, 1, 0
5636.38, 0.99782, 0.00379589, 1, 0
5636.39, 0.996893, 0.00379249, 1, 0
5636.4, 0.995684, 0.0037895, 0.99557, 0.00795828
5636.41, 0.994687, 0.00378757, 0.99427, 0.0132638
5636.42, 0.994205, 0.00378631, 0.99289, 0.0198957
5636.43, 0.993703, 0.00378536, 0.99168, 0.0252012
5636.44, 0.993176, 0.0037848, 0.99088, 0.0305068
5636.45, 0.993183, 0.00378497, 0.99069, 0.0318331
5636.46, 0.9932, 0.00378464, 0.99115, 0.0331595
5636.47, 0.992785, 0.00378346, 0.99217, 0.0344859
5636.48, 0.993015, 0.0037852, 0.99352, 0.0358123
5636.49, 0.994308, 0.0037906, 0.99496, 0.038465
5636.5, 0.996091, 0.00379658, 0.99625, 0.0424442
5636.51, 0.997739, 0.00380136, 0.99727, 0.0477497
5636.52, 0.998725, 0.00380415, 0.99798, 0.0583607
5636.53, 0.998811, 0.00380497, 0.99841, 0.0769301
5636.54, 0.998416, 0.0038048, 0.99863, 0.111416
5636.55, 0.998437, 0.0038052, 0.99869, 0.171103
5636.56, 0.998562, 0.00380588, 0.99861, 0.267929
5636.57, 0.998371, 0.00380633, 0.99836, 0.41781
5636.58, 0.998452, 0.00380738, 0.99781, 0.630031
5636.59, 0.997446, 0.00380451, 0.99667, 0.91255
5636.6, 0.992589, 0.00378992, 0.99441, 1.26669
5636.61, 0.986681, 0.0037725, 0.99022, 1.6792
5636.62, 0.981701, 0.00375842, 0.98303, 2.13017
5636.63, 0.971718, 0.00372944, 0.97175, 2.59705
5636.64, 0.954781, 0.00367956, 0.95572, 3.04935
5636.65, 0.934081, 0.00361859, 0.9352, 3.46185
5636.66, 0.911608, 0.00355243, 0.91188, 3.81202
5636.67, 0.88939, 0.00348683, 0.8888, 4.08525
5636.68, 0.870998, 0.00343183, 0.86983, 4.27625
5636.69, 0.860087, 0.00339883, 0.85864, 4.37971
5636.7, 0.859628, 0.00339807, 0.85755, 4.39562
5636.71, 0.86913, 0.00342748, 0.86678, 4.324
5636.72, 0.886359, 0.00347957, 0.88436, 4.16749
5636.73, 0.90822, 0.00354552, 0.90681, 3.92741
5636.74, 0.931294, 0.00361475, 0.93016, 3.61041
5636.75, 0.952116, 0.00367602, 0.95111, 3.22841
5636.76, 0.968151, 0.00372341, 0.96766, 2.80264
5636.77, 0.978532, 0.00375558, 0.97926, 2.35698
5636.78, 0.985371, 0.00377698, 0.98644, 1.91795
5636.79, 0.990141, 0.00379128, 0.9903, 1.51075
5636.8, 0.99321, 0.00380018, 0.99204, 1.15793
5636.81, 0.99423, 0.00380272, 0.99268, 0.868779
5636.82, 0.993608, 0.00380064, 0.99292, 0.6486
5636.83, 0.993849, 0.00380326, 0.99318, 0.490761
5636.84, 0.99514, 0.00380938, 0.99364, 0.383324
5636.85, 0.995642, 0.00380966, 0.9943, 0.314352
5636.86, 0.995323, 0.00380754, 0.99506, 0.269255
5636.87, 0.995099, 0.00380845, 0.99581, 0.238748
5636.88, 0.996315, 0.00381205, 0.99645, 0.2162
5636.89, 0.997923, 0.00381561, 0.99691, 0.198957
5636.9, 0.997486, 0.00381605, 0.99718, 0.183041
5636.91, 0.996553, 0.00381598, 0.99728, 0.175082
5636.92, 0.996873, 0.00381785, 0.99724, 0.172429
5636.93, 0.99778, 0.00381983, 0.99708, 0.183041
5636.94, 0.998081, 0.00381995, 0.99682, 0.204263
5636.95, 0.996886, 0.00381739, 0.99644, 0.234769
5636.96, 0.995923, 0.00381574, 0.9959, 0.262623
5636.97, 0.99605, 0.00381629, 0.9951, 0.269255
5636.98, 0.994999, 0.00381352, 0.99378, 0.241401
5636.99, 0.992975, 0.00380811, 0.99141, 0.184367
5637, 0.991726, 0.00380451, 0.98759, 0.116721
5637.01, 0.98963, 0.00379856, 1, 0
5637.02, 0.984373, 0.00378394, 1, 0
5637.03, 0.974476, 0.0037558, 1, 0
5637.04, 0.961189, 0.0037176, 1, 0
5637.05, 0.94871, 0.00368181, 1, 0
5637.06, 0.936302, 0.00364622, 1, 0
