wav, obs, sigma_obs, syn, weight
5635.89, 0.919142, 0.00354133, 1, 0
5635.9, 0.932525, 0.00358206, 1, 0
5635.91, 0.945908, 0.0036228, 1, 0
5635.92, 0.959874, 0.00366566, 1, 0
5635.93, 0.972027, 0.00370192, 1, 0
5635.94, 0.980959, 0.00372746, 1, 0
5635.95, 0.986372, 0.00374371, 0.99709, 0.0545161
5635.96, 0.98892, 0.00375244, 0.99658, 0.0918165
5635.97, 0.989797, 0.00375549, 0.99622, 0.123378
5635.98, 0.989795, 0.00375572, 0.996, 0.149202
5635.99, 0.989874, 0.00375648, 0.99586, 0.15494
5636, 0.991368, 0.00376107, 0.99575, 0.152071
5636.01, 0.993127, 0.00376655, 0.99563, 0.143463
5636.02, 0.992843, 0.00376703, 0.9954, 0.131986
5636.03, 0.991991, 0.00376546, 0.99499, 0.120509
5636.04, 0.992043, 0.00376543, 0.99429, 0.114771
5636.05, 0.992314, 0.00376647, 0.99325, 0.111901
5636.06, 0.992847, 0.00376854, 0.99186, 0.114771
5636.07, 0.994008, 0.00377148, 0.99018, 0.123378
5636.08, 0.993973, 0.00377106, 0.98834, 0.140594
5636.09, 0.991672, 0.00376502, 0.98653, 0.175025
5636.1, 0.98878, 0.00375725, 0.98493, 0.238149
5636.11, 0.986522, 0.00375111, 0.98368, 0.338573
5636.12, 0.985239, 0.00374806, 0.98285, 0.499252
5636.13, 0.98388, 0.00374459, 0.9824, 0.723055
5636.14, 0.982017, 0.00373923, 0.98219, 1.02433
5636.15, 0.981191, 0.00373726, 0.98198, 1.39733
5636.16, 0.981138, 0.00373779, 0.98153, 1.82485
5636.17, 0.980274, 0.00373553, 0.98058, 2.29254
5636.18, 0.978808, 0.00373193, 0.979, 2.7631
5636.19, 0.977219, 0.00372863, 0.97681, 3.20784
5636.2, 0.975327, 0.00372327, 0.9742, 3.60667
5636.21, 0.972929, 0.00371552, 0.97149, 3.9309
5636.22, 0.970047, 0.00370717, 0.96909, 4.18052
5636.23, 0.967611, 0.00370033, 0.96739, 4.33833
5636.24, 0.966473, 0.00369685, 0.96671, 4.41006
5636.25, 0.966742, 0.00369798, 0.96723, 4.39572
5636.26, 0.968958, 0.00370552, 0.96897, 4.28955
5636.27, 0.973668, 0.00372039, 0.97182, 4.09444
5636.28, 0.97915, 0.00373596, 0.97549, 3.81612
5636.29, 0.98377, 0.00374769, 0.97963, 3.46034
5636.3, 0.987614, 0.00376008, 0.98382, 3.04142
5636.31, 0.990778, 0.00377188, 0.9877, 2.58234
5636.32, 0.993254, 0.00377796, 0.991, 2.11178
5636.33, 0.995395, 0.00378343, 0.99355, 1.6527
5636.34, 0.997308, 0.00379186, 0.99534, 1.24239
5636.35, 0.998385, 0.00379679, 0.99642, 0.89808
5636.36, 0.998601, 0.00379689, 0.9969, 0.6255
5636.37, 0.998472, 0.00379592, 0.9969, 0.424651
5636.38, 0.998335, 0.00379597, 0.99654, 0.289796
5636.39, 0.99823, 0.00379693, 0.99594, 0.200849
5636.4, 0.997749, 0.00379561, 0.99519, 0.149202
5636.41, 0.99678, 0.00379213, 0.99441, 0.120509
5636.42, 0.995564, 0.00378926, 0.9937, 0.103294
5636.43, 0.994621, 0.00378742, 0.99315, 0.0946858
5636.44, 0.994166, 0.00378621, 0.99282, 0.0918165
5636.45, 0.993641, 0.00378528, 0.99276, 0.0889473
5636.46, 0.993148, 0.00378478, 0.99297, 0.0889473
5636.47, 0.993201, 0.00378499, 0.99344, 0.0889473
5636.48, 0.993167, 0.00378451, 0.99412, 0.086078
5636.49, 0.992758, 0.00378343, 0.99494, 0.0832087
5636.5, 0.993104, 0.00378562, 0.99582, 0.0746009
5636.51, 0.994474, 0.00379121, 0.9967, 0.0602546
5636.52, 0.996273, 0.00379713, 0.9975, 0.0401697
5636.53, 0.997873, 0.00380173, 0.99822, 0.0258234
5636.54, 0.998775, 0.00380431, 1, 0
5636.55, 0.998782, 0.00380498, 1, 0
5636.56, 0.998393, 0.0038048, 1, 0
5636.57, 0.99843, 0.00380522, 1, 0
5636.58, 0.998582, 0.00380598, 1, 0
5636.59, 0.998455, 0.00380658, 1, 0
