wav, obs, sigma_obs, syn, weight
5642.41, 0.98399, 0.0040932, 1, 0
5642.42, 0.986126, 0.00409906, 1, 0
5642.43, 0.988036, 0.00410595, 1, 0
5642.44, 0.988777, 0.00411037, 1, 0
5642.45, 0.988623, 0.00411182, 1, 0
5642.46, 0.989511, 0.00411484, 1, 0
5642.47, 0.990577, 0.0041175, 0.99755, 0.00686089
5642.48, 0.990781, 0.00411836, 0.99751, 0.0171522
5642.49, 0.992166, 0.0041252, 0.99724, 0.0240131
5642.5, 0.993732, 0.00413323, 0.99663, 0.030874
5642.51, 0.9926, 0.0041302, 0.99561, 0.0343045
5642.52, 0.991281, 0.00412532, 0.99408, 0.0411654
5642.53, 0.990976, 0.00412414, 0.99196, 0.0411654
5642.54, 0.988951, 0.00411847, 0.98919, 0.0445958
5642.55, 0.985944, 0.00411027, 0.98582, 0.0480263
5642.56, 0.98322, 0.0041028, 0.98202, 0.0548871
5642.57, 0.978431, 0.00408801, 0.97815, 0.061748
5642.58, 0.973395, 0.0040718, 0.9747, 0.0789003
5642.59, 0.97267, 0.00406933, 0.97218, 0.102913
5642.6, 0.973206, 0.00407144, 0.97102, 0.147509
5642.61, 0.97289, 0.00407144, 0.97144, 0.219549
5642.62, 0.97444, 0.00407736, 0.97334, 0.336184
5642.63, 0.978254, 0.00409012, 0.97636, 0.514567
5642.64, 0.982911, 0.00410524, 0.97987, 0.758129
5642.65, 0.9862, 0.00411618, 0.98313, 1.07716
5642.66, 0.987467, 0.00412112, 0.9854, 1.4648
5642.67, 0.987295, 0.0041219, 0.98608, 1.91076
5642.68, 0.984558, 0.00411493, 0.98476, 2.38416
5642.69, 0.979199, 0.00409932, 0.98136, 2.85413
5642.7, 0.973438, 0.00408059, 0.97613, 3.29666
5642.71, 0.966676, 0.00405811, 0.96966, 3.6843
5642.72, 0.958268, 0.00403175, 0.96288, 3.99647
5642.73, 0.952035, 0.00401285, 0.95685, 4.22288
5642.74, 0.949408, 0.00400526, 0.95261, 4.36353
5642.75, 0.94918, 0.00400519, 0.95093, 4.41842
5642.76, 0.952086, 0.00401584, 0.95213, 4.38411
5642.77, 0.95866, 0.00403891, 0.95603, 4.26061
5642.78, 0.967851, 0.00406939, 0.96197, 4.04793
5642.79, 0.976705, 0.00409813, 0.96902, 3.75291
5642.8, 0.98271, 0.00411826, 0.97621, 3.38242
5642.81, 0.987395, 0.00413479, 0.98274, 2.95018
5642.82, 0.99188, 0.00415022, 0.9881, 2.48707
5642.83, 0.996021, 0.00416282, 0.99213, 2.01024
5642.84, 0.998725, 0.00417197, 0.99492, 1.55742
5642.85, 0.999591, 0.00417756, 0.9967, 1.15606
5642.86, 0.999749, 0.00417968, 0.99776, 0.819877
5642.87, 0.999782, 0.0041794, 0.99836, 0.562593
5642.88, 0.999872, 0.0041785, 0.99867, 0.373919
5642.89, 1.00016, 0.00417911, 0.99883, 0.243562
5642.9, 1.00044, 0.00418131, 0.99889, 0.164661
5642.91, 1.00037, 0.0041836, 0.99889, 0.113205
5642.92, 1.00074, 0.00418663, 0.99883, 0.0823307
5642.93, 1.00158, 0.00418943, 0.99871, 0.0686089
5642.94, 1.00139, 0.00418804, 0.99847, 0.0583176
5642.95, 1.00092, 0.00418664, 0.99801, 0.0514567
5642.96, 1.00076, 0.004188, 0.99716, 0.0480263
5642.97, 0.997703, 0.00417849, 0.9956, 0.0411654
5642.98, 0.993092, 0.00416315, 0.99294, 0.0411654
5642.99, 0.99152, 0.00416033, 0.98865, 0.0343045
5643, 0.988888, 0.00415289, 0.98225, 0.0274436
5643.01, 0.981705, 0.00412837, 0.97373, 0.0205827
5643.02, 0.971801, 0.00409861, 0.96365, 0.0171522
5643.03, 0.960272, 0.00406431, 0.95387, 0.00686089
5643.04, 0.947612, 0.00402241, 1, 0
5643.05, 0.934574, 0.00397995, 1, 0
5643.06, 0.924086, 0.00394735, 1, 0
5643.07, 0.919723, 0.00393311, 1, 0
5643.08, 0.917942, 0.00392639, 1, 0
5643.09, 0.915019, 0.00391635, 1, 0
