wav, obs, sigma_obs, syn, weight
5649.28, 1.00089, 0.00479323, 1, 0
5649.29, 1.00048, 0.00479455, 1, 0
5649.3, 1.0005, 0.00479822, 1, 0
5649.31, 0.999564, 0.00479673, 1, 0
5649.32, 0.99604, 0.0047816, 1, 0
5649.33, 0.991874, 0.00476548, 1, 0
5649.34, 0.987602, 0.00475218, 0.99809, 0.00521241
5649.35, 0.982138, 0.00473507, 0.99745, 0.00868735
5649.36, 0.97624, 0.00471658, 0.99674, 0.0138998
5649.37, 0.971175, 0.0046999, 0.99588, 0.0191122
5649.38, 0.967837, 0.00468617, 0.99482, 0.0225871
5649.39, 0.965282, 0.00467627, 0.99352, 0.0243246
5649.4, 0.963525, 0.00467169, 0.99201, 0.0277995
5649.41, 0.964345, 0.00467487, 0.99035, 0.0312745
5649.42, 0.967882, 0.00468849, 0.98866, 0.0330119
5649.43, 0.973311, 0.00471102, 0.9871, 0.0364869
5649.44, 0.979349, 0.00473485, 0.9858, 0.0416993
5649.45, 0.984737, 0.00475664, 0.98487, 0.0486492
5649.46, 0.988894, 0.00477507, 0.98439, 0.0625489
5649.47, 0.992291, 0.00478862, 0.98438, 0.0851361
5649.48, 0.994375, 0.00479621, 0.98482, 0.128573
5649.49, 0.994914, 0.0047992, 0.98562, 0.199809
5649.5, 0.995526, 0.00480317, 0.9866, 0.317957
5649.51, 0.99676, 0.00480916, 0.9875, 0.495179
5649.52, 0.998137, 0.00481482, 0.98797, 0.7419
5649.53, 0.998657, 0.00481715, 0.98758, 1.05986
5649.54, 0.997873, 0.00481596, 0.98592, 1.44036
5649.55, 0.995877, 0.00481171, 0.98263, 1.86604
5649.56, 0.992937, 0.00480102, 0.97745, 2.30389
5649.57, 0.988336, 0.00478198, 0.97024, 2.72609
5649.58, 0.98045, 0.00475309, 0.96094, 3.10486
5649.59, 0.967556, 0.00470835, 0.94952, 3.4176
5649.6, 0.950819, 0.00464907, 0.93597, 3.65738
5649.61, 0.933091, 0.00458236, 0.92036, 3.81896
5649.62, 0.912969, 0.00450695, 0.90303, 3.9041
5649.63, 0.891943, 0.00443011, 0.88469, 3.90931
5649.64, 0.875117, 0.00436824, 0.86646, 3.83807
5649.65, 0.863732, 0.00432454, 0.84976, 3.69213
5649.66, 0.857267, 0.0042989, 0.83609, 3.46625
5649.67, 0.854584, 0.00429127, 0.82674, 3.16741
5649.68, 0.854793, 0.00429538, 0.82259, 2.80602
5649.69, 0.856475, 0.00430304, 0.82404, 2.39597
5649.7, 0.85787, 0.00430877, 0.83099, 1.96508
5649.71, 0.861081, 0.00432175, 0.84297, 1.54287
5649.72, 0.868054, 0.0043496, 0.85911, 1.15889
5649.73, 0.87801, 0.0043884, 0.87825, 0.835723
5649.74, 0.892092, 0.0044435, 0.89899, 0.58379
5649.75, 0.910593, 0.00451613, 0.91978, 0.408306
5649.76, 0.930192, 0.00459051, 0.93914, 0.29537
5649.77, 0.948112, 0.00465678, 0.9559, 0.234559
5649.78, 0.962146, 0.00470945, 0.96938, 0.208496
5649.79, 0.970628, 0.0047444, 0.97943, 0.208496
5649.8, 0.976972, 0.00477111, 0.98635, 0.224134
5649.81, 0.984574, 0.00479892, 0.99075, 0.258883
5649.82, 0.988931, 0.00481575, 0.99329, 0.317957
5649.83, 0.989864, 0.00482285, 0.99457, 0.404831
5649.84, 0.990784, 0.0048305, 0.99497, 0.540353
5649.85, 0.993443, 0.00483936, 0.99469, 0.73495
5649.86, 0.995432, 0.00484433, 0.99372, 0.988621
5649.87, 0.993312, 0.00484045, 0.99186, 1.26835
5649.88, 0.990856, 0.00483402, 0.98893, 1.48901
5649.89, 0.989006, 0.00482624, 0.98486, 1.53419
5649.9, 0.985084, 0.00481227, 0.98017, 1.34133
5649.91, 0.978489, 0.00479105, 0.97629, 0.969509
5649.92, 0.968209, 0.00475532, 0.9752, 0.568153
5649.93, 0.952821, 0.00469496, 1, 0
5649.94, 0.933747, 0.00462161, 1, 0
5649.95, 0.910971, 0.00453819, 1, 0
5649.96, 0.882817, 0.00443397, 1, 0
5649.97, 0.853325, 0.00432247, 1, 0
5649.98, 0.82541, 0.004215, 1, 0
