wav, obs, sigma_obs, syn, weight
5649.61, 0.892754, 0.00442987, 1, 0
5649.62, 0.876793, 0.004371, 1, 0
5649.63, 0.863404, 0.00432055, 1, 0
5649.64, 0.855841, 0.00429042, 1, 0
5649.65, 0.852442, 0.00427908, 1, 0
5649.66, 0.851962, 0.00428087, 1, 0
5649.67, 0.853477, 0.00428834, 0.84125, 0.267917
5649.68, 0.854936, 0.00429439, 0.8204, 0.443617
5649.69, 0.857348, 0.00430415, 0.81456, 0.606697
5649.7, 0.863417, 0.00432851, 0.82071, 0.694061
5649.71, 0.872604, 0.00436449, 0.83479, 0.67853
5649.72, 0.88542, 0.00441445, 0.85361, 0.582429
5649.73, 0.903018, 0.00448372, 0.87512, 0.452353
5649.74, 0.922597, 0.0045588, 0.89742, 0.328102
5649.75, 0.941092, 0.00462741, 0.91908, 0.232972
5649.76, 0.956252, 0.00468381, 0.93876, 0.168904
5649.77, 0.966065, 0.00472297, 0.9555, 0.133959
5649.78, 0.972316, 0.00475, 0.96875, 0.117456
5649.79, 0.979836, 0.00477813, 0.97849, 0.117456
5649.8, 0.985352, 0.00479857, 0.98512, 0.127164
5649.81, 0.986783, 0.00480685, 0.98923, 0.146578
5649.82, 0.987476, 0.00481399, 0.99147, 0.179582
5649.83, 0.989667, 0.00482274, 0.99237, 0.23103
5649.84, 0.992326, 0.00482943, 0.99226, 0.308687
5649.85, 0.991102, 0.00482752, 0.9912, 0.422261
5649.86, 0.988343, 0.0048211, 0.98902, 0.58437
5649.87, 0.986626, 0.00481419, 0.98533, 0.799869
5649.88, 0.983366, 0.00480204, 0.97956, 1.07361
5649.89, 0.977478, 0.00478284, 0.9711, 1.40365
5649.9, 0.968329, 0.00475216, 0.95943, 1.77932
5649.91, 0.954255, 0.00469794, 0.94436, 2.18702
5649.92, 0.935954, 0.00462649, 0.92614, 2.60637
5649.93, 0.91436, 0.00454693, 0.90559, 3.01504
5649.94, 0.887761, 0.0044491, 0.88404, 3.39168
5649.95, 0.857822, 0.00433637, 0.86322, 3.71784
5649.96, 0.828969, 0.00422539, 0.84502, 3.97702
5649.97, 0.806177, 0.00413874, 0.83121, 4.16145
5649.98, 0.793701, 0.00409314, 0.82321, 4.26241
5649.99, 0.794311, 0.00409737, 0.82186, 4.27891
5650, 0.807909, 0.00415082, 0.82728, 4.21193
5650.01, 0.830959, 0.00423994, 0.83893, 4.06147
5650.02, 0.858321, 0.00434503, 0.85559, 3.83238
5650.03, 0.887827, 0.00445829, 0.87559, 3.53146
5650.04, 0.916273, 0.00456679, 0.89707, 3.1723
5650.05, 0.93953, 0.00465415, 0.91819, 2.7743
5650.06, 0.956541, 0.00472062, 0.93744, 2.35592
5650.07, 0.968882, 0.00477232, 0.95379, 1.94046
5650.08, 0.979109, 0.004814, 0.96677, 1.55023
5650.09, 0.985212, 0.00483626, 0.97646, 1.1998
5650.1, 0.987533, 0.0048439, 0.98327, 0.902765
5650.11, 0.990037, 0.00485815, 0.98783, 0.663969
5650.12, 0.992056, 0.00486999, 0.9908, 0.481474
5650.13, 0.993206, 0.00487339, 0.99272, 0.348487
5650.14, 0.995053, 0.00487833, 0.99399, 0.257239
5650.15, 0.995255, 0.00488101, 0.99489, 0.196084
5650.16, 0.993882, 0.00488043, 0.99556, 0.156285
5650.17, 0.995751, 0.00488598, 0.99609, 0.131046
5650.18, 0.997034, 0.00489015, 0.99652, 0.116486
5650.19, 0.995435, 0.00488861, 0.99685, 0.107749
5650.2, 0.996729, 0.00489317, 0.99706, 0.106779
5650.21, 0.99766, 0.00489689, 0.99715, 0.10872
5650.22, 0.995168, 0.00489341, 0.99708, 0.117456
5650.23, 0.994906, 0.00489457, 0.99683, 0.130076
5650.24, 0.996471, 0.00490004, 0.9964, 0.144636
5650.25, 0.997289, 0.0049046, 0.99578, 0.160168
5650.26, 0.99811, 0.00490868, 0.99501, 0.170846
5650.27, 0.998232, 0.00490964, 0.99418, 0.170846
5650.28, 0.996858, 0.00490555, 0.99338, 0.157256
5650.29, 0.995632, 0.00490168, 0.99284, 0.126193
5650.3, 0.995753, 0.00490236, 0.99277, 0.0873643
5650.31, 0.996998, 0.00490791, 0.9934, 0.0495064
5650.32, 0.996977, 0.0049116, 1, 0
5650.33, 0.995834, 0.00491064, 1, 0
5650.34, 0.995215, 0.00490702, 1, 0
5650.35, 0.994856, 0.00490557, 1, 0
5650.36, 0.994482, 0.00490694, 1, 0
5650.37, 0.994114, 0.0049076, 1, 0
