wav, obs, sigma_obs, syn, weight
5650.33, 0.997102, 0.00491767, 1, 0
5650.34, 0.996531, 0.00491438, 1, 0
5650.35, 0.995961, 0.00491108, 1, 0
5650.36, 0.995362, 0.00490736, 1, 0
5650.37, 0.994876, 0.00490541, 1, 0
5650.38, 0.994531, 0.00490661, 1, 0
5650.39, 0.994161, 0.00491035, 1, 0
5650.4, 0.993192, 0.00490953, 0.99188, 0.0389671
5650.41, 0.991512, 0.004902, 0.99027, 0.0541209
5650.42, 0.989696, 0.00489417, 0.98818, 0.0649451
5650.43, 0.987771, 0.00488779, 0.98569, 0.0714396
5650.44, 0.985843, 0.00488263, 0.98299, 0.0736045
5650.45, 0.984361, 0.0048783, 0.98034, 0.0736045
5650.46, 0.983076, 0.00487294, 0.97802, 0.0736045
5650.47, 0.98171, 0.0048668, 0.97631, 0.0757693
5650.48, 0.980506, 0.00486419, 0.97542, 0.0790165
5650.49, 0.980329, 0.00486739, 0.97545, 0.0865935
5650.5, 0.981238, 0.00487445, 0.97636, 0.0952528
5650.51, 0.981678, 0.00487887, 0.97799, 0.108242
5650.52, 0.982359, 0.00488338, 0.98009, 0.125561
5650.53, 0.984056, 0.00489155, 0.98235, 0.151539
5650.54, 0.985414, 0.00489918, 0.98448, 0.191588
5650.55, 0.986273, 0.00490186, 0.98624, 0.251121
5650.56, 0.986805, 0.00489994, 0.98742, 0.340962
5650.57, 0.98621, 0.00490149, 0.98782, 0.468687
5650.58, 0.983971, 0.00489667, 0.9872, 0.649451
5650.59, 0.980389, 0.00487758, 0.98522, 0.887583
5650.6, 0.976828, 0.00486526, 0.98133, 1.18741
5650.61, 0.971416, 0.00485034, 0.97478, 1.54569
5650.62, 0.961596, 0.00481305, 0.96473, 1.9516
5650.63, 0.948754, 0.00476526, 0.9504, 2.38998
5650.64, 0.93308, 0.00470744, 0.93145, 2.83702
5650.65, 0.913183, 0.0046302, 0.90824, 3.27107
5650.66, 0.887204, 0.00453076, 0.88209, 3.6694
5650.67, 0.857227, 0.00441608, 0.85528, 4.01036
5650.68, 0.82837, 0.00430204, 0.83078, 4.28096
5650.69, 0.805384, 0.00421131, 0.81176, 4.46714
5650.7, 0.792418, 0.00416303, 0.80096, 4.56781
5650.71, 0.79218, 0.0041665, 0.79999, 4.57647
5650.72, 0.80384, 0.00421173, 0.80904, 4.49637
5650.73, 0.824965, 0.00429203, 0.82675, 4.32643
5650.74, 0.852363, 0.00440311, 0.85059, 4.07206
5650.75, 0.882821, 0.00452411, 0.87742, 3.74409
5650.76, 0.912022, 0.00463739, 0.90419, 3.35658
5650.77, 0.935385, 0.00473216, 0.92844, 2.92902
5650.78, 0.951889, 0.0047977, 0.94867, 2.48199
5650.79, 0.963642, 0.00484116, 0.96432, 2.04036
5650.8, 0.973976, 0.00488256, 0.97566, 1.62579
5650.81, 0.981183, 0.00491338, 0.9834, 1.25669
5650.82, 0.98512, 0.00493001, 0.98845, 0.943869
5650.83, 0.988539, 0.00494249, 0.99166, 0.691665
5650.84, 0.991355, 0.00495325, 0.99368, 0.498995
5650.85, 0.993546, 0.00496625, 0.99498, 0.360445
5650.86, 0.995891, 0.00498361, 0.99586, 0.263028
5650.87, 0.99691, 0.00497197, 0.99648, 0.198083
5650.88, 0.996181, 0.00497324, 0.99694, 0.154786
5650.89, 0.995652, 0.00506173, 0.9973, 0.125561
5650.9, 0.996845, 0.00484767, 0.99759, 0.103912
5650.91, 0.998453, 0.00484726, 0.99783, 0.0909231
5650.92, 0.998188, 0.00555395, 0.99803, 0.080099
5650.93, 0.998604, 0.00526219, 0.99819, 0.0703572
5650.94, 0.998291, 0.00503741, 0.99834, 0.0638627
5650.95, 0.997906, 0.00511091, 0.99846, 0.0573682
5650.96, 0.9992, 0.00517782, 0.99857, 0.0530385
5650.97, 1.00136, 0.00516741, 0.99867, 0.0476264
5650.98, 1.0022, 0.00515332, 0.99875, 0.0432967
5650.99, 1.00187, 0.00515604, 0.99883, 0.0368022
5651, 1.00192, 0.00516082, 0.9989, 0.0313901
5651.01, 1.00223, 0.00516121, 0.99896, 0.0238132
5651.02, 1.00164, 0.00515703, 0.99903, 0.0151539
5651.03, 1.00039, 0.00515099, 1, 0
5651.04, 0.999708, 0.00514759, 1, 0
5651.05, 1.00017, 0.00514857, 1, 0
5651.06, 1.00178, 0.00515342, 1, 0
5651.07, 1.00362, 0.00515891, 1, 0
5651.08, 1.00411, 0.00516007, 1, 0
5651.09, 1.00312, 0.00515643, 1, 0
