wav, obs, sigma_obs, syn, weight
5651.12, 1.00235, 0.00514839, 1, 0
5651.13, 1.00273, 0.00514982, 1, 0
5651.14, 1.00254, 0.00514886, 1, 0
5651.15, 1.00164, 0.00514494, 1, 0
5651.16, 1.00104, 0.00514204, 1, 0
5651.17, 1.00133, 0.00514259, 1, 0
5651.18, 1.00132, 0.0051419, 1, 0
5651.19, 1.00006, 0.00513631, 0.99947, 0.0190071
5651.2, 0.998645, 0.00512981, 0.99942, 0.0274547
5651.21, 0.998173, 0.00512669, 0.99938, 0.0337904
5651.22, 0.998511, 0.00512721, 0.99936, 0.0380142
5651.23, 0.999214, 0.00513002, 0.99934, 0.042238
5651.24, 0.999655, 0.00513109, 0.99932, 0.0464618
5651.25, 0.999447, 0.00512783, 0.9993, 0.0506856
5651.26, 0.999222, 0.00512512, 0.99927, 0.0527975
5651.27, 0.999579, 0.0051273, 0.99923, 0.0591332
5651.28, 1.00009, 0.00513012, 0.99917, 0.0654689
5651.29, 1.00022, 0.00512898, 0.9991, 0.0781403
5651.3, 1.00003, 0.00512616, 0.999, 0.0992593
5651.31, 0.999734, 0.0051249, 0.99883, 0.137274
5651.32, 0.999696, 0.0051251, 0.99853, 0.196407
5651.33, 0.999999, 0.00512526, 0.99803, 0.291442
5651.34, 0.999414, 0.00512148, 0.99715, 0.435052
5651.35, 0.996817, 0.00511059, 0.99567, 0.637794
5651.36, 0.993229, 0.00509601, 0.99329, 0.906006
5651.37, 0.989884, 0.00508174, 0.9897, 1.24391
5651.38, 0.986063, 0.00506552, 0.98458, 1.64517
5651.39, 0.980507, 0.00504309, 0.97777, 2.08867
5651.4, 0.972206, 0.00500978, 0.96929, 2.55329
5651.41, 0.9607, 0.00496294, 0.95949, 3.00946
5651.42, 0.94802, 0.00491118, 0.94895, 3.43395
5651.43, 0.936684, 0.00486531, 0.93854, 3.80353
5651.44, 0.927379, 0.00482779, 0.92919, 4.09709
5651.45, 0.920263, 0.00479873, 0.92182, 4.31039
5651.46, 0.916077, 0.00478107, 0.9172, 4.4371
5651.47, 0.915556, 0.00477793, 0.91579, 4.47301
5651.48, 0.918156, 0.00478751, 0.91775, 4.4181
5651.49, 0.922958, 0.0048064, 0.92288, 4.27238
5651.5, 0.929681, 0.0048329, 0.93063, 4.04007
5651.51, 0.93826, 0.00486604, 0.94022, 3.72751
5651.52, 0.94841, 0.00490538, 0.95072, 3.34736
5651.53, 0.95961, 0.00494981, 0.96118, 2.91231
5651.54, 0.970325, 0.00499207, 0.9708, 2.44981
5651.55, 0.978824, 0.00502372, 0.97901, 1.9873
5651.56, 0.985019, 0.00504614, 0.98554, 1.55014
5651.57, 0.989547, 0.00506446, 0.99039, 1.16155
5651.58, 0.993134, 0.00508009, 0.99377, 0.836313
5651.59, 0.996376, 0.00509255, 0.99598, 0.580773
5651.6, 0.998546, 0.00509958, 0.99735, 0.390702
5651.61, 0.998589, 0.00509894, 0.99815, 0.257652
5651.62, 0.997743, 0.00509545, 0.99859, 0.171064
5651.63, 0.998034, 0.00509611, 0.99881, 0.116155
5651.64, 0.998727, 0.00509823, 0.99889, 0.084476
5651.65, 0.997989, 0.0050952, 0.99886, 0.063357
5651.66, 0.996535, 0.00508927, 0.99873, 0.0527975
5651.67, 0.996174, 0.00508656, 0.99849, 0.0443499
5651.68, 0.996583, 0.00508631, 0.99817, 0.0401261
5651.69, 0.996469, 0.00508463, 0.99776, 0.0359023
5651.7, 0.996239, 0.00508294, 0.9973, 0.0337904
5651.71, 0.997064, 0.00508505, 0.99684, 0.0316785
5651.72, 0.998269, 0.00508861, 0.99643, 0.0274547
5651.73, 0.998279, 0.00508829, 0.99614, 0.0232309
5651.74, 0.997267, 0.00508443, 0.99605, 0.0190071
5651.75, 0.996372, 0.00508052, 0.99622, 0.0126714
5651.76, 0.995904, 0.00507776, 1, 0
5651.77, 0.995674, 0.00507594, 1, 0
5651.78, 0.995668, 0.00507509, 1, 0
5651.79, 0.995973, 0.00507541, 1, 0
5651.8, 0.996518, 0.00507658, 1, 0
5651.81, 0.997054, 0.00507772, 1, 0
5651.82, 0.99755, 0.00507872, 1, 0
