wav, obs, sigma_obs, syn, weight
5651.95, 0.998057, 0.00507239, 1, 0
5651.96, 0.996349, 0.00506443, 1, 0
5651.97, 0.994444, 0.00505558, 1, 0
5651.98, 0.992703, 0.00504747, 1, 0
5651.99, 0.991811, 0.00504319, 1, 0
5652, 0.991897, 0.00504307, 1, 0
5652.01, 0.992727, 0.00504567, 1, 0
5652.02, 0.993797, 0.00504895, 1, 0
5652.03, 0.994426, 0.00505058, 0.98916, 0.253154
5652.04, 0.994846, 0.00505159, 0.9897, 0.305951
5652.05, 0.996059, 0.00505581, 0.99077, 0.333026
5652.06, 0.99784, 0.00506204, 0.99214, 0.33438
5652.07, 0.998857, 0.00506456, 0.9936, 0.315428
5652.08, 0.998762, 0.00506251, 0.99498, 0.28023
5652.09, 0.99818, 0.00505969, 0.99617, 0.239617
5652.1, 0.997899, 0.00505899, 0.99712, 0.19765
5652.11, 0.99877, 0.00506207, 0.99781, 0.162452
5652.12, 1.0002, 0.00506641, 0.99827, 0.134023
5652.13, 1.00024, 0.00506567, 0.99853, 0.11507
5652.14, 0.998743, 0.00505945, 0.99862, 0.111009
5652.15, 0.997375, 0.00505336, 0.99855, 0.123193
5652.16, 0.996628, 0.00504919, 0.99829, 0.159744
5652.17, 0.995723, 0.00504461, 0.99776, 0.227433
5652.18, 0.994376, 0.00503859, 0.9968, 0.33438
5652.19, 0.992864, 0.00503159, 0.99513, 0.492771
5652.2, 0.9909, 0.00502259, 0.99239, 0.713435
5652.21, 0.98757, 0.00500887, 0.98814, 0.999079
5652.22, 0.982158, 0.00498766, 0.98189, 1.3497
5652.23, 0.974205, 0.00495624, 0.97329, 1.75448
5652.24, 0.96333, 0.00491266, 0.96216, 2.19852
5652.25, 0.949258, 0.00485594, 0.94868, 2.65744
5652.26, 0.932878, 0.00479013, 0.93344, 3.10825
5652.27, 0.916378, 0.00472482, 0.91739, 3.52656
5652.28, 0.900957, 0.00466452, 0.90181, 3.88937
5652.29, 0.886632, 0.0046078, 0.88807, 4.18043
5652.3, 0.874903, 0.00456036, 0.87748, 4.39026
5652.31, 0.869033, 0.00453653, 0.87111, 4.5094
5652.32, 0.869681, 0.00453908, 0.8696, 4.53647
5652.33, 0.874272, 0.00455633, 0.8731, 4.47149
5652.34, 0.881806, 0.0045842, 0.88126, 4.31581
5652.35, 0.893422, 0.00462881, 0.89325, 4.07213
5652.36, 0.908839, 0.00468947, 0.9079, 3.74993
5652.37, 0.925823, 0.00475622, 0.92383, 3.36276
5652.38, 0.942292, 0.00482038, 0.9397, 2.9282
5652.39, 0.956539, 0.00487574, 0.95433, 2.47062
5652.4, 0.967804, 0.00491951, 0.96692, 2.01305
5652.41, 0.976535, 0.00495318, 0.97704, 1.58391
5652.42, 0.983451, 0.0049796, 0.98468, 1.19808
5652.43, 0.989496, 0.00500287, 0.99008, 0.871825
5652.44, 0.994515, 0.00502222, 0.99368, 0.613256
5652.45, 0.996895, 0.0050304, 0.99595, 0.415606
5652.46, 0.996661, 0.00502788, 0.99732, 0.276168
5652.47, 0.996187, 0.00502615, 0.99811, 0.181405
5652.48, 0.996763, 0.00503037, 0.99857, 0.120485
5652.49, 0.997946, 0.00503585, 0.99882, 0.0839335
5652.5, 0.999089, 0.0050389, 0.99897, 0.0609195
5652.51, 0.999461, 0.00503833, 0.99905, 0.0473818
5652.52, 0.999112, 0.0050356, 0.99908, 0.0392592
5652.53, 0.999197, 0.0050356, 0.99908, 0.0324904
5652.54, 0.999888, 0.0050386, 0.99906, 0.0297829
5652.55, 0.99984, 0.00503794, 0.99902, 0.0257216
5652.56, 0.998767, 0.00503218, 0.99898, 0.023014
5652.57, 0.998095, 0.00502829, 0.99894, 0.0203065
5652.58, 0.998533, 0.00502966, 0.99891, 0.0189527
5652.59, 0.999518, 0.0050333, 0.9989, 0.0162452
5652.6, 1.00037, 0.00503603, 0.99892, 0.0135377
5652.61, 1.0004, 0.00503516, 0.99898, 0.0108301
5652.62, 0.999575, 0.00503077, 1, 0
5652.63, 0.998837, 0.00502712, 1, 0
5652.64, 0.998749, 0.00502645, 1, 0
5652.65, 0.999138, 0.00502739, 1, 0
5652.66, 0.999712, 0.00502854, 1, 0
5652.67, 1.00009, 0.00502904, 1, 0
5652.68, 1.00011, 0.00502859, 1, 0
5652.69, 1.00002, 0.00502784, 1, 0
