wav, obs, sigma_obs, syn, weight
5653.49, 1.00276, 0.00494148, 1, 0
5653.5, 1.00233, 0.00493947, 1, 0
5653.51, 1.0019, 0.00493772, 1, 0
5653.52, 1.00147, 0.00493575, 1, 0
5653.53, 1.00103, 0.00493274, 1, 0
5653.54, 1.00095, 0.00493039, 1, 0
5653.55, 1.00183, 0.0049321, 1, 0
5653.56, 1.00286, 0.00493501, 1, 0
5653.57, 1.00217, 0.0049314, 0.999, 0.0159893
5653.58, 1.00043, 0.00492352, 0.99893, 0.0202531
5653.59, 1.00037, 0.00492158, 0.99887, 0.0245169
5653.6, 1.00198, 0.00492584, 0.99882, 0.0287807
5653.61, 1.00305, 0.00492827, 0.99876, 0.0319785
5653.62, 1.00271, 0.00492577, 0.9987, 0.0351764
5653.63, 1.00135, 0.00491967, 0.99863, 0.0383742
5653.64, 0.999991, 0.00491363, 0.99856, 0.042638
5653.65, 1.00005, 0.00491273, 0.99847, 0.0469018
5653.66, 1.001, 0.00491472, 0.99836, 0.0543635
5653.67, 1.00088, 0.00491193, 0.99823, 0.063957
5653.68, 0.999949, 0.00490581, 0.99806, 0.0788803
5653.69, 1.00013, 0.00490472, 0.99782, 0.102331
5653.7, 1.0012, 0.00490783, 0.99749, 0.141771
5653.71, 1.00124, 0.00490727, 0.99696, 0.202531
5653.72, 0.9998, 0.00490096, 0.99609, 0.295268
5653.73, 0.997553, 0.00489138, 0.99461, 0.432776
5653.74, 0.994526, 0.00487864, 0.99212, 0.622515
5653.75, 0.990199, 0.00486078, 0.98805, 0.874079
5653.76, 0.983857, 0.00483505, 0.98166, 1.18853
5653.77, 0.974621, 0.00479806, 0.97217, 1.56055
5653.78, 0.96123, 0.00474539, 0.9589, 1.9784
5653.79, 0.942294, 0.00467232, 0.94147, 2.42717
5653.8, 0.918637, 0.00458152, 0.92007, 2.8834
5653.81, 0.892698, 0.00448107, 0.89554, 3.3247
5653.82, 0.866301, 0.00437803, 0.86949, 3.72763
5653.83, 0.840852, 0.00427886, 0.84414, 4.07193
5653.84, 0.818749, 0.00419301, 0.82202, 4.34268
5653.85, 0.803033, 0.00413186, 0.80559, 4.52816
5653.86, 0.79569, 0.00410297, 0.79683, 4.62196
5653.87, 0.797782, 0.00411048, 0.79681, 4.62303
5653.88, 0.80838, 0.0041503, 0.80555, 4.52922
5653.89, 0.825203, 0.00421282, 0.82195, 4.34481
5653.9, 0.846481, 0.00429199, 0.84405, 4.07513
5653.91, 0.870779, 0.004384, 0.86936, 3.73296
5653.92, 0.896166, 0.00448065, 0.89535, 3.33216
5653.93, 0.92037, 0.00457102, 0.91981, 2.89406
5653.94, 0.941175, 0.00464732, 0.94112, 2.44209
5653.95, 0.95665, 0.00470461, 0.9584, 1.99972
5653.96, 0.967755, 0.00474647, 0.97148, 1.5872
5653.97, 0.977143, 0.00478131, 0.9807, 1.22371
5653.98, 0.984886, 0.00480921, 0.98674, 0.917783
5653.99, 0.989507, 0.00482522, 0.99039, 0.675813
5654, 0.991249, 0.0048301, 0.9924, 0.492469
5654.01, 0.991478, 0.00482844, 0.99337, 0.363489
5654.02, 0.991617, 0.00482651, 0.99375, 0.276081
5654.03, 0.992925, 0.00483069, 0.99385, 0.220652
5654.04, 0.994569, 0.00483717, 0.99387, 0.184409
5654.05, 0.994659, 0.00483693, 0.99394, 0.164156
5654.06, 0.993763, 0.00483208, 0.99412, 0.148167
5654.07, 0.99375, 0.0048306, 0.99443, 0.137508
5654.08, 0.994493, 0.00483194, 0.99484, 0.12898
5654.09, 0.994811, 0.00483103, 0.99534, 0.119386
5654.1, 0.994869, 0.00482909, 0.99587, 0.110859
5654.11, 0.995499, 0.00483037, 0.99639, 0.100199
5654.12, 0.996284, 0.00483288, 0.99685, 0.0895398
5654.13, 0.996235, 0.0048317, 0.99723, 0.0788803
5654.14, 0.995665, 0.00482791, 0.99751, 0.0671549
5654.15, 0.995501, 0.0048255, 0.9977, 0.0554294
5654.16, 0.995641, 0.00482437, 0.99781, 0.0447699
5654.17, 0.995456, 0.00482232, 0.99788, 0.0319785
5654.18, 0.994677, 0.00481832, 1, 0
5654.19, 0.993314, 0.00481233, 1, 0
5654.2, 0.992136, 0.00480678, 1, 0
5654.21, 0.992081, 0.00480468, 1, 0
5654.22, 0.992179, 0.00480293, 1, 0
5654.23, 0.990719, 0.00479603, 1, 0
5654.24, 0.987882, 0.00478463, 1, 0
5654.25, 0.985278, 0.00477398, 1, 0
