wav, obs, sigma_obs, syn, weight
5659.19, 0.978528, 0.00421494, 1, 0
5659.2, 0.981247, 0.00422242, 1, 0
5659.21, 0.98403, 0.00423059, 1, 0
5659.22, 0.986802, 0.00423939, 1, 0
5659.23, 0.989112, 0.00424673, 1, 0
5659.24, 0.990536, 0.00425063, 1, 0
5659.25, 0.990879, 0.00425026, 1, 0
5659.26, 0.990283, 0.00424644, 0.99737, 0.104668
5659.27, 0.989529, 0.00424303, 0.99731, 0.14486
5659.28, 0.989239, 0.00424231, 0.99732, 0.180029
5659.29, 0.989596, 0.00424291, 0.99735, 0.205986
5659.3, 0.990597, 0.00424414, 0.99739, 0.221896
5659.31, 0.992011, 0.00424702, 0.99743, 0.231107
5659.32, 0.993406, 0.00425103, 0.99745, 0.232781
5659.33, 0.994111, 0.00425336, 0.99746, 0.233619
5659.34, 0.994005, 0.00425283, 0.99745, 0.234456
5659.35, 0.993658, 0.00425049, 0.99743, 0.235293
5659.36, 0.993535, 0.00424814, 0.99739, 0.23948
5659.37, 0.993922, 0.00424805, 0.99732, 0.246179
5659.38, 0.994675, 0.00424997, 0.99721, 0.257064
5659.39, 0.995273, 0.00425133, 0.99705, 0.274649
5659.4, 0.995505, 0.00425114, 0.99681, 0.302281
5659.41, 0.995416, 0.00424971, 0.99647, 0.344985
5659.42, 0.995038, 0.00424749, 0.99597, 0.410298
5659.43, 0.994386, 0.00424494, 0.99525, 0.505755
5659.44, 0.993471, 0.00424172, 0.99419, 0.63973
5659.45, 0.992256, 0.00423692, 0.99264, 0.819759
5659.46, 0.990241, 0.00422886, 0.99038, 1.04835
5659.47, 0.986809, 0.00421592, 0.98715, 1.32803
5659.48, 0.98231, 0.00419991, 0.98266, 1.65208
5659.49, 0.977364, 0.00418342, 0.97667, 2.01214
5659.5, 0.971396, 0.00416354, 0.96906, 2.3948
5659.51, 0.963539, 0.00413615, 0.95994, 2.78249
5659.52, 0.95393, 0.00410244, 0.94967, 3.15678
5659.53, 0.943188, 0.00406566, 0.93894, 3.5001
5659.54, 0.932538, 0.00402997, 0.92865, 3.79484
5659.55, 0.923345, 0.00399957, 0.91984, 4.02846
5659.56, 0.916801, 0.00397766, 0.91345, 4.19007
5659.57, 0.913792, 0.00396666, 0.91026, 4.27296
5659.58, 0.914308, 0.00396707, 0.91065, 4.27548
5659.59, 0.918255, 0.00397915, 0.91461, 4.19593
5659.6, 0.925853, 0.00400351, 0.92168, 4.03767
5659.61, 0.936593, 0.00403823, 0.93108, 3.80824
5659.62, 0.948018, 0.00407485, 0.94181, 3.516
5659.63, 0.95826, 0.00410724, 0.95281, 3.17521
5659.64, 0.967353, 0.00413639, 0.96317, 2.80175
5659.65, 0.97546, 0.00416309, 0.97222, 2.41406
5659.66, 0.982538, 0.00418613, 0.9796, 2.02972
5659.67, 0.98844, 0.00420451, 0.98522, 1.66631
5659.68, 0.992891, 0.00421789, 0.98925, 1.3364
5659.69, 0.995859, 0.00422647, 0.99196, 1.0517
5659.7, 0.997666, 0.00423121, 0.99365, 0.814735
5659.71, 0.998708, 0.00423361, 0.99463, 0.626333
5659.72, 0.999444, 0.00423571, 0.99512, 0.483984
5659.73, 1.00024, 0.00423837, 0.99531, 0.378479
5659.74, 1.00135, 0.00424107, 0.99534, 0.302281
5659.75, 1.0022, 0.00424222, 0.99528, 0.248691
5659.76, 1.00165, 0.00423953, 0.99522, 0.209336
5659.77, 1.00027, 0.00423481, 0.9952, 0.180866
5659.78, 0.999848, 0.00423267, 0.99525, 0.159095
5659.79, 1.00043, 0.0042333, 0.99537, 0.142348
5659.8, 1.00096, 0.00423407, 0.99556, 0.128114
5659.81, 1.00132, 0.00423448, 0.99579, 0.117228
5659.82, 1.00183, 0.00423516, 0.99605, 0.108017
5659.83, 1.00229, 0.00423563, 0.99628, 0.100481
5659.84, 1.00235, 0.00423519, 0.99645, 0.0937825
5659.85, 1.00252, 0.00423541, 0.99655, 0.0862464
5659.86, 1.00348, 0.00423809, 0.99658, 0.0795476
5659.87, 1.00455, 0.0042406, 0.99654, 0.0703368
5659.88, 1.00475, 0.00423968, 0.99647, 0.058614
5659.89, 1.00428, 0.00423667, 0.99642, 0.0452165
5659.9, 1.00374, 0.00423424, 0.99645, 0.031819
5659.91, 1.00405, 0.00423472, 1, 0
5659.92, 1.00561, 0.00423864, 1, 0
5659.93, 1.00662, 0.00424057, 1, 0
5659.94, 1.00574, 0.00423672, 1, 0
5659.95, 1.00453, 0.00423208, 1, 0
5659.96, 1.00431, 0.00423097, 1, 0
5659.97, 1.00457, 0.00423147, 1, 0
