wav, obs, sigma_obs, syn, weight
5661.64, 1.00119, 0.00408376, 1, 0
5661.65, 1.0013, 0.00408324, 1, 0
5661.66, 1.00157, 0.00408323, 1, 0
5661.67, 1.0015, 0.00408218, 1, 0
5661.68, 1.00091, 0.00407954, 1, 0
5661.69, 1.00047, 0.00407705, 1, 0
5661.7, 1.00062, 0.00407604, 1, 0
5661.71, 1.00056, 0.00407492, 0.99827, 0.0948505
5661.72, 0.99977, 0.00407263, 0.99821, 0.134371
5661.73, 0.999196, 0.00407096, 0.99819, 0.165988
5661.74, 0.999537, 0.00407119, 0.99818, 0.197605
5661.75, 1.00055, 0.00407272, 0.99818, 0.217366
5661.76, 1.00152, 0.00407392, 0.99819, 0.233174
5661.77, 1.00122, 0.0040719, 0.99819, 0.24503
5661.78, 0.99972, 0.00406711, 0.99819, 0.256887
5661.79, 0.998954, 0.00406466, 0.99818, 0.268743
5661.8, 0.999514, 0.00406604, 0.99816, 0.284551
5661.81, 1.00028, 0.00406817, 0.99812, 0.308264
5661.82, 1.00058, 0.00406872, 0.99806, 0.351737
5661.83, 1.00023, 0.00406648, 0.99797, 0.411019
5661.84, 0.999616, 0.00406298, 0.99783, 0.501917
5661.85, 0.999424, 0.00406151, 0.99761, 0.632336
5661.86, 0.999501, 0.00406138, 0.99724, 0.802277
5661.87, 0.999184, 0.00405956, 0.99664, 1.02359
5661.88, 0.998326, 0.00405591, 0.99571, 1.28443
5661.89, 0.997039, 0.0040516, 0.99433, 1.57689
5661.9, 0.995289, 0.00404592, 0.99242, 1.88911
5661.91, 0.992995, 0.00403768, 0.98996, 2.19737
5661.92, 0.990172, 0.00402751, 0.98703, 2.48982
5661.93, 0.986949, 0.00401673, 0.98383, 2.74671
5661.94, 0.983829, 0.00400671, 0.98068, 2.96013
5661.95, 0.981269, 0.0039984, 0.97796, 3.12216
5661.96, 0.979192, 0.00399122, 0.97603, 3.22887
5661.97, 0.977586, 0.00398496, 0.97517, 3.27629
5661.98, 0.976994, 0.00398164, 0.97546, 3.26444
5661.99, 0.977661, 0.00398249, 0.97681, 3.2012
5662, 0.978878, 0.00398591, 0.9789, 3.07474
5662.01, 0.980036, 0.00398991, 0.98123, 2.90084
5662.02, 0.980981, 0.00399252, 0.98317, 2.67162
5662.03, 0.981453, 0.00399243, 0.98397, 2.41078
5662.04, 0.980911, 0.00398922, 0.98274, 2.11833
5662.05, 0.977888, 0.00397896, 0.97854, 1.82192
5662.06, 0.969814, 0.00395322, 0.97037, 1.53737
5662.07, 0.95594, 0.0039093, 0.95735, 1.28443
5662.08, 0.937451, 0.0038507, 0.93903, 1.06312
5662.09, 0.914026, 0.00377626, 0.91557, 0.893175
5662.1, 0.884211, 0.00368133, 0.88811, 0.77066
5662.11, 0.850117, 0.0035726, 0.85875, 0.691618
5662.12, 0.816397, 0.00346481, 0.83041, 0.648145
5662.13, 0.787131, 0.00337094, 0.80644, 0.636289
5662.14, 0.765884, 0.00330234, 0.78999, 0.648145
5662.15, 0.755054, 0.00326684, 0.78335, 0.679762
5662.16, 0.75616, 0.00326951, 0.78744, 0.719283
5662.17, 0.768677, 0.00330874, 0.80164, 0.77066
5662.18, 0.791071, 0.00337963, 0.82389, 0.814133
5662.19, 0.820702, 0.00347371, 0.85116, 0.837846
5662.2, 0.854219, 0.00358008, 0.88012, 0.818085
5662.21, 0.886801, 0.00368255, 0.90777, 0.742995
5662.22, 0.914393, 0.00376782, 0.93193, 0.62048
5662.23, 0.936498, 0.00383603, 0.95146, 0.458444
5662.24, 0.953377, 0.00388915, 1, 0
5662.25, 0.965445, 0.00392718, 1, 0
5662.26, 0.973348, 0.00395123, 1, 0
5662.27, 0.97816, 0.00396545, 1, 0
5662.28, 0.981035, 0.00397396, 1, 0
5662.29, 0.983445, 0.00398111, 1, 0
5662.3, 0.986264, 0.00398945, 1, 0
