wav, obs, sigma_obs, syn, weight
5665.29, 1.00356, 0.00384845, 1, 0
5665.3, 1.00213, 0.0038437, 1, 0
5665.31, 1.00056, 0.0038385, 1, 0
5665.32, 0.999132, 0.00383377, 1, 0
5665.33, 0.998317, 0.00383106, 1, 0
5665.34, 0.997865, 0.0038292, 1, 0
5665.35, 0.997238, 0.00382599, 1, 0
5665.36, 0.996647, 0.00382285, 0.99791, 0.00934908
5665.37, 0.996485, 0.00382214, 0.99757, 0.00934908
5665.38, 0.996146, 0.00382165, 0.99715, 0.0124654
5665.39, 0.994943, 0.00381843, 0.99655, 0.0155818
5665.4, 0.993354, 0.00381308, 0.99563, 0.0186982
5665.41, 0.991747, 0.0038065, 0.99419, 0.0186982
5665.42, 0.989243, 0.00379762, 0.99189, 0.0218145
5665.43, 0.985048, 0.0037851, 0.98832, 0.0218145
5665.44, 0.979119, 0.00376784, 0.98293, 0.0249309
5665.45, 0.971483, 0.00374498, 0.97516, 0.0311636
5665.46, 0.962092, 0.00371607, 0.96446, 0.0373963
5665.47, 0.950383, 0.00367976, 0.95048, 0.0560945
5665.48, 0.935182, 0.0036336, 0.93321, 0.0841417
5665.49, 0.916379, 0.00357733, 0.91305, 0.134003
5665.5, 0.89501, 0.0035132, 0.89092, 0.224378
5665.51, 0.872896, 0.00344638, 0.86818, 0.36773
5665.52, 0.852329, 0.00338397, 0.84653, 0.570294
5665.53, 0.834818, 0.00333092, 0.82776, 0.853882
5665.54, 0.821497, 0.00329099, 0.81354, 1.21538
5665.55, 0.814031, 0.0032684, 0.80512, 1.64232
5665.56, 0.813899, 0.00326674, 0.80315, 2.11601
5665.57, 0.820504, 0.00328538, 0.80757, 2.61151
5665.58, 0.832602, 0.00332172, 0.81769, 3.09766
5665.59, 0.848954, 0.0033709, 0.83232, 3.5433
5665.6, 0.86807, 0.00342746, 0.84999, 3.92973
5665.61, 0.887801, 0.00348581, 0.8692, 4.23202
5665.62, 0.906297, 0.00354086, 0.88857, 4.45016
5665.63, 0.922532, 0.00358861, 0.90705, 4.57793
5665.64, 0.936422, 0.00362873, 0.92392, 4.60909
5665.65, 0.949108, 0.00366608, 0.93879, 4.54677
5665.66, 0.960752, 0.00370103, 0.95157, 4.39407
5665.67, 0.970325, 0.00372867, 0.96233, 4.14476
5665.68, 0.977487, 0.00374821, 0.97124, 3.81131
5665.69, 0.9826, 0.00376267, 0.97847, 3.40306
5665.7, 0.98668, 0.00377481, 0.9842, 2.93561
5665.71, 0.990883, 0.00378656, 0.9886, 2.44634
5665.72, 0.99417, 0.00379502, 0.99185, 1.95084
5665.73, 0.994998, 0.00379649, 0.99415, 1.49274
5665.74, 0.995138, 0.00379654, 0.99572, 1.09073
5665.75, 0.996743, 0.00380149, 0.99675, 0.760392
5665.76, 0.998517, 0.00380692, 0.9974, 0.50485
5665.77, 0.998977, 0.00380784, 0.99781, 0.327218
5665.78, 0.998854, 0.00380624, 0.99808, 0.202563
5665.79, 0.998957, 0.00380479, 0.99826, 0.124654
5665.8, 0.999311, 0.00380481, 0.99839, 0.077909
5665.81, 0.999885, 0.00380645, 0.99849, 0.0498617
5665.82, 1.00071, 0.00380827, 0.99857, 0.0373963
5665.83, 1.00153, 0.00380936, 0.99864, 0.0280472
5665.84, 1.00174, 0.0038097, 0.99869, 0.0249309
5665.85, 1.00161, 0.00381011, 0.99874, 0.0218145
5665.86, 1.00217, 0.00381192, 0.99877, 0.0186982
5665.87, 1.00286, 0.00381302, 0.99881, 0.0186982
5665.88, 1.00224, 0.00380956, 0.99883, 0.0155818
5665.89, 1.00082, 0.00380421, 0.99886, 0.0124654
5665.9, 1.00006, 0.00380229, 0.99888, 0.00934908
5665.91, 1.0003, 0.0038035, 0.99891, 0.00623272
5665.92, 1.00122, 0.00380504, 0.99897, 0.00623272
5665.93, 1.00119, 0.00380334, 1, 0
5665.94, 0.999182, 0.00379677, 1, 0
5665.95, 0.997269, 0.00379095, 1, 0
5665.96, 0.997149, 0.00379025, 1, 0
5665.97, 0.997744, 0.00379157, 1, 0
5665.98, 0.997872, 0.00379157, 1, 0
5665.99, 0.998, 0.00379157, 1, 0
