wav, obs, sigma_obs, syn, weight
5677.34, 0.98527, 0.00350578, 1, 0
5677.35, 0.986259, 0.00350858, 1, 0
5677.36, 0.987209, 0.00351117, 1, 0
5677.37, 0.988223, 0.0035141, 1, 0
5677.38, 0.989491, 0.00351819, 1, 0
5677.39, 0.991432, 0.00352417, 1, 0
5677.4, 0.994212, 0.00353206, 1, 0
5677.41, 0.996967, 0.00353966, 0.99914, 0.0505466
5677.42, 0.998916, 0.00354501, 0.99905, 0.0699876
5677.43, 0.999754, 0.00354733, 0.999, 0.0894286
5677.44, 0.999592, 0.00354695, 0.99901, 0.104981
5677.45, 0.998931, 0.00354524, 0.99906, 0.112758
5677.46, 0.998652, 0.00354449, 0.99915, 0.116646
5677.47, 0.99947, 0.00354654, 0.99926, 0.112758
5677.48, 1.00036, 0.00354873, 0.99938, 0.104981
5677.49, 1.0003, 0.00354849, 0.99948, 0.101093
5677.5, 0.999567, 0.00354692, 0.99955, 0.097205
5677.51, 0.99888, 0.00354562, 0.9996, 0.101093
5677.52, 0.99917, 0.00354605, 0.99962, 0.112758
5677.53, 0.999988, 0.00354739, 0.99961, 0.143863
5677.54, 0.999967, 0.0035474, 0.99957, 0.202186
5677.55, 0.99944, 0.00354654, 0.99947, 0.30328
5677.56, 0.999282, 0.00354624, 0.99929, 0.458808
5677.57, 0.999364, 0.0035467, 0.99895, 0.680435
5677.58, 0.999304, 0.00354715, 0.99834, 0.97205
5677.59, 0.998717, 0.00354535, 0.99729, 1.33754
5677.6, 0.997136, 0.00354015, 0.99559, 1.75358
5677.61, 0.994069, 0.00353191, 0.99301, 2.20461
5677.62, 0.989904, 0.0035212, 0.98941, 2.66731
5677.63, 0.985474, 0.00350862, 0.98476, 3.10667
5677.64, 0.980617, 0.00349443, 0.9793, 3.49938
5677.65, 0.975022, 0.00347893, 0.97355, 3.82599
5677.66, 0.969132, 0.0034629, 0.96826, 4.07483
5677.67, 0.964163, 0.00344929, 0.96426, 4.24203
5677.68, 0.962339, 0.00344444, 0.96226, 4.31979
5677.69, 0.963776, 0.00344852, 0.96264, 4.30813
5677.7, 0.966559, 0.0034558, 0.96534, 4.21481
5677.71, 0.970496, 0.00346648, 0.96984, 4.03595
5677.72, 0.976111, 0.00348291, 0.97537, 3.76767
5677.73, 0.982334, 0.00350095, 0.98111, 3.42939
5677.74, 0.987976, 0.00351619, 0.98634, 3.02891
5677.75, 0.992806, 0.00352875, 0.99066, 2.58565
5677.76, 0.996296, 0.00353768, 0.99391, 2.12685
5677.77, 0.997373, 0.00353986, 0.99617, 1.67581
5677.78, 0.996965, 0.00353848, 0.99762, 1.27144
5677.79, 0.997378, 0.00354091, 0.99851, 0.921503
5677.8, 0.998533, 0.00354556, 0.99902, 0.641553
5677.81, 0.999458, 0.00354791, 0.9993, 0.43159
5677.82, 1.00007, 0.00354868, 0.99945, 0.287727
5677.83, 1.00057, 0.00354957, 0.99952, 0.190522
5677.84, 1.00128, 0.00355165, 0.99956, 0.128311
5677.85, 1.00219, 0.00355463, 0.99957, 0.097205
5677.86, 1.00287, 0.00355667, 0.99957, 0.0816522
5677.87, 1.00241, 0.00355518, 0.99955, 0.0738758
5677.88, 1.00012, 0.00354863, 0.99954, 0.0738758
5677.89, 0.998829, 0.00354456, 0.99952, 0.077764
5677.9, 1.00073, 0.00354901, 0.99951, 0.0894286
5677.91, 1.00216, 0.00355306, 0.99948, 0.104981
5677.92, 1.001, 0.00355116, 0.99943, 0.10887
5677.93, 0.999693, 0.00354824, 0.99934, 0.10887
5677.94, 0.999484, 0.00354738, 0.99918, 0.097205
5677.95, 1.00004, 0.0035487, 0.99895, 0.0738758
5677.96, 1.00067, 0.00355049, 1, 0
5677.97, 1.00075, 0.00355078, 1, 0
5677.98, 1.00068, 0.00355055, 1, 0
5677.99, 1.00093, 0.00355103, 1, 0
5678, 1.00128, 0.00355176, 1, 0
5678.01, 1.00156, 0.00355233, 1, 0
5678.02, 1.00184, 0.00355289, 1, 0
