wav, obs, sigma_obs, syn, weight
5691.12, 0.995818, 0.00387765, 1, 0
5691.13, 0.996028, 0.00387829, 1, 0
5691.14, 0.99623, 0.00387895, 1, 0
5691.15, 0.996552, 0.00387923, 1, 0
5691.16, 0.996657, 0.00387915, 1, 0
5691.17, 0.996066, 0.00387905, 1, 0
5691.18, 0.995516, 0.00387922, 0.99188, 0.0449336
5691.19, 0.995892, 0.00388066, 0.99239, 0.0763023
5691.2, 0.997495, 0.0038855, 0.99332, 0.107671
5691.21, 0.999292, 0.003891, 0.99447, 0.132257
5691.22, 0.999854, 0.00389263, 0.99562, 0.144974
5691.23, 1.00054, 0.0038957, 0.99659, 0.143279
5691.24, 1.00213, 0.00390248, 0.9973, 0.132257
5691.25, 1.00298, 0.0039053, 0.99773, 0.116997
5691.26, 1.00333, 0.00390527, 0.9979, 0.100889
5691.27, 1.00434, 0.00390819, 0.99791, 0.0864759
5691.28, 1.00511, 0.00391083, 0.9978, 0.0771501
5691.29, 1.00514, 0.00391113, 0.99765, 0.0712154
5691.3, 1.00539, 0.00391248, 0.99748, 0.0712154
5691.31, 1.00559, 0.00391437, 0.99732, 0.0788457
5691.32, 1.00493, 0.00391402, 0.99715, 0.0958017
5691.33, 1.00386, 0.00391085, 0.99694, 0.126323
5691.34, 1.00271, 0.00390633, 0.99667, 0.178886
5691.35, 1.00127, 0.00390361, 0.99627, 0.262819
5691.36, 0.999657, 0.00390103, 0.99561, 0.390837
5691.37, 0.997965, 0.00389517, 0.99445, 0.570571
5691.38, 0.995347, 0.00388616, 0.99233, 0.811347
5691.39, 0.990713, 0.00387255, 0.98844, 1.11147
5691.4, 0.982977, 0.0038502, 0.98159, 1.46839
5691.41, 0.971607, 0.0038167, 0.97024, 1.87195
5691.42, 0.955518, 0.00376844, 0.95278, 2.30602
5691.43, 0.93131, 0.00369569, 0.92806, 2.75197
5691.44, 0.898779, 0.00359781, 0.89603, 3.19028
5691.45, 0.86165, 0.00348533, 0.85827, 3.59808
5691.46, 0.82254, 0.00336615, 0.81814, 3.955
5691.47, 0.784411, 0.00324953, 0.78043, 4.24325
5691.48, 0.752644, 0.00315183, 0.75041, 4.44757
5691.49, 0.73335, 0.00309195, 0.73272, 4.56288
5691.5, 0.732037, 0.00308735, 0.73024, 4.58322
5691.51, 0.748171, 0.00313739, 0.74338, 4.50946
5691.52, 0.777976, 0.00323084, 0.77, 4.34329
5691.53, 0.815711, 0.00334869, 0.80592, 4.09234
5691.54, 0.855622, 0.00347217, 0.84591, 3.76509
5691.55, 0.892635, 0.00358539, 0.88493, 3.37934
5691.56, 0.924179, 0.00368153, 0.91909, 2.95375
5691.57, 0.948725, 0.00375682, 0.94624, 2.51119
5691.58, 0.965312, 0.00380791, 0.96597, 2.07288
5691.59, 0.975946, 0.00384038, 0.97914, 1.65745
5691.6, 0.984036, 0.00386447, 0.98726, 1.28357
5691.61, 0.988881, 0.00387927, 0.99192, 0.962256
5691.62, 0.990088, 0.00388398, 0.9944, 0.701981
5691.63, 0.989792, 0.00388349, 0.99561, 0.503595
5691.64, 0.988627, 0.00388017, 0.99609, 0.36286
5691.65, 0.986162, 0.00387402, 0.99618, 0.267906
5691.66, 0.982567, 0.00386425, 0.99605, 0.20856
5691.67, 0.978598, 0.00385228, 0.99585, 0.1738
5691.68, 0.975628, 0.00384309, 0.99569, 0.153452
5691.69, 0.974771, 0.00384102, 0.99564, 0.141583
5691.7, 0.976285, 0.00384729, 0.99576, 0.132257
5691.71, 0.978185, 0.00385436, 0.99605, 0.126323
5691.72, 0.980439, 0.0038612, 0.99646, 0.11954
5691.73, 0.985655, 0.00387618, 0.99694, 0.112758
5691.74, 0.991541, 0.0038937, 0.99741, 0.105128
5691.75, 0.994958, 0.00390509, 0.99781, 0.0966495
5691.76, 0.998039, 0.00391497, 0.99812, 0.0864759
5691.77, 1.00137, 0.00392487, 0.99834, 0.0763023
5691.78, 1.00307, 0.00393086, 0.99849, 0.064433
5691.79, 1.00414, 0.00393524, 0.9986, 0.0508682
5691.8, 1.00586, 0.00394097, 0.9987, 0.0373033
5691.81, 1.00696, 0.0039454, 0.99882, 0.0237385
5691.82, 1.00689, 0.00394664, 0.99895, 0.012717
5691.83, 1.00624, 0.00394492, 1, 0
5691.84, 1.00572, 0.00394342, 1, 0
5691.85, 1.00567, 0.00394417, 1, 0
5691.86, 1.00557, 0.00394452, 1, 0
5691.87, 1.00525, 0.00394362, 1, 0
5691.88, 1.00497, 0.00394296, 1, 0
