wav, obs, sigma_obs, syn, weight
5695.74, 1.00348, 0.00418812, 1, 0
5695.75, 1.00369, 0.00418932, 1, 0
5695.76, 1.00324, 0.0041887, 1, 0
5695.77, 1.00229, 0.00418649, 1, 0
5695.78, 1.00251, 0.00418671, 1, 0
5695.79, 1.00254, 0.00418707, 1, 0
5695.8, 1.00065, 0.00418412, 0.99863, 0.00483273
5695.81, 1.00009, 0.00418368, 0.99814, 0.00724909
5695.82, 1.00127, 0.00418606, 0.99761, 0.0120818
5695.83, 1.00118, 0.00418528, 0.99715, 0.0144982
5695.84, 1.00129, 0.00418594, 0.99683, 0.0169145
5695.85, 1.00252, 0.00419044, 0.99671, 0.0193309
5695.86, 1.00166, 0.00419001, 0.99681, 0.0241636
5695.87, 0.99982, 0.00418716, 0.99706, 0.0289964
5695.88, 1.00016, 0.00418965, 0.9974, 0.0314127
5695.89, 1.00158, 0.00419387, 0.99774, 0.0362454
5695.9, 1.00226, 0.00419537, 0.99802, 0.0434945
5695.91, 1.00116, 0.00419293, 0.99822, 0.0555764
5695.92, 1.00066, 0.00419283, 0.99835, 0.0749073
5695.93, 1.00225, 0.00419842, 0.99843, 0.108736
5695.94, 1.0028, 0.00420116, 0.99848, 0.161896
5695.95, 1.00217, 0.00420018, 0.99848, 0.248885
5695.96, 1.00208, 0.00419974, 0.99839, 0.386618
5695.97, 1.00135, 0.00419836, 0.99812, 0.587176
5695.98, 0.999867, 0.00419565, 0.99751, 0.857809
5695.99, 0.999154, 0.00419342, 0.99629, 1.20577
5696, 0.997485, 0.00418729, 0.99409, 1.62138
5696.01, 0.993069, 0.00417373, 0.99043, 2.08774
5696.02, 0.987177, 0.00415684, 0.98485, 2.57101
5696.03, 0.979796, 0.0041343, 0.97705, 3.04945
5696.04, 0.97002, 0.00410096, 0.96715, 3.49164
5696.05, 0.958658, 0.00406362, 0.95582, 3.87101
5696.06, 0.946948, 0.00402824, 0.94437, 4.17306
5696.07, 0.936291, 0.00399624, 0.93451, 4.38812
5696.08, 0.929499, 0.00397405, 0.92795, 4.51618
5696.09, 0.928483, 0.00396822, 0.92595, 4.55001
5696.1, 0.931616, 0.00397964, 0.92891, 4.49685
5696.11, 0.938522, 0.00400526, 0.93624, 4.35187
5696.12, 0.949471, 0.00403979, 0.94656, 4.1199
5696.13, 0.961361, 0.0040789, 0.95809, 3.80094
5696.14, 0.971548, 0.00411596, 0.9692, 3.40707
5696.15, 0.979433, 0.00414208, 0.9787, 2.95521
5696.16, 0.985481, 0.0041599, 0.98602, 2.47436
5696.17, 0.990245, 0.00417528, 0.99117, 1.99108
5696.18, 0.993448, 0.0041879, 0.9945, 1.53439
5696.19, 0.995637, 0.00419693, 0.99649, 1.13086
5696.2, 0.997601, 0.00420176, 0.99763, 0.7974
5696.21, 0.997662, 0.0042015, 0.99826, 0.538849
5696.22, 0.996542, 0.00420033, 0.99862, 0.352789
5696.23, 0.998558, 0.00420768, 0.99885, 0.224722
5696.24, 1.00068, 0.0042145, 0.999, 0.144982
5696.25, 0.999398, 0.00421175, 0.99911, 0.0966545
5696.26, 0.999505, 0.00421371, 0.9992, 0.0676582
5696.27, 1.00159, 0.00422189, 0.99928, 0.0507436
5696.28, 1.00215, 0.00422546, 0.99935, 0.0410782
5696.29, 1.00075, 0.00422252, 0.99943, 0.0338291
5696.3, 0.998624, 0.00421641, 0.9995, 0.0289964
5696.31, 0.997718, 0.00421343, 0.99957, 0.0241636
5696.32, 0.997657, 0.00421319, 0.99963, 0.0217473
5696.33, 0.996946, 0.00421159, 0.99969, 0.0193309
5696.34, 0.994517, 0.00420452, 0.99973, 0.0169145
5696.35, 0.991626, 0.00419553, 0.99976, 0.0120818
5696.36, 0.99079, 0.00419265, 0.99978, 0.00966545
5696.37, 0.991101, 0.00419368, 0.99979, 0.00724909
5696.38, 0.991546, 0.00419614, 0.9998, 0.00241636
5696.39, 0.992491, 0.00420153, 1, 0
5696.4, 0.994408, 0.00420946, 1, 0
5696.41, 0.997115, 0.00421796, 1, 0
5696.42, 0.998825, 0.00422421, 1, 0
5696.43, 0.999227, 0.00422804, 1, 0
5696.44, 0.999898, 0.00423237, 1, 0
