wav, obs, sigma_obs, syn, weight
5701.97, 0.989052, 0.00473188, 1, 0
5701.98, 0.989365, 0.00473564, 1, 0
5701.99, 0.989541, 0.00473829, 1, 0
5702, 0.989315, 0.0047379, 1, 0
5702.01, 0.988925, 0.00473697, 1, 0
5702.02, 0.98948, 0.00474085, 1, 0
5702.03, 0.992107, 0.0047534, 0.99393, 0.0242596
5702.04, 0.99453, 0.00476292, 0.99421, 0.0458237
5702.05, 0.99566, 0.00476577, 0.99491, 0.0700833
5702.06, 0.996724, 0.00477131, 0.99577, 0.0889519
5702.07, 0.996774, 0.00477439, 0.9966, 0.0997339
5702.08, 0.99594, 0.00477304, 0.9973, 0.102429
5702.09, 0.996744, 0.0047769, 0.99783, 0.105125
5702.1, 0.997687, 0.00478216, 0.99818, 0.102429
5702.11, 0.997113, 0.00478268, 0.99837, 0.102429
5702.12, 0.996645, 0.00478093, 0.99843, 0.0970384
5702.13, 0.997805, 0.00478478, 0.99836, 0.0970384
5702.14, 0.999819, 0.00479452, 0.99813, 0.0970384
5702.15, 0.997812, 0.00478959, 0.99769, 0.0970384
5702.16, 0.99446, 0.00477868, 0.99695, 0.0997339
5702.17, 0.994736, 0.0047804, 0.99576, 0.105125
5702.18, 0.99435, 0.00477907, 0.99396, 0.115907
5702.19, 0.992109, 0.00477205, 0.99133, 0.137471
5702.2, 0.989798, 0.00476732, 0.98757, 0.177904
5702.21, 0.985601, 0.00475336, 0.98231, 0.253378
5702.22, 0.9794, 0.0047293, 0.97516, 0.371981
5702.23, 0.972721, 0.00470489, 0.96578, 0.555276
5702.24, 0.962922, 0.0046686, 0.95402, 0.814045
5702.25, 0.948846, 0.00461525, 0.94005, 1.15907
5702.26, 0.932424, 0.00455407, 0.92446, 1.58496
5702.27, 0.9143, 0.00448812, 0.90821, 2.07824
5702.28, 0.8952, 0.00441953, 0.89254, 2.60386
5702.29, 0.876885, 0.00435337, 0.87882, 3.13219
5702.3, 0.862105, 0.00429829, 0.86839, 3.62816
5702.31, 0.85359, 0.00426523, 0.86236, 4.05675
5702.32, 0.852984, 0.00426463, 0.86144, 4.40177
5702.33, 0.85891, 0.00429028, 0.86578, 4.65784
5702.34, 0.869563, 0.00433202, 0.87494, 4.81149
5702.35, 0.885345, 0.00439001, 0.88793, 4.87079
5702.36, 0.903429, 0.0044574, 0.90343, 4.83575
5702.37, 0.920773, 0.00452586, 0.91999, 4.70367
5702.38, 0.939648, 0.00459729, 0.93629, 4.47725
5702.39, 0.957603, 0.00466382, 0.95127, 4.16187
5702.4, 0.969884, 0.00471281, 0.96423, 3.75754
5702.41, 0.978718, 0.00474607, 0.97478, 3.28044
5702.42, 0.985833, 0.00477193, 0.98289, 2.7629
5702.43, 0.99103, 0.00479737, 0.98875, 2.22919
5702.44, 0.993903, 0.00481126, 0.99273, 1.71704
5702.45, 0.995537, 0.00481558, 0.99526, 1.2588
5702.46, 0.998006, 0.00482721, 0.99679, 0.881432
5702.47, 0.9997, 0.00483626, 0.99765, 0.590317
5702.48, 0.999631, 0.00483559, 0.99812, 0.380067
5702.49, 0.999083, 0.00483286, 0.99835, 0.242596
5702.5, 0.99822, 0.00483043, 0.99842, 0.159035
5702.51, 0.997377, 0.0048291, 0.99833, 0.110516
5702.52, 0.997602, 0.00483029, 0.99803, 0.0808654
5702.53, 0.996977, 0.00482933, 0.99733, 0.0673878
5702.54, 0.994465, 0.00482367, 0.99593, 0.0593013
5702.55, 0.993093, 0.00481958, 0.99338, 0.0539102
5702.56, 0.991608, 0.00481351, 0.9891, 0.0512147
5702.57, 0.987752, 0.00480041, 0.98246, 0.0458237
5702.58, 0.982991, 0.00478532, 0.97299, 0.0458237
5702.59, 0.975527, 0.00476031, 0.96054, 0.0431282
5702.6, 0.962976, 0.00471499, 0.9455, 0.0431282
5702.61, 0.948504, 0.00465957, 0.92883, 0.0404327
5702.62, 0.933669, 0.00460265, 0.91204, 0.0431282
5702.63, 0.918809, 0.00454944, 0.89695, 0.0404327
5702.64, 0.90728, 0.00450822, 0.88554, 0.0350417
5702.65, 0.901459, 0.0044857, 0.87958, 0.0269551
5702.66, 0.901805, 0.00448568, 0.8807, 0.0188686
5702.67, 0.907375, 0.00450862, 0.89011, 0.010782
5702.68, 0.917374, 0.00455047, 1, 0
5702.69, 0.93128, 0.00460379, 1, 0
5702.7, 0.947138, 0.0046646, 1, 0
5702.71, 0.963398, 0.0047297, 1, 0
5702.72, 0.979633, 0.00479448, 1, 0
5702.73, 0.995854, 0.00485904, 1, 0
