wav, obs, sigma_obs, syn, weight
5704.35, 1.00021, 0.00501178, 1, 0
5704.36, 0.999579, 0.00500888, 1, 0
5704.37, 0.998682, 0.00500479, 1, 0
5704.38, 0.997901, 0.00500101, 1, 0
5704.39, 0.997391, 0.00499816, 1, 0
5704.4, 0.99687, 0.00499511, 1, 0
5704.41, 0.99652, 0.00499263, 1, 0
5704.42, 0.997479, 0.00499536, 0.99901, 0.0172641
5704.43, 0.999895, 0.00500405, 0.99885, 0.0230187
5704.44, 1.00172, 0.0050108, 0.99871, 0.0299244
5704.45, 1.00173, 0.00501065, 0.99861, 0.0379809
5704.46, 1.00104, 0.00500731, 0.99855, 0.0425847
5704.47, 1.00064, 0.0050044, 0.99851, 0.0471884
5704.48, 1.00054, 0.00500283, 0.99851, 0.0529431
5704.49, 1.00054, 0.00500231, 0.99852, 0.0575469
5704.5, 1.0002, 0.00500057, 0.99856, 0.0633015
5704.51, 0.999487, 0.00499701, 0.9986, 0.0702072
5704.52, 0.99949, 0.00499621, 0.99863, 0.0782637
5704.53, 1.00081, 0.00500076, 0.99864, 0.0897731
5704.54, 1.00211, 0.00500519, 0.99862, 0.104735
5704.55, 1.0023, 0.00500497, 0.99855, 0.125452
5704.56, 1.00195, 0.00500285, 0.99841, 0.158829
5704.57, 1.00167, 0.0050015, 0.99816, 0.206018
5704.58, 1.00107, 0.00499879, 0.99774, 0.278527
5704.59, 0.999808, 0.00499281, 0.99706, 0.383262
5704.6, 0.998356, 0.00498588, 0.99596, 0.531733
5704.61, 0.997009, 0.00497968, 0.99422, 0.731996
5704.62, 0.994677, 0.00497008, 0.99159, 0.989806
5704.63, 0.990383, 0.0049532, 0.98777, 1.30401
5704.64, 0.984901, 0.0049317, 0.98251, 1.67231
5704.65, 0.979068, 0.00490854, 0.97566, 2.07859
5704.66, 0.972079, 0.00488078, 0.96728, 2.50904
5704.67, 0.963005, 0.00484507, 0.95765, 2.94064
5704.68, 0.952395, 0.00480349, 0.94731, 3.35268
5704.69, 0.941244, 0.00475981, 0.93699, 3.72213
5704.7, 0.930641, 0.00471822, 0.92753, 4.03403
5704.71, 0.921734, 0.00468316, 0.91976, 4.27228
5704.72, 0.915827, 0.00465947, 0.91439, 4.42881
5704.73, 0.913984, 0.00465109, 0.9119, 4.50016
5704.74, 0.915593, 0.00465613, 0.91253, 4.48175
5704.75, 0.919601, 0.00467101, 0.91621, 4.37701
5704.76, 0.925887, 0.00469488, 0.92262, 4.18711
5704.77, 0.934471, 0.00472719, 0.93115, 3.91894
5704.78, 0.944005, 0.00476302, 0.94105, 3.58287
5704.79, 0.952807, 0.00479636, 0.95147, 3.19385
5704.8, 0.96075, 0.00482642, 0.9616, 2.77261
5704.81, 0.968315, 0.00485458, 0.97077, 2.3387
5704.82, 0.975586, 0.00488198, 0.97856, 1.91631
5704.83, 0.982379, 0.00490896, 0.98475, 1.52384
5704.84, 0.987803, 0.00493049, 0.98941, 1.17626
5704.85, 0.990855, 0.00494028, 0.99271, 0.885071
5704.86, 0.992491, 0.00494375, 0.99494, 0.65143
5704.87, 0.9945, 0.00495119, 0.99639, 0.474186
5704.88, 0.997026, 0.00496212, 0.9973, 0.345281
5704.89, 0.999324, 0.00497054, 0.99787, 0.256659
5704.9, 1.0007, 0.00497401, 0.99823, 0.19681
5704.91, 1.00062, 0.00497253, 0.99846, 0.158829
5704.92, 0.999915, 0.00496947, 0.99861, 0.135811
5704.93, 1.00009, 0.00496973, 0.99871, 0.12315
5704.94, 1.00082, 0.00497187, 0.99875, 0.118547
5704.95, 1.00069, 0.00497074, 0.99875, 0.118547
5704.96, 0.999676, 0.00496609, 0.9987, 0.121999
5704.97, 0.998676, 0.00496094, 0.99859, 0.130056
5704.98, 0.998294, 0.00495804, 0.99844, 0.138112
5704.99, 0.998812, 0.00495949, 0.99825, 0.145018
5705, 0.999381, 0.00496174, 0.99804, 0.146169
5705.01, 0.99842, 0.00495754, 0.99783, 0.141565
5705.02, 0.996429, 0.00494888, 0.99766, 0.127754
5705.03, 0.995478, 0.00494466, 0.99759, 0.103584
5705.04, 0.995695, 0.0049452, 0.99767, 0.0771128
5705.05, 0.995593, 0.00494368, 1, 0
5705.06, 0.994945, 0.00493952, 1, 0
5705.07, 0.994656, 0.00493772, 1, 0
5705.08, 0.994976, 0.00493956, 1, 0
5705.09, 0.995369, 0.00494185, 1, 0
5705.1, 0.995629, 0.00494333, 1, 0
5705.11, 0.995888, 0.00494481, 1, 0
