wav, obs, sigma_obs, syn, weight
5706.68, 0.975147, 0.00470513, 1, 0
5706.69, 0.97298, 0.00469644, 1, 0
5706.7, 0.971672, 0.00469133, 1, 0
5706.71, 0.969759, 0.00468342, 1, 0
5706.72, 0.967839, 0.00467478, 1, 0
5706.73, 0.968283, 0.00467479, 1, 0
5706.74, 0.971191, 0.00468399, 1, 0
5706.75, 0.974594, 0.00469487, 1, 0
5706.76, 0.977585, 0.0047042, 0.99658, 0.0242725
5706.77, 0.980297, 0.00471295, 0.99654, 0.0293293
5706.78, 0.982424, 0.00471986, 0.99657, 0.034386
5706.79, 0.983268, 0.00472163, 0.99664, 0.0384315
5706.8, 0.983467, 0.00472062, 0.99673, 0.0414655
5706.81, 0.98486, 0.00472433, 0.9968, 0.0434882
5706.82, 0.987191, 0.00473202, 0.99681, 0.0444996
5706.83, 0.988194, 0.00473502, 0.99666, 0.0465223
5706.84, 0.987643, 0.00473215, 0.99621, 0.048545
5706.85, 0.987347, 0.0047297, 0.99522, 0.0515791
5706.86, 0.987353, 0.004728, 0.99331, 0.0566358
5706.87, 0.985849, 0.00472104, 0.98994, 0.065738
5706.88, 0.98108, 0.00470248, 0.98446, 0.0809083
5706.89, 0.971499, 0.0046662, 0.97617, 0.107204
5706.9, 0.95722, 0.00461243, 0.96448, 0.153726
5706.91, 0.940016, 0.00454778, 0.94904, 0.227555
5706.92, 0.920261, 0.00447351, 0.92995, 0.341838
5706.93, 0.896835, 0.00438514, 0.90778, 0.504666
5706.94, 0.870178, 0.00428447, 0.88354, 0.726152
5706.95, 0.842477, 0.00418027, 0.85853, 1.00832
5706.96, 0.815862, 0.00408044, 0.83416, 1.34409
5706.97, 0.79228, 0.00399148, 0.81174, 1.72436
5706.98, 0.77273, 0.00391675, 0.79235, 2.13295
5706.99, 0.757195, 0.00385639, 0.77679, 2.54457
5707, 0.746035, 0.00381241, 0.76561, 2.939
5707.01, 0.74007, 0.00378908, 0.75916, 3.29499
5707.02, 0.739616, 0.00378746, 0.75766, 3.59334
5707.03, 0.744411, 0.00380501, 0.7612, 3.82292
5707.04, 0.75443, 0.00384129, 0.76976, 3.97867
5707.05, 0.769936, 0.00389837, 0.78314, 4.0525
5707.06, 0.790539, 0.00397487, 0.80092, 4.04441
5707.07, 0.815069, 0.00406528, 0.82239, 3.95541
5707.08, 0.841915, 0.00416323, 0.84649, 3.78651
5707.09, 0.869025, 0.00426173, 0.87189, 3.54581
5707.1, 0.894888, 0.00435573, 0.89708, 3.23937
5707.11, 0.918666, 0.0044425, 0.92059, 2.88539
5707.12, 0.939659, 0.00451937, 0.9412, 2.50209
5707.13, 0.957289, 0.00458356, 0.95812, 2.11575
5707.14, 0.971263, 0.00463367, 0.97104, 1.75065
5707.15, 0.981626, 0.00467002, 0.98008, 1.42702
5707.16, 0.988681, 0.00469408, 0.9857, 1.16002
5707.17, 0.993019, 0.00470849, 0.98852, 0.958764
5707.18, 0.995208, 0.00471538, 0.98916, 0.822231
5707.19, 0.995761, 0.00471609, 0.98825, 0.741323
5707.2, 0.995004, 0.00471181, 0.98633, 0.702891
5707.21, 0.993049, 0.0047036, 0.98387, 0.693789
5707.22, 0.990408, 0.00469327, 0.98133, 0.700868
5707.23, 0.988094, 0.00468355, 0.97909, 0.713005
5707.24, 0.986806, 0.0046769, 0.9775, 0.723118
5707.25, 0.986798, 0.00467533, 0.97679, 0.725141
5707.26, 0.98788, 0.00467849, 0.97706, 0.71705
5707.27, 0.989352, 0.00468321, 0.9783, 0.697834
5707.28, 0.990919, 0.00468804, 0.98036, 0.66446
5707.29, 0.992827, 0.0046939, 0.98301, 0.616926
5707.3, 0.995002, 0.00470066, 0.98594, 0.558267
5707.31, 0.996921, 0.0047066, 0.98886, 0.487473
5707.32, 0.998537, 0.00471143, 0.99154, 0.406564
5707.33, 1.00044, 0.00471672, 0.99381, 0.319588
5707.34, 1.00245, 0.0047219, 0.9956, 0.235646
5707.35, 1.0034, 0.00472352, 1, 0
5707.36, 1.00308, 0.0047212, 1, 0
5707.37, 1.00267, 0.00471869, 1, 0
5707.38, 1.00266, 0.00471744, 1, 0
5707.39, 1.0025, 0.00471547, 1, 0
5707.4, 1.00196, 0.00471194, 1, 0
5707.41, 1.00132, 0.00470804, 1, 0
5707.42, 1.00079, 0.00470453, 1, 0
