wav, obs, sigma_obs, syn, weight
5712.58, 0.985522, 0.00411825, 1, 0
5712.59, 0.983382, 0.00411056, 1, 0
5712.6, 0.981236, 0.00410297, 1, 0
5712.61, 0.979559, 0.00409679, 1, 0
5712.62, 0.979142, 0.00409422, 1, 0
5712.63, 0.979872, 0.00409535, 1, 0
5712.64, 0.981035, 0.00409884, 1, 0
5712.65, 0.982556, 0.00410374, 1, 0
5712.66, 0.98464, 0.00410914, 0.9899, 0.080875
5712.67, 0.985992, 0.00411173, 0.98474, 0.111203
5712.68, 0.984582, 0.00410692, 0.97762, 0.131422
5712.69, 0.979624, 0.00409127, 0.96835, 0.141531
5712.7, 0.971102, 0.00406268, 0.95702, 0.16175
5712.71, 0.959928, 0.00402492, 0.94408, 0.171859
5712.72, 0.947341, 0.00398377, 0.93029, 0.202188
5712.73, 0.933882, 0.00394048, 0.91668, 0.232516
5712.74, 0.920169, 0.0038958, 0.9044, 0.303281
5712.75, 0.908979, 0.00385884, 0.89455, 0.404375
5712.76, 0.903223, 0.00383956, 0.88805, 0.545907
5712.77, 0.902412, 0.00383615, 0.88552, 0.748094
5712.78, 0.905329, 0.00384438, 0.88719, 1.00083
5712.79, 0.912512, 0.00386627, 0.89289, 1.31422
5712.8, 0.92426, 0.00390317, 0.90208, 1.65794
5712.81, 0.937871, 0.00394632, 0.9139, 2.03199
5712.82, 0.950471, 0.00398629, 0.92727, 2.39592
5712.83, 0.961285, 0.00402051, 0.94104, 2.74975
5712.84, 0.970208, 0.00404854, 0.95417, 3.06314
5712.85, 0.977786, 0.00407187, 0.96581, 3.31588
5712.86, 0.984292, 0.00409138, 0.97548, 3.51806
5712.87, 0.988901, 0.00410511, 0.983, 3.63938
5712.88, 0.991307, 0.00411248, 0.9885, 3.68992
5712.89, 0.992949, 0.00411746, 0.99229, 3.67981
5712.9, 0.994868, 0.00412285, 0.99478, 3.58883
5712.91, 0.996671, 0.00412741, 0.99635, 3.42708
5712.92, 0.998062, 0.00413045, 0.99733, 3.19456
5712.93, 0.999309, 0.00413342, 0.99795, 2.9115
5712.94, 1.00068, 0.00413736, 0.99836, 2.57789
5712.95, 1.00235, 0.0041422, 0.99865, 2.21395
5712.96, 1.00387, 0.00414622, 0.99887, 1.83991
5712.97, 1.00397, 0.00414545, 0.99904, 1.47597
5712.98, 1.00276, 0.0041405, 0.99917, 1.15247
5712.99, 1.00231, 0.00413833, 0.99927, 0.869407
5713, 1.00336, 0.00414123, 0.99934, 0.636891
5713.01, 1.00483, 0.0041453, 0.9994, 0.465031
5713.02, 1.006, 0.00414796, 0.99944, 0.33361
5713.03, 1.00662, 0.00414854, 0.99948, 0.242625
5713.04, 1.00667, 0.00414734, 0.99951, 0.181969
5713.05, 1.00631, 0.00414543, 0.99953, 0.151641
5713.06, 1.00576, 0.00414337, 0.99955, 0.121313
5713.07, 1.00534, 0.00414119, 0.99957, 0.101094
5713.08, 1.00509, 0.00413913, 0.99959, 0.0909844
5713.09, 1.00495, 0.00413761, 0.99961, 0.0707657
5713.1, 1.00521, 0.00413781, 0.99964, 0.0606563
5713.11, 1.00633, 0.00414102, 1, 0
5713.12, 1.00747, 0.00414432, 1, 0
5713.13, 1.00722, 0.0041428, 1, 0
5713.14, 1.00573, 0.004137, 1, 0
5713.15, 1.00444, 0.00413188, 1, 0
5713.16, 1.00329, 0.00412726, 1, 0
5713.17, 1.00214, 0.00412264, 1, 0
5713.18, 1.001, 0.00411802, 1, 0
