wav, obs, sigma_obs, syn, weight
5724.12, 0.991492, 0.00353878, 1, 0
5724.13, 0.99261, 0.003542, 1, 0
5724.14, 0.993592, 0.00354487, 1, 0
5724.15, 0.99479, 0.00354829, 1, 0
5724.16, 0.996503, 0.00355298, 1, 0
5724.17, 0.998057, 0.00355687, 1, 0
5724.18, 0.998723, 0.00355791, 1, 0
5724.19, 0.998915, 0.00355791, 0.99848, 0.00611677
5724.2, 0.99912, 0.00355858, 0.99881, 0.00917515
5724.21, 0.999243, 0.0035588, 0.99913, 0.0122335
5724.22, 0.999181, 0.00355809, 0.99938, 0.0152919
5724.23, 0.998985, 0.003558, 0.99954, 0.0152919
5724.24, 0.998775, 0.00355873, 0.99963, 0.0183503
5724.25, 0.998729, 0.00355864, 0.99967, 0.0214087
5724.26, 0.998907, 0.00355793, 0.99968, 0.0244671
5724.27, 0.999231, 0.00355818, 0.99967, 0.0305838
5724.28, 0.999218, 0.00355812, 0.99965, 0.039759
5724.29, 0.998367, 0.00355546, 0.99961, 0.0581093
5724.3, 0.997666, 0.0035529, 0.99954, 0.0856347
5724.31, 0.998188, 0.00355373, 0.99944, 0.128452
5724.32, 0.998776, 0.00355487, 0.99926, 0.198795
5724.33, 0.998331, 0.00355338, 0.99894, 0.299722
5724.34, 0.997621, 0.00355154, 0.99839, 0.440407
5724.35, 0.997082, 0.00355043, 0.99748, 0.620852
5724.36, 0.995907, 0.00354713, 0.99607, 0.844114
5724.37, 0.993831, 0.00354096, 0.994, 1.10408
5724.38, 0.991466, 0.00353465, 0.99119, 1.38545
5724.39, 0.989162, 0.00352889, 0.98761, 1.67905
5724.4, 0.986889, 0.00352225, 0.98338, 1.9696
5724.41, 0.983694, 0.00351234, 0.97877, 2.25403
5724.42, 0.978285, 0.00349676, 0.97413, 2.51399
5724.43, 0.971012, 0.00347688, 0.96989, 2.75254
5724.44, 0.963079, 0.00345584, 0.96644, 2.96663
5724.45, 0.956358, 0.00343749, 0.96406, 3.15319
5724.46, 0.952307, 0.00342505, 0.96284, 3.30611
5724.47, 0.950582, 0.00341943, 0.96274, 3.41927
5724.48, 0.9508, 0.00342058, 0.96353, 3.48044
5724.49, 0.953154, 0.00342733, 0.96495, 3.48044
5724.5, 0.957851, 0.00343973, 0.96668, 3.41927
5724.51, 0.964955, 0.00345935, 0.96853, 3.29694
5724.52, 0.973269, 0.00348278, 0.97037, 3.12261
5724.53, 0.980543, 0.00350235, 0.97221, 2.90546
5724.54, 0.985873, 0.00351593, 0.97414, 2.66385
5724.55, 0.989281, 0.00352492, 0.97628, 2.41612
5724.56, 0.991033, 0.0035298, 0.9787, 2.16228
5724.57, 0.991656, 0.00353128, 0.9814, 1.92372
5724.58, 0.992447, 0.00353326, 0.98428, 1.69129
5724.59, 0.994207, 0.00353836, 0.9872, 1.47108
5724.6, 0.995583, 0.00354255, 0.98997, 1.26005
5724.61, 0.995681, 0.00354289, 0.99243, 1.05514
5724.62, 0.995329, 0.00354114, 0.99447, 0.862464
5724.63, 0.995271, 0.00353972, 0.99607, 0.685078
5724.64, 0.995813, 0.00354102, 0.99725, 0.5291
5724.65, 0.996453, 0.00354361, 0.99807, 0.391473
5724.66, 0.9961, 0.00354298, 0.99862, 0.28443
5724.67, 0.99527, 0.00354026, 0.99899, 0.201853
5724.68, 0.995298, 0.00353967, 0.99922, 0.137627
5724.69, 0.995794, 0.00354085, 0.99938, 0.0917515
5724.7, 0.995909, 0.00354186, 0.99949, 0.0581093
5724.71, 0.996135, 0.00354305, 0.99958, 0.0367006
5724.72, 0.996875, 0.00354463, 1, 0
5724.73, 0.997111, 0.00354463, 1, 0
5724.74, 0.996394, 0.00354235, 1, 0
5724.75, 0.99592, 0.00354033, 1, 0
5724.76, 0.996263, 0.00353987, 1, 0
5724.77, 0.996723, 0.00353962, 1, 0
5724.78, 0.997029, 0.00353908, 1, 0
