wav, obs, sigma_obs, syn, weight
5730.5, 0.998346, 0.00350215, 1, 0
5730.51, 0.998906, 0.00350381, 1, 0
5730.52, 0.999647, 0.00350595, 1, 0
5730.53, 0.999973, 0.00350701, 1, 0
5730.54, 0.999685, 0.00350642, 1, 0
5730.55, 0.999618, 0.00350604, 1, 0
5730.56, 1.00021, 0.00350711, 1, 0
5730.57, 1.00088, 0.0035089, 0.99958, 0.0138692
5730.58, 1.00134, 0.00351059, 0.99951, 0.0242711
5730.59, 1.00172, 0.00351158, 0.99944, 0.0312057
5730.6, 1.00203, 0.00351198, 0.99937, 0.0381404
5730.61, 1.0021, 0.00351209, 0.9993, 0.0416077
5730.62, 1.00156, 0.00351083, 0.99925, 0.0416077
5730.63, 1.00024, 0.00350752, 0.99921, 0.0485423
5730.64, 0.999059, 0.00350427, 0.9992, 0.0554769
5730.65, 0.998563, 0.00350256, 0.9992, 0.0554769
5730.66, 0.998285, 0.00350155, 0.99923, 0.0693461
5730.67, 0.998009, 0.00350098, 0.99925, 0.079748
5730.68, 0.9979, 0.00350133, 0.99926, 0.100552
5730.69, 0.998003, 0.00350196, 0.99925, 0.12829
5730.7, 0.998232, 0.00350171, 0.9992, 0.1803
5730.71, 0.998273, 0.00350094, 0.99909, 0.260048
5730.72, 0.99785, 0.00350014, 0.9989, 0.377936
5730.73, 0.997096, 0.00349837, 0.99858, 0.551301
5730.74, 0.996331, 0.00349577, 0.99806, 0.783611
5730.75, 0.996047, 0.003495, 0.99723, 1.08527
5730.76, 0.996082, 0.00349591, 0.99593, 1.44587
5730.77, 0.995536, 0.00349505, 0.99398, 1.86194
5730.78, 0.993656, 0.00349009, 0.99124, 2.30922
5730.79, 0.990037, 0.00348021, 0.98763, 2.75997
5730.8, 0.985671, 0.00346828, 0.98324, 3.18992
5730.81, 0.981533, 0.00345708, 0.97832, 3.57132
5730.82, 0.976761, 0.0034443, 0.97333, 3.89378
5730.83, 0.971311, 0.00342964, 0.96886, 4.14343
5730.84, 0.967398, 0.00341864, 0.96553, 4.30293
5730.85, 0.965989, 0.00341408, 0.96383, 4.38267
5730.86, 0.966391, 0.00341493, 0.96403, 4.37574
5730.87, 0.968312, 0.0034206, 0.9661, 4.28212
5730.88, 0.971751, 0.00343071, 0.96973, 4.10182
5730.89, 0.976428, 0.00344359, 0.97437, 3.84524
5730.9, 0.981777, 0.00345721, 0.97943, 3.50891
5730.91, 0.986619, 0.00347, 0.98431, 3.11364
5730.92, 0.990303, 0.00348089, 0.98859, 2.68369
5730.93, 0.993429, 0.00348967, 0.99205, 2.22948
5730.94, 0.996136, 0.00349625, 0.99464, 1.78913
5730.95, 0.99795, 0.0035006, 0.99645, 1.38345
5730.96, 0.999267, 0.00350434, 0.99763, 1.03326
5730.97, 1.00078, 0.00350917, 0.99837, 0.745471
5730.98, 1.00133, 0.00351092, 0.9988, 0.523563
5730.99, 0.999945, 0.00350629, 0.99905, 0.3606
5731, 0.998837, 0.00350266, 0.99916, 0.253113
5731.01, 0.999351, 0.00350452, 0.99918, 0.1803
5731.02, 0.999946, 0.00350665, 0.99912, 0.135225
5731.03, 0.999755, 0.00350639, 0.99895, 0.107486
5731.04, 0.999043, 0.00350508, 0.99865, 0.0866826
5731.05, 0.99817, 0.00350329, 0.99818, 0.0762807
5731.06, 0.997552, 0.00350127, 0.9975, 0.0658788
5731.07, 0.997775, 0.00350108, 0.99655, 0.0589442
5731.08, 0.998792, 0.00350337, 0.99526, 0.0554769
5731.09, 0.998235, 0.00350179, 0.99357, 0.0485423
5731.1, 0.99515, 0.00349367, 0.99137, 0.045075
5731.11, 0.992047, 0.00348565, 0.98868, 0.034673
5731.12, 0.988908, 0.00347735, 0.98554, 0.0277384
5731.13, 0.982873, 0.00346059, 0.98228, 0.0208038
5731.14, 0.975241, 0.00343935, 1, 0
5731.15, 0.969225, 0.00342322, 1, 0
5731.16, 0.962817, 0.00340635, 1, 0
5731.17, 0.953701, 0.0033818, 1, 0
5731.18, 0.944838, 0.00335785, 1, 0
5731.19, 0.938334, 0.00334043, 1, 0
5731.2, 0.932342, 0.00332443, 1, 0
