wav, obs, sigma_obs, syn, weight
5731.94, 0.992804, 0.00349292, 1, 0
5731.95, 0.993069, 0.00349282, 1, 0
5731.96, 0.993246, 0.00349295, 1, 0
5731.97, 0.993302, 0.00349345, 1, 0
5731.98, 0.993446, 0.00349415, 1, 0
5731.99, 0.994028, 0.00349553, 1, 0
5732, 0.995499, 0.00349913, 1, 0
5732.01, 0.997134, 0.00350333, 0.99838, 0.0637619
5732.02, 0.997348, 0.00350409, 0.99842, 0.0907381
5732.03, 0.997068, 0.00350387, 0.99847, 0.110357
5732.04, 0.998082, 0.00350722, 0.99851, 0.127524
5732.05, 0.999607, 0.0035115, 0.99854, 0.137333
5732.06, 1.00045, 0.00351327, 0.99855, 0.137333
5732.07, 1.00039, 0.00351245, 0.99856, 0.137333
5732.08, 1.00001, 0.00351136, 0.99856, 0.137333
5732.09, 1.00076, 0.0035144, 0.99856, 0.137333
5732.1, 1.00192, 0.00351877, 0.99856, 0.139786
5732.11, 1.00131, 0.00351706, 0.99855, 0.149595
5732.12, 1.00046, 0.003514, 0.99854, 0.164309
5732.13, 1.00158, 0.00351694, 0.9985, 0.191286
5732.14, 1.00278, 0.00352035, 0.99842, 0.235428
5732.15, 1.0024, 0.00351931, 0.99828, 0.306548
5732.16, 1.00158, 0.00351737, 0.99801, 0.419357
5732.17, 1.00105, 0.00351642, 0.99753, 0.578762
5732.18, 1.00052, 0.00351487, 0.99671, 0.799476
5732.19, 0.999287, 0.00351095, 0.99535, 1.08395
5732.2, 0.996594, 0.00350328, 0.99316, 1.42974
5732.21, 0.992909, 0.00349338, 0.98985, 1.82948
5732.22, 0.988724, 0.00348246, 0.98512, 2.26109
5732.23, 0.982942, 0.00346706, 0.97881, 2.70498
5732.24, 0.974833, 0.00344505, 0.97101, 3.13169
5732.25, 0.965004, 0.00341873, 0.96211, 3.51671
5732.26, 0.954723, 0.00339147, 0.9529, 3.84533
5732.27, 0.945709, 0.00336714, 0.94442, 4.10283
5732.28, 0.938691, 0.00334788, 0.93779, 4.2794
5732.29, 0.934037, 0.0033353, 0.934, 4.37259
5732.3, 0.933487, 0.00333386, 0.93363, 4.3775
5732.31, 0.938108, 0.00334613, 0.93676, 4.30393
5732.32, 0.945789, 0.00336667, 0.94289, 4.13962
5732.33, 0.954408, 0.00338996, 0.9511, 3.89683
5732.34, 0.962751, 0.00341267, 0.96027, 3.58048
5732.35, 0.970682, 0.00343437, 0.96932, 3.20281
5732.36, 0.978721, 0.00345636, 0.97743, 2.77855
5732.37, 0.985379, 0.00347444, 0.98409, 2.33467
5732.38, 0.988892, 0.00348375, 0.98917, 1.89814
5732.39, 0.990787, 0.00348884, 0.99279, 1.48614
5732.4, 0.992847, 0.0034948, 0.99522, 1.12564
5732.41, 0.995347, 0.00350182, 0.99677, 0.826452
5732.42, 0.997602, 0.00350782, 0.99773, 0.591024
5732.43, 0.998124, 0.00350905, 0.99831, 0.416905
5732.44, 0.997789, 0.0035079, 0.99867, 0.294286
5732.45, 0.998814, 0.00351026, 0.9989, 0.210905
5732.46, 1.00027, 0.00351412, 0.99906, 0.1545
5732.47, 1.0006, 0.00351564, 0.99917, 0.120167
5732.48, 1.00066, 0.00351619, 0.99925, 0.0980952
5732.49, 1.00107, 0.00351696, 0.99932, 0.0833809
5732.5, 1.00099, 0.00351668, 0.99937, 0.0735714
5732.51, 1.00049, 0.00351591, 0.99942, 0.0637619
5732.52, 1.00068, 0.00351716, 0.99946, 0.0588571
5732.53, 1.00153, 0.00351979, 0.99949, 0.0539524
5732.54, 1.00219, 0.00352127, 0.99952, 0.0490476
5732.55, 1.0018, 0.00351961, 0.99954, 0.0441428
5732.56, 1.00027, 0.00351522, 0.99956, 0.0392381
5732.57, 0.999954, 0.00351466, 0.99958, 0.0318809
5732.58, 1.00144, 0.00351935, 0.99958, 0.0269762
5732.59, 1.00211, 0.0035214, 0.99959, 0.0171667
5732.6, 1.00125, 0.00351886, 1, 0
5732.61, 1.00004, 0.00351553, 1, 0
5732.62, 0.999426, 0.003514, 1, 0
5732.63, 0.999955, 0.0035155, 1, 0
5732.64, 1.00104, 0.00351846, 1, 0
5732.65, 1.00185, 0.00352071, 1, 0
5732.66, 1.00266, 0.00352296, 1, 0
