wav, obs, sigma_obs, syn, weight
5734.21, 0.9988, 0.00352673, 1, 0
5734.22, 0.998118, 0.00352503, 1, 0
5734.23, 0.99751, 0.0035236, 1, 0
5734.24, 0.996767, 0.00352168, 1, 0
5734.25, 0.99561, 0.00351839, 1, 0
5734.26, 0.993781, 0.00351357, 1, 0
5734.27, 0.99137, 0.00350774, 1, 0
5734.28, 0.989298, 0.00350259, 0.99557, 0.0127386
5734.29, 0.988033, 0.00349922, 0.995, 0.0178341
5734.3, 0.987345, 0.00349775, 0.99466, 0.0229295
5734.31, 0.987448, 0.00349825, 0.99461, 0.028025
5734.32, 0.988779, 0.00350085, 0.99487, 0.0331204
5734.33, 0.991056, 0.00350617, 0.9954, 0.0382159
5734.34, 0.993628, 0.00351388, 0.9961, 0.0433113
5734.35, 0.995584, 0.00352028, 0.99689, 0.045859
5734.36, 0.996918, 0.00352442, 0.99764, 0.0560499
5734.37, 0.998999, 0.00353021, 0.99829, 0.0636931
5734.38, 1.00134, 0.00353668, 0.9988, 0.0789795
5734.39, 1.00209, 0.00353914, 0.99915, 0.0993613
5734.4, 1.00181, 0.00353855, 0.99936, 0.129934
5734.41, 1.0018, 0.00353802, 0.99947, 0.183436
5734.42, 1.00219, 0.00353908, 0.99948, 0.264963
5734.43, 1.00262, 0.00354123, 0.99941, 0.387254
5734.44, 1.00241, 0.00354098, 0.99925, 0.563047
5734.45, 1.00163, 0.00353826, 0.99894, 0.799986
5734.46, 1.00104, 0.00353628, 0.99841, 1.10316
5734.47, 1.00006, 0.00353372, 0.99752, 1.46494
5734.48, 0.997872, 0.00352806, 0.99611, 1.88277
5734.49, 0.995817, 0.00352274, 0.99401, 2.32862
5734.5, 0.994461, 0.0035192, 0.99108, 2.77702
5734.51, 0.991355, 0.00351097, 0.98733, 3.20759
5734.52, 0.986018, 0.0034966, 0.98295, 3.58974
5734.53, 0.98073, 0.00348184, 0.97837, 3.91076
5734.54, 0.976879, 0.0034711, 0.97417, 4.15534
5734.55, 0.974919, 0.00346667, 0.97102, 4.31839
5734.56, 0.973934, 0.00346514, 0.96948, 4.39737
5734.57, 0.973374, 0.00346391, 0.96981, 4.38718
5734.58, 0.974857, 0.00346767, 0.97197, 4.29292
5734.59, 0.978839, 0.00347822, 0.97554, 4.11203
5734.6, 0.983675, 0.00349166, 0.97993, 3.84961
5734.61, 0.988233, 0.00350462, 0.98448, 3.51331
5734.62, 0.991952, 0.00351479, 0.98866, 3.11842
5734.63, 0.994633, 0.00352198, 0.99212, 2.6853
5734.64, 0.996377, 0.00352695, 0.99476, 2.23181
5734.65, 0.997791, 0.0035306, 0.99661, 1.79105
5734.66, 0.999103, 0.00353351, 0.99784, 1.38341
5734.67, 0.999779, 0.00353559, 0.9986, 1.02928
5734.68, 0.999775, 0.00353656, 0.99906, 0.73884
5734.69, 0.99949, 0.00353598, 0.99933, 0.517188
5734.7, 0.998833, 0.00353351, 0.99949, 0.351586
5734.71, 0.997655, 0.00352939, 0.99959, 0.239486
5734.72, 0.996493, 0.00352586, 0.99965, 0.165602
5734.73, 0.995813, 0.00352453, 0.99969, 0.117195
5734.74, 0.995637, 0.00352488, 0.9997, 0.0891704
5734.75, 0.996047, 0.00352672, 0.9997, 0.0713363
5734.76, 0.997177, 0.00353032, 0.99969, 0.0585977
5734.77, 0.998577, 0.00353443, 0.99966, 0.0484068
5734.78, 0.999717, 0.00353761, 0.99964, 0.045859
5734.79, 1.00115, 0.00354154, 0.99962, 0.0407636
5734.8, 1.0029, 0.00354638, 0.99961, 0.0331204
5734.81, 1.0032, 0.00354714, 0.99961, 0.0305727
5734.82, 1.00214, 0.00354415, 0.99963, 0.0229295
5734.83, 1.00204, 0.00354423, 0.99966, 0.0178341
5734.84, 1.00269, 0.0035465, 0.9997, 0.0127386
5734.85, 1.00254, 0.0035461, 1, 0
5734.86, 1.00208, 0.00354441, 1, 0
5734.87, 1.00212, 0.00354404, 1, 0
5734.88, 1.00258, 0.00354523, 1, 0
5734.89, 1.00325, 0.00354759, 1, 0
5734.9, 1.00394, 0.00355002, 1, 0
5734.91, 1.00459, 0.0035523, 1, 0
