wav, obs, sigma_obs, syn, weight
5737.87, 0.998013, 0.00359102, 1, 0
5737.88, 0.997345, 0.00358878, 1, 0
5737.89, 0.996482, 0.00358611, 1, 0
5737.9, 0.995629, 0.00358383, 1, 0
5737.91, 0.995299, 0.00358358, 1, 0
5737.92, 0.995863, 0.0035858, 1, 0
5737.93, 0.997335, 0.00358988, 1, 0
5737.94, 0.998777, 0.00359368, 0.99977, 0.00808476
5737.95, 0.999577, 0.00359596, 0.99974, 0.00808476
5737.96, 0.999925, 0.00359735, 0.99969, 0.0134746
5737.97, 0.999903, 0.00359768, 0.99961, 0.0161695
5737.98, 0.999511, 0.00359646, 0.99952, 0.0161695
5737.99, 0.999091, 0.00359559, 0.9994, 0.0188644
5738, 0.999058, 0.00359666, 0.99926, 0.0215594
5738.01, 0.99965, 0.00359808, 0.99911, 0.0242543
5738.02, 1.00039, 0.00359863, 0.99897, 0.0269492
5738.03, 1.00005, 0.00359818, 0.99884, 0.032339
5738.04, 0.998899, 0.00359672, 0.99873, 0.0377289
5738.05, 0.998168, 0.00359487, 0.99863, 0.0538984
5738.06, 0.99875, 0.0035964, 0.99852, 0.0781527
5738.07, 1.00041, 0.00360188, 0.9984, 0.118576
5738.08, 1.00073, 0.00360324, 0.99822, 0.183255
5738.09, 0.999281, 0.00359886, 0.99793, 0.293746
5738.1, 0.997876, 0.00359474, 0.99744, 0.455442
5738.11, 0.996672, 0.00359155, 0.99659, 0.687205
5738.12, 0.995021, 0.00358737, 0.9951, 0.994426
5738.13, 0.992728, 0.00358191, 0.99258, 1.37441
5738.14, 0.989025, 0.00357274, 0.98856, 1.81638
5738.15, 0.982049, 0.00355332, 0.9825, 2.29877
5738.16, 0.972162, 0.00352495, 0.974, 2.79194
5738.17, 0.961392, 0.00349491, 0.96297, 3.27163
5738.18, 0.949006, 0.00346119, 0.94975, 3.70013
5738.19, 0.934234, 0.00342083, 0.93523, 4.06394
5738.2, 0.919846, 0.00338048, 0.92079, 4.34691
5738.21, 0.908212, 0.00334706, 0.90808, 4.54094
5738.22, 0.900066, 0.00332487, 0.89873, 4.64335
5738.23, 0.895367, 0.0033131, 0.89398, 4.65413
5738.24, 0.893979, 0.00330911, 0.89447, 4.57058
5738.25, 0.897786, 0.00331944, 0.90003, 4.39811
5738.26, 0.907774, 0.00334828, 0.90982, 4.13401
5738.27, 0.921092, 0.00338672, 0.92248, 3.78636
5738.28, 0.935693, 0.00342807, 0.93645, 3.36596
5738.29, 0.951019, 0.00347043, 0.95027, 2.89704
5738.3, 0.965276, 0.00350974, 0.96281, 2.40117
5738.31, 0.976422, 0.0035414, 0.97336, 1.91609
5738.32, 0.984603, 0.00356454, 0.98167, 1.46334
5738.33, 0.990321, 0.00357971, 0.98781, 1.07258
5738.34, 0.993652, 0.00358842, 0.99208, 0.751883
5738.35, 0.995327, 0.00359358, 0.9949, 0.506645
5738.36, 0.996663, 0.00359891, 0.99665, 0.331475
5738.37, 0.998372, 0.00360499, 0.99768, 0.212899
5738.38, 1.00046, 0.00361051, 0.99826, 0.137441
5738.39, 1.00154, 0.00361291, 0.99855, 0.0916273
5738.4, 1.00101, 0.00361157, 0.99866, 0.0646781
5738.41, 0.999944, 0.00360925, 0.99864, 0.0485086
5738.42, 0.999494, 0.00360849, 0.99849, 0.0377289
5738.43, 1.00035, 0.00361051, 0.99817, 0.032339
5738.44, 1.00063, 0.00361146, 0.99761, 0.032339
5738.45, 0.998859, 0.00360818, 0.99673, 0.0296441
5738.46, 0.996963, 0.00360393, 0.99546, 0.0269492
5738.47, 0.995515, 0.00359951, 0.99377, 0.0242543
5738.48, 0.992967, 0.00359187, 0.99173, 0.0215594
5738.49, 0.989771, 0.00358285, 0.98949, 0.0188644
5738.5, 0.987318, 0.00357633, 0.9873, 0.0161695
5738.51, 0.985442, 0.00357144, 0.98547, 0.0107797
5738.52, 0.984123, 0.00356785, 0.98434, 0.00808476
5738.53, 0.984434, 0.00356879, 1, 0
5738.54, 0.986319, 0.00357418, 1, 0
5738.55, 0.988603, 0.0035806, 1, 0
5738.56, 0.990892, 0.00358695, 1, 0
5738.57, 0.99318, 0.00359333, 1, 0
5738.58, 0.995468, 0.0035997, 1, 0
5738.59, 0.997755, 0.00360608, 1, 0
