wav, obs, sigma_obs, syn, weight
5739.62, 0.997183, 0.00363223, 1, 0
5739.63, 0.996135, 0.00362978, 1, 0
5739.64, 0.995122, 0.003628, 1, 0
5739.65, 0.994288, 0.00362693, 1, 0
5739.66, 0.993864, 0.00362618, 1, 0
5739.67, 0.993811, 0.00362572, 1, 0
5739.68, 0.993878, 0.00362544, 1, 0
5739.69, 0.993561, 0.00362412, 0.99856, 0.316496
5739.7, 0.992858, 0.00362208, 0.99792, 0.491257
5739.71, 0.992586, 0.00362216, 0.99709, 0.679779
5739.72, 0.992717, 0.00362365, 0.99605, 0.858668
5739.73, 0.99257, 0.00362342, 0.99487, 1.01416
5739.74, 0.991752, 0.00362125, 0.99363, 1.13801
5739.75, 0.990378, 0.00361819, 0.99248, 1.23296
5739.76, 0.989503, 0.00361586, 0.99154, 1.29901
5739.77, 0.989371, 0.00361487, 0.99094, 1.34029
5739.78, 0.989301, 0.00361479, 0.99076, 1.35405
5739.79, 0.989695, 0.00361687, 0.99101, 1.34442
5739.8, 0.991144, 0.00362206, 0.99166, 1.3114
5739.81, 0.992797, 0.00362706, 0.99261, 1.25911
5739.82, 0.994138, 0.00363031, 0.99372, 1.18755
5739.83, 0.995666, 0.00363437, 0.99481, 1.11187
5739.84, 0.996972, 0.00363842, 0.99572, 1.03756
5739.85, 0.997181, 0.00363961, 0.99625, 0.986643
5739.86, 0.997106, 0.00363982, 0.99617, 0.972882
5739.87, 0.997272, 0.00364046, 0.99525, 1.01554
5739.88, 0.996146, 0.00363786, 0.99316, 1.12563
5739.89, 0.99315, 0.0036303, 0.98961, 1.30452
5739.9, 0.989049, 0.00361904, 0.98431, 1.5467
5739.91, 0.984099, 0.00360531, 0.97713, 1.83981
5739.92, 0.977911, 0.00358872, 0.96822, 2.15906
5739.93, 0.968884, 0.00356349, 0.95804, 2.48243
5739.94, 0.95706, 0.00352946, 0.9474, 2.78517
5739.95, 0.94546, 0.00349706, 0.93737, 3.048
5739.96, 0.935447, 0.00346979, 0.9291, 3.25578
5739.97, 0.927345, 0.00344683, 0.92362, 3.40302
5739.98, 0.923827, 0.00343678, 0.92165, 3.48008
5739.99, 0.926836, 0.00344616, 0.92346, 3.48972
5740, 0.934654, 0.00346878, 0.9288, 3.43055
5740.01, 0.945274, 0.00349882, 0.93697, 3.30395
5740.02, 0.956998, 0.00353277, 0.94695, 3.10992
5740.03, 0.968535, 0.00356615, 0.9576, 2.85948
5740.04, 0.978687, 0.00359433, 0.96785, 2.55674
5740.05, 0.98589, 0.00361428, 0.97688, 2.2196
5740.06, 0.990103, 0.00362671, 0.98421, 1.86458
5740.07, 0.993619, 0.00363717, 0.98974, 1.51368
5740.08, 0.996427, 0.00364524, 0.9936, 1.18067
5740.09, 0.997192, 0.00364731, 0.99612, 0.887566
5740.1, 0.997385, 0.00364807, 0.99766, 0.641249
5740.11, 0.998215, 0.00365102, 0.99855, 0.447223
5740.12, 0.998203, 0.003651, 0.99903, 0.302736
5740.13, 0.997707, 0.00364933, 0.99929, 0.202282
5740.14, 0.998933, 0.00365373, 0.99941, 0.134855
5740.15, 1.0003, 0.00365877, 0.99946, 0.0935728
5740.16, 0.999565, 0.00365649, 0.99946, 0.0674275
5740.17, 0.998547, 0.0036527, 0.99944, 0.0522907
5740.18, 0.998502, 0.0036522, 0.99941, 0.0412821
5740.19, 0.998604, 0.00365403, 0.99938, 0.0344018
5740.2, 0.998737, 0.00365651, 0.99936, 0.0302736
5740.21, 0.999174, 0.00365795, 0.99935, 0.0275214
5740.22, 0.999051, 0.00365733, 0.99936, 0.0233932
5740.23, 0.998058, 0.00365521, 0.9994, 0.0220171
5740.24, 0.997789, 0.003655, 0.99945, 0.0206411
5740.25, 0.998612, 0.00365718, 0.99952, 0.0178889
5740.26, 0.999519, 0.00365922, 0.99959, 0.0151368
5740.27, 1.00013, 0.0036608, 0.99967, 0.0123846
5740.28, 1.00026, 0.00366198, 0.99973, 0.0096325
5740.29, 0.999457, 0.00366086, 0.99979, 0.00550428
5740.3, 0.998208, 0.00365812, 1, 0
5740.31, 0.998256, 0.00365813, 1, 0
5740.32, 0.998972, 0.00365964, 1, 0
5740.33, 0.998595, 0.00365865, 1, 0
5740.34, 0.997595, 0.00365624, 1, 0
5740.35, 0.996884, 0.00365449, 1, 0
5740.36, 0.996173, 0.00365274, 1, 0
