wav, obs, sigma_obs, syn, weight
5741.48, 0.998978, 0.0037027, 1, 0
5741.49, 0.998833, 0.00370282, 1, 0
5741.5, 0.998541, 0.00370261, 1, 0
5741.51, 0.998344, 0.00370268, 1, 0
5741.52, 0.999358, 0.00370577, 1, 0
5741.53, 1.00116, 0.00371089, 1, 0
5741.54, 1.00189, 0.00371353, 1, 0
5741.55, 1.0013, 0.00371242, 0.99954, 0.00803138
5741.56, 1, 0.0037087, 0.99951, 0.0120471
5741.57, 0.998965, 0.0037059, 0.99949, 0.0160628
5741.58, 0.9988, 0.00370612, 0.99946, 0.0200784
5741.59, 0.999499, 0.00370879, 0.99943, 0.0220863
5741.6, 1.00007, 0.00371071, 0.9994, 0.025098
5741.61, 0.999567, 0.00370925, 0.99937, 0.0281098
5741.62, 0.999281, 0.00370922, 0.99933, 0.0311216
5741.63, 0.999885, 0.00371261, 0.99927, 0.0351373
5741.64, 1.00029, 0.00371445, 0.9992, 0.0411608
5741.65, 1.00047, 0.00371465, 0.99912, 0.0471843
5741.66, 1.00098, 0.00371611, 0.999, 0.0572236
5741.67, 1.00103, 0.00371652, 0.99885, 0.0752941
5741.68, 1.00005, 0.0037141, 0.99865, 0.1024
5741.69, 0.998887, 0.0037114, 0.99838, 0.14858
5741.7, 0.998089, 0.00370985, 0.99797, 0.224879
5741.71, 0.997633, 0.003709, 0.99732, 0.341333
5741.72, 0.996457, 0.003706, 0.99622, 0.510996
5741.73, 0.99377, 0.00369875, 0.99429, 0.743906
5741.74, 0.990494, 0.00368936, 0.99094, 1.04307
5741.75, 0.986164, 0.00367687, 0.98534, 1.40649
5741.76, 0.978584, 0.00365617, 0.97648, 1.82312
5741.77, 0.967144, 0.00362451, 0.96341, 2.2769
5741.78, 0.951677, 0.00358004, 0.94551, 2.74773
5741.79, 0.930613, 0.00351969, 0.92291, 3.20753
5741.8, 0.903466, 0.00344247, 0.89669, 3.63319
5741.81, 0.872007, 0.00335181, 0.86902, 4.00364
5741.82, 0.841257, 0.00326252, 0.84292, 4.30181
5741.83, 0.81733, 0.00319359, 0.82176, 4.51665
5741.84, 0.802477, 0.00315122, 0.80858, 4.63812
5741.85, 0.798241, 0.00313946, 0.80542, 4.66723
5741.86, 0.80662, 0.00316433, 0.81276, 4.60097
5741.87, 0.826694, 0.00322306, 0.82946, 4.44235
5741.88, 0.854832, 0.00330474, 0.85302, 4.19439
5741.89, 0.885605, 0.00339339, 0.88018, 3.8661
5741.9, 0.914084, 0.0034751, 0.90763, 3.47056
5741.91, 0.93789, 0.00354453, 0.93264, 3.02783
5741.92, 0.956219, 0.00359895, 0.95347, 2.561
5741.93, 0.969588, 0.00363782, 0.96942, 2.09418
5741.94, 0.979213, 0.00366544, 0.98071, 1.65346
5741.95, 0.986112, 0.00368596, 0.98813, 1.25591
5741.96, 0.989962, 0.00369705, 0.99268, 0.916581
5741.97, 0.991464, 0.0037008, 0.99531, 0.643514
5741.98, 0.992656, 0.0037051, 0.99676, 0.436706
5741.99, 0.993598, 0.00370875, 0.99752, 0.290133
5742, 0.993679, 0.00370797, 0.99789, 0.190745
5742.01, 0.993918, 0.00370846, 0.99799, 0.127498
5742.02, 0.994786, 0.00371253, 0.99788, 0.0893491
5742.03, 0.995401, 0.00371452, 0.99759, 0.0662589
5742.04, 0.995271, 0.00371376, 0.99712, 0.0522039
5742.05, 0.994487, 0.00371313, 0.99653, 0.0431686
5742.06, 0.994234, 0.00371423, 0.9959, 0.0371451
5742.07, 0.995045, 0.00371684, 0.99535, 0.0321255
5742.08, 0.995737, 0.00371829, 0.99499, 0.0291137
5742.09, 0.996212, 0.00371942, 0.99489, 0.026102
5742.1, 0.997218, 0.00372324, 0.99509, 0.0240941
5742.11, 0.998303, 0.00372731, 0.99557, 0.0210824
5742.12, 0.998865, 0.00372878, 0.99623, 0.0180706
5742.13, 0.998967, 0.0037284, 0.99698, 0.0140549
5742.14, 0.998994, 0.00372841, 0.99771, 0.0110431
5742.15, 0.999463, 0.00373133, 0.99834, 0.00803138
5742.16, 1.00015, 0.00373507, 1, 0
5742.17, 1.00056, 0.00373665, 1, 0
5742.18, 1.00048, 0.00373657, 1, 0
5742.19, 1.00027, 0.00373647, 1, 0
5742.2, 1.00092, 0.00373837, 1, 0
5742.21, 1.00228, 0.00374186, 1, 0
5742.22, 1.0034, 0.00374482, 1, 0
