wav, obs, sigma_obs, syn, weight
5742.62, 1.00348, 0.00376706, 1, 0
5742.63, 1.00306, 0.0037664, 1, 0
5742.64, 1.00344, 0.00376702, 1, 0
5742.65, 1.00332, 0.00376649, 1, 0
5742.66, 1.00114, 0.00376193, 1, 0
5742.67, 0.999107, 0.00375734, 1, 0
5742.68, 0.998497, 0.00375518, 0.99943, 0.00206426
5742.69, 0.997556, 0.00375271, 0.99921, 0.00619278
5742.7, 0.996392, 0.00375043, 0.99895, 0.0103213
5742.71, 0.996272, 0.00375071, 0.99869, 0.0123856
5742.72, 0.996376, 0.00375139, 0.99842, 0.0165141
5742.73, 0.995545, 0.00374948, 0.99819, 0.0185784
5742.74, 0.993249, 0.00374323, 0.998, 0.0206426
5742.75, 0.989221, 0.00373199, 0.99789, 0.0227069
5742.76, 0.983611, 0.00371658, 0.99785, 0.0247711
5742.77, 0.978019, 0.00370152, 0.99788, 0.0288997
5742.78, 0.974082, 0.00369112, 0.99799, 0.0350924
5742.79, 0.972334, 0.00368629, 0.99815, 0.0454137
5742.8, 0.973283, 0.00368862, 0.99833, 0.0619278
5742.81, 0.977328, 0.00370011, 0.99848, 0.0928918
5742.82, 0.983183, 0.00371772, 0.99855, 0.144498
5742.83, 0.988937, 0.00373575, 0.99844, 0.225004
5742.84, 0.992955, 0.00374748, 0.99802, 0.344732
5742.85, 0.995179, 0.0037531, 0.99715, 0.511937
5742.86, 0.99699, 0.00375946, 0.99564, 0.72662
5742.87, 0.997377, 0.0037623, 0.99332, 0.986717
5742.88, 0.994969, 0.00375532, 0.99004, 1.28397
5742.89, 0.99102, 0.00374343, 0.98578, 1.59567
5742.9, 0.985845, 0.00372861, 0.9807, 1.90531
5742.91, 0.978022, 0.00370654, 0.97508, 2.19637
5742.92, 0.96766, 0.00367691, 0.96939, 2.44821
5742.93, 0.956166, 0.0036434, 0.96415, 2.65464
5742.94, 0.946251, 0.00361481, 0.9599, 2.8012
5742.95, 0.939821, 0.00359701, 0.95707, 2.89409
5742.96, 0.937157, 0.00358986, 0.95595, 2.93125
5742.97, 0.938485, 0.00359424, 0.95663, 2.90854
5742.98, 0.943974, 0.00361124, 0.95905, 2.82804
5742.99, 0.953301, 0.00363877, 0.96291, 2.6918
5743, 0.964498, 0.00367081, 0.9678, 2.49982
5743.01, 0.973345, 0.0036969, 0.97319, 2.26037
5743.02, 0.980106, 0.00371775, 0.97854, 1.97756
5743.03, 0.98754, 0.00374003, 0.98339, 1.67618
5743.04, 0.993594, 0.00375798, 0.98742, 1.37273
5743.05, 0.996446, 0.00376665, 0.99049, 1.08787
5743.06, 0.997568, 0.00376996, 0.9926, 0.850476
5743.07, 0.997753, 0.00377056, 0.99388, 0.677078
5743.08, 0.996976, 0.00376905, 0.99445, 0.580057
5743.09, 0.995578, 0.00376561, 0.99439, 0.567672
5743.1, 0.994064, 0.00376112, 0.9937, 0.637857
5743.11, 0.992944, 0.00375822, 0.99229, 0.782355
5743.12, 0.99167, 0.00375526, 0.99006, 0.984653
5743.13, 0.989086, 0.00374776, 0.98691, 1.22617
5743.14, 0.986539, 0.00374052, 0.9829, 1.48627
5743.15, 0.985124, 0.00373752, 0.97819, 1.74224
5743.16, 0.982844, 0.0037317, 0.97314, 1.97756
5743.17, 0.979645, 0.00372267, 0.96821, 2.16747
5743.18, 0.977756, 0.00371799, 0.96392, 2.29339
5743.19, 0.977418, 0.00371841, 0.96073, 2.32436
5743.2, 0.97796, 0.00372139, 0.95906, 2.21702
5743.21, 0.978871, 0.00372442, 0.95922, 1.94453
5743.22, 0.980453, 0.00372912, 0.9614, 1.52755
5743.23, 0.983677, 0.00374065, 0.96571, 1.04864
5743.24, 0.987287, 0.00375308, 0.97192, 0.613086
5743.25, 0.989658, 0.00375886, 1, 0
5743.26, 0.991691, 0.00376372, 1, 0
5743.27, 0.993877, 0.00377067, 1, 0
5743.28, 0.995567, 0.00377608, 1, 0
5743.29, 0.996808, 0.00377968, 1, 0
5743.3, 0.998194, 0.00378388, 1, 0
