wav, obs, sigma_obs, syn, weight
5759.15, 1.00183, 0.00485529, 1, 0
5759.16, 1.0014, 0.00485282, 1, 0
5759.17, 1.00069, 0.0048493, 1, 0
5759.18, 0.998313, 0.00483958, 1, 0
5759.19, 0.99449, 0.00482458, 1, 0
5759.2, 0.990661, 0.00480973, 1, 0
5759.21, 0.987197, 0.00479641, 1, 0
5759.22, 0.983277, 0.00478151, 1, 0
5759.23, 0.978626, 0.00476381, 0.97509, 1.10463
5759.24, 0.973705, 0.00474464, 0.97207, 1.38374
5759.25, 0.969461, 0.00472773, 0.97007, 1.60526
5759.26, 0.967412, 0.00471966, 0.96921, 1.74555
5759.27, 0.967938, 0.0047219, 0.9695, 1.8061
5759.28, 0.969692, 0.00472812, 0.97089, 1.79428
5759.29, 0.97171, 0.00473432, 0.97325, 1.7293
5759.3, 0.973881, 0.00474122, 0.97634, 1.62002
5759.31, 0.976593, 0.00475084, 0.97988, 1.47678
5759.32, 0.980989, 0.00476675, 0.98356, 1.3099
5759.33, 0.98696, 0.0047881, 0.9871, 1.12826
5759.34, 0.991723, 0.00480479, 0.99026, 0.94366
5759.35, 0.993739, 0.00481137, 0.99289, 0.767924
5759.36, 0.994989, 0.0048152, 0.99492, 0.612862
5759.37, 0.997048, 0.00482202, 0.99637, 0.487336
5759.38, 0.999283, 0.0048292, 0.99729, 0.400206
5759.39, 1.00084, 0.00483345, 0.99772, 0.360333
5759.4, 1.0012, 0.00483324, 0.9977, 0.369194
5759.41, 1.00025, 0.00482843, 0.99721, 0.431219
5759.42, 0.998875, 0.00482216, 0.99616, 0.550838
5759.43, 0.997694, 0.00481647, 0.99443, 0.72362
5759.44, 0.995556, 0.00480727, 0.99185, 0.951044
5759.45, 0.991445, 0.00479095, 0.98831, 1.22425
5759.46, 0.986352, 0.00477086, 0.98372, 1.52994
5759.47, 0.98139, 0.00475088, 0.97816, 1.85335
5759.48, 0.976075, 0.00472967, 0.97183, 2.17529
5759.49, 0.969726, 0.00470515, 0.96511, 2.47951
5759.5, 0.962833, 0.00467874, 0.95849, 2.7468
5759.51, 0.956262, 0.00465311, 0.95253, 2.96684
5759.52, 0.951012, 0.00463217, 0.94775, 3.13224
5759.53, 0.947982, 0.00461967, 0.94459, 3.23414
5759.54, 0.947196, 0.00461571, 0.94335, 3.27254
5759.55, 0.948382, 0.00461915, 0.94414, 3.24595
5759.56, 0.951523, 0.00462967, 0.94691, 3.15439
5759.57, 0.956564, 0.00464686, 0.95138, 3.00081
5759.58, 0.962306, 0.00466641, 0.95715, 2.79111
5759.59, 0.967262, 0.00468313, 0.96372, 2.53119
5759.6, 0.97206, 0.00469952, 0.97053, 2.23289
5759.61, 0.978159, 0.00472104, 0.97706, 1.91095
5759.62, 0.984457, 0.00474342, 0.9829, 1.58458
5759.63, 0.988614, 0.00475765, 0.98779, 1.26707
5759.64, 0.990794, 0.00476438, 0.99162, 0.977626
5759.65, 0.992639, 0.00476994, 0.99444, 0.725097
5759.66, 0.994474, 0.00477556, 0.9964, 0.519825
5759.67, 0.995719, 0.00477899, 0.99767, 0.358857
5759.68, 0.996135, 0.0047792, 0.99847, 0.239238
5759.69, 0.995776, 0.00477628, 0.99893, 0.158015
5759.7, 0.995083, 0.00477193, 0.9992, 0.104851
5759.71, 0.994792, 0.00476911, 0.99935, 0.0708853
5759.72, 0.995238, 0.00476917, 0.99944, 0.0502104
5759.73, 0.996358, 0.00477195, 0.99949, 0.0369194
5759.74, 0.997591, 0.00477544, 0.99953, 0.0310123
5759.75, 0.997938, 0.004776, 0.99956, 0.0251052
5759.76, 0.997611, 0.00477426, 0.99958, 0.0221516
5759.77, 0.998138, 0.00477542, 0.99961, 0.0177213
5759.78, 0.999657, 0.00477971, 0.99963, 0.0147678
5759.79, 1.00058, 0.00478121, 0.99967, 0.0118142
5759.8, 1.00054, 0.00477893, 1, 0
5759.81, 1.00092, 0.0047789, 1, 0
5759.82, 1.00203, 0.00478231, 1, 0
5759.83, 1.00245, 0.00478273, 1, 0
5759.84, 1.00174, 0.0047782, 1, 0
5759.85, 1.00126, 0.00477478, 1, 0
5759.86, 1.00181, 0.00477589, 1, 0
5759.87, 1.00273, 0.00477867, 1, 0
