wav, obs, sigma_obs, syn, weight
5773.63, 1.00581, 0.0036656, 1, 0
5773.64, 1.00679, 0.00366723, 1, 0
5773.65, 1.00732, 0.00366808, 1, 0
5773.66, 1.00712, 0.00366849, 1, 0
5773.67, 1.00599, 0.00366932, 1, 0
5773.68, 1.00469, 0.00366927, 1, 0
5773.69, 1.0044, 0.00366581, 1, 0
5773.7, 1.00418, 0.00365914, 0.99882, 0.128877
5773.71, 1.00235, 0.00365119, 0.99877, 0.183141
5773.72, 1.00027, 0.00364576, 0.99876, 0.237405
5773.73, 1.00007, 0.00364617, 0.99879, 0.274711
5773.74, 1.00075, 0.00364851, 0.99884, 0.301843
5773.75, 1.00078, 0.00364811, 0.99891, 0.318801
5773.76, 1.00099, 0.00364758, 0.999, 0.322192
5773.77, 1.00243, 0.00365045, 0.99908, 0.318801
5773.78, 1.00472, 0.00365664, 0.99917, 0.312018
5773.79, 1.00713, 0.00366437, 0.99925, 0.305235
5773.8, 1.00884, 0.00366938, 0.99931, 0.298452
5773.81, 1.00945, 0.00366961, 0.99935, 0.301843
5773.82, 1.00948, 0.00366845, 0.99937, 0.325584
5773.83, 1.00936, 0.00366805, 0.99935, 0.383239
5773.84, 1.00912, 0.00366731, 0.9993, 0.481593
5773.85, 1.00884, 0.00366606, 0.99918, 0.640993
5773.86, 1.0087, 0.00366572, 0.99896, 0.868223
5773.87, 1.00857, 0.00366597, 0.99861, 1.15989
5773.88, 1.00804, 0.00366466, 0.99804, 1.516
5773.89, 1.00703, 0.00366122, 0.99714, 1.9128
5773.9, 1.00576, 0.0036565, 0.99574, 2.32996
5773.91, 1.00418, 0.0036511, 0.99361, 2.74711
5773.92, 1.00206, 0.00364515, 0.99048, 3.12696
5773.93, 0.998901, 0.00363658, 0.98605, 3.45594
5773.94, 0.994053, 0.00362242, 0.98003, 3.71708
5773.95, 0.986886, 0.00360163, 0.97226, 3.9104
5773.96, 0.977019, 0.00357435, 0.96281, 4.02232
5773.97, 0.965413, 0.0035422, 0.95201, 4.05623
5773.98, 0.953214, 0.00350715, 0.94052, 4.00875
5773.99, 0.940442, 0.00347049, 0.92931, 3.88666
5774, 0.927554, 0.00343475, 0.91946, 3.67977
5774.01, 0.917423, 0.00340703, 0.91209, 3.40506
5774.02, 0.912424, 0.003393, 0.90807, 3.06591
5774.03, 0.912397, 0.00339218, 0.90794, 2.67589
5774.04, 0.916805, 0.0034034, 0.91174, 2.25874
5774.05, 0.925145, 0.00342597, 0.91903, 1.83819
5774.06, 0.936474, 0.00345743, 0.92899, 1.4346
5774.07, 0.949138, 0.00349242, 0.94052, 1.08189
5774.08, 0.961435, 0.00352619, 0.95244, 0.783436
5774.09, 0.97173, 0.00355511, 0.96373, 0.549422
5774.1, 0.979473, 0.0035775, 0.97362, 0.373065
5774.11, 0.985199, 0.00359357, 0.98166, 0.254362
5774.12, 0.989195, 0.00360388, 0.98778, 0.179749
5774.13, 0.991514, 0.00360921, 0.99214, 0.139051
5774.14, 0.992288, 0.00361042, 0.99505, 0.115311
5774.15, 0.991717, 0.00360845, 0.99688, 0.108528
5774.16, 0.990151, 0.00360403, 0.99798, 0.115311
5774.17, 0.98797, 0.00359772, 0.9986, 0.125485
5774.18, 0.985214, 0.00358966, 0.99895, 0.139051
5774.19, 0.982024, 0.00358046, 0.99914, 0.152617
5774.2, 0.979704, 0.00357382, 0.99925, 0.1594
5774.21, 0.979276, 0.00357262, 0.9993, 0.156009
5774.22, 0.979299, 0.00357278, 0.99934, 0.145834
5774.23, 0.978664, 0.00357102, 0.99936, 0.122094
5774.24, 0.978962, 0.0035713, 0.9994, 0.0881789
5774.25, 0.981154, 0.00357627, 1, 0
5774.26, 0.983612, 0.0035826, 1, 0
5774.27, 0.985315, 0.00358789, 1, 0
5774.28, 0.986985, 0.00359288, 1, 0
5774.29, 0.989058, 0.00359816, 1, 0
5774.3, 0.991214, 0.00360351, 1, 0
5774.31, 0.993281, 0.00360878, 1, 0
