wav, obs, sigma_obs, syn, weight
5778.08, 1.00147, 0.00353349, 1, 0
5778.09, 1.00176, 0.00353402, 1, 0
5778.1, 1.00214, 0.00353475, 1, 0
5778.11, 1.00233, 0.00353505, 1, 0
5778.12, 1.00223, 0.00353464, 1, 0
5778.13, 1.00206, 0.00353392, 1, 0
5778.14, 1.002, 0.00353333, 1, 0
5778.15, 1.00203, 0.00353297, 0.99983, 0.0048043
5778.16, 1.00211, 0.00353292, 0.99982, 0.0048043
5778.17, 1.00224, 0.00353323, 0.9998, 0.00720646
5778.18, 1.00242, 0.0035338, 0.99979, 0.00840753
5778.19, 1.00265, 0.00353428, 0.99977, 0.00960861
5778.2, 1.00261, 0.00353371, 0.99975, 0.00960861
5778.21, 1.00179, 0.00353088, 0.99971, 0.0108097
5778.22, 1.0007, 0.00352748, 0.99967, 0.0108097
5778.23, 1.00031, 0.00352654, 0.99961, 0.0132118
5778.24, 1.00034, 0.00352703, 0.99956, 0.0144129
5778.25, 1.00012, 0.00352652, 0.9995, 0.0180161
5778.26, 0.999682, 0.00352496, 0.99944, 0.0228204
5778.27, 0.999181, 0.00352292, 0.99939, 0.0324291
5778.28, 0.998472, 0.00352064, 0.99935, 0.0492441
5778.29, 0.997629, 0.00351861, 0.9993, 0.0816732
5778.3, 0.997457, 0.00351811, 0.99922, 0.136923
5778.31, 0.998148, 0.0035193, 0.99906, 0.228204
5778.32, 0.99864, 0.00352025, 0.99871, 0.367529
5778.33, 0.998094, 0.00351893, 0.99798, 0.566908
5778.34, 0.99613, 0.00351356, 0.99648, 0.83715
5778.35, 0.992694, 0.00350398, 0.99365, 1.17826
5778.36, 0.987897, 0.00349114, 0.98865, 1.58422
5778.37, 0.98061, 0.00347164, 0.98052, 2.04303
5778.38, 0.969041, 0.00343978, 0.9683, 2.52827
5778.39, 0.952623, 0.00339459, 0.95143, 3.0171
5778.4, 0.931604, 0.00333765, 0.93011, 3.48072
5778.41, 0.907483, 0.00327239, 0.90563, 3.89749
5778.42, 0.882377, 0.00320374, 0.8804, 4.2434
5778.43, 0.859149, 0.00314004, 0.85765, 4.50524
5778.44, 0.841118, 0.00309077, 0.84079, 4.67819
5778.45, 0.832295, 0.00306638, 0.8326, 4.75506
5778.46, 0.834869, 0.00307275, 0.83449, 4.73464
5778.47, 0.847551, 0.00310732, 0.8461, 4.61814
5778.48, 0.867727, 0.00316311, 0.86545, 4.40915
5778.49, 0.8916, 0.00322876, 0.88942, 4.11008
5778.5, 0.916402, 0.00329601, 0.91461, 3.73415
5778.51, 0.940299, 0.00335966, 0.93805, 3.29575
5778.52, 0.960447, 0.00341319, 0.95775, 2.81772
5778.53, 0.973892, 0.00345033, 0.97287, 2.32769
5778.54, 0.982275, 0.00347412, 0.98354, 1.84966
5778.55, 0.988875, 0.00349128, 0.99049, 1.41126
5778.56, 0.994129, 0.00350436, 0.99468, 1.03052
5778.57, 0.997652, 0.00351412, 0.99705, 0.718244
5778.58, 0.999517, 0.00351953, 0.9983, 0.476827
5778.59, 1.00015, 0.00352069, 0.99893, 0.303872
5778.6, 1.00057, 0.00352144, 0.99923, 0.184966
5778.61, 1.00121, 0.00352347, 0.99937, 0.1117
5778.62, 1.00121, 0.00352374, 0.99941, 0.0672603
5778.63, 1.00066, 0.00352177, 0.99938, 0.0432387
5778.64, 1.00087, 0.00352078, 0.99931, 0.0300269
5778.65, 1.00166, 0.00352108, 0.99919, 0.0252226
5778.66, 1.00158, 0.00352037, 0.99904, 0.0228204
5778.67, 1.00082, 0.00351913, 0.99886, 0.0240215
5778.68, 1.00053, 0.00351927, 0.99869, 0.0264237
5778.69, 1.00036, 0.00351915, 0.99852, 0.031228
5778.7, 0.999534, 0.00351633, 0.99838, 0.0384344
5778.71, 0.99855, 0.0035129, 0.99825, 0.0444398
5778.72, 0.998088, 0.00351141, 0.99811, 0.048043
5778.73, 0.997905, 0.00351092, 0.99793, 0.046842
5778.74, 0.997608, 0.00351009, 0.99768, 0.0408366
5778.75, 0.99693, 0.00350838, 0.99735, 0.031228
5778.76, 0.995866, 0.00350573, 1, 0
5778.77, 0.994825, 0.00350271, 1, 0
5778.78, 0.994183, 0.00350038, 1, 0
5778.79, 0.994207, 0.00350025, 1, 0
5778.8, 0.994794, 0.00350219, 1, 0
5778.81, 0.995369, 0.00350408, 1, 0
5778.82, 0.995866, 0.00350569, 1, 0
