wav, obs, sigma_obs, syn, weight
5791.15, 0.980903, 0.00348925, 1, 0
5791.16, 0.981044, 0.00348881, 1, 0
5791.17, 0.981315, 0.00348889, 1, 0
5791.18, 0.982155, 0.00349135, 1, 0
5791.19, 0.983011, 0.0034943, 1, 0
5791.2, 0.983321, 0.00349557, 1, 0
5791.21, 0.984269, 0.00349839, 1, 0
5791.22, 0.986559, 0.00350475, 0.9946, 0.0581751
5791.23, 0.989135, 0.00351161, 0.99402, 0.081139
5791.24, 0.990851, 0.003516, 0.99365, 0.0995101
5791.25, 0.990914, 0.00351611, 0.99342, 0.108696
5791.26, 0.990673, 0.00351542, 0.9933, 0.110227
5791.27, 0.991864, 0.00351843, 0.99328, 0.105634
5791.28, 0.993047, 0.00352211, 0.99336, 0.0979792
5791.29, 0.993105, 0.00352374, 0.99354, 0.0903246
5791.3, 0.993295, 0.0035254, 0.99382, 0.0857318
5791.31, 0.993301, 0.00352557, 0.99419, 0.081139
5791.32, 0.991175, 0.00351929, 0.99462, 0.081139
5791.33, 0.988722, 0.00351253, 0.99509, 0.0842009
5791.34, 0.988845, 0.00351403, 0.99557, 0.0933864
5791.35, 0.989503, 0.00351645, 0.99601, 0.110227
5791.36, 0.989219, 0.00351469, 0.99639, 0.142376
5791.37, 0.990781, 0.00351841, 0.99668, 0.194427
5791.38, 0.99456, 0.00352928, 0.99682, 0.278628
5791.39, 0.997688, 0.00353817, 0.99676, 0.407226
5791.4, 0.999199, 0.00354248, 0.99642, 0.592468
5791.41, 0.999386, 0.00354363, 0.99566, 0.842009
5791.42, 0.998642, 0.00354217, 0.99434, 1.16197
5791.43, 0.997233, 0.00353846, 0.99229, 1.54317
5791.44, 0.99509, 0.00353309, 0.98941, 1.97489
5791.45, 0.992036, 0.00352563, 0.98567, 2.4357
5791.46, 0.987804, 0.00351435, 0.98118, 2.90263
5791.47, 0.981851, 0.00349783, 0.97621, 3.3466
5791.48, 0.973978, 0.00347619, 0.97112, 3.74617
5791.49, 0.966541, 0.00345613, 0.96636, 4.07838
5791.5, 0.961454, 0.00344284, 0.96238, 4.33558
5791.51, 0.957644, 0.00343294, 0.95956, 4.50398
5791.52, 0.955147, 0.00342633, 0.95816, 4.58512
5791.53, 0.955759, 0.00342813, 0.95832, 4.57593
5791.54, 0.959311, 0.00343779, 0.96003, 4.47795
5791.55, 0.964355, 0.00345126, 0.96312, 4.28965
5791.56, 0.96989, 0.00346653, 0.9673, 4.01715
5791.57, 0.975124, 0.00348169, 0.97217, 3.6681
5791.58, 0.979422, 0.00349335, 0.97729, 3.25781
5791.59, 0.982937, 0.003502, 0.9822, 2.80618
5791.6, 0.986728, 0.00351297, 0.98656, 2.33772
5791.61, 0.991049, 0.0035262, 0.99009, 1.87844
5791.62, 0.995435, 0.00353809, 0.9927, 1.45438
5791.63, 0.998716, 0.00354663, 0.99435, 1.08236
5791.64, 1.00016, 0.00355123, 0.9951, 0.776179
5791.65, 1.00078, 0.00355334, 0.99501, 0.538885
5791.66, 1.00123, 0.0035544, 0.99414, 0.362829
5791.67, 1.00135, 0.00355519, 0.99254, 0.243417
5791.68, 1.00071, 0.00355408, 0.99028, 0.163809
5791.69, 0.998848, 0.00354858, 0.98748, 0.113288
5791.7, 0.995946, 0.00354045, 0.98432, 0.0842009
5791.71, 0.992653, 0.00353253, 0.98105, 0.0642988
5791.72, 0.99019, 0.00352651, 0.97794, 0.0535824
5791.73, 0.988898, 0.00352265, 0.97528, 0.0474587
5791.74, 0.987863, 0.00351954, 0.97329, 0.0443968
5791.75, 0.986967, 0.00351754, 0.97215, 0.0428659
5791.76, 0.986749, 0.00351814, 0.97195, 0.0428659
5791.77, 0.987967, 0.00352225, 0.97269, 0.0428659
5791.78, 0.990554, 0.00352879, 0.9743, 0.0428659
5791.79, 0.99206, 0.00353205, 0.97663, 0.041335
5791.8, 0.991706, 0.0035309, 0.9795, 0.0382731
5791.81, 0.991385, 0.00353091, 0.98273, 0.0306185
5791.82, 0.991295, 0.00353165, 0.98613, 0.0214329
5791.83, 0.990412, 0.00352884, 1, 0
5791.84, 0.98837, 0.00352252, 1, 0
5791.85, 0.985643, 0.00351523, 1, 0
5791.86, 0.984276, 0.00351192, 1, 0
5791.87, 0.984982, 0.00351404, 1, 0
5791.88, 0.985831, 0.00351653, 1, 0
5791.89, 0.986387, 0.00351825, 1, 0
