wav, obs, sigma_obs, syn, weight
5793.54, 0.997928, 0.00358832, 1, 0
5793.55, 0.996534, 0.003586, 1, 0
5793.56, 0.995538, 0.0035838, 1, 0
5793.57, 0.995156, 0.00358306, 1, 0
5793.58, 0.99544, 0.00358506, 1, 0
5793.59, 0.995855, 0.00358602, 1, 0
5793.6, 0.996002, 0.00358403, 1, 0
5793.61, 0.996287, 0.00358578, 0.99725, 0.0893208
5793.62, 0.996493, 0.00359068, 0.99627, 0.13307
5793.63, 0.995669, 0.00358908, 0.99511, 0.175907
5793.64, 0.994449, 0.0035833, 0.99385, 0.213276
5793.65, 0.993998, 0.00358087, 0.99264, 0.241531
5793.66, 0.993566, 0.00357977, 0.99162, 0.259759
5793.67, 0.992477, 0.00357737, 0.99094, 0.270697
5793.68, 0.991307, 0.00357524, 0.99069, 0.277077
5793.69, 0.991194, 0.00357614, 0.99092, 0.277077
5793.7, 0.993279, 0.00358251, 0.99157, 0.274342
5793.71, 0.995328, 0.00358825, 0.99252, 0.267051
5793.72, 0.994796, 0.00358661, 0.99363, 0.258848
5793.73, 0.993875, 0.00358359, 0.99472, 0.251557
5793.74, 0.994391, 0.00358457, 0.99566, 0.248822
5793.75, 0.995773, 0.0035891, 0.99636, 0.258848
5793.76, 0.997013, 0.00359378, 0.99674, 0.289837
5793.77, 0.997125, 0.00359417, 0.99674, 0.356372
5793.78, 0.996359, 0.00359191, 0.99622, 0.46939
5793.79, 0.995045, 0.00358898, 0.99492, 0.641651
5793.8, 0.992327, 0.00358148, 0.99239, 0.878625
5793.81, 0.987677, 0.00356782, 0.9879, 1.18122
5793.82, 0.981231, 0.00355058, 0.98053, 1.54306
5793.83, 0.972274, 0.00352737, 0.96923, 1.95139
5793.84, 0.959442, 0.00349254, 0.95315, 2.38796
5793.85, 0.941169, 0.00344206, 0.93196, 2.83275
5793.86, 0.916493, 0.00337382, 0.9062, 3.26203
5793.87, 0.886068, 0.00328898, 0.87746, 3.65395
5793.88, 0.852921, 0.00319601, 0.84834, 3.98845
5793.89, 0.822359, 0.00311059, 0.82213, 4.25094
5793.9, 0.798532, 0.00304425, 0.80223, 4.43049
5793.91, 0.784888, 0.0030062, 0.79148, 4.52164
5793.92, 0.784839, 0.00300625, 0.79147, 4.52164
5793.93, 0.798994, 0.00304642, 0.80221, 4.43049
5793.94, 0.822809, 0.00311402, 0.82209, 4.25094
5793.95, 0.852156, 0.00319735, 0.8483, 3.98754
5793.96, 0.883657, 0.00328658, 0.87742, 3.65213
5793.97, 0.912971, 0.00336849, 0.90617, 3.26021
5793.98, 0.936418, 0.00343233, 0.93194, 2.8291
5793.99, 0.953804, 0.00347994, 0.95315, 2.38341
5794, 0.966145, 0.0035152, 0.96925, 1.94318
5794.01, 0.975169, 0.00354124, 0.98058, 1.5303
5794.02, 0.981876, 0.00356036, 0.98799, 1.16117
5794.03, 0.986719, 0.00357428, 0.99252, 0.847636
5794.04, 0.99033, 0.00358466, 0.99514, 0.596991
5794.05, 0.993167, 0.00359268, 0.99658, 0.406501
5794.06, 0.99511, 0.00359834, 0.99737, 0.270697
5794.07, 0.996537, 0.00360274, 0.9978, 0.179553
5794.08, 0.998381, 0.0036082, 0.99805, 0.121221
5794.09, 1.00011, 0.00361313, 0.99822, 0.0856751
5794.1, 1.00074, 0.00361481, 0.99836, 0.0656234
5794.11, 1.00102, 0.00361548, 0.99848, 0.0519519
5794.12, 1.00166, 0.00361723, 0.9986, 0.043749
5794.13, 1.00237, 0.00361921, 0.99872, 0.0373689
5794.14, 1.00266, 0.00362024, 0.99883, 0.0337232
5794.15, 1.0021, 0.00361954, 0.99891, 0.0300774
5794.16, 1.00177, 0.00361929, 0.99893, 0.0264317
5794.17, 1.00258, 0.00362133, 0.99887, 0.0246088
5794.18, 1.00276, 0.00362207, 0.99866, 0.0218745
5794.19, 1.00162, 0.00362004, 0.99828, 0.0191402
5794.2, 1.00086, 0.00361852, 0.99767, 0.0173173
5794.21, 1.00085, 0.00361824, 0.99683, 0.014583
5794.22, 1.00085, 0.00361788, 0.99579, 0.0109372
5794.23, 1.00045, 0.00361706, 0.99471, 0.00729149
5794.24, 0.999683, 0.00361618, 1, 0
5794.25, 0.999414, 0.0036167, 1, 0
5794.26, 0.999846, 0.00361865, 1, 0
5794.27, 1.0003, 0.00362025, 1, 0
5794.28, 1.00059, 0.00362121, 1, 0
5794.29, 1.00094, 0.00362236, 1, 0
5794.3, 1.00129, 0.00362352, 1, 0
