wav, obs, sigma_obs, syn, weight
5795.51, 1.00037, 0.00366331, 1, 0
5795.52, 1.00031, 0.00366328, 1, 0
5795.53, 1.00027, 0.00366328, 1, 0
5795.54, 1.00042, 0.0036636, 1, 0
5795.55, 1.00094, 0.00366531, 1, 0
5795.56, 1.00181, 0.00366884, 1, 0
5795.57, 1.00217, 0.00367023, 1, 0
5795.58, 1.00168, 0.00366808, 0.9999, 0.016757
5795.59, 1.00131, 0.0036673, 0.9999, 0.0223426
5795.6, 1.00146, 0.00366902, 0.9999, 0.0390996
5795.61, 1.00189, 0.00367083, 0.9999, 0.0390996
5795.62, 1.00203, 0.00367127, 0.9999, 0.0446853
5795.63, 1.00159, 0.00367036, 0.9999, 0.0502709
5795.64, 1.00154, 0.00367092, 0.9999, 0.0558566
5795.65, 1.00206, 0.00367299, 0.99989, 0.0614423
5795.66, 1.00225, 0.0036732, 0.99989, 0.0726136
5795.67, 1.00204, 0.00367233, 0.99988, 0.0949562
5795.68, 1.00179, 0.00367276, 0.99986, 0.134056
5795.69, 1.00169, 0.00367345, 0.99983, 0.189912
5795.7, 1.00172, 0.00367342, 0.9998, 0.279283
5795.71, 1.00151, 0.00367331, 0.99976, 0.413339
5795.72, 1.00135, 0.0036741, 0.9997, 0.608837
5795.73, 1.00177, 0.00367636, 0.99959, 0.860192
5795.74, 1.0019, 0.00367722, 0.9994, 1.18416
5795.75, 1.00106, 0.00367478, 0.99909, 1.5584
5795.76, 1.00044, 0.00367269, 0.99858, 1.97732
5795.77, 1.00022, 0.00367179, 0.99778, 2.40742
5795.78, 0.999216, 0.00366913, 0.99663, 2.83752
5795.79, 0.997705, 0.00366524, 0.99513, 3.22293
5795.8, 0.996508, 0.00366208, 0.99334, 3.56365
5795.81, 0.995483, 0.00365956, 0.99147, 3.83176
5795.82, 0.994405, 0.00365723, 0.98981, 4.02726
5795.83, 0.993328, 0.00365497, 0.98868, 4.14456
5795.84, 0.992801, 0.00365418, 0.98833, 4.17807
5795.85, 0.993421, 0.00365648, 0.98882, 4.1278
5795.86, 0.994014, 0.00365838, 0.99006, 4.00492
5795.87, 0.993818, 0.0036578, 0.99177, 3.79825
5795.88, 0.994463, 0.00366, 0.99365, 3.51897
5795.89, 0.996088, 0.00366528, 0.9954, 3.16707
5795.9, 0.997073, 0.00366816, 0.99685, 2.77607
5795.91, 0.997846, 0.0036705, 0.99793, 2.34039
5795.92, 0.99923, 0.00367541, 0.99866, 1.90471
5795.93, 0.99969, 0.00367713, 0.99912, 1.49696
5795.94, 0.998689, 0.00367365, 0.99938, 1.1283
5795.95, 0.997899, 0.00367119, 0.9995, 0.821092
5795.96, 0.997412, 0.00367043, 0.99951, 0.575323
5795.97, 0.996285, 0.00366816, 0.99937, 0.390996
5795.98, 0.994778, 0.0036645, 0.999, 0.268112
5795.99, 0.992651, 0.00365865, 0.99822, 0.184327
5796, 0.987834, 0.0036457, 0.99676, 0.12847
5796.01, 0.981026, 0.0036271, 0.9943, 0.0949562
5796.02, 0.975323, 0.00360993, 0.99056, 0.0726136
5796.03, 0.969069, 0.00359148, 0.98544, 0.0614423
5796.04, 0.959958, 0.00356727, 0.97925, 0.0502709
5796.05, 0.950706, 0.00354198, 0.97273, 0.0446853
5796.06, 0.943824, 0.00352173, 0.96699, 0.0390996
5796.07, 0.940131, 0.00351181, 0.96322, 0.033514
5796.08, 0.940352, 0.00351366, 0.96229, 0.0279283
5796.09, 0.944777, 0.00352588, 0.96442, 0.016757
5796.1, 0.951618, 0.00354532, 0.96911, 0.0111713
5796.11, 0.959369, 0.00356909, 1, 0
5796.12, 0.968191, 0.00359568, 1, 0
5796.13, 0.977118, 0.00362137, 1, 0
5796.14, 0.984325, 0.00364128, 1, 0
5796.15, 0.990364, 0.00365744, 1, 0
5796.16, 0.996852, 0.00367504, 1, 0
5796.17, 1.00334, 0.00369264, 1, 0
