wav, obs, sigma_obs, syn, weight
5805.41, 0.997826, 0.00423074, 1, 0
5805.42, 0.998348, 0.00422793, 1, 0
5805.43, 0.99927, 0.00422811, 1, 0
5805.44, 1.0011, 0.00423607, 1, 0
5805.45, 1.00164, 0.00424068, 1, 0
5805.46, 1.00072, 0.0042384, 1, 0
5805.47, 1.00144, 0.00424045, 0.99902, 0.0105041
5805.48, 1.00206, 0.00424324, 0.99903, 0.0183822
5805.49, 1.0005, 0.00424075, 0.99904, 0.0262603
5805.5, 1.00055, 0.00424164, 0.99906, 0.0341384
5805.51, 1.00188, 0.00424519, 0.99908, 0.0420165
5805.52, 1.00086, 0.00424301, 0.99909, 0.0472686
5805.53, 1.00039, 0.00424336, 0.99909, 0.0525206
5805.54, 1.00198, 0.00424939, 0.99909, 0.0577727
5805.55, 1.00169, 0.00424833, 0.99908, 0.0630247
5805.56, 0.999521, 0.00424172, 0.99906, 0.0709028
5805.57, 0.99757, 0.00423728, 0.99903, 0.081407
5805.58, 0.99596, 0.004233, 0.99899, 0.0997892
5805.59, 0.994603, 0.00422787, 0.99891, 0.123423
5805.6, 0.993602, 0.00422395, 0.9988, 0.16544
5805.61, 0.993146, 0.00422358, 0.99864, 0.228465
5805.62, 0.99336, 0.00422691, 0.99839, 0.325628
5805.63, 0.994116, 0.00423004, 0.998, 0.467434
5805.64, 0.994426, 0.00423124, 0.99736, 0.664386
5805.65, 0.993402, 0.00423078, 0.99634, 0.924363
5805.66, 0.992487, 0.00422979, 0.99471, 1.24474
5805.67, 0.991754, 0.00422718, 0.99216, 1.61501
5805.68, 0.989132, 0.00421903, 0.9884, 2.01679
5805.69, 0.983602, 0.00420165, 0.98315, 2.43696
5805.7, 0.975986, 0.00417659, 0.97632, 2.84662
5805.71, 0.969665, 0.00415534, 0.96811, 3.22214
5805.72, 0.96279, 0.00413338, 0.95904, 3.55039
5805.73, 0.951555, 0.00409947, 0.95001, 3.8235
5805.74, 0.941669, 0.00406932, 0.94209, 4.02571
5805.75, 0.936774, 0.00405332, 0.93637, 4.15701
5805.76, 0.934667, 0.00404608, 0.93369, 4.21215
5805.77, 0.935546, 0.00404963, 0.93443, 4.18852
5805.78, 0.94, 0.0040663, 0.93844, 4.08348
5805.79, 0.946311, 0.00408922, 0.94507, 3.90228
5805.8, 0.954409, 0.00411655, 0.95334, 3.6423
5805.81, 0.965008, 0.00414988, 0.96218, 3.31405
5805.82, 0.974486, 0.00418079, 0.97063, 2.9359
5805.83, 0.980724, 0.00420334, 0.97802, 2.52887
5805.84, 0.985592, 0.00421975, 0.98404, 2.11658
5805.85, 0.989091, 0.00423148, 0.98864, 1.72268
5805.86, 0.990807, 0.00423941, 0.992, 1.36554
5805.87, 0.992364, 0.00424484, 0.99436, 1.05566
5805.88, 0.994116, 0.00424976, 0.99597, 0.806192
5805.89, 0.995248, 0.00425617, 0.99706, 0.606613
5805.9, 0.996891, 0.00426349, 0.99779, 0.451677
5805.91, 0.998968, 0.00426883, 0.99826, 0.338758
5805.92, 0.99873, 0.00426789, 0.99856, 0.254725
5805.93, 0.997838, 0.00426641, 0.99874, 0.194326
5805.94, 0.999014, 0.00427112, 0.99886, 0.15231
5805.95, 0.999859, 0.00427362, 0.99893, 0.123423
5805.96, 0.999464, 0.00427229, 0.99896, 0.102415
5805.97, 0.999236, 0.00427398, 0.99898, 0.086659
5805.98, 0.999198, 0.00427693, 0.999, 0.0761549
5805.99, 0.999104, 0.00427814, 0.99901, 0.0709028
5806, 0.999156, 0.00427834, 0.99902, 0.0603987
5806.01, 0.999128, 0.00427827, 0.99903, 0.0551467
5806.02, 0.998764, 0.0042783, 0.99904, 0.0446425
5806.03, 0.998706, 0.0042782, 0.99905, 0.0315124
5806.04, 0.998966, 0.00427821, 0.99905, 0.0210082
5806.05, 0.998852, 0.00427923, 0.99907, 0.0131302
5806.06, 0.99893, 0.00428225, 1, 0
5806.07, 0.999419, 0.00428593, 1, 0
5806.08, 0.999001, 0.00428493, 1, 0
5806.09, 0.998251, 0.00428226, 1, 0
5806.1, 0.998622, 0.00428455, 1, 0
5806.11, 0.999393, 0.00428863, 1, 0
