wav, obs, sigma_obs, syn, weight
5811.57, 0.986988, 0.00482149, 1, 0
5811.58, 0.989122, 0.00483322, 1, 0
5811.59, 0.990021, 0.00483955, 1, 0
5811.6, 0.990001, 0.0048407, 1, 0
5811.61, 0.990969, 0.00484347, 1, 0
5811.62, 0.992639, 0.00485092, 1, 0
5811.63, 0.993889, 0.0048598, 1, 0
5811.64, 0.993921, 0.00486151, 0.996, 0.160665
5811.65, 0.994465, 0.00486289, 0.99576, 0.237505
5811.66, 0.996094, 0.00486896, 0.99531, 0.305031
5811.67, 0.995431, 0.00486874, 0.9948, 0.358586
5811.68, 0.994715, 0.00486853, 0.99439, 0.388856
5811.69, 0.996606, 0.00487574, 0.99421, 0.402827
5811.7, 0.996339, 0.00487402, 0.99434, 0.402827
5811.71, 0.994531, 0.00486773, 0.99477, 0.395842
5811.72, 0.995003, 0.00487208, 0.99545, 0.381871
5811.73, 0.99636, 0.00487954, 0.99625, 0.363243
5811.74, 0.996944, 0.00488287, 0.99705, 0.342287
5811.75, 0.996649, 0.00488236, 0.99777, 0.330644
5811.76, 0.998548, 0.00489006, 0.99833, 0.330644
5811.77, 1.00138, 0.00490238, 0.99871, 0.356257
5811.78, 0.999721, 0.00489984, 0.99888, 0.421455
5811.79, 0.997774, 0.00489337, 0.99881, 0.540207
5811.8, 0.998704, 0.0048942, 0.99843, 0.726486
5811.81, 0.999536, 0.00489818, 0.99758, 0.984947
5811.82, 0.998082, 0.00489617, 0.99599, 1.31559
5811.83, 0.994295, 0.00488506, 0.9933, 1.69979
5811.84, 0.990623, 0.00487391, 0.98912, 2.1259
5811.85, 0.986118, 0.00485777, 0.98311, 2.56366
5811.86, 0.978822, 0.00482945, 0.97518, 2.98511
5811.87, 0.969057, 0.00479518, 0.96567, 3.36698
5811.88, 0.958176, 0.00475743, 0.95541, 3.68598
5811.89, 0.947966, 0.00471822, 0.94568, 3.93513
5811.9, 0.940033, 0.00468898, 0.93796, 4.10744
5811.91, 0.935565, 0.00467551, 0.93357, 4.19592
5811.92, 0.935152, 0.00467667, 0.93331, 4.20523
5811.93, 0.938375, 0.00468868, 0.93721, 4.13072
5811.94, 0.945149, 0.00471379, 0.94454, 3.97239
5811.95, 0.955311, 0.00475606, 0.95401, 3.73488
5811.96, 0.965659, 0.00479644, 0.96417, 3.42287
5811.97, 0.974687, 0.00482823, 0.97373, 3.05031
5811.98, 0.983718, 0.00486499, 0.98183, 2.62885
5811.99, 0.991119, 0.00489437, 0.98808, 2.18877
5812, 0.995484, 0.00491222, 0.99252, 1.75335
5812.01, 0.997602, 0.00493485, 0.99544, 1.34819
5812.02, 0.998088, 0.00491214, 0.99724, 0.991932
5812.03, 0.998217, 0.00485268, 0.99827, 0.700872
5812.04, 0.999504, 0.00485506, 0.99883, 0.47501
5812.05, 1.00114, 0.0048775, 0.99911, 0.312016
5812.06, 1.00224, 0.00488247, 0.99923, 0.200249
5812.07, 1.00224, 0.00487694, 0.99924, 0.128066
5812.08, 1.00124, 0.0048715, 0.99918, 0.0838253
5812.09, 1.00085, 0.00487107, 0.99907, 0.0558835
5812.1, 1.00204, 0.00487671, 0.99891, 0.0419126
5812.11, 1.0029, 0.00487988, 0.99873, 0.0325987
5812.12, 1.00172, 0.00487363, 0.99855, 0.0256133
5812.13, 0.999992, 0.00486528, 0.99839, 0.0209563
5812.14, 0.999529, 0.00486344, 0.99829, 0.0186278
5812.15, 0.999753, 0.00486481, 0.99827, 0.0162994
5812.16, 0.999539, 0.00486344, 0.99833, 0.0162994
5812.17, 0.999117, 0.00486038, 0.99848, 0.0116424
5812.18, 0.999174, 0.00485913, 0.99867, 0.00931392
5812.19, 0.999837, 0.00486081, 0.9989, 0.00698544
5812.2, 1.00093, 0.00486514, 0.99912, 0.00465696
5812.21, 1.00193, 0.00486927, 1, 0
5812.22, 1.00215, 0.00486917, 1, 0
5812.23, 1.00171, 0.00486554, 1, 0
5812.24, 1.00123, 0.00486222, 1, 0
5812.25, 1.00093, 0.00486047, 1, 0
5812.26, 1.00065, 0.00485891, 1, 0
5812.27, 1.00033, 0.00485697, 1, 0
