wav, obs, sigma_obs, syn, weight
5814.86, 0.93431, 0.00441397, 1, 0
5814.87, 0.946609, 0.00445697, 1, 0
5814.88, 0.959688, 0.00450291, 1, 0
5814.89, 0.972199, 0.00454671, 1, 0
5814.9, 0.981432, 0.00457821, 1, 0
5814.91, 0.986974, 0.00459623, 1, 0
5814.92, 0.990041, 0.00460599, 1, 0
5814.93, 0.99215, 0.00461305, 1, 0
5814.94, 0.995031, 0.00462282, 0.99865, 0.0987376
5814.95, 0.99862, 0.00463458, 0.99875, 0.110257
5814.96, 1.00059, 0.00463997, 0.99884, 0.113548
5814.97, 1.00029, 0.00463702, 0.99891, 0.110257
5814.98, 0.999653, 0.00463366, 0.99896, 0.102029
5814.99, 0.999912, 0.00463441, 0.99902, 0.0938007
5815, 1.00076, 0.0046369, 0.99907, 0.0872182
5815.01, 1.00161, 0.00463836, 0.99914, 0.0822813
5815.02, 1.00164, 0.00463648, 0.9992, 0.083927
5815.03, 1.00078, 0.00463153, 0.99925, 0.0905095
5815.04, 1.00062, 0.00462934, 0.99928, 0.103674
5815.05, 1.0019, 0.00463253, 0.99927, 0.126713
5815.06, 1.00262, 0.00463408, 0.99922, 0.167854
5815.07, 1.00143, 0.00462906, 0.99907, 0.235325
5815.08, 0.999896, 0.00462294, 0.9988, 0.337353
5815.09, 0.999382, 0.00462035, 0.99831, 0.487106
5815.1, 0.998863, 0.00461713, 0.99751, 0.691163
5815.11, 0.997276, 0.00460931, 0.99624, 0.956109
5815.12, 0.995305, 0.00460043, 0.99434, 1.28194
5815.13, 0.993625, 0.00459389, 0.99165, 1.66044
5815.14, 0.991026, 0.0045843, 0.98805, 2.07843
5815.15, 0.986201, 0.00456579, 0.9835, 2.51616
5815.16, 0.980024, 0.00454214, 0.97811, 2.94732
5815.17, 0.973846, 0.00451923, 0.97217, 3.35214
5815.18, 0.967731, 0.00449701, 0.96613, 3.70924
5815.19, 0.961486, 0.0044741, 0.96055, 4.00216
5815.2, 0.956397, 0.00445497, 0.95602, 4.22103
5815.21, 0.954111, 0.00444559, 0.95305, 4.35597
5815.22, 0.954169, 0.00444443, 0.95202, 4.40699
5815.23, 0.95526, 0.00444694, 0.95303, 4.36914
5815.24, 0.957595, 0.00445402, 0.95595, 4.24736
5815.25, 0.962068, 0.00446901, 0.9604, 4.0433
5815.26, 0.967903, 0.00448886, 0.96585, 3.7619
5815.27, 0.9734, 0.00450697, 0.97169, 3.41468
5815.28, 0.978385, 0.00452302, 0.97736, 3.01479
5815.29, 0.983691, 0.00454079, 0.98243, 2.58528
5815.3, 0.988897, 0.00455858, 0.98665, 2.14919
5815.31, 0.992629, 0.00457058, 0.98994, 1.72462
5815.32, 0.994972, 0.00457707, 0.99237, 1.33954
5815.33, 0.997293, 0.00458373, 0.99409, 1.00383
5815.34, 0.999633, 0.0045909, 0.99531, 0.729013
5815.35, 1.00067, 0.00459347, 0.99619, 0.515081
5815.36, 1.00052, 0.00459164, 0.99686, 0.355455
5815.37, 1.00096, 0.00459188, 0.9974, 0.245198
5815.38, 1.00224, 0.00459527, 0.99785, 0.171145
5815.39, 1.00256, 0.00459552, 0.99823, 0.123422
5815.4, 1.00141, 0.0045907, 0.99854, 0.0954463
5815.41, 1.00042, 0.00458611, 0.99878, 0.0773445
5815.42, 1.00062, 0.00458534, 0.99897, 0.0674707
5815.43, 1.00176, 0.00458822, 0.99911, 0.0592426
5815.44, 1.00311, 0.00459248, 0.99923, 0.0543057
5815.45, 1.00323, 0.00459255, 0.99933, 0.0510144
5815.46, 1.00172, 0.00458642, 0.99941, 0.0477232
5815.47, 1.00055, 0.00458046, 0.99948, 0.0444319
5815.48, 1.00085, 0.00457868, 0.99954, 0.039495
5815.49, 1.00094, 0.00457669, 0.99959, 0.0345582
5815.5, 0.999567, 0.00457107, 0.99964, 0.02633
5815.51, 0.997774, 0.00456467, 1, 0
5815.52, 0.996733, 0.0045607, 1, 0
5815.53, 0.996812, 0.00456014, 1, 0
5815.54, 0.99784, 0.00456232, 1, 0
5815.55, 0.998276, 0.00456215, 1, 0
5815.56, 0.996759, 0.00455516, 1, 0
5815.57, 0.993969, 0.00454376, 1, 0
5815.58, 0.991734, 0.00453429, 1, 0
