wav, obs, sigma_obs, syn, weight
5827.49, 0.987887, 0.0036068, 1, 0
5827.5, 0.991156, 0.00361495, 1, 0
5827.51, 0.994431, 0.00362312, 1, 0
5827.52, 0.996761, 0.00362873, 1, 0
5827.53, 0.998048, 0.00363166, 1, 0
5827.54, 0.998932, 0.00363399, 1, 0
5827.55, 0.999676, 0.00363623, 1, 0
5827.56, 1.00008, 0.00363707, 0.999, 0.0463588
5827.57, 1.00012, 0.00363637, 0.99927, 0.0556305
5827.58, 0.999929, 0.00363519, 0.99946, 0.0618117
5827.59, 0.999675, 0.00363416, 0.99958, 0.0618117
5827.6, 0.999504, 0.00363347, 0.99966, 0.0587211
5827.61, 0.999262, 0.00363245, 0.99971, 0.0494494
5827.62, 0.998646, 0.00363005, 0.99974, 0.0401776
5827.63, 0.998108, 0.00362794, 0.99976, 0.0339964
5827.64, 0.998402, 0.00362891, 0.99978, 0.0309058
5827.65, 0.998922, 0.00363079, 0.99979, 0.0278153
5827.66, 0.99861, 0.00362968, 0.99979, 0.0278153
5827.67, 0.998308, 0.00362787, 0.99979, 0.0309058
5827.68, 0.999325, 0.00362939, 0.99978, 0.0309058
5827.69, 1.00061, 0.00363178, 0.99977, 0.037087
5827.7, 1.00066, 0.00363134, 0.99975, 0.0494494
5827.71, 1.00044, 0.00363083, 0.99972, 0.0710834
5827.72, 1.00117, 0.00363353, 0.99968, 0.111261
5827.73, 1.00201, 0.00363589, 0.9996, 0.179254
5827.74, 1.00199, 0.00363445, 0.99947, 0.287424
5827.75, 1.0018, 0.00363285, 0.9992, 0.445044
5827.76, 1.00196, 0.00363382, 0.99869, 0.670657
5827.77, 1.00122, 0.00363222, 0.99773, 0.964262
5827.78, 0.9987, 0.00362428, 0.99604, 1.32586
5827.79, 0.995265, 0.00361368, 0.99325, 1.74618
5827.8, 0.991312, 0.00360258, 0.98899, 2.20359
5827.81, 0.98556, 0.00358699, 0.98294, 2.67645
5827.82, 0.977298, 0.00356432, 0.97506, 3.12767
5827.83, 0.967308, 0.00353618, 0.96566, 3.54181
5827.84, 0.956802, 0.00350593, 0.95551, 3.89414
5827.85, 0.947399, 0.003479, 0.94581, 4.17229
5827.86, 0.94001, 0.00345838, 0.93795, 4.36391
5827.87, 0.934562, 0.00344357, 0.9332, 4.47208
5827.88, 0.932083, 0.00343681, 0.9324, 4.48753
5827.89, 0.934881, 0.00344361, 0.93568, 4.41335
5827.9, 0.94252, 0.0034633, 0.94248, 4.25573
5827.91, 0.95179, 0.00348884, 0.95163, 4.01158
5827.92, 0.961038, 0.00351547, 0.96177, 3.68707
5827.93, 0.97006, 0.00354068, 0.97158, 3.29765
5827.94, 0.978393, 0.00356305, 0.98011, 2.85261
5827.95, 0.985372, 0.00358193, 0.98687, 2.38593
5827.96, 0.990695, 0.00359662, 0.99178, 1.91925
5827.97, 0.994323, 0.00360648, 0.99508, 1.48348
5827.98, 0.996481, 0.00361206, 0.99713, 1.09407
5827.99, 0.99758, 0.00361469, 0.99832, 0.775737
5828, 0.998342, 0.00361647, 0.99896, 0.522309
5828.01, 0.999442, 0.00361932, 0.9993, 0.336874
5828.02, 1.00038, 0.00362173, 0.99946, 0.21016
5828.03, 1.00043, 0.00362151, 0.99953, 0.129805
5828.04, 1.00007, 0.00361987, 0.99955, 0.0803552
5828.05, 0.999988, 0.00361884, 0.99953, 0.0494494
5828.06, 1.00017, 0.00361884, 0.99948, 0.0309058
5828.07, 1.00046, 0.00361973, 0.99936, 0.0247247
5828.08, 1.00098, 0.00362093, 0.99915, 0.0185435
5828.09, 1.00163, 0.0036216, 0.99877, 0.0123623
5828.1, 1.00156, 0.0036205, 0.99816, 0.00927175
5828.11, 1.00052, 0.00361774, 0.99728, 0.00927175
5828.12, 1.00007, 0.00361705, 0.9961, 0.00618117
5828.13, 1.00091, 0.00361971, 1, 0
5828.14, 1.00126, 0.00362056, 1, 0
5828.15, 1.00032, 0.00361752, 1, 0
5828.16, 0.999828, 0.00361566, 1, 0
5828.17, 1.00067, 0.00361766, 1, 0
5828.18, 1.00185, 0.00362064, 1, 0
5828.19, 1.00271, 0.00362271, 1, 0
