wav, obs, sigma_obs, syn, weight
5833.56, 0.99733, 0.00347016, 1, 0
5833.57, 0.997659, 0.003471, 1, 0
5833.58, 0.997856, 0.00347115, 1, 0
5833.59, 0.997918, 0.00347099, 1, 0
5833.6, 0.997925, 0.00347105, 1, 0
5833.61, 0.997847, 0.00347093, 1, 0
5833.62, 0.997754, 0.00347066, 1, 0
5833.63, 0.997972, 0.00347145, 0.99991, 0.00393061
5833.64, 0.998499, 0.0034733, 0.99987, 0.00491326
5833.65, 0.998776, 0.00347407, 0.99983, 0.00687857
5833.66, 0.998743, 0.00347334, 0.99981, 0.00786122
5833.67, 0.99897, 0.0034729, 0.99978, 0.00884388
5833.68, 0.999506, 0.00347356, 0.99977, 0.0108092
5833.69, 0.99991, 0.00347496, 0.99976, 0.0108092
5833.7, 0.999743, 0.00347535, 0.99975, 0.0127745
5833.71, 0.998722, 0.00347259, 0.99973, 0.0137571
5833.72, 0.997745, 0.00346922, 0.99971, 0.0157224
5833.73, 0.997935, 0.00346908, 0.99967, 0.0196531
5833.74, 0.998338, 0.00347, 0.99958, 0.0245663
5833.75, 0.997738, 0.00346877, 0.99942, 0.0363582
5833.76, 0.996975, 0.00346686, 0.99911, 0.0550286
5833.77, 0.996883, 0.00346595, 0.99856, 0.0874561
5833.78, 0.996649, 0.00346458, 0.99763, 0.14445
5833.79, 0.995422, 0.00346109, 0.99613, 0.229941
5833.8, 0.992948, 0.00345454, 0.9939, 0.356703
5833.81, 0.989362, 0.00344507, 0.99078, 0.528667
5833.82, 0.985275, 0.00343429, 0.98669, 0.751729
5833.83, 0.980432, 0.00342151, 0.98166, 1.02294
5833.84, 0.973599, 0.00340343, 0.97585, 1.33346
5833.85, 0.965761, 0.0033825, 0.96954, 1.67051
5833.86, 0.959701, 0.00336595, 0.96306, 2.01837
5833.87, 0.9553, 0.00335376, 0.95676, 2.35935
5833.88, 0.950795, 0.0033418, 0.95091, 2.68068
5833.89, 0.947273, 0.00333264, 0.94572, 2.96859
5833.9, 0.946567, 0.00333055, 0.94127, 3.22015
5833.91, 0.946573, 0.00333003, 0.93761, 3.43044
5833.92, 0.944584, 0.00332422, 0.93473, 3.59847
5833.93, 0.941269, 0.00331503, 0.93265, 3.72229
5833.94, 0.937716, 0.00330541, 0.93145, 3.79795
5833.95, 0.933661, 0.00329448, 0.93122, 3.81957
5833.96, 0.929365, 0.0032828, 0.9321, 3.78321
5833.97, 0.926728, 0.00327537, 0.93413, 3.68397
5833.98, 0.927327, 0.00327659, 0.93732, 3.52478
5833.99, 0.931854, 0.00328883, 0.94151, 3.31449
5834, 0.939649, 0.00331021, 0.94644, 3.06293
5834.01, 0.948626, 0.00333433, 0.95177, 2.79073
5834.02, 0.957855, 0.00335865, 0.95714, 2.51068
5834.03, 0.967391, 0.00338395, 0.96225, 2.23947
5834.04, 0.976236, 0.00340753, 0.9669, 1.98692
5834.05, 0.982889, 0.00342501, 0.97104, 1.756
5834.06, 0.987472, 0.00343693, 0.97471, 1.54375
5834.07, 0.990756, 0.0034457, 0.97801, 1.3482
5834.08, 0.992855, 0.00345102, 0.98107, 1.16444
5834.09, 0.993884, 0.00345268, 0.98396, 0.987566
5834.1, 0.994871, 0.00345435, 0.98672, 0.819533
5834.11, 0.996483, 0.00345868, 0.98932, 0.660343
5834.12, 0.99775, 0.00346273, 0.99167, 0.516875
5834.13, 0.998135, 0.00346444, 0.99372, 0.391096
5834.14, 0.99853, 0.00346533, 0.99542, 0.286935
5834.15, 0.999196, 0.00346609, 0.99675, 0.205374
5834.16, 0.999222, 0.00346549, 0.99774, 0.143467
5834.17, 0.998646, 0.00346414, 0.99844, 0.0992479
5834.18, 0.998582, 0.00346457, 0.99892, 0.0687857
5834.19, 0.998997, 0.00346595, 0.99924, 0.0491326
5834.2, 0.998977, 0.00346503, 0.99945, 0.0353755
5834.21, 0.998682, 0.00346313, 0.99961, 0.025549
5834.22, 0.998826, 0.00346382, 0.99973, 0.0167051
5834.23, 0.999372, 0.00346674, 0.99982, 0.0108092
5834.24, 0.999791, 0.00346896, 1, 0
5834.25, 1.00019, 0.00347108, 1, 0
5834.26, 1.0006, 0.0034732, 1, 0
5834.27, 1.001, 0.00347532, 1, 0
5834.28, 1.0014, 0.00347745, 1, 0
5834.29, 1.0018, 0.00347957, 1, 0
5834.3, 1.0022, 0.00348169, 1, 0
