wav, obs, sigma_obs, syn, weight
5834.75, 0.998197, 0.00345875, 1, 0
5834.76, 0.998176, 0.00345875, 1, 0
5834.77, 0.998344, 0.00345891, 1, 0
5834.78, 0.998699, 0.00345955, 1, 0
5834.79, 0.999136, 0.00346092, 1, 0
5834.8, 0.999347, 0.0034618, 1, 0
5834.81, 0.999069, 0.00346086, 1, 0
5834.82, 0.998747, 0.00345977, 0.99944, 0.00952285
5834.83, 0.99889, 0.00346044, 0.99939, 0.0142843
5834.84, 0.999414, 0.00346204, 0.99935, 0.0214264
5834.85, 1.00006, 0.00346336, 0.99933, 0.0261878
5834.86, 1.00046, 0.00346381, 0.99932, 0.0309493
5834.87, 1.00056, 0.00346362, 0.99932, 0.0357107
5834.88, 1.00088, 0.00346423, 0.9993, 0.0404721
5834.89, 1.00152, 0.00346596, 0.99928, 0.0452335
5834.9, 1.00194, 0.00346752, 0.99923, 0.0523757
5834.91, 1.00208, 0.00346849, 0.99917, 0.0618985
5834.92, 1.00232, 0.00346942, 0.9991, 0.0738021
5834.93, 1.00266, 0.00346989, 0.99903, 0.0928478
5834.94, 1.0028, 0.00346908, 0.99896, 0.123797
5834.95, 1.00276, 0.0034679, 0.99889, 0.176173
5834.96, 1.0026, 0.00346765, 0.99877, 0.254736
5834.97, 1.00202, 0.00346681, 0.99856, 0.378533
5834.98, 1.00074, 0.0034636, 0.99814, 0.547564
5834.99, 0.99918, 0.00345926, 0.99732, 0.771351
5835, 0.997463, 0.00345446, 0.99584, 1.05466
5835.01, 0.994359, 0.00344623, 0.99332, 1.38796
5835.02, 0.989119, 0.0034326, 0.98937, 1.75935
5835.03, 0.982405, 0.00341467, 0.98361, 2.14502
5835.04, 0.97464, 0.00339348, 0.97587, 2.52594
5835.05, 0.96568, 0.00336935, 0.96635, 2.88066
5835.06, 0.955439, 0.00334199, 0.95571, 3.18539
5835.07, 0.944065, 0.00331099, 0.94509, 3.43299
5835.08, 0.933523, 0.0032821, 0.93595, 3.61392
5835.09, 0.926938, 0.00326494, 0.92975, 3.72343
5835.1, 0.925563, 0.00326225, 0.92754, 3.76153
5835.11, 0.929366, 0.00327253, 0.92973, 3.72582
5835.12, 0.936668, 0.00329163, 0.93592, 3.61868
5835.13, 0.945551, 0.00331518, 0.94503, 3.43537
5835.14, 0.955748, 0.00334217, 0.95564, 3.18777
5835.15, 0.966898, 0.00337133, 0.96627, 2.88304
5835.16, 0.977062, 0.00339799, 0.97579, 2.5307
5835.17, 0.984769, 0.00341856, 0.98352, 2.15216
5835.18, 0.990128, 0.00343301, 0.98929, 1.76411
5835.19, 0.993608, 0.00344231, 0.99325, 1.3951
5835.2, 0.995905, 0.00344815, 0.99579, 1.06418
5835.21, 0.997481, 0.00345176, 0.99729, 0.783255
5835.22, 0.998518, 0.00345382, 0.99813, 0.564229
5835.23, 0.999061, 0.0034547, 0.99856, 0.40234
5835.24, 0.999079, 0.00345461, 0.99877, 0.295208
5835.25, 0.998742, 0.0034539, 0.99883, 0.235691
5835.26, 0.998299, 0.00345297, 0.9988, 0.219026
5835.27, 0.997821, 0.0034518, 0.99869, 0.240452
5835.28, 0.997305, 0.00345028, 0.99848, 0.297589
5835.29, 0.996756, 0.00344859, 0.9981, 0.397579
5835.3, 0.996212, 0.00344693, 0.99746, 0.538041
5835.31, 0.995809, 0.00344542, 0.9964, 0.721356
5835.32, 0.995475, 0.00344394, 0.99472, 0.93562
5835.33, 0.994662, 0.00344194, 0.99213, 1.15703
5835.34, 0.993207, 0.00343889, 0.98838, 1.34034
5835.35, 0.991582, 0.00343439, 0.98324, 1.42843
5835.36, 0.989366, 0.00342751, 0.97668, 1.37605
5835.37, 0.985221, 0.00341693, 0.96905, 1.1856
5835.38, 0.979917, 0.00340411, 0.96105, 0.897529
5835.39, 0.975744, 0.00339261, 1, 0
5835.4, 0.973154, 0.00338442, 1, 0
5835.41, 0.971599, 0.00338035, 1, 0
5835.42, 0.970985, 0.00337946, 1, 0
5835.43, 0.971307, 0.00338019, 1, 0
5835.44, 0.972102, 0.00338157, 1, 0
5835.45, 0.972673, 0.00338264, 1, 0
