wav, obs, sigma_obs, syn, weight
5835.07, 0.939331, 0.00329324, 1, 0
5835.08, 0.936429, 0.0032863, 1, 0
5835.09, 0.933528, 0.00327936, 1, 0
5835.1, 0.930626, 0.00327242, 1, 0
5835.11, 0.926602, 0.00326264, 1, 0
5835.12, 0.923845, 0.00325607, 1, 0
5835.13, 0.926432, 0.00326308, 1, 0
5835.14, 0.933538, 0.00328174, 0.97028, 0.741789
5835.15, 0.94232, 0.00330501, 0.97446, 0.977196
5835.16, 0.952231, 0.00333127, 0.97966, 1.13131
5835.17, 0.963295, 0.00336024, 0.98482, 1.16518
5835.18, 0.973742, 0.0033876, 0.98927, 1.08389
5835.19, 0.981814, 0.00340908, 0.99277, 0.924695
5835.2, 0.987489, 0.00342438, 0.99527, 0.735014
5835.21, 0.991199, 0.00343432, 0.99692, 0.552107
5835.22, 0.993629, 0.00344056, 0.99795, 0.401379
5835.23, 0.995297, 0.00344446, 0.99853, 0.286215
5835.24, 0.996404, 0.00344671, 0.99883, 0.210004
5835.25, 0.997023, 0.00344776, 0.99895, 0.167665
5835.26, 0.997116, 0.00344779, 0.99894, 0.155809
5835.27, 0.996814, 0.00344715, 0.99881, 0.171052
5835.28, 0.996379, 0.00344624, 0.99855, 0.211698
5835.29, 0.995908, 0.00344512, 0.9981, 0.282828
5835.3, 0.995398, 0.00344365, 0.99736, 0.382749
5835.31, 0.994854, 0.00344197, 0.99621, 0.518236
5835.32, 0.994304, 0.0034403, 0.99451, 0.6859
5835.33, 0.993872, 0.00343877, 0.99212, 0.882356
5835.34, 0.993557, 0.00343732, 0.98895, 1.10421
5835.35, 0.992853, 0.00343544, 0.98498, 1.33454
5835.36, 0.991469, 0.00343258, 0.98032, 1.56995
5835.37, 0.989854, 0.00342834, 0.97522, 1.7952
5835.38, 0.987819, 0.00342192, 0.97003, 2.0052
5835.39, 0.984013, 0.00341194, 0.96518, 2.1898
5835.4, 0.978743, 0.00339926, 0.96111, 2.34561
5835.41, 0.974295, 0.00338734, 0.95818, 2.47093
5835.42, 0.971509, 0.00337859, 0.95663, 2.56069
5835.43, 0.969908, 0.00337419, 0.95654, 2.6132
5835.44, 0.969125, 0.00337286, 0.95783, 2.63183
5835.45, 0.968982, 0.0033724, 0.96024, 2.61658
5835.46, 0.969999, 0.00337446, 0.96341, 2.57086
5835.47, 0.972666, 0.00338131, 0.96691, 2.50142
5835.48, 0.975905, 0.00339035, 0.97032, 2.41335
5835.49, 0.978465, 0.00339799, 0.97325, 2.31174
5835.5, 0.980086, 0.00340228, 0.97547, 2.20504
5835.51, 0.980928, 0.00340321, 0.97685, 2.09665
5835.52, 0.981637, 0.00340444, 0.97747, 1.99165
5835.53, 0.982038, 0.00340606, 0.97748, 1.89004
5835.54, 0.980569, 0.00340184, 0.97716, 1.79181
5835.55, 0.977171, 0.00339141, 0.9768, 1.69866
5835.56, 0.973606, 0.00338155, 0.97671, 1.60382
5835.57, 0.97065, 0.00337455, 0.97711, 1.51067
5835.58, 0.96824, 0.0033689, 0.97815, 1.41583
5835.59, 0.967024, 0.00336579, 0.97986, 1.31761
5835.6, 0.96792, 0.00336768, 0.98215, 1.2126
5835.61, 0.970667, 0.00337432, 0.98485, 1.09913
5835.62, 0.97456, 0.00338437, 0.98773, 0.97889
5835.63, 0.979114, 0.00339682, 0.99053, 0.851871
5835.64, 0.983942, 0.00341047, 0.99304, 0.719772
5835.65, 0.98876, 0.00342329, 0.99512, 0.589366
5835.66, 0.99321, 0.00343388, 0.99671, 0.464041
5835.67, 0.996726, 0.00344259, 0.99784, 0.348878
5835.68, 0.999044, 0.00344938, 0.99858, 0.247263
5835.69, 1.0004, 0.00345326, 0.99904, 0.164277
5835.7, 1.00092, 0.00345416, 0.9993, 0.0999213
5835.71, 1.00065, 0.00345312, 1, 0
5835.72, 1.00022, 0.00345193, 1, 0
5835.73, 1.00059, 0.0034526, 1, 0
5835.74, 1.00127, 0.00345385, 1, 0
5835.75, 1.00119, 0.00345315, 1, 0
5835.76, 1.00078, 0.0034519, 1, 0
5835.77, 1.00085, 0.0034524, 1, 0
