wav, obs, sigma_obs, syn, weight
5837.35, 1.00288, 0.00344918, 1, 0
5837.36, 1.00296, 0.00344931, 1, 0
5837.37, 1.00345, 0.00345062, 1, 0
5837.38, 1.00368, 0.00345112, 1, 0
5837.39, 1.00345, 0.00345032, 1, 0
5837.4, 1.00337, 0.00345048, 1, 0
5837.41, 1.00345, 0.00345133, 1, 0
5837.42, 1.00309, 0.00344995, 0.9998, 0.00576252
5837.43, 1.00254, 0.00344745, 0.9998, 0.0144063
5837.44, 1.0026, 0.00344753, 0.9998, 0.0144063
5837.45, 1.00328, 0.00344991, 0.9998, 0.0201688
5837.46, 1.00416, 0.00345252, 0.9998, 0.0230501
5837.47, 1.00485, 0.00345424, 0.9998, 0.0230501
5837.48, 1.00515, 0.00345475, 0.99979, 0.0288126
5837.49, 1.00542, 0.00345541, 0.99978, 0.0288126
5837.5, 1.00576, 0.00345654, 0.99976, 0.0316939
5837.51, 1.00535, 0.00345536, 0.99974, 0.0374564
5837.52, 1.00427, 0.00345202, 0.99972, 0.0518627
5837.53, 1.00406, 0.0034516, 0.99968, 0.0691502
5837.54, 1.00466, 0.00345388, 0.99963, 0.103725
5837.55, 1.00436, 0.00345317, 0.99956, 0.161351
5837.56, 1.00336, 0.0034498, 0.99945, 0.253551
5837.57, 1.00307, 0.00344796, 0.99926, 0.391851
5837.58, 1.00309, 0.00344724, 0.99891, 0.587777
5837.59, 1.00237, 0.00344535, 0.9983, 0.852853
5837.6, 1.00088, 0.00344185, 0.99722, 1.18708
5837.61, 0.998696, 0.00343653, 0.99541, 1.57893
5837.62, 0.995243, 0.00342788, 0.99257, 2.01976
5837.63, 0.99022, 0.003415, 0.98842, 2.48076
5837.64, 0.984222, 0.0033989, 0.98279, 2.93888
5837.65, 0.977628, 0.00338055, 0.97581, 3.36531
5837.66, 0.970335, 0.00336056, 0.96792, 3.73988
5837.67, 0.962517, 0.00333982, 0.95994, 4.04241
5837.68, 0.954749, 0.00331975, 0.95294, 4.26715
5837.69, 0.948775, 0.00330444, 0.94802, 4.40545
5837.7, 0.9468, 0.00329914, 0.94603, 4.46019
5837.71, 0.948677, 0.0033039, 0.94732, 4.42273
5837.72, 0.953231, 0.00331625, 0.95163, 4.30172
5837.73, 0.959526, 0.00333316, 0.95819, 4.09427
5837.74, 0.966665, 0.00335169, 0.96592, 3.80903
5837.75, 0.973648, 0.00336989, 0.9737, 3.44887
5837.76, 0.979827, 0.00338649, 0.98064, 3.03109
5837.77, 0.985289, 0.00340135, 0.9862, 2.57873
5837.78, 0.990045, 0.00341404, 0.99021, 2.11773
5837.79, 0.993882, 0.00342369, 0.99282, 1.67113
5837.8, 0.996651, 0.00343037, 0.99433, 1.26775
5837.81, 0.998294, 0.00343499, 0.99511, 0.922003
5837.82, 0.998887, 0.00343709, 0.99548, 0.645402
5837.83, 0.998661, 0.00343587, 0.99572, 0.43507
5837.84, 0.998333, 0.0034341, 0.99597, 0.288126
5837.85, 0.998525, 0.00343474, 0.9963, 0.187282
5837.86, 0.998561, 0.00343495, 0.99674, 0.123894
5837.87, 0.99789, 0.00343247, 0.99724, 0.0864378
5837.88, 0.997313, 0.00343106, 0.99774, 0.066269
5837.89, 0.997458, 0.00343279, 0.99821, 0.0518627
5837.9, 0.998185, 0.00343466, 0.99861, 0.0432189
5837.91, 0.998674, 0.00343424, 0.99891, 0.0374564
5837.92, 0.997467, 0.00343065, 0.99912, 0.0374564
5837.93, 0.994851, 0.00342481, 0.99925, 0.0345751
5837.94, 0.992442, 0.00341878, 0.9993, 0.0316939
5837.95, 0.989974, 0.00341208, 0.99931, 0.0259313
5837.96, 0.986446, 0.00340333, 0.99929, 0.0230501
5837.97, 0.983102, 0.00339483, 0.99926, 0.0201688
5837.98, 0.981396, 0.00338926, 0.99923, 0.011525
5837.99, 0.980265, 0.00338522, 1, 0
5838, 0.97896, 0.00338196, 1, 0
5838.01, 0.979043, 0.00338268, 1, 0
5838.02, 0.98123, 0.0033886, 1, 0
5838.03, 0.983863, 0.0033956, 1, 0
5838.04, 0.986074, 0.00340157, 1, 0
5838.05, 0.988286, 0.00340755, 1, 0
