wav, obs, sigma_obs, syn, weight
5844.95, 0.986593, 0.00344113, 1, 0
5844.96, 0.989584, 0.00344781, 1, 0
5844.97, 0.992585, 0.00345448, 1, 0
5844.98, 0.994972, 0.00346155, 1, 0
5844.99, 0.996578, 0.00346774, 1, 0
5845, 0.997543, 0.00347068, 1, 0
5845.01, 0.998118, 0.00347184, 1, 0
5845.02, 0.998557, 0.00347386, 0.99892, 0.101173
5845.03, 0.998871, 0.00347491, 0.99922, 0.127566
5845.04, 0.999109, 0.00347385, 0.99943, 0.140762
5845.05, 0.99959, 0.00347478, 0.99956, 0.136364
5845.06, 1.00028, 0.0034786, 0.99963, 0.123167
5845.07, 1.00062, 0.00348083, 0.99966, 0.109971
5845.08, 1.00058, 0.00348025, 0.99967, 0.0967742
5845.09, 1.00055, 0.00347864, 0.99967, 0.0879765
5845.1, 1.00056, 0.00347795, 0.99965, 0.0879765
5845.11, 1.00059, 0.0034794, 0.99962, 0.105572
5845.12, 1.00085, 0.00348131, 0.99958, 0.131965
5845.13, 1.00128, 0.00348206, 0.99952, 0.175953
5845.14, 1.00119, 0.00348164, 0.99943, 0.241935
5845.15, 1.00066, 0.00348095, 0.99929, 0.351906
5845.16, 1.00062, 0.00348139, 0.99906, 0.501466
5845.17, 1.00051, 0.0034812, 0.99868, 0.71261
5845.18, 0.999149, 0.00347755, 0.99806, 0.985337
5845.19, 0.997706, 0.0034737, 0.99707, 1.31965
5845.2, 0.997137, 0.0034723, 0.99557, 1.70235
5845.21, 0.995285, 0.00346777, 0.99343, 2.12023
5845.22, 0.99134, 0.00345784, 0.99055, 2.54692
5845.23, 0.987532, 0.00344791, 0.98698, 2.96041
5845.24, 0.984147, 0.00343861, 0.98287, 3.33431
5845.25, 0.979683, 0.00342626, 0.97858, 3.65103
5845.26, 0.974838, 0.0034132, 0.97457, 3.90176
5845.27, 0.971273, 0.00340419, 0.97137, 4.07771
5845.28, 0.969686, 0.00340053, 0.96946, 4.17009
5845.29, 0.970069, 0.00340173, 0.96913, 4.18768
5845.3, 0.971421, 0.00340544, 0.97042, 4.1261
5845.31, 0.973579, 0.00341139, 0.97312, 3.98094
5845.32, 0.977533, 0.00342204, 0.97682, 3.761
5845.33, 0.982599, 0.00343568, 0.98099, 3.46628
5845.34, 0.987013, 0.00344791, 0.98514, 3.11437
5845.35, 0.990338, 0.00345734, 0.98886, 2.71408
5845.36, 0.99274, 0.00346413, 0.99193, 2.28739
5845.37, 0.994565, 0.00346919, 0.99428, 1.8607
5845.38, 0.996119, 0.00347325, 0.99596, 1.46041
5845.39, 0.997544, 0.00347635, 0.99711, 1.1085
5845.4, 0.998818, 0.00347906, 0.99788, 0.809384
5845.41, 0.999758, 0.00348235, 0.99839, 0.576246
5845.42, 1.00014, 0.00348488, 0.99875, 0.400293
5845.43, 0.999863, 0.00348473, 0.99901, 0.277126
5845.44, 0.999655, 0.00348391, 0.9992, 0.193548
5845.45, 1.00004, 0.00348443, 0.99936, 0.136364
5845.46, 1.00044, 0.00348515, 0.99948, 0.105572
5845.47, 1.00048, 0.00348516, 0.99957, 0.0835777
5845.48, 1.00036, 0.00348451, 0.99964, 0.0659824
5845.49, 1.00018, 0.00348395, 0.9997, 0.0571848
5845.5, 0.999924, 0.00348453, 0.99973, 0.0483871
5845.51, 0.999798, 0.003486, 0.99976, 0.0439883
5845.52, 1.00002, 0.00348766, 0.99978, 0.0351906
5845.53, 1.00065, 0.0034894, 0.99979, 0.0351906
5845.54, 1.00139, 0.00349079, 0.99979, 0.026393
5845.55, 1.00137, 0.00349063, 0.99979, 0.0219941
5845.56, 1.00056, 0.00348874, 0.99979, 0.0131965
5845.57, 0.99987, 0.00348627, 1, 0
5845.58, 0.999611, 0.00348495, 1, 0
5845.59, 0.999695, 0.00348618, 1, 0
5845.6, 0.999904, 0.00348815, 1, 0
5845.61, 1.00005, 0.0034889, 1, 0
5845.62, 1.00017, 0.00348916, 1, 0
5845.63, 1.00031, 0.00348972, 1, 0
