wav, obs, sigma_obs, syn, weight
5851.84, 0.995349, 0.00365503, 1, 0
5851.85, 0.993768, 0.00365191, 1, 0
5851.86, 0.993782, 0.00365263, 1, 0
5851.87, 0.995945, 0.00365856, 1, 0
5851.88, 0.998226, 0.00366492, 1, 0
5851.89, 0.999338, 0.00366861, 1, 0
5851.9, 0.999184, 0.00366922, 1, 0
5851.91, 0.998807, 0.003669, 0.99943, 0.0109845
5851.92, 0.99916, 0.00367019, 0.99939, 0.0155614
5851.93, 0.99928, 0.00367115, 0.99935, 0.0201382
5851.94, 0.998682, 0.00367054, 0.9993, 0.0247151
5851.95, 0.998105, 0.00366869, 0.99924, 0.029292
5851.96, 0.997803, 0.00366703, 0.99917, 0.0320381
5851.97, 0.997602, 0.00366699, 0.99908, 0.0356996
5851.98, 0.997213, 0.00366678, 0.99896, 0.0393611
5851.99, 0.996513, 0.00366497, 0.99879, 0.0430226
5852, 0.995833, 0.00366325, 0.99855, 0.0485149
5852.01, 0.995511, 0.00366283, 0.99821, 0.0567532
5852.02, 0.995744, 0.00366389, 0.99774, 0.065907
5852.03, 0.995955, 0.00366499, 0.99713, 0.0787222
5852.04, 0.995459, 0.0036644, 0.9964, 0.101607
5852.05, 0.994464, 0.00366192, 0.99558, 0.135475
5852.06, 0.993632, 0.0036592, 0.99472, 0.192229
5852.07, 0.993868, 0.00365979, 0.99385, 0.279189
5852.08, 0.993858, 0.00366022, 0.99293, 0.408257
5852.09, 0.991361, 0.0036538, 0.9918, 0.589501
5852.1, 0.987802, 0.00364409, 0.99005, 0.832076
5852.11, 0.984433, 0.00363445, 0.98697, 1.13506
5852.12, 0.97936, 0.00361995, 0.9815, 1.49572
5852.13, 0.970527, 0.00359547, 0.97231, 1.90489
5852.14, 0.956302, 0.00355698, 0.95797, 2.34519
5852.15, 0.936107, 0.00350141, 0.93741, 2.79922
5852.16, 0.909945, 0.00342715, 0.9104, 3.24592
5852.17, 0.878083, 0.0033361, 0.87803, 3.6615
5852.18, 0.842433, 0.00323458, 0.84293, 4.02765
5852.19, 0.807371, 0.00313466, 0.80899, 4.32515
5852.2, 0.777403, 0.0030491, 0.78073, 4.54117
5852.21, 0.756917, 0.00299059, 0.76229, 4.67024
5852.22, 0.749979, 0.00297054, 0.7565, 4.70594
5852.23, 0.758763, 0.00299537, 0.76412, 4.64736
5852.24, 0.781264, 0.00306068, 0.78365, 4.49815
5852.25, 0.812883, 0.00315291, 0.81167, 4.26198
5852.26, 0.847175, 0.00325152, 0.84366, 3.9471
5852.27, 0.880067, 0.00334527, 0.87507, 3.56813
5852.28, 0.908897, 0.00342779, 0.90234, 3.1434
5852.29, 0.931624, 0.00349284, 0.92353, 2.69303
5852.3, 0.94786, 0.00353893, 0.93847, 2.23992
5852.31, 0.959501, 0.00357173, 0.94831, 1.80512
5852.32, 0.967699, 0.00359502, 0.9549, 1.40602
5852.33, 0.973075, 0.00361097, 0.96003, 1.05726
5852.34, 0.977072, 0.00362307, 0.96495, 0.767999
5852.35, 0.98112, 0.00363492, 0.97023, 0.540071
5852.36, 0.985939, 0.00364913, 0.97581, 0.371642
5852.37, 0.990735, 0.00366342, 0.98132, 0.253559
5852.38, 0.993596, 0.00367166, 0.98628, 0.174837
5852.39, 0.995599, 0.0036774, 0.99037, 0.126322
5852.4, 0.998216, 0.00368553, 0.99347, 0.095199
5852.41, 0.999276, 0.00368937, 0.99564, 0.0759761
5852.42, 0.998379, 0.00368735, 0.99704, 0.0631609
5852.43, 0.998698, 0.00368851, 0.9979, 0.0540071
5852.44, 1.00017, 0.00369278, 0.99841, 0.0475995
5852.45, 1.0007, 0.00369432, 0.9987, 0.0430226
5852.46, 1.00052, 0.00369396, 0.99887, 0.0384457
5852.47, 1.00012, 0.00369316, 0.99898, 0.0347842
5852.48, 0.998918, 0.00369023, 0.99906, 0.0320381
5852.49, 0.997441, 0.00368648, 0.99912, 0.0283766
5852.5, 0.997276, 0.00368615, 0.99917, 0.0256305
5852.51, 0.99825, 0.00368935, 0.99921, 0.021969
5852.52, 0.999173, 0.00369313, 0.99925, 0.0183075
5852.53, 0.998375, 0.00369146, 0.99928, 0.0137306
5852.54, 0.996433, 0.00368568, 0.99929, 0.00915375
5852.55, 0.996897, 0.00368735, 1, 0
5852.56, 0.998609, 0.0036929, 1, 0
5852.57, 0.998161, 0.00369152, 1, 0
5852.58, 0.997251, 0.00368884, 1, 0
5852.59, 0.997777, 0.00369104, 1, 0
5852.6, 0.998603, 0.00369426, 1, 0
5852.61, 0.99917, 0.00369661, 1, 0
