wav, obs, sigma_obs, syn, weight
5852.81, 1.00149, 0.00371115, 1, 0
5852.82, 1.00259, 0.00371516, 1, 0
5852.83, 1.00375, 0.00371936, 1, 0
5852.84, 1.00332, 0.00371876, 1, 0
5852.85, 1.00232, 0.00371592, 1, 0
5852.86, 1.00312, 0.00371753, 1, 0
5852.87, 1.00391, 0.00371989, 1, 0
5852.88, 1.00271, 0.00371818, 0.99946, 0.0089471
5852.89, 1.00166, 0.00371632, 0.99944, 0.0089471
5852.9, 1.00162, 0.00371601, 0.99941, 0.0119295
5852.91, 1.00112, 0.00371475, 0.99938, 0.0149118
5852.92, 1.00071, 0.0037138, 0.99934, 0.0178942
5852.93, 1.00152, 0.00371546, 0.99929, 0.0208766
5852.94, 1.00206, 0.00371706, 0.99923, 0.0208766
5852.95, 1.00146, 0.0037169, 0.99916, 0.0238589
5852.96, 1.00093, 0.00371701, 0.99908, 0.0238589
5852.97, 1.00092, 0.00371774, 0.999, 0.032806
5852.98, 1.00111, 0.00371803, 0.9989, 0.0447355
5852.99, 1.00113, 0.00371773, 0.99878, 0.0685944
5853, 1.00078, 0.00371711, 0.99863, 0.11333
5853.01, 1.00026, 0.00371658, 0.99842, 0.190871
5853.02, 0.999566, 0.00371539, 0.99809, 0.319113
5853.03, 0.998436, 0.00371193, 0.99754, 0.509984
5853.04, 0.997024, 0.00370754, 0.99663, 0.772433
5853.05, 0.995414, 0.00370361, 0.9951, 1.1154
5853.06, 0.992744, 0.00369672, 0.99263, 1.52399
5853.07, 0.988577, 0.00368529, 0.98886, 1.98924
5853.08, 0.983349, 0.00367171, 0.98346, 2.4694
5853.09, 0.976941, 0.00365473, 0.9763, 2.94658
5853.1, 0.968914, 0.00363145, 0.96758, 3.38498
5853.11, 0.959337, 0.00360353, 0.95793, 3.76374
5853.12, 0.949053, 0.00357467, 0.9484, 4.06496
5853.13, 0.940117, 0.00354971, 0.94028, 4.28268
5853.14, 0.934055, 0.0035329, 0.93482, 4.4139
5853.15, 0.931716, 0.00352735, 0.93296, 4.45864
5853.16, 0.93359, 0.0035334, 0.93504, 4.41688
5853.17, 0.939846, 0.00355067, 0.9407, 4.28566
5853.18, 0.950097, 0.00357976, 0.94903, 4.07093
5853.19, 0.962341, 0.00361561, 0.95875, 3.76971
5853.2, 0.97295, 0.00364675, 0.96855, 3.39393
5853.21, 0.980895, 0.00366978, 0.97737, 2.95254
5853.22, 0.986717, 0.00368646, 0.98456, 2.47835
5853.23, 0.991049, 0.00369945, 0.9899, 1.9952
5853.24, 0.994193, 0.00370982, 0.99353, 1.53294
5853.25, 0.995924, 0.00371575, 0.9958, 1.12137
5853.26, 0.996799, 0.00371855, 0.99709, 0.78138
5853.27, 0.997775, 0.00372135, 0.99774, 0.515949
5853.28, 0.99849, 0.00372291, 0.99803, 0.322095
5853.29, 0.998359, 0.00372185, 0.99813, 0.193854
5853.3, 0.997343, 0.00371986, 0.99812, 0.116312
5853.31, 0.996234, 0.00371878, 0.99806, 0.0715768
5853.32, 0.996334, 0.00371975, 0.99797, 0.0447355
5853.33, 0.996869, 0.00372084, 0.99787, 0.032806
5853.34, 0.996668, 0.0037201, 0.99775, 0.0298237
5853.35, 0.996364, 0.00372008, 0.99762, 0.0298237
5853.36, 0.996224, 0.003721, 0.99747, 0.032806
5853.37, 0.995621, 0.00371924, 0.99731, 0.0357884
5853.38, 0.99488, 0.00371683, 0.99712, 0.0387707
5853.39, 0.994694, 0.00371777, 0.9969, 0.0357884
5853.4, 0.994604, 0.00371884, 0.99664, 0.032806
5853.41, 0.994238, 0.00371752, 0.99637, 0.0298237
5853.42, 0.993908, 0.00371614, 0.99611, 0.0208766
5853.43, 0.993429, 0.00371502, 1, 0
5853.44, 0.992363, 0.00371293, 1, 0
5853.45, 0.991601, 0.00371179, 1, 0
5853.46, 0.991838, 0.00371302, 1, 0
5853.47, 0.992106, 0.00371411, 1, 0
5853.48, 0.991932, 0.00371392, 1, 0
5853.49, 0.991782, 0.0037138, 1, 0
