wav, obs, sigma_obs, syn, weight
5854.72, 1.00097, 0.00380151, 1, 0
5854.73, 1.00138, 0.00380268, 1, 0
5854.74, 1.00186, 0.00380406, 1, 0
5854.75, 1.00241, 0.00380603, 1, 0
5854.76, 1.00294, 0.00380873, 1, 0
5854.77, 1.00302, 0.00381039, 1, 0
5854.78, 1.00264, 0.00381025, 1, 0
5854.79, 1.00268, 0.00381043, 0.99917, 0.0106876
5854.8, 1.0029, 0.00381114, 0.99914, 0.0142502
5854.81, 1.00238, 0.00381127, 0.99911, 0.019594
5854.82, 1.00237, 0.0038127, 0.99908, 0.0231565
5854.83, 1.00361, 0.0038161, 0.99905, 0.026719
5854.84, 1.00406, 0.00381724, 0.99902, 0.0302816
5854.85, 1.00305, 0.00381484, 0.99898, 0.0338441
5854.86, 1.00175, 0.00381134, 0.99894, 0.0374067
5854.87, 1.00137, 0.00381033, 0.99888, 0.0409692
5854.88, 1.00243, 0.00381371, 0.99882, 0.0480943
5854.89, 1.00364, 0.00381786, 0.99874, 0.0587819
5854.9, 1.00397, 0.00381944, 0.99864, 0.0765946
5854.91, 1.00314, 0.00381718, 0.9985, 0.105095
5854.92, 1.00227, 0.00381521, 0.99832, 0.153189
5854.93, 1.0023, 0.00381709, 0.99804, 0.229784
5854.94, 1.00151, 0.00381588, 0.99759, 0.347348
5854.95, 0.999678, 0.00381033, 0.99682, 0.51835
5854.96, 0.998966, 0.00380853, 0.99548, 0.753477
5854.97, 0.99777, 0.00380609, 0.9932, 1.05629
5854.98, 0.993208, 0.0037938, 0.98947, 1.4268
5854.99, 0.986507, 0.00377419, 0.98369, 1.85252
5855, 0.978345, 0.00374952, 0.9753, 2.31387
5855.01, 0.967082, 0.00371734, 0.96397, 2.78056
5855.02, 0.952729, 0.00367673, 0.94984, 3.233
5855.03, 0.936391, 0.0036284, 0.93367, 3.63913
5855.04, 0.918251, 0.00357447, 0.91688, 3.98292
5855.05, 0.899856, 0.00352107, 0.90137, 4.25011
5855.06, 0.885627, 0.0034806, 0.88925, 4.43358
5855.07, 0.877834, 0.00345893, 0.88232, 4.53155
5855.08, 0.876875, 0.00345667, 0.88166, 4.54046
5855.09, 0.883743, 0.00347734, 0.88739, 4.4603
5855.1, 0.898082, 0.00352035, 0.89859, 4.29464
5855.11, 0.91616, 0.00357389, 0.91356, 4.04348
5855.12, 0.934196, 0.00362681, 0.93024, 3.71395
5855.13, 0.949278, 0.00367124, 0.94662, 3.31851
5855.14, 0.961771, 0.0037083, 0.96119, 2.87497
5855.15, 0.972553, 0.0037403, 0.97302, 2.41006
5855.16, 0.980573, 0.00376382, 0.9819, 1.94515
5855.17, 0.985651, 0.00377866, 0.98806, 1.51052
5855.18, 0.988788, 0.00378863, 0.99205, 1.12754
5855.19, 0.990473, 0.00379452, 0.99449, 0.808697
5855.2, 0.99135, 0.00379741, 0.99592, 0.559319
5855.21, 0.993221, 0.00380339, 0.99676, 0.377629
5855.22, 0.995394, 0.00381064, 0.99728, 0.249378
5855.23, 0.994497, 0.00380847, 0.99764, 0.165658
5855.24, 0.992848, 0.00380415, 0.99792, 0.114001
5855.25, 0.993892, 0.00380852, 0.99814, 0.0819384
5855.26, 0.994362, 0.00381107, 0.99833, 0.0623444
5855.27, 0.993084, 0.00380771, 0.99848, 0.0498756
5855.28, 0.993439, 0.00380851, 0.99859, 0.0445317
5855.29, 0.994836, 0.0038122, 0.99868, 0.0374067
5855.3, 0.994919, 0.00381243, 0.99874, 0.0338441
5855.31, 0.994755, 0.00381255, 0.99879, 0.0302816
5855.32, 0.995448, 0.00381562, 0.99883, 0.0285003
5855.33, 0.996765, 0.00382024, 0.99886, 0.026719
5855.34, 0.99792, 0.00382413, 0.99889, 0.0213752
5855.35, 0.998056, 0.00382515, 0.99891, 0.0178127
5855.36, 0.997356, 0.00382362, 0.99892, 0.0142502
5855.37, 0.996404, 0.00382104, 0.99892, 0.00890635
5855.38, 0.995904, 0.00381956, 1, 0
5855.39, 0.995402, 0.00381841, 1, 0
5855.4, 0.993818, 0.003815, 1, 0
5855.41, 0.991605, 0.00380998, 1, 0
5855.42, 0.989416, 0.00380461, 1, 0
5855.43, 0.987241, 0.00379921, 1, 0
5855.44, 0.985053, 0.00379383, 1, 0
