wav, obs, sigma_obs, syn, weight
5855.71, 1.00179, 0.00385391, 1, 0
5855.72, 1.00091, 0.00385147, 1, 0
5855.73, 1.00062, 0.00385057, 1, 0
5855.74, 1.00116, 0.00385179, 1, 0
5855.75, 1.00068, 0.00385018, 1, 0
5855.76, 0.999282, 0.00384664, 1, 0
5855.77, 0.999405, 0.00384858, 0.99785, 0.00483098
5855.78, 0.999311, 0.0038492, 0.99718, 0.00772957
5855.79, 0.996753, 0.00384075, 0.99621, 0.0115943
5855.8, 0.994838, 0.00383593, 0.99482, 0.0144929
5855.81, 0.994519, 0.00383778, 0.99298, 0.0183577
5855.82, 0.99284, 0.00383285, 0.99069, 0.0212563
5855.83, 0.989844, 0.00382308, 0.98811, 0.0241549
5855.84, 0.987152, 0.00381692, 0.98548, 0.0260873
5855.85, 0.985442, 0.00381307, 0.98312, 0.0289859
5855.86, 0.984582, 0.00380947, 0.98137, 0.0328507
5855.87, 0.983724, 0.00380635, 0.98048, 0.0376816
5855.88, 0.98351, 0.00380641, 0.98059, 0.0434788
5855.89, 0.985063, 0.0038124, 0.98167, 0.0512084
5855.9, 0.98771, 0.00382157, 0.98351, 0.0628027
5855.91, 0.989966, 0.0038292, 0.9858, 0.0821266
5855.92, 0.990059, 0.00383041, 0.9882, 0.113045
5855.93, 0.989609, 0.00382943, 0.99036, 0.164253
5855.94, 0.991324, 0.0038337, 0.99203, 0.247346
5855.95, 0.992899, 0.00383857, 0.99298, 0.373918
5855.96, 0.992317, 0.00383878, 0.993, 0.555563
5855.97, 0.99028, 0.00383365, 0.99173, 0.799044
5855.98, 0.987448, 0.0038249, 0.98863, 1.10919
5855.99, 0.983781, 0.00381398, 0.98291, 1.47925
5856, 0.976977, 0.00379476, 0.97359, 1.90051
5856.01, 0.964863, 0.00376025, 0.95973, 2.35462
5856.02, 0.946737, 0.00370636, 0.94074, 2.82226
5856.03, 0.922937, 0.00363475, 0.91678, 3.27927
5856.04, 0.894482, 0.00355063, 0.88904, 3.7015
5856.05, 0.862412, 0.00345572, 0.85983, 4.06962
5856.06, 0.829722, 0.00335799, 0.83231, 4.36624
5856.07, 0.803049, 0.00327893, 0.81002, 4.57784
5856.08, 0.786721, 0.00323066, 0.79612, 4.69958
5856.09, 0.782675, 0.00321693, 0.79274, 4.72856
5856.1, 0.792011, 0.0032451, 0.80038, 4.66189
5856.11, 0.813796, 0.00331416, 0.81786, 4.50344
5856.12, 0.843399, 0.00340356, 0.84258, 4.25706
5856.13, 0.875729, 0.00349873, 0.87114, 3.93048
5856.14, 0.906136, 0.00359197, 0.90006, 3.53821
5856.15, 0.932506, 0.00367276, 0.92649, 3.09762
5856.16, 0.953718, 0.00373414, 0.94856, 2.63385
5856.17, 0.968907, 0.00377947, 0.96551, 2.16911
5856.18, 0.978895, 0.00381173, 0.97755, 1.72563
5856.19, 0.985753, 0.00383245, 0.98549, 1.32369
5856.2, 0.989796, 0.00384404, 0.99038, 0.976824
5856.21, 0.991424, 0.00385003, 0.99322, 0.693729
5856.22, 0.992783, 0.00385551, 0.99482, 0.475368
5856.23, 0.994328, 0.00386095, 0.99571, 0.317878
5856.24, 0.994917, 0.00386291, 0.99623, 0.209664
5856.25, 0.995414, 0.00386384, 0.99654, 0.140098
5856.26, 0.996632, 0.00386644, 0.99676, 0.0975858
5856.27, 0.997216, 0.00386804, 0.99691, 0.0724647
5856.28, 0.996996, 0.0038684, 0.99702, 0.0570055
5856.29, 0.997149, 0.00387007, 0.99711, 0.0473436
5856.3, 0.997352, 0.00387169, 0.99717, 0.0405802
5856.31, 0.997065, 0.00387159, 0.99721, 0.034783
5856.32, 0.996925, 0.00387194, 0.99724, 0.0318845
5856.33, 0.996928, 0.00387267, 0.99726, 0.0280197
5856.34, 0.996378, 0.00387132, 0.99726, 0.0251211
5856.35, 0.996069, 0.00387072, 0.99724, 0.0231887
5856.36, 0.996804, 0.00387374, 0.9972, 0.0212563
5856.37, 0.997543, 0.0038766, 0.99714, 0.0183577
5856.38, 0.997625, 0.0038775, 0.99707, 0.0154591
5856.39, 0.997223, 0.00387791, 0.99699, 0.0115943
5856.4, 0.996895, 0.00387747, 0.99693, 0.00772957
5856.41, 0.997178, 0.00387652, 0.99694, 0.00386478
5856.42, 0.998061, 0.00387989, 1, 0
5856.43, 0.998904, 0.00388592, 1, 0
5856.44, 0.998614, 0.00388565, 1, 0
5856.45, 0.997503, 0.00388026, 1, 0
5856.46, 0.996679, 0.00387665, 1, 0
5856.47, 0.995855, 0.00387305, 1, 0
