wav, obs, sigma_obs, syn, weight
5860.77, 0.999882, 0.00418732, 1, 0
5860.78, 1.00019, 0.00418792, 1, 0
5860.79, 0.998937, 0.00418558, 1, 0
5860.8, 0.997114, 0.00418232, 1, 0
5860.81, 0.997434, 0.00418349, 1, 0
5860.82, 0.998002, 0.00418529, 1, 0
5860.83, 0.997127, 0.00418478, 0.99851, 0.0221712
5860.84, 0.997006, 0.00418733, 0.99824, 0.0411751
5860.85, 0.997672, 0.00419116, 0.99802, 0.060179
5860.86, 0.997643, 0.00419049, 0.99786, 0.0791829
5860.87, 0.997426, 0.00418881, 0.99776, 0.0918522
5860.88, 0.997568, 0.00418901, 0.99773, 0.101354
5860.89, 0.997873, 0.00418963, 0.99778, 0.107689
5860.9, 0.997934, 0.00419027, 0.99789, 0.107689
5860.91, 0.997618, 0.0041913, 0.99804, 0.114023
5860.92, 0.997774, 0.0041933, 0.99822, 0.120358
5860.93, 0.998271, 0.00419512, 0.9984, 0.12986
5860.94, 0.998063, 0.00419457, 0.99855, 0.148864
5860.95, 0.997753, 0.00419443, 0.99865, 0.17737
5860.96, 0.997719, 0.00419611, 0.99869, 0.228047
5860.97, 0.996765, 0.004195, 0.99863, 0.310397
5860.98, 0.995903, 0.00419319, 0.99842, 0.43709
5860.99, 0.996899, 0.00419568, 0.99798, 0.623961
5861, 0.997366, 0.00419714, 0.99716, 0.871012
5861.01, 0.995902, 0.00419365, 0.99579, 1.18774
5861.02, 0.99384, 0.00418709, 0.99366, 1.56149
5861.03, 0.991147, 0.00417917, 0.99057, 1.97957
5861.04, 0.987346, 0.00417009, 0.98644, 2.4135
5861.05, 0.982973, 0.0041568, 0.98132, 2.83792
5861.06, 0.977786, 0.00413859, 0.97551, 3.22116
5861.07, 0.971034, 0.00411787, 0.96948, 3.55373
5861.08, 0.964541, 0.00409851, 0.96384, 3.81662
5861.09, 0.959965, 0.00408344, 0.95926, 4.00349
5861.1, 0.956906, 0.00407311, 0.95632, 4.11434
5861.11, 0.955453, 0.00406906, 0.9554, 4.14602
5861.12, 0.956236, 0.00407333, 0.95663, 4.09851
5861.13, 0.959982, 0.00408595, 0.95983, 3.97498
5861.14, 0.966281, 0.00410573, 0.96459, 3.77544
5861.15, 0.973232, 0.0041301, 0.97031, 3.49989
5861.16, 0.979369, 0.00415316, 0.97634, 3.15782
5861.17, 0.984105, 0.00417032, 0.98206, 2.7619
5861.18, 0.98835, 0.00418429, 0.98702, 2.33748
5861.19, 0.991327, 0.00419375, 0.99099, 1.90672
5861.2, 0.991438, 0.00419502, 0.99392, 1.49814
5861.21, 0.992267, 0.00419798, 0.99592, 1.14023
5861.22, 0.99551, 0.00420753, 0.9972, 0.836172
5861.23, 0.996881, 0.00421282, 0.99797, 0.604958
5861.24, 0.996984, 0.00421541, 0.9984, 0.43709
5861.25, 0.998536, 0.00422181, 0.99863, 0.319899
5861.26, 0.999103, 0.0042241, 0.99876, 0.250218
5861.27, 0.998563, 0.0042227, 0.99882, 0.205876
5861.28, 1.0002, 0.00422919, 0.99886, 0.183704
5861.29, 1.00121, 0.00423419, 0.99888, 0.167868
5861.3, 0.999087, 0.00422855, 0.99889, 0.161533
5861.31, 0.998435, 0.00422598, 0.99889, 0.158366
5861.32, 1.00004, 0.00423085, 0.99889, 0.158366
5861.33, 1.00104, 0.00423679, 0.99888, 0.152031
5861.34, 1.00089, 0.0042376, 0.99888, 0.152031
5861.35, 0.999523, 0.00423158, 0.99886, 0.139362
5861.36, 0.996846, 0.00422419, 0.99885, 0.120358
5861.37, 0.996049, 0.00422367, 0.99885, 0.0918522
5861.38, 0.999618, 0.00423388, 0.99887, 0.0633463
5861.39, 1.002, 0.00424164, 0.99893, 0.0380078
5861.4, 1.00135, 0.00424226, 1, 0
5861.41, 1.00101, 0.00424283, 1, 0
5861.42, 1.00095, 0.0042431, 1, 0
5861.43, 1.00028, 0.00424125, 1, 0
5861.44, 0.999528, 0.00423911, 1, 0
5861.45, 0.998861, 0.00423725, 1, 0
