wav, obs, sigma_obs, syn, weight
5870.94, 0.988432, 0.00451365, 1, 0
5870.95, 0.989865, 0.00451752, 1, 0
5870.96, 0.991298, 0.00452139, 1, 0
5870.97, 0.992732, 0.00452526, 1, 0
5870.98, 0.994165, 0.00452913, 1, 0
5870.99, 0.995615, 0.004533, 1, 0
5871, 0.997085, 0.00453686, 1, 0
5871.01, 0.998435, 0.00454074, 1, 0
5871.02, 0.999495, 0.00454407, 0.99984, 0.00567931
5871.03, 0.999924, 0.0045449, 0.99979, 0.00946552
5871.04, 0.999559, 0.00454216, 0.99972, 0.00946552
5871.05, 0.99881, 0.00453775, 0.99964, 0.0113586
5871.06, 0.998142, 0.00453386, 0.99956, 0.0151448
5871.07, 0.997882, 0.004532, 0.99947, 0.0170379
5871.08, 0.998228, 0.00453294, 0.99937, 0.018931
5871.09, 0.998963, 0.00453488, 0.99926, 0.0227173
5871.1, 0.999751, 0.00453574, 0.99914, 0.0283966
5871.11, 1.0002, 0.00453518, 0.999, 0.035969
5871.12, 0.999964, 0.00453337, 0.99883, 0.0492207
5871.13, 0.999093, 0.00452996, 0.9986, 0.071938
5871.14, 0.997836, 0.00452477, 0.99827, 0.107907
5871.15, 0.996828, 0.00451988, 0.99778, 0.168486
5871.16, 0.996759, 0.00451803, 0.99706, 0.261248
5871.17, 0.997196, 0.00451811, 0.99601, 0.395659
5871.18, 0.997111, 0.0045169, 0.99455, 0.586862
5871.19, 0.995786, 0.00451175, 0.99259, 0.838645
5871.2, 0.992777, 0.00450063, 0.9901, 1.15101
5871.21, 0.988567, 0.0044849, 0.98712, 1.52206
5871.22, 0.984325, 0.00446849, 0.98374, 1.93854
5871.23, 0.980426, 0.00445306, 0.98011, 2.38153
5871.24, 0.976489, 0.00443816, 0.97642, 2.82451
5871.25, 0.972418, 0.00442358, 0.97289, 3.24857
5871.26, 0.968461, 0.00440952, 0.96971, 3.62908
5871.27, 0.965041, 0.00439685, 0.96704, 3.95091
5871.28, 0.962776, 0.00438729, 0.96499, 4.19701
5871.29, 0.961909, 0.00438201, 0.96363, 4.36361
5871.3, 0.962076, 0.00438124, 0.96299, 4.44501
5871.31, 0.963026, 0.00438452, 0.9631, 4.44122
5871.32, 0.964816, 0.00439027, 0.96393, 4.35035
5871.33, 0.96737, 0.00439723, 0.96549, 4.17619
5871.34, 0.970244, 0.00440512, 0.96771, 3.92441
5871.35, 0.972965, 0.0044134, 0.97054, 3.60068
5871.36, 0.975121, 0.00442042, 0.97384, 3.21828
5871.37, 0.976652, 0.00442557, 0.97746, 2.79612
5871.38, 0.978627, 0.00443206, 0.98119, 2.35692
5871.39, 0.981922, 0.00444254, 0.98483, 1.92529
5871.4, 0.985785, 0.00445437, 0.98817, 1.52206
5871.41, 0.989205, 0.00446419, 0.99109, 1.16426
5871.42, 0.991859, 0.00447132, 0.99349, 0.863256
5871.43, 0.993671, 0.00447592, 0.99536, 0.626618
5871.44, 0.994821, 0.00447864, 0.99674, 0.446773
5871.45, 0.995595, 0.00448035, 0.99771, 0.316148
5871.46, 0.996359, 0.00448231, 0.99837, 0.225279
5871.47, 0.997436, 0.00448562, 0.9988, 0.166593
5871.48, 0.998449, 0.00448861, 0.99908, 0.126838
5871.49, 0.998747, 0.00448857, 0.99927, 0.0984414
5871.5, 0.998578, 0.00448657, 0.9994, 0.0795104
5871.51, 0.998686, 0.00448575, 0.9995, 0.0643656
5871.52, 0.999077, 0.00448609, 0.99958, 0.0530069
5871.53, 0.999242, 0.00448533, 0.99964, 0.0416483
5871.54, 0.99906, 0.00448317, 0.9997, 0.0340759
5871.55, 0.99874, 0.00448099, 0.99975, 0.0265035
5871.56, 0.998353, 0.00447915, 0.99979, 0.0208241
5871.57, 0.997835, 0.00447698, 0.99983, 0.0170379
5871.58, 0.99749, 0.00447508, 0.99987, 0.0113586
5871.59, 0.998045, 0.00447559, 1, 0
5871.6, 0.999415, 0.00447841, 1, 0
5871.61, 1.00035, 0.00448028, 1, 0
5871.62, 1.00021, 0.00447926, 1, 0
5871.63, 0.999498, 0.00447605, 1, 0
5871.64, 0.998766, 0.00447209, 1, 0
5871.65, 0.998396, 0.00446982, 1, 0
5871.66, 0.998548, 0.00447028, 1, 0
