wav, obs, sigma_obs, syn, weight
5872.85, 0.997071, 0.00434878, 1, 0
5872.86, 0.996209, 0.00434484, 1, 0
5872.87, 0.995029, 0.00433987, 1, 0
5872.88, 0.994469, 0.00433691, 1, 0
5872.89, 0.994906, 0.00433721, 1, 0
5872.9, 0.995662, 0.00433878, 1, 0
5872.91, 0.99596, 0.00433921, 1, 0
5872.92, 0.996063, 0.0043389, 1, 0
5872.93, 0.996473, 0.00433901, 0.99912, 0.0130691
5872.94, 0.997097, 0.0043397, 0.999, 0.0149361
5872.95, 0.997577, 0.00434049, 0.9989, 0.0186701
5872.96, 0.99729, 0.00433897, 0.99883, 0.0224041
5872.97, 0.99567, 0.00433254, 0.99879, 0.0224041
5872.98, 0.99367, 0.00432452, 0.99876, 0.0242711
5872.99, 0.99284, 0.00432065, 0.99876, 0.0261381
5873, 0.993055, 0.00432059, 0.99876, 0.0298721
5873.01, 0.993263, 0.00432069, 0.99878, 0.0336061
5873.02, 0.993007, 0.00431904, 0.99879, 0.0429412
5873.03, 0.992252, 0.00431507, 0.99878, 0.0560102
5873.04, 0.99119, 0.00430984, 0.99871, 0.0802813
5873.05, 0.990144, 0.00430543, 0.99855, 0.119488
5873.06, 0.988838, 0.00430096, 0.99821, 0.1811
5873.07, 0.986525, 0.00429309, 0.99757, 0.280051
5873.08, 0.983576, 0.00428261, 0.99648, 0.421944
5873.09, 0.981441, 0.00427424, 0.99473, 0.619847
5873.1, 0.98027, 0.00426882, 0.99211, 0.881228
5873.11, 0.978714, 0.00426259, 0.9884, 1.20422
5873.12, 0.976146, 0.00425351, 0.98347, 1.58696
5873.13, 0.972967, 0.004242, 0.9773, 2.0145
5873.14, 0.96913, 0.00422769, 0.97005, 2.46632
5873.15, 0.963835, 0.00420881, 0.96203, 2.91627
5873.16, 0.956941, 0.00418538, 0.95373, 3.34194
5873.17, 0.949502, 0.00416057, 0.94572, 3.72281
5873.18, 0.942178, 0.00413602, 0.93858, 4.03834
5873.19, 0.934662, 0.00410996, 0.93285, 4.27918
5873.2, 0.927583, 0.00408436, 0.92895, 4.43601
5873.21, 0.923873, 0.00407034, 0.92716, 4.50696
5873.22, 0.925262, 0.0040745, 0.92761, 4.48829
5873.23, 0.929686, 0.00408917, 0.93027, 4.38373
5873.24, 0.935282, 0.0041073, 0.93496, 4.1933
5873.25, 0.942467, 0.00413016, 0.94132, 3.92072
5873.26, 0.951637, 0.00415921, 0.94888, 3.57719
5873.27, 0.961715, 0.00419135, 0.95709, 3.17765
5873.28, 0.971464, 0.00422289, 0.96536, 2.7389
5873.29, 0.980197, 0.00425138, 0.97314, 2.28708
5873.3, 0.987463, 0.00427499, 0.98001, 1.84274
5873.31, 0.993283, 0.00429329, 0.98572, 1.43199
5873.32, 0.997796, 0.00430646, 0.99018, 1.07166
5873.33, 1.00111, 0.00431572, 0.99347, 0.772941
5873.34, 1.0033, 0.00432225, 0.99576, 0.535831
5873.35, 1.0042, 0.00432489, 0.99726, 0.362199
5873.36, 1.00375, 0.00432238, 0.9982, 0.23711
5873.37, 1.00313, 0.00431897, 0.99877, 0.154962
5873.38, 1.00379, 0.00432031, 0.9991, 0.102685
5873.39, 1.00515, 0.00432412, 0.99929, 0.0709463
5873.4, 1.00578, 0.00432492, 0.9994, 0.0504092
5873.41, 1.00572, 0.00432323, 0.99947, 0.0392072
5873.42, 1.00572, 0.00432256, 0.99951, 0.0317391
5873.43, 1.00586, 0.00432288, 0.99954, 0.0280051
5873.44, 1.00578, 0.00432204, 0.99956, 0.0224041
5873.45, 1.00561, 0.0043203, 0.99958, 0.0205371
5873.46, 1.00578, 0.00431949, 0.99959, 0.0186701
5873.47, 1.00619, 0.0043197, 0.99961, 0.0149361
5873.48, 1.00634, 0.00431959, 0.99963, 0.0130691
5873.49, 1.00612, 0.00431857, 0.99966, 0.00933504
5873.5, 1.00581, 0.00431682, 1, 0
5873.51, 1.00547, 0.00431439, 1, 0
5873.52, 1.00494, 0.00431125, 1, 0
5873.53, 1.00435, 0.00430803, 1, 0
5873.54, 1.00413, 0.00430622, 1, 0
5873.55, 1.0044, 0.00430621, 1, 0
5873.56, 1.00481, 0.00430669, 1, 0
5873.57, 1.00509, 0.00430669, 1, 0
