wav, obs, sigma_obs, syn, weight
5877.43, 1.0015, 0.00397459, 1, 0
5877.44, 1.00221, 0.00397628, 1, 0
5877.45, 1.00254, 0.00397668, 1, 0
5877.46, 1.00258, 0.00397599, 1, 0
5877.47, 1.00287, 0.00397578, 1, 0
5877.48, 1.00358, 0.00397675, 1, 0
5877.49, 1.00446, 0.00397839, 1, 0
5877.5, 1.00522, 0.00398004, 1, 0
5877.51, 1.00563, 0.00398094, 0.99563, 0.0096446
5877.52, 1.00543, 0.00398001, 0.99505, 0.0115735
5877.53, 1.00438, 0.00397578, 0.99432, 0.0135024
5877.54, 1.00296, 0.00396975, 0.99334, 0.0154314
5877.55, 1.00273, 0.00396778, 0.99202, 0.0173603
5877.56, 1.00361, 0.00397008, 0.9903, 0.0192892
5877.57, 1.00297, 0.00396796, 0.98814, 0.023147
5877.58, 0.999887, 0.00395823, 0.98555, 0.025076
5877.59, 0.996492, 0.00394748, 0.9826, 0.0308627
5877.6, 0.994129, 0.00393977, 0.97942, 0.0366495
5877.61, 0.992463, 0.00393368, 0.97619, 0.0501519
5877.62, 0.990898, 0.00392751, 0.97315, 0.0713701
5877.63, 0.988658, 0.00392, 0.9705, 0.104162
5877.64, 0.98569, 0.0039112, 0.96845, 0.163958
5877.65, 0.983218, 0.00390332, 0.9671, 0.254618
5877.66, 0.982088, 0.00389835, 0.96642, 0.389642
5877.67, 0.982234, 0.00389745, 0.96627, 0.582534
5877.68, 0.982951, 0.00389909, 0.96633, 0.837152
5877.69, 0.982531, 0.00389701, 0.96619, 1.15735
5877.7, 0.980002, 0.00388785, 0.9654, 1.53735
5877.71, 0.975995, 0.00387477, 0.96353, 1.96364
5877.72, 0.970855, 0.00385931, 0.9603, 2.41887
5877.73, 0.964008, 0.00383837, 0.95568, 2.87602
5877.74, 0.955328, 0.00381088, 0.94989, 3.31196
5877.75, 0.945826, 0.00378099, 0.94344, 3.7016
5877.76, 0.936593, 0.00375276, 0.93704, 4.02759
5877.77, 0.92861, 0.00372864, 0.93148, 4.27835
5877.78, 0.922917, 0.00371118, 0.9275, 4.44809
5877.79, 0.920719, 0.00370348, 0.92567, 4.52718
5877.8, 0.922601, 0.00370736, 0.92635, 4.51946
5877.81, 0.92773, 0.00372158, 0.92956, 4.42301
5877.82, 0.935247, 0.00374424, 0.93509, 4.23977
5877.83, 0.944667, 0.00377292, 0.94243, 3.97358
5877.84, 0.955229, 0.00380452, 0.95092, 3.63409
5877.85, 0.965385, 0.00383459, 0.95983, 3.23287
5877.86, 0.973781, 0.00385921, 0.96846, 2.79308
5877.87, 0.979816, 0.00387621, 0.97623, 2.33592
5877.88, 0.983449, 0.00388543, 0.98279, 1.88456
5877.89, 0.985768, 0.00389097, 0.98798, 1.46598
5877.9, 0.987516, 0.00389565, 0.99183, 1.09563
5877.91, 0.988093, 0.00389715, 0.99453, 0.787
5877.92, 0.987371, 0.00389464, 0.99632, 0.545885
5877.93, 0.98705, 0.00389333, 0.99744, 0.364566
5877.94, 0.988275, 0.00389667, 0.99811, 0.239186
5877.95, 0.989848, 0.00390058, 0.9985, 0.154314
5877.96, 0.990703, 0.00390172, 0.99872, 0.100304
5877.97, 0.991278, 0.00390243, 0.99884, 0.0675122
5877.98, 0.99205, 0.00390484, 0.99891, 0.048223
5877.99, 0.992865, 0.00390753, 0.99894, 0.0366495
5878, 0.993456, 0.00390881, 0.99894, 0.0308627
5878.01, 0.993555, 0.00390816, 0.99892, 0.025076
5878.02, 0.99314, 0.00390591, 0.99888, 0.023147
5878.03, 0.992933, 0.00390423, 0.99883, 0.0212181
5878.04, 0.993468, 0.0039048, 0.99876, 0.0173603
5878.05, 0.994251, 0.00390641, 0.9987, 0.0154314
5878.06, 0.994835, 0.00390784, 0.99865, 0.0115735
5878.07, 0.995566, 0.00390944, 0.99863, 0.0096446
5878.08, 0.99661, 0.00391124, 1, 0
5878.09, 0.996995, 0.00391124, 1, 0
5878.1, 0.996028, 0.00390809, 1, 0
5878.11, 0.994743, 0.00390412, 1, 0
5878.12, 0.99417, 0.00390165, 1, 0
5878.13, 0.994067, 0.00390018, 1, 0
5878.14, 0.993713, 0.00389818, 1, 0
5878.15, 0.993359, 0.00389617, 1, 0
