wav, obs, sigma_obs, syn, weight
5879.15, 1.00607, 0.00386365, 1, 0
5879.16, 1.00594, 0.00386156, 1, 0
5879.17, 1.00575, 0.00385954, 1, 0
5879.18, 1.00529, 0.00385783, 1, 0
5879.19, 1.00472, 0.00385637, 1, 0
5879.2, 1.00442, 0.00385497, 1, 0
5879.21, 1.00465, 0.00385443, 1, 0
5879.22, 1.00545, 0.00385609, 1, 0
5879.23, 1.00616, 0.00385798, 0.99799, 0.0175056
5879.24, 1.00563, 0.00385597, 0.998, 0.0210067
5879.25, 1.00418, 0.00385074, 0.99805, 0.0245078
5879.26, 1.00317, 0.00384644, 0.99812, 0.03151
5879.27, 1.00301, 0.00384474, 0.99821, 0.0350112
5879.28, 1.00337, 0.0038453, 0.99831, 0.0385123
5879.29, 1.00385, 0.00384657, 0.9984, 0.0490156
5879.3, 1.00405, 0.00384634, 0.99845, 0.059519
5879.31, 1.00404, 0.00384502, 0.99846, 0.0735234
5879.32, 1.00422, 0.00384482, 0.99841, 0.105033
5879.33, 1.00453, 0.00384559, 0.99832, 0.150548
5879.34, 1.00458, 0.00384547, 0.99818, 0.224071
5879.35, 1.00425, 0.00384375, 0.99799, 0.332606
5879.36, 1.00363, 0.00384056, 0.99769, 0.486655
5879.37, 1.00234, 0.00383535, 0.99721, 0.696722
5879.38, 0.99974, 0.00382726, 0.99639, 0.969809
5879.39, 0.996461, 0.00381778, 0.99507, 1.30242
5879.4, 0.993881, 0.00380976, 0.99303, 1.68054
5879.41, 0.991463, 0.00380152, 0.99008, 2.09717
5879.42, 0.987409, 0.00378846, 0.98613, 2.5243
5879.43, 0.981724, 0.00377096, 0.98123, 2.93744
5879.44, 0.975677, 0.00375286, 0.97563, 3.31906
5879.45, 0.969945, 0.00373585, 0.96979, 3.64466
5879.46, 0.964786, 0.00372019, 0.96434, 3.90374
5879.47, 0.960676, 0.0037073, 0.95995, 4.0893
5879.48, 0.958234, 0.00369939, 0.95723, 4.19434
5879.49, 0.957848, 0.0036977, 0.95658, 4.21885
5879.5, 0.959687, 0.0037026, 0.95809, 4.15933
5879.51, 0.963259, 0.00371259, 0.96155, 4.02278
5879.52, 0.967663, 0.00372498, 0.96647, 3.80921
5879.53, 0.972589, 0.00373879, 0.9722, 3.51862
5879.54, 0.978104, 0.00375412, 0.97807, 3.17201
5879.55, 0.983811, 0.00376995, 0.98353, 2.77639
5879.56, 0.989001, 0.00378443, 0.98818, 2.35275
5879.57, 0.993087, 0.00379565, 0.99186, 1.93262
5879.58, 0.995622, 0.00380188, 0.99456, 1.52999
5879.59, 0.996769, 0.00380411, 0.99642, 1.16587
5879.6, 0.997097, 0.00380498, 0.99763, 0.857773
5879.61, 0.997211, 0.00380543, 0.99836, 0.609194
5879.62, 0.997681, 0.00380533, 0.99877, 0.423635
5879.63, 0.998365, 0.00380528, 0.99898, 0.294094
5879.64, 0.998705, 0.00380616, 0.99907, 0.203065
5879.65, 0.998556, 0.00380676, 0.99908, 0.143546
5879.66, 0.998063, 0.0038048, 0.99904, 0.105033
5879.67, 0.997504, 0.00380133, 0.99896, 0.0875279
5879.68, 0.997224, 0.0037993, 0.99884, 0.0770246
5879.69, 0.997309, 0.0037992, 0.99866, 0.0735234
5879.7, 0.997642, 0.00379993, 0.99841, 0.0735234
5879.71, 0.99762, 0.00379931, 0.99808, 0.0770246
5879.72, 0.99641, 0.00379477, 0.99766, 0.0805257
5879.73, 0.993881, 0.00378637, 0.99714, 0.0840268
5879.74, 0.99034, 0.00377575, 0.99656, 0.0770246
5879.75, 0.986233, 0.00376386, 0.99597, 0.0665212
5879.76, 0.982104, 0.00375139, 1, 0
5879.77, 0.978683, 0.00374046, 1, 0
5879.78, 0.976752, 0.00373388, 1, 0
5879.79, 0.976528, 0.00373245, 1, 0
5879.8, 0.977862, 0.00373573, 1, 0
5879.81, 0.980199, 0.00374203, 1, 0
5879.82, 0.982431, 0.00374802, 1, 0
5879.83, 0.98452, 0.00375357, 1, 0
