wav, obs, sigma_obs, syn, weight
5907.49, 1.01018, 0.00368439, 1, 0
5907.5, 1.01027, 0.00368433, 1, 0
5907.51, 1.00967, 0.00368271, 1, 0
5907.52, 1.00875, 0.0036803, 1, 0
5907.53, 1.00757, 0.00367738, 1, 0
5907.54, 1.00573, 0.00367333, 1, 0
5907.55, 1.00285, 0.00366647, 1, 0
5907.56, 0.998719, 0.0036553, 0.99986, 0.00539889
5907.57, 0.993864, 0.00364173, 0.99983, 0.00809833
5907.58, 0.98926, 0.00362885, 0.99979, 0.00944805
5907.59, 0.98637, 0.00362031, 0.99974, 0.0121475
5907.6, 0.985411, 0.00361702, 0.99969, 0.0134972
5907.61, 0.985514, 0.00361757, 0.99964, 0.0148469
5907.62, 0.987468, 0.00362418, 0.9996, 0.0161967
5907.63, 0.992131, 0.0036386, 0.99958, 0.0188961
5907.64, 0.997506, 0.00365437, 0.99958, 0.0202458
5907.65, 1.00177, 0.00366624, 0.99959, 0.024295
5907.66, 1.00457, 0.00367448, 0.9996, 0.0269944
5907.67, 1.00613, 0.00367974, 0.99963, 0.033743
5907.68, 1.00694, 0.00368247, 0.99964, 0.0458905
5907.69, 1.00691, 0.00368234, 0.99965, 0.0647867
5907.7, 1.00607, 0.00367997, 0.99963, 0.09718
5907.71, 1.00576, 0.00368001, 0.99959, 0.153868
5907.72, 1.0062, 0.00368298, 0.9995, 0.245649
5907.73, 1.00572, 0.00368248, 0.99932, 0.384671
5907.74, 1.0047, 0.0036796, 0.99897, 0.585779
5907.75, 1.00469, 0.00367997, 0.9983, 0.855724
5907.76, 1.0042, 0.00367893, 0.99704, 1.1972
5907.77, 1.00172, 0.00367163, 0.99483, 1.60347
5907.78, 0.998622, 0.0036633, 0.99119, 2.05698
5907.79, 0.995142, 0.0036546, 0.98563, 2.53883
5907.8, 0.989338, 0.00363828, 0.97781, 3.02068
5907.81, 0.979923, 0.0036114, 0.96774, 3.47553
5907.82, 0.966508, 0.00357467, 0.95598, 3.88045
5907.83, 0.95052, 0.00353066, 0.94367, 4.21518
5907.84, 0.9346, 0.00348568, 0.93245, 4.46758
5907.85, 0.92282, 0.00345325, 0.92409, 4.6336
5907.86, 0.917732, 0.00344037, 0.92005, 4.70513
5907.87, 0.919774, 0.0034454, 0.92108, 4.68623
5907.88, 0.928098, 0.00346754, 0.92698, 4.57691
5907.89, 0.940997, 0.00350496, 0.93669, 4.3758
5907.9, 0.955921, 0.00354829, 0.94855, 4.08831
5907.91, 0.969601, 0.00358658, 0.96081, 3.72388
5907.92, 0.977942, 0.00361027, 0.972, 3.29602
5907.93, 0.980527, 0.00361839, 0.98119, 2.82632
5907.94, 0.980526, 0.00361822, 0.98809, 2.34312
5907.95, 0.979796, 0.00361573, 0.99282, 1.86936
5907.96, 0.979618, 0.00361587, 0.99583, 1.43205
5907.97, 0.981768, 0.00362285, 0.99761, 1.05008
5907.98, 0.986449, 0.00363664, 0.9986, 0.738298
5907.99, 0.991084, 0.00365055, 0.99912, 0.498047
5908, 0.994639, 0.00366161, 0.99939, 0.323933
5908.01, 0.997469, 0.00367025, 0.99954, 0.205158
5908.02, 0.998932, 0.00367452, 0.99962, 0.129573
5908.03, 0.998159, 0.00367222, 0.99967, 0.0836828
5908.04, 0.994928, 0.00366347, 0.9997, 0.058038
5908.05, 0.990222, 0.00365126, 0.99973, 0.0431911
5908.06, 0.986504, 0.00364185, 0.99974, 0.0350928
5908.07, 0.985142, 0.0036389, 0.99975, 0.0296939
5908.08, 0.986418, 0.00364323, 0.99975, 0.0256447
5908.09, 0.989401, 0.00365154, 0.99973, 0.024295
5908.1, 0.993197, 0.00366121, 0.99969, 0.0202458
5908.11, 0.997987, 0.00367466, 0.99963, 0.0188961
5908.12, 1.0029, 0.00368985, 0.99951, 0.0188961
5908.13, 1.00584, 0.00369914, 0.99931, 0.0148469
5908.14, 1.00737, 0.00370351, 0.99896, 0.0134972
5908.15, 1.00911, 0.00370793, 0.99841, 0.0107978
5908.16, 1.01014, 0.00371125, 0.99761, 0.00809833
5908.17, 1.00968, 0.0037116, 1, 0
5908.18, 1.00868, 0.00370937, 1, 0
5908.19, 1.00784, 0.00370625, 1, 0
5908.2, 1.00726, 0.00370475, 1, 0
5908.21, 1.00687, 0.00370466, 1, 0
5908.22, 1.00641, 0.00370408, 1, 0
5908.23, 1.00595, 0.0037035, 1, 0
