wav, obs, sigma_obs, syn, weight
5915.15, 0.991876, 0.0040102, 1, 0
5915.16, 0.992394, 0.004012, 1, 0
5915.17, 0.992819, 0.00401367, 1, 0
5915.18, 0.993369, 0.00401552, 1, 0
5915.19, 0.994395, 0.00401806, 1, 0
5915.2, 0.994796, 0.00402014, 1, 0
5915.21, 0.993914, 0.00402045, 0.99141, 0.378378
5915.22, 0.993499, 0.004019, 0.99156, 0.643243
5915.23, 0.994051, 0.00401855, 0.99169, 0.908108
5915.24, 0.994595, 0.00402297, 0.99183, 1.17297
5915.25, 0.994938, 0.0040273, 0.99195, 1.36216
5915.26, 0.995107, 0.00402678, 0.99207, 1.43784
5915.27, 0.994889, 0.00402523, 0.99219, 1.47568
5915.28, 0.994664, 0.00402562, 0.9923, 1.47568
5915.29, 0.995137, 0.00402835, 0.9924, 1.47568
5915.3, 0.995445, 0.00402985, 0.9925, 1.43784
5915.31, 0.994993, 0.00402865, 0.99259, 1.4
5915.32, 0.995001, 0.0040307, 0.99269, 1.4
5915.33, 0.995529, 0.00403467, 0.99277, 1.43784
5915.34, 0.995601, 0.00403374, 0.99284, 1.4
5915.35, 0.995436, 0.00403169, 0.99288, 1.4
5915.36, 0.995527, 0.00403329, 0.99288, 1.43784
5915.37, 0.995999, 0.00403727, 0.99282, 1.47568
5915.38, 0.99629, 0.00403986, 0.99264, 1.51351
5915.39, 0.995509, 0.00403703, 0.9923, 1.51351
5915.4, 0.993866, 0.00403149, 0.99172, 1.58919
5915.41, 0.992158, 0.00402743, 0.99082, 1.62703
5915.42, 0.991492, 0.00402735, 0.98952, 1.66486
5915.43, 0.991095, 0.00402712, 0.98773, 1.66486
5915.44, 0.98918, 0.00401998, 0.9854, 1.66486
5915.45, 0.986321, 0.00401051, 0.98246, 1.66486
5915.46, 0.982428, 0.00400025, 0.9789, 1.66486
5915.47, 0.975094, 0.00397951, 0.97474, 1.62703
5915.48, 0.964785, 0.00394847, 0.97006, 1.58919
5915.49, 0.953484, 0.00391323, 0.96494, 1.55135
5915.5, 0.939662, 0.00387009, 0.9595, 1.51351
5915.51, 0.92284, 0.00381834, 0.95388, 1.43784
5915.52, 0.905961, 0.00376695, 0.94837, 1.36216
5915.53, 0.891623, 0.00372327, 0.94341, 1.28649
5915.54, 0.881808, 0.00369272, 0.93965, 1.21081
5915.55, 0.877868, 0.0036799, 0.9378, 1.17297
5915.56, 0.880287, 0.00368723, 0.93842, 1.0973
5915.57, 0.888425, 0.0037138, 0.94166, 1.05946
5915.58, 0.901279, 0.0037555, 0.94717, 1.02162
5915.59, 0.917215, 0.00380578, 0.95421, 1.02162
5915.6, 0.932891, 0.00385598, 0.96184, 1.02162
5915.61, 0.946244, 0.0038998, 0.96922, 0.983784
5915.62, 0.957595, 0.00393535, 0.97577, 0.983784
5915.63, 0.966838, 0.00396327, 0.98117, 0.983784
5915.64, 0.973856, 0.00398574, 0.98539, 0.983784
5915.65, 0.979716, 0.00400561, 0.98853, 0.983784
5915.66, 0.984834, 0.00402309, 0.99077, 0.945946
5915.67, 0.988529, 0.00403522, 0.99229, 0.87027
5915.68, 0.991086, 0.00404344, 0.99328, 0.756757
5915.69, 0.993131, 0.00405052, 0.99389, 0.567568
5915.7, 0.994591, 0.00405565, 0.99425, 0.416216
5915.71, 0.995188, 0.00405778, 0.99444, 0.264865
5915.72, 0.994749, 0.00405702, 1, 0
5915.73, 0.994677, 0.00405826, 1, 0
5915.74, 0.995941, 0.00406444, 1, 0
5915.75, 0.99616, 0.00406672, 1, 0
5915.76, 0.994495, 0.00406203, 1, 0
5915.77, 0.992973, 0.00405787, 1, 0
