wav, obs, sigma_obs, syn, weight
5927.39, 0.997173, 0.00460072, 1, 0
5927.4, 0.995553, 0.0045912, 1, 0
5927.41, 0.993449, 0.00457988, 1, 0
5927.42, 0.991759, 0.0045701, 1, 0
5927.43, 0.9919, 0.00456705, 1, 0
5927.44, 0.993381, 0.00456937, 1, 0
5927.45, 0.994287, 0.00457079, 1, 0
5927.46, 0.993947, 0.0045688, 1, 0
5927.47, 0.993212, 0.0045655, 0.99392, 0.0183017
5927.48, 0.992765, 0.00456273, 0.99209, 0.0232931
5927.49, 0.992907, 0.0045616, 0.98986, 0.0282844
5927.5, 0.99372, 0.00456261, 0.98724, 0.0324439
5927.51, 0.994931, 0.00456518, 0.98424, 0.0357715
5927.52, 0.996103, 0.00456805, 0.98096, 0.039931
5927.53, 0.996505, 0.00456854, 0.97753, 0.0440905
5927.54, 0.995808, 0.00456529, 0.97414, 0.0482499
5927.55, 0.995096, 0.0045617, 0.971, 0.0532413
5927.56, 0.995384, 0.00456119, 0.96831, 0.0590646
5927.57, 0.996253, 0.00456336, 0.96626, 0.0682154
5927.58, 0.996912, 0.00456643, 0.96498, 0.0781982
5927.59, 0.99654, 0.0045664, 0.96453, 0.0948361
5927.6, 0.99456, 0.00455966, 0.96489, 0.118129
5927.61, 0.992227, 0.0045506, 0.96594, 0.153901
5927.62, 0.991316, 0.00454609, 0.96747, 0.207974
5927.63, 0.990994, 0.00454365, 0.96916, 0.287004
5927.64, 0.989121, 0.00453603, 0.97058, 0.400142
5927.65, 0.985352, 0.0045218, 0.97119, 0.554874
5927.66, 0.980568, 0.00450351, 0.97036, 0.758689
5927.67, 0.974786, 0.00448136, 0.96737, 1.01158
5927.68, 0.967228, 0.00445339, 0.96153, 1.31356
5927.69, 0.956857, 0.00441607, 0.95224, 1.66046
5927.7, 0.942405, 0.00436433, 0.93915, 2.04064
5927.71, 0.923813, 0.00429768, 0.92226, 2.44411
5927.72, 0.902732, 0.00422223, 0.90205, 2.85507
5927.73, 0.880108, 0.00414137, 0.87948, 3.25687
5927.74, 0.85541, 0.00405284, 0.85596, 3.63372
5927.75, 0.829357, 0.00395904, 0.83325, 3.96731
5927.76, 0.80588, 0.00387441, 0.81323, 4.24267
5927.77, 0.788574, 0.00381207, 0.79768, 4.44565
5927.78, 0.778758, 0.00377645, 0.78809, 4.56877
5927.79, 0.777117, 0.00376966, 0.7854, 4.60454
5927.8, 0.783481, 0.00379123, 0.7899, 4.55213
5927.81, 0.797281, 0.00383927, 0.80118, 4.41487
5927.82, 0.816957, 0.00390804, 0.81821, 4.19691
5927.83, 0.840598, 0.00399051, 0.83944, 3.91074
5927.84, 0.86599, 0.00407895, 0.8631, 3.568
5927.85, 0.890893, 0.00416568, 0.88734, 3.18616
5927.86, 0.91387, 0.00424557, 0.91053, 2.78186
5927.87, 0.933931, 0.00431499, 0.9314, 2.37257
5927.88, 0.950588, 0.0043722, 0.94911, 1.97242
5927.89, 0.963683, 0.00441674, 0.96335, 1.59724
5927.9, 0.973286, 0.00444905, 0.9742, 1.26032
5927.91, 0.979682, 0.00447041, 0.98207, 0.966663
5927.92, 0.983866, 0.00448419, 0.98751, 0.723749
5927.93, 0.987515, 0.00449572, 0.99114, 0.530749
5927.94, 0.991005, 0.00450628, 0.99349, 0.383504
5927.95, 0.993043, 0.00451194, 0.995, 0.277853
5927.96, 0.993328, 0.00451188, 0.99599, 0.203814
5927.97, 0.993308, 0.0045108, 0.99665, 0.153901
5927.98, 0.993911, 0.00451169, 0.99711, 0.120625
5927.99, 0.994707, 0.00451303, 0.99746, 0.0989956
5928, 0.995246, 0.00451336, 0.99773, 0.0831895
5928.01, 0.995438, 0.00451282, 0.99795, 0.0723749
5928.02, 0.995402, 0.0045121, 0.99812, 0.064056
5928.03, 0.995764, 0.00451283, 0.99827, 0.0582327
5928.04, 0.996926, 0.00451587, 0.99839, 0.0524094
5928.05, 0.997893, 0.00451788, 0.99849, 0.0482499
5928.06, 0.997597, 0.00451547, 0.99857, 0.0440905
5928.07, 0.996599, 0.00451073, 0.99864, 0.039931
5928.08, 0.995882, 0.00450715, 0.9987, 0.0366034
5928.09, 0.995463, 0.00450464, 0.99876, 0.031612
5928.1, 0.995017, 0.00450183, 0.99883, 0.0257888
5928.11, 0.994996, 0.00450043, 0.99892, 0.0207974
5928.12, 0.996152, 0.00450337, 1, 0
5928.13, 0.997596, 0.00450756, 1, 0
5928.14, 0.997416, 0.00450605, 1, 0
5928.15, 0.995807, 0.0044993, 1, 0
5928.16, 0.994759, 0.00449405, 1, 0
5928.17, 0.994975, 0.00449278, 1, 0
5928.18, 0.995476, 0.0044924, 1, 0
5928.19, 0.995641, 0.00449097, 1, 0
