wav, obs, sigma_obs, syn, weight
5929.3, 1.00478, 0.00441574, 1, 0
5929.31, 1.00571, 0.0044175, 1, 0
5929.32, 1.005, 0.00441417, 1, 0
5929.33, 1.00251, 0.00440517, 1, 0
5929.34, 1.00018, 0.00439625, 1, 0
5929.35, 0.999219, 0.0043911, 1, 0
5929.36, 0.998484, 0.00438701, 1, 0
5929.37, 0.99694, 0.0043813, 1, 0
5929.38, 0.994865, 0.00437418, 0.99836, 0.0325271
5929.39, 0.992753, 0.0043665, 0.99826, 0.0415624
5929.4, 0.991028, 0.00435957, 0.99816, 0.0487907
5929.41, 0.990002, 0.00435454, 0.99807, 0.0560189
5929.42, 0.989564, 0.00435149, 0.99797, 0.0614401
5929.43, 0.989473, 0.00435006, 0.99787, 0.0668613
5929.44, 0.989433, 0.00434937, 0.99775, 0.0704754
5929.45, 0.989217, 0.00434854, 0.99761, 0.0768001
5929.46, 0.989195, 0.00434812, 0.99745, 0.0831248
5929.47, 0.989899, 0.00434912, 0.99726, 0.0921601
5929.48, 0.990954, 0.00435081, 0.99704, 0.103906
5929.49, 0.991548, 0.00435162, 0.99676, 0.12288
5929.5, 0.991531, 0.00435094, 0.99639, 0.149986
5929.51, 0.991178, 0.00434885, 0.99588, 0.193356
5929.52, 0.990621, 0.0043458, 0.99509, 0.257506
5929.53, 0.989854, 0.00434246, 0.99386, 0.352377
5929.54, 0.988435, 0.00433725, 0.99185, 0.4861
5929.55, 0.985524, 0.00432646, 0.98862, 0.665902
5929.56, 0.980584, 0.00430818, 0.98358, 0.895399
5929.57, 0.973452, 0.00428263, 0.976, 1.17549
5929.58, 0.963589, 0.00424851, 0.96518, 1.50167
5929.59, 0.949907, 0.00420222, 0.95054, 1.86398
5929.6, 0.93169, 0.00414099, 0.93187, 2.24798
5929.61, 0.908938, 0.00406393, 0.90946, 2.63921
5929.62, 0.882589, 0.00397374, 0.88421, 3.01779
5929.63, 0.855392, 0.00388041, 0.85767, 3.36746
5929.64, 0.830088, 0.00379377, 0.8319, 3.66924
5929.65, 0.808793, 0.00372097, 0.80921, 3.91229
5929.66, 0.793259, 0.00366782, 0.79187, 4.08577
5929.67, 0.784381, 0.0036372, 0.78173, 4.18335
5929.68, 0.782848, 0.00363134, 0.77993, 4.20142
5929.69, 0.789211, 0.003652, 0.78665, 4.14178
5929.7, 0.803515, 0.00369932, 0.80112, 4.00354
5929.71, 0.823497, 0.00376595, 0.82174, 3.79302
5929.72, 0.846347, 0.00384264, 0.84636, 3.51835
5929.73, 0.870223, 0.00392261, 0.87264, 3.19217
5929.74, 0.893719, 0.00400041, 0.89839, 2.82986
5929.75, 0.915984, 0.00407368, 0.92183, 2.44857
5929.76, 0.936374, 0.0041412, 0.9418, 2.06728
5929.77, 0.953785, 0.0041991, 0.95778, 1.70135
5929.78, 0.966977, 0.00424254, 0.96979, 1.36885
5929.79, 0.976316, 0.00427268, 0.97829, 1.07882
5929.8, 0.983231, 0.00429472, 0.98395, 0.83938
5929.81, 0.988674, 0.00431186, 0.98751, 0.650542
5929.82, 0.993171, 0.00432557, 0.9896, 0.510495
5929.83, 0.996745, 0.00433605, 0.99074, 0.413817
5929.84, 0.998951, 0.0043423, 0.99129, 0.35057
5929.85, 0.999708, 0.00434407, 0.99148, 0.314429
5929.86, 0.999395, 0.00434211, 0.99145, 0.296358
5929.87, 0.998601, 0.00433824, 0.99126, 0.290937
5929.88, 0.99817, 0.00433574, 0.99096, 0.295455
5929.89, 0.99827, 0.00433536, 0.99056, 0.305393
5929.9, 0.997852, 0.00433333, 0.99006, 0.321657
5929.91, 0.996442, 0.00432787, 0.98946, 0.341535
5929.92, 0.995014, 0.00432238, 0.98875, 0.364123
5929.93, 0.994128, 0.00431875, 0.98791, 0.390325
5929.94, 0.992801, 0.00431338, 0.98692, 0.415624
5929.95, 0.990236, 0.00430351, 0.98576, 0.436405
5929.96, 0.986994, 0.00429171, 0.98445, 0.444537
5929.97, 0.983728, 0.00428066, 0.983, 0.430984
5929.98, 0.980422, 0.00426938, 0.98152, 0.392132
5929.99, 0.976959, 0.0042565, 0.98026, 0.328885
5930, 0.973503, 0.00424313, 1, 0
5930.01, 0.970092, 0.00423034, 1, 0
5930.02, 0.965557, 0.0042143, 1, 0
5930.03, 0.958551, 0.00419033, 1, 0
5930.04, 0.949679, 0.00416028, 1, 0
5930.05, 0.941089, 0.00413116, 1, 0
5930.06, 0.932775, 0.00410293, 1, 0
5930.07, 0.924462, 0.00407471, 1, 0
