wav, obs, sigma_obs, syn, weight
5978.56, 0.544817, 0.00304455, 1, 0
5978.57, 0.584247, 0.00318943, 1, 0
5978.58, 0.623676, 0.00333432, 1, 0
5978.59, 0.663106, 0.0034792, 1, 0
5978.6, 0.702535, 0.00362409, 1, 0
5978.61, 0.741539, 0.00376759, 1, 0
5978.62, 0.780999, 0.00391257, 0.96175, 0.00402282
5978.63, 0.823572, 0.0040678, 0.96963, 0.0120684
5978.64, 0.866874, 0.00422689, 0.9786, 0.0201141
5978.65, 0.906145, 0.00437299, 0.98613, 0.0241369
5978.66, 0.936201, 0.00448065, 0.99136, 0.0321825
5978.67, 0.957112, 0.00455307, 0.99461, 0.0362053
5978.68, 0.972691, 0.00461262, 0.99639, 0.0402282
5978.69, 0.983219, 0.00465323, 0.9973, 0.044251
5978.7, 0.988677, 0.00467154, 0.99775, 0.0522966
5978.71, 0.990256, 0.00467994, 0.99794, 0.0603422
5978.72, 0.989741, 0.00468225, 0.99799, 0.0683879
5978.73, 0.988996, 0.00467969, 0.99797, 0.0925248
5978.74, 0.989254, 0.00468088, 0.9979, 0.124707
5978.75, 0.98971, 0.00468435, 0.99779, 0.177004
5978.76, 0.988394, 0.00468069, 0.99763, 0.253437
5978.77, 0.987117, 0.00467694, 0.99741, 0.366076
5978.78, 0.987399, 0.0046792, 0.99709, 0.518943
5978.79, 0.988057, 0.0046823, 0.99659, 0.716061
5978.8, 0.988283, 0.00468334, 0.99584, 0.945362
5978.81, 0.988036, 0.00468307, 0.99479, 1.21087
5978.82, 0.988412, 0.00468707, 0.99337, 1.48442
5978.83, 0.989809, 0.00469527, 0.9916, 1.76199
5978.84, 0.991578, 0.00470132, 0.98956, 2.01543
5978.85, 0.992925, 0.00470533, 0.98741, 2.23669
5978.86, 0.993369, 0.00470909, 0.98535, 2.42174
5978.87, 0.993108, 0.00471246, 0.9836, 2.56253
5978.88, 0.992307, 0.00471337, 0.98238, 2.6631
5978.89, 0.991264, 0.00471025, 0.98183, 2.72747
5978.9, 0.991014, 0.00470777, 0.98199, 2.75563
5978.91, 0.991107, 0.00470684, 0.98284, 2.75965
5978.92, 0.989526, 0.00470293, 0.98421, 2.73551
5978.93, 0.987577, 0.0046988, 0.98589, 2.69529
5978.94, 0.986855, 0.00469724, 0.98761, 2.6269
5978.95, 0.986397, 0.00469436, 0.9891, 2.54242
5978.96, 0.986508, 0.00469431, 0.99019, 2.44185
5978.97, 0.988058, 0.00470374, 0.99075, 2.32921
5978.98, 0.989116, 0.00471096, 0.99082, 2.21255
5978.99, 0.988949, 0.0047112, 0.99051, 2.09186
5979, 0.989263, 0.00471436, 0.99, 1.98727
5979.01, 0.990227, 0.0047204, 0.9895, 1.89072
5979.02, 0.991098, 0.00472474, 0.9892, 1.81027
5979.03, 0.991054, 0.00472518, 0.98923, 1.73786
5979.04, 0.991322, 0.00472621, 0.98966, 1.66545
5979.05, 0.993862, 0.00473477, 0.99047, 1.58901
5979.06, 0.99596, 0.00474422, 0.99159, 1.49649
5979.07, 0.996448, 0.00474945, 0.99293, 1.38385
5979.08, 0.998087, 0.00475346, 0.99432, 1.24707
5979.09, 0.99988, 0.00475821, 0.99566, 1.09823
5979.1, 0.999988, 0.00476361, 0.99683, 0.933293
5979.11, 1.00011, 0.00476679, 0.99777, 0.760312
5979.12, 1.00113, 0.00477005, 0.99848, 0.583308
5979.13, 1.00259, 0.00477843, 0.99898, 0.422396
5979.14, 1.00352, 0.00478463, 0.9993, 0.281597
5979.15, 1.00307, 0.00478301, 0.9995, 0.164935
5979.16, 1.00108, 0.00477748, 0.99963, 0.0844791
5979.17, 1.00054, 0.00477707, 1, 0
5979.18, 1.00365, 0.00478656, 1, 0
5979.19, 1.00539, 0.00479161, 1, 0
5979.2, 1.00403, 0.00478886, 1, 0
5979.21, 1.00231, 0.00478758, 1, 0
5979.22, 1.002, 0.00478741, 1, 0
