wav, obs, sigma_obs, syn, weight
5995.56, 1.00015, 0.00913617, 1, 0
5995.57, 0.996814, 0.00909544, 1, 0
5995.58, 0.993125, 0.00907716, 1, 0
5995.59, 0.9912, 0.00907962, 1, 0
5995.6, 0.992801, 0.00908118, 1, 0
5995.61, 0.995036, 0.00907277, 1, 0
5995.62, 0.992659, 0.00905388, 1, 0
5995.63, 0.987336, 0.00903235, 1, 0
5995.64, 0.985183, 0.00902087, 0.993, 0.0140622
5995.65, 0.98668, 0.00901878, 0.99238, 0.0210933
5995.66, 0.988064, 0.00901591, 0.99208, 0.0210933
5995.67, 0.988751, 0.00901651, 0.9921, 0.0281244
5995.68, 0.990891, 0.00903637, 0.99242, 0.0281244
5995.69, 0.994452, 0.00906873, 0.99299, 0.0316399
5995.7, 0.997279, 0.00908582, 0.99377, 0.0351555
5995.71, 0.998585, 0.00908395, 0.99466, 0.038671
5995.72, 0.999122, 0.00908547, 0.99559, 0.0492177
5995.73, 0.999429, 0.00909696, 0.99648, 0.0597643
5995.74, 0.999709, 0.00910504, 0.99727, 0.077342
5995.75, 0.999989, 0.00910305, 0.99792, 0.105466
5995.76, 1.00009, 0.00909462, 0.99839, 0.151169
5995.77, 0.999792, 0.00908385, 0.99868, 0.22148
5995.78, 0.998822, 0.00907444, 0.99877, 0.319915
5995.79, 0.997362, 0.00906822, 0.99865, 0.464052
5995.8, 0.996316, 0.009064, 0.99828, 0.657407
5995.81, 0.996047, 0.0090601, 0.99763, 0.907011
5995.82, 0.995818, 0.00905441, 0.99664, 1.20935
5995.83, 0.994895, 0.00904372, 0.99528, 1.5609
5995.84, 0.992773, 0.0090228, 0.99351, 1.9441
5995.85, 0.989452, 0.00899235, 0.99135, 2.34839
5995.86, 0.985997, 0.00896689, 0.98885, 2.74916
5995.87, 0.983444, 0.00895607, 0.98611, 3.12884
5995.88, 0.982398, 0.00895258, 0.98325, 3.46985
5995.89, 0.982743, 0.00894812, 0.9804, 3.75812
5995.9, 0.982538, 0.00893892, 0.9777, 3.9796
5995.91, 0.980436, 0.00892334, 0.97527, 4.13077
5995.92, 0.977946, 0.00890402, 0.97321, 4.20108
5995.93, 0.976424, 0.00888438, 0.9716, 4.19405
5995.94, 0.974738, 0.00886778, 0.97049, 4.10616
5995.95, 0.971935, 0.00885716, 0.96991, 3.94444
5995.96, 0.969901, 0.00885382, 0.9699, 3.70539
5995.97, 0.9704, 0.00885664, 0.97043, 3.40657
5995.98, 0.971572, 0.00885542, 0.97148, 3.0515
5995.99, 0.971436, 0.00884356, 0.973, 2.66127
5996, 0.972366, 0.00884457, 0.97494, 2.2605
5996.01, 0.977173, 0.00888345, 0.97721, 1.86324
5996.02, 0.983632, 0.00894179, 0.97974, 1.48708
5996.03, 0.988347, 0.00898918, 0.98243, 1.1531
5996.04, 0.99146, 0.00901346, 0.98517, 0.864825
5996.05, 0.994237, 0.00901197, 0.98786, 0.636314
5996.06, 0.996296, 0.00899916, 0.99038, 0.457021
5996.07, 0.996787, 0.00899454, 0.99263, 0.32343
5996.08, 0.996781, 0.00899921, 0.99454, 0.228511
5996.09, 0.998029, 0.00900621, 0.99608, 0.165231
5996.1, 1.00022, 0.00901421, 0.99724, 0.12656
5996.11, 1.00204, 0.00902456, 0.99809, 0.105466
5996.12, 1.00322, 0.00903516, 0.99865, 0.0914042
5996.13, 1.004, 0.0090419, 0.99901, 0.0878887
5996.14, 1.00373, 0.00904048, 0.99922, 0.0843731
5996.15, 1.00137, 0.00902732, 0.99933, 0.0808576
5996.16, 0.99833, 0.00900984, 0.99938, 0.077342
5996.17, 0.997559, 0.00900225, 0.99941, 0.070311
5996.18, 0.99862, 0.00900373, 0.99943, 0.0562488
5996.19, 0.998546, 0.00900209, 1, 0
5996.2, 0.996604, 0.00899393, 1, 0
5996.21, 0.994479, 0.00898512, 1, 0
5996.22, 0.992762, 0.00897775, 1, 0
5996.23, 0.991045, 0.00897037, 1, 0
5996.24, 0.989328, 0.008963, 1, 0
5996.25, 0.98761, 0.00895563, 1, 0
5996.26, 0.985893, 0.00894825, 1, 0
