wav, obs, sigma_obs, syn, weight
6005.12, 1.00239, 0.00794018, 1, 0
6005.13, 1.00333, 0.00794628, 1, 0
6005.14, 1.00362, 0.00795039, 1, 0
6005.15, 1.00212, 0.00794891, 1, 0
6005.16, 1.00044, 0.00794641, 1, 0
6005.17, 1.00095, 0.00794894, 1, 0
6005.18, 1.00177, 0.0079451, 1, 0
6005.19, 0.999843, 0.00792053, 1, 0
6005.2, 0.997071, 0.00789407, 0.99987, 0.00728123
6005.21, 0.99652, 0.00789082, 0.99986, 0.0101937
6005.22, 0.996355, 0.00789374, 0.99985, 0.0131062
6005.23, 0.99374, 0.00787793, 0.99983, 0.0160187
6005.24, 0.989756, 0.00785575, 0.9998, 0.0182031
6005.25, 0.986312, 0.00784448, 0.99978, 0.0203874
6005.26, 0.983407, 0.00782989, 0.99974, 0.0218437
6005.27, 0.980822, 0.00779948, 0.9997, 0.0247562
6005.28, 0.979592, 0.00778282, 0.99966, 0.0262124
6005.29, 0.980747, 0.00780507, 0.99962, 0.0291249
6005.3, 0.984193, 0.00783954, 0.99956, 0.0320374
6005.31, 0.988992, 0.00785831, 0.99951, 0.035678
6005.32, 0.992351, 0.00786455, 0.99945, 0.041503
6005.33, 0.992804, 0.00786806, 0.99939, 0.0495123
6005.34, 0.993452, 0.00788048, 0.99932, 0.0633467
6005.35, 0.996296, 0.00790504, 0.99925, 0.0859185
6005.36, 0.998837, 0.00792403, 0.99918, 0.123781
6005.37, 0.999219, 0.00792435, 0.99909, 0.182759
6005.38, 0.998376, 0.00790932, 0.99898, 0.273046
6005.39, 0.99745, 0.00788887, 0.99882, 0.401924
6005.4, 0.997291, 0.00788131, 0.99852, 0.574489
6005.41, 0.997655, 0.00788907, 0.99793, 0.793654
6005.42, 0.996545, 0.00788671, 0.99679, 1.05651
6005.43, 0.993578, 0.00786589, 0.99465, 1.35649
6005.44, 0.990963, 0.00784734, 0.99085, 1.68706
6005.45, 0.988173, 0.00783125, 0.98456, 2.03947
6005.46, 0.980835, 0.00778785, 0.97486, 2.40645
6005.47, 0.967278, 0.00770547, 0.96099, 2.77924
6005.48, 0.949311, 0.00759613, 0.94267, 3.14695
6005.49, 0.927898, 0.00746544, 0.92042, 3.4979
6005.5, 0.902989, 0.00731149, 0.89577, 3.81682
6005.51, 0.876443, 0.00714832, 0.87117, 4.08914
6005.52, 0.851989, 0.00700482, 0.84973, 4.30029
6005.53, 0.83365, 0.0069006, 0.8345, 4.43791
6005.54, 0.82547, 0.00684724, 0.82786, 4.49543
6005.55, 0.829072, 0.00685912, 0.83089, 4.46922
6005.56, 0.843966, 0.00694935, 0.84309, 4.36073
6005.57, 0.865933, 0.00708823, 0.86255, 4.17578
6005.58, 0.888815, 0.00722281, 0.88636, 3.92531
6005.59, 0.911514, 0.00735225, 0.91138, 3.62168
6005.6, 0.935405, 0.00750098, 0.93483, 3.28092
6005.61, 0.957288, 0.00764389, 0.95481, 2.91759
6005.62, 0.972399, 0.00773706, 0.97042, 2.54552
6005.63, 0.982243, 0.00778976, 0.98167, 2.17563
6005.64, 0.990596, 0.00783171, 0.98919, 1.81667
6005.65, 0.997265, 0.007866, 0.99386, 1.4759
6005.66, 1.00081, 0.00788644, 0.99657, 1.16427
6005.67, 1.00185, 0.007895, 0.99805, 0.886125
6005.68, 1.00182, 0.00789723, 0.99882, 0.650942
6005.69, 1.00245, 0.00790208, 0.99921, 0.460902
6005.7, 1.00471, 0.00791531, 0.99941, 0.316005
6005.71, 1.00567, 0.00792446, 0.99952, 0.211884
6005.72, 1.00302, 0.00791775, 0.99959, 0.141984
6005.73, 1.00063, 0.00790451, 0.99964, 0.0968403
6005.74, 1.00199, 0.00789662, 0.99967, 0.0698998
6005.75, 1.00472, 0.00789799, 0.9997, 0.053153
6005.76, 1.0061, 0.00790759, 0.99973, 0.0436874
6005.77, 1.00582, 0.00791491, 0.99975, 0.0371343
6005.78, 1.00445, 0.00791352, 0.99977, 0.0320374
6005.79, 1.00353, 0.00791131, 0.99978, 0.0291249
6005.8, 1.00399, 0.00791432, 0.99979, 0.0247562
6005.81, 1.0051, 0.00791983, 0.99979, 0.0218437
6005.82, 1.00603, 0.0079246, 0.9998, 0.0174749
6005.83, 1.00621, 0.00792667, 0.9998, 0.0131062
6005.84, 1.00549, 0.00792423, 0.9998, 0.00946559
6005.85, 1.00431, 0.00791563, 1, 0
6005.86, 1.00328, 0.00790449, 1, 0
6005.87, 1.00318, 0.00790202, 1, 0
6005.88, 1.00406, 0.00791021, 1, 0
6005.89, 1.00493, 0.00791834, 1, 0
6005.9, 1.00537, 0.00792164, 1, 0
6005.91, 1.00575, 0.00792419, 1, 0
6005.92, 1.00622, 0.0079278, 1, 0
