wav, obs, sigma_obs, syn, weight
6007.55, 1.00089, 0.00781472, 1, 0
6007.56, 1.00338, 0.00783078, 1, 0
6007.57, 1.00539, 0.00784349, 1, 0
6007.58, 1.00274, 0.00782442, 1, 0
6007.59, 0.996894, 0.00778317, 1, 0
6007.6, 0.993319, 0.00775649, 1, 0
6007.61, 0.992682, 0.00774984, 1, 0
6007.62, 0.991855, 0.00774377, 0.98895, 0.0332041
6007.63, 0.989757, 0.00773043, 0.98535, 0.0531266
6007.64, 0.986837, 0.00771113, 0.98135, 0.0767384
6007.65, 0.984203, 0.00769491, 0.9773, 0.101088
6007.66, 0.983074, 0.00769259, 0.97365, 0.122486
6007.67, 0.98264, 0.00769462, 0.97086, 0.141671
6007.68, 0.981449, 0.00768508, 0.96928, 0.157166
6007.69, 0.980163, 0.00767005, 0.9691, 0.168972
6007.7, 0.97998, 0.00766257, 0.9703, 0.178564
6007.71, 0.98044, 0.00766558, 0.97265, 0.186681
6007.72, 0.980795, 0.00767732, 0.97578, 0.193322
6007.73, 0.981487, 0.00769039, 0.97928, 0.199963
6007.74, 0.983122, 0.00769863, 0.98274, 0.206603
6007.75, 0.985718, 0.007706, 0.98585, 0.21472
6007.76, 0.988974, 0.00771698, 0.9884, 0.226526
6007.77, 0.992025, 0.00773065, 0.99028, 0.245711
6007.78, 0.994201, 0.00774423, 0.99148, 0.278177
6007.79, 0.995585, 0.00775273, 0.99201, 0.32909
6007.8, 0.995974, 0.00775213, 0.99189, 0.406566
6007.81, 0.994348, 0.00774115, 0.99104, 0.51946
6007.82, 0.990405, 0.00772032, 0.98925, 0.672199
6007.83, 0.985244, 0.00769258, 0.98606, 0.868473
6007.84, 0.97886, 0.00765508, 0.98066, 1.10828
6007.85, 0.969445, 0.00759647, 0.97189, 1.38793
6007.86, 0.955632, 0.00751205, 0.95826, 1.70079
6007.87, 0.936728, 0.00740533, 0.9382, 2.03947
6007.88, 0.911167, 0.00726216, 0.91047, 2.39217
6007.89, 0.876629, 0.00705189, 0.8747, 2.7493
6007.9, 0.834122, 0.00678427, 0.83184, 3.09758
6007.91, 0.7874, 0.00650211, 0.78436, 3.42224
6007.92, 0.737769, 0.00621058, 0.73612, 3.71148
6007.93, 0.685458, 0.00589305, 0.69177, 3.95129
6007.94, 0.639132, 0.00560261, 0.656, 4.12986
6007.95, 0.6114, 0.00542703, 0.63278, 4.24127
6007.96, 0.604205, 0.00538171, 0.62473, 4.27891
6007.97, 0.614412, 0.00544709, 0.63275, 4.24201
6007.98, 0.641733, 0.00561921, 0.65594, 4.13207
6007.99, 0.685806, 0.0058931, 0.69166, 3.95424
6008, 0.738917, 0.00621978, 0.73596, 3.71591
6008.01, 0.791817, 0.0065413, 0.78414, 3.42814
6008.02, 0.840061, 0.00682936, 0.83154, 3.10422
6008.03, 0.881002, 0.00706833, 0.87431, 2.75816
6008.04, 0.913543, 0.0072581, 0.90999, 2.4025
6008.05, 0.937578, 0.00740354, 0.93763, 2.05054
6008.06, 0.954945, 0.00751355, 0.95761, 1.7126
6008.07, 0.967654, 0.00759653, 0.97118, 1.39826
6008.08, 0.97719, 0.00765753, 0.97991, 1.11566
6008.09, 0.984392, 0.00769868, 0.98531, 0.872162
6008.1, 0.988915, 0.00771705, 0.98859, 0.669248
6008.11, 0.990942, 0.00771748, 0.99059, 0.509868
6008.12, 0.991836, 0.00771919, 0.99184, 0.389595
6008.13, 0.992778, 0.00773041, 0.99267, 0.304002
6008.14, 0.99447, 0.00774138, 0.99325, 0.244973
6008.15, 0.996223, 0.00774543, 0.99366, 0.205128
6008.16, 0.995808, 0.00774162, 0.99395, 0.181516
6008.17, 0.993544, 0.00773384, 0.99417, 0.166021
6008.18, 0.992308, 0.00773025, 0.99431, 0.156428
6008.19, 0.992788, 0.00773269, 0.9944, 0.150525
6008.2, 0.993766, 0.00773752, 0.99443, 0.147574
6008.21, 0.994715, 0.0077417, 0.99442, 0.147574
6008.22, 0.995617, 0.00774288, 0.99436, 0.146836
6008.23, 0.996112, 0.00774046, 0.99426, 0.147574
6008.24, 0.995777, 0.00773525, 0.99412, 0.147574
6008.25, 0.995304, 0.00773145, 0.99394, 0.143885
6008.26, 0.995657, 0.00773345, 0.99372, 0.134292
6008.27, 0.995992, 0.00773639, 0.99344, 0.118797
6008.28, 0.995022, 0.00773302, 0.99312, 0.095923
6008.29, 0.992975, 0.00772357, 0.99277, 0.0700976
6008.3, 0.990634, 0.00771126, 0.99243, 0.04501
6008.31, 0.989032, 0.00770185, 1, 0
6008.32, 0.988718, 0.00769913, 1, 0
6008.33, 0.988336, 0.00769778, 1, 0
6008.34, 0.986719, 0.00769278, 1, 0
6008.35, 0.984509, 0.00768594, 1, 0
6008.36, 0.982651, 0.00768019, 1, 0
6008.37, 0.980793, 0.00767445, 1, 0
