wav, obs, sigma_obs, syn, weight
6011.85, 1.00429, 0.00770072, 1, 0
6011.86, 1.00368, 0.00769743, 1, 0
6011.87, 1.00381, 0.00769326, 1, 0
6011.88, 1.00434, 0.00769067, 1, 0
6011.89, 1.00469, 0.00769256, 1, 0
6011.9, 1.00488, 0.00769773, 1, 0
6011.91, 1.0049, 0.00770275, 1, 0
6011.92, 1.00397, 0.00770089, 0.99979, 0.00170135
6011.93, 1.00209, 0.00769021, 0.99978, 0.00340271
6011.94, 1.00196, 0.00768467, 0.99977, 0.00340271
6011.95, 1.00456, 0.00769282, 0.99975, 0.00510406
6011.96, 1.00615, 0.0077056, 0.99974, 0.00850677
6011.97, 1.00505, 0.007713, 0.99972, 0.00680542
6011.98, 1.00379, 0.00770738, 0.99971, 0.0102081
6011.99, 1.00339, 0.00769063, 0.99969, 0.0102081
6012, 1.0026, 0.00767573, 0.99966, 0.0136108
6012.01, 1.00113, 0.00766954, 0.99963, 0.0170135
6012.02, 0.999749, 0.00767214, 0.9996, 0.0255203
6012.03, 0.999582, 0.00767841, 0.99955, 0.0425339
6012.04, 1.00168, 0.00768071, 0.99947, 0.0697555
6012.05, 1.00408, 0.00768045, 0.99932, 0.119095
6012.06, 1.00374, 0.00768222, 0.99904, 0.195656
6012.07, 1.00115, 0.00767915, 0.99849, 0.314751
6012.08, 0.998165, 0.00766418, 0.99746, 0.484886
6012.09, 0.996284, 0.00765121, 0.99558, 0.714569
6012.1, 0.995934, 0.00765161, 0.99236, 1.0072
6012.11, 0.994135, 0.00764629, 0.98721, 1.35768
6012.12, 0.988321, 0.00761615, 0.9795, 1.7541
6012.13, 0.978878, 0.00755893, 0.96873, 2.17773
6012.14, 0.966108, 0.00747641, 0.95472, 2.60988
6012.15, 0.949282, 0.00737296, 0.93778, 3.02841
6012.16, 0.928183, 0.00725043, 0.91879, 3.40951
6012.17, 0.903612, 0.00710743, 0.89924, 3.73787
6012.18, 0.879364, 0.00696412, 0.88098, 3.99988
6012.19, 0.862096, 0.00686252, 0.86605, 4.19044
6012.2, 0.853293, 0.00681174, 0.85624, 4.30613
6012.21, 0.850316, 0.00679466, 0.85279, 4.34526
6012.22, 0.85371, 0.00681512, 0.85616, 4.30613
6012.23, 0.865532, 0.00688694, 0.8659, 4.19214
6012.24, 0.883476, 0.00699499, 0.88076, 4.00158
6012.25, 0.903295, 0.00711168, 0.89895, 3.73787
6012.26, 0.921433, 0.00721633, 0.91846, 3.41121
6012.27, 0.935734, 0.00729745, 0.93741, 3.03181
6012.28, 0.948742, 0.00737115, 0.95433, 2.61498
6012.29, 0.962422, 0.00745034, 0.96832, 2.18624
6012.3, 0.973524, 0.00751793, 0.97907, 1.7643
6012.31, 0.98013, 0.00756248, 0.98677, 1.37129
6012.32, 0.985295, 0.00759681, 0.99188, 1.02932
6012.33, 0.990392, 0.00762561, 0.99502, 0.743492
6012.34, 0.993053, 0.00763555, 0.99679, 0.524017
6012.35, 0.993085, 0.00763003, 0.99765, 0.362388
6012.36, 0.993264, 0.00763363, 0.99794, 0.253502
6012.37, 0.993733, 0.00764428, 0.9979, 0.185448
6012.38, 0.992231, 0.00763629, 0.99766, 0.148018
6012.39, 0.98924, 0.00761475, 0.99731, 0.129303
6012.4, 0.987081, 0.00760441, 0.99692, 0.122497
6012.41, 0.986791, 0.00760735, 0.99656, 0.119095
6012.42, 0.988444, 0.00761367, 0.99628, 0.119095
6012.43, 0.990463, 0.00761455, 0.99611, 0.117393
6012.44, 0.99132, 0.00760699, 0.99608, 0.115692
6012.45, 0.992632, 0.00761266, 0.9962, 0.110588
6012.46, 0.995791, 0.00764595, 0.99645, 0.10038
6012.47, 0.998518, 0.00767434, 0.9968, 0.0850677
6012.48, 0.999079, 0.00767415, 0.99721, 0.0680542
6012.49, 0.998845, 0.0076659, 0.99764, 0.0476379
6012.5, 0.998754, 0.00766458, 0.99807, 0.0306244
6012.51, 0.998176, 0.0076638, 1, 0
6012.52, 0.997084, 0.00765984, 1, 0
6012.53, 0.996439, 0.00765541, 1, 0
6012.54, 0.996508, 0.00765179, 1, 0
6012.55, 0.996614, 0.00764822, 1, 0
6012.56, 0.996599, 0.00764451, 1, 0
6012.57, 0.996584, 0.00764079, 1, 0
