wav, obs, sigma_obs, syn, weight
6017.95, 0.996993, 0.00770567, 1, 0
6017.96, 0.997106, 0.00770379, 1, 0
6017.97, 0.997599, 0.00770911, 1, 0
6017.98, 0.99857, 0.00772276, 1, 0
6017.99, 0.999307, 0.00772858, 1, 0
6018, 0.999232, 0.00771975, 1, 0
6018.01, 0.998263, 0.00771022, 1, 0
6018.02, 0.997454, 0.00770981, 0.99954, 0.0123129
6018.03, 0.998847, 0.00772071, 0.99955, 0.0246259
6018.04, 1.00127, 0.00773474, 0.99955, 0.0369388
6018.05, 1.00166, 0.00773844, 0.99955, 0.0492518
6018.06, 1.0012, 0.00773493, 0.99954, 0.0554082
6018.07, 1.00225, 0.00773353, 0.99953, 0.0615647
6018.08, 1.00278, 0.00773494, 0.99951, 0.0677212
6018.09, 1.00105, 0.00773753, 0.99949, 0.0738776
6018.1, 0.999887, 0.00774051, 0.99947, 0.0861906
6018.11, 1.00096, 0.00774364, 0.99944, 0.092347
6018.12, 1.0021, 0.00774748, 0.9994, 0.116973
6018.13, 1.00227, 0.00775239, 0.99935, 0.147755
6018.14, 1.00224, 0.00775783, 0.99927, 0.203163
6018.15, 1.00163, 0.00775478, 0.99915, 0.283198
6018.16, 0.999352, 0.0077313, 0.99895, 0.40017
6018.17, 0.997451, 0.00771011, 0.99861, 0.566395
6018.18, 0.998593, 0.00772147, 0.99807, 0.775715
6018.19, 1.00023, 0.00773924, 0.99722, 1.04044
6018.2, 0.99936, 0.00773224, 0.99595, 1.34211
6018.21, 0.997055, 0.00771341, 0.99413, 1.69303
6018.22, 0.99418, 0.00769521, 0.9917, 2.05626
6018.23, 0.989509, 0.0076709, 0.98862, 2.42565
6018.24, 0.983714, 0.00764196, 0.98499, 2.76425
6018.25, 0.980061, 0.00762258, 0.98102, 3.07823
6018.26, 0.977326, 0.00760496, 0.977, 3.33681
6018.27, 0.970994, 0.00756558, 0.97332, 3.53997
6018.28, 0.963649, 0.00751962, 0.97034, 3.67541
6018.29, 0.960574, 0.00749727, 0.96836, 3.7616
6018.3, 0.959408, 0.00748908, 0.96752, 3.77392
6018.31, 0.95711, 0.00748073, 0.96782, 3.71851
6018.32, 0.957752, 0.00749007, 0.96909, 3.60153
6018.33, 0.963895, 0.00752733, 0.97106, 3.42915
6018.34, 0.971462, 0.00757101, 0.97338, 3.18905
6018.35, 0.976849, 0.00760213, 0.97575, 2.89354
6018.36, 0.978499, 0.00761211, 0.97794, 2.56725
6018.37, 0.978181, 0.00761167, 0.97986, 2.21017
6018.38, 0.98007, 0.00762542, 0.98153, 1.84694
6018.39, 0.983395, 0.00764737, 0.98303, 1.49602
6018.4, 0.985033, 0.00765705, 0.98452, 1.16357
6018.41, 0.985599, 0.00765765, 0.98609, 0.886532
6018.42, 0.986621, 0.00765897, 0.9878, 0.652586
6018.43, 0.987815, 0.00766248, 0.98962, 0.474048
6018.44, 0.988921, 0.00766878, 0.99149, 0.344762
6018.45, 0.990666, 0.00768076, 0.99327, 0.252415
6018.46, 0.993072, 0.00769652, 0.99488, 0.190851
6018.47, 0.994983, 0.0077071, 0.99621, 0.153912
6018.48, 0.996178, 0.0077104, 0.99725, 0.129286
6018.49, 0.997303, 0.00771111, 0.99799, 0.0985035
6018.5, 0.998025, 0.0077116, 0.99847, 0.0800341
6018.51, 0.997678, 0.00771265, 0.99875, 0.0492518
6018.52, 0.997442, 0.00771476, 0.99891, 0.0307823
6018.53, 0.998595, 0.0077187, 1, 0
6018.54, 1.00009, 0.00772655, 1, 0
6018.55, 1.00062, 0.00773651, 1, 0
6018.56, 0.999548, 0.00773723, 1, 0
6018.57, 0.997277, 0.00772673, 1, 0
6018.58, 0.995554, 0.00771859, 1, 0
6018.59, 0.994887, 0.00771744, 1, 0
