wav, obs, sigma_obs, syn, weight
6026.63, 0.997695, 0.00838152, 1, 0
6026.64, 0.99971, 0.00839523, 1, 0
6026.65, 1.00288, 0.008416, 1, 0
6026.66, 1.00291, 0.00841759, 1, 0
6026.67, 0.999312, 0.00839854, 1, 0
6026.68, 0.997889, 0.00839854, 1, 0
6026.69, 1.00022, 0.00842552, 1, 0
6026.7, 1.00236, 0.00844667, 0.99875, 0.0108679
6026.71, 1.00161, 0.00844018, 0.99869, 0.0188377
6026.72, 0.997523, 0.00840251, 0.99863, 0.027532
6026.73, 0.995739, 0.00837895, 0.99855, 0.0362263
6026.74, 0.999283, 0.00839845, 0.99847, 0.0441961
6026.75, 1.00148, 0.00842196, 0.99837, 0.0507169
6026.76, 1.00024, 0.00843073, 0.99826, 0.0565131
6026.77, 0.999849, 0.00843785, 0.99813, 0.0615848
6026.78, 0.999277, 0.00842954, 0.998, 0.067381
6026.79, 0.995747, 0.00838936, 0.99786, 0.0731772
6026.8, 0.99447, 0.00837137, 0.99771, 0.0804224
6026.81, 0.99847, 0.00840688, 0.99755, 0.0891168
6026.82, 1.00031, 0.00842715, 0.99736, 0.0999847
6026.83, 0.99801, 0.00841114, 0.99716, 0.113751
6026.84, 0.99735, 0.00840707, 0.99691, 0.132588
6026.85, 0.998499, 0.00841817, 0.99662, 0.158671
6026.86, 0.998512, 0.00842182, 0.99625, 0.197071
6026.87, 0.997524, 0.00841783, 0.9958, 0.254309
6026.88, 0.996487, 0.00841219, 0.99521, 0.339078
6026.89, 0.995979, 0.00840861, 0.99442, 0.457901
6026.9, 0.995094, 0.00840096, 0.99326, 0.616572
6026.91, 0.991536, 0.00837435, 0.99143, 0.817266
6026.92, 0.986677, 0.00834321, 0.98836, 1.05346
6026.93, 0.982707, 0.00832751, 0.98306, 1.31936
6026.94, 0.974166, 0.00828137, 0.97401, 1.6041
6026.95, 0.956797, 0.00816802, 0.9592, 1.89971
6026.96, 0.934761, 0.00802053, 0.93639, 2.20111
6026.97, 0.907621, 0.00784183, 0.90376, 2.50324
6026.98, 0.868493, 0.0075895, 0.86066, 2.80682
6026.99, 0.817577, 0.00726137, 0.80833, 3.10749
6027, 0.759377, 0.00688067, 0.75013, 3.39803
6027.01, 0.696336, 0.00646137, 0.69111, 3.669
6027.02, 0.63309, 0.00603529, 0.63712, 3.9052
6027.03, 0.580973, 0.00568303, 0.59364, 4.08995
6027.04, 0.547146, 0.00545506, 0.56498, 4.21022
6027.05, 0.532641, 0.0053578, 0.55386, 4.25732
6027.06, 0.540007, 0.00541111, 0.56127, 4.22616
6027.07, 0.571657, 0.00563385, 0.58655, 4.12038
6027.08, 0.623368, 0.00598891, 0.62732, 3.94794
6027.09, 0.687247, 0.0064157, 0.67959, 3.72189
6027.1, 0.751762, 0.00684042, 0.73804, 3.45744
6027.11, 0.810463, 0.00722324, 0.79682, 3.16908
6027.12, 0.863248, 0.00756485, 0.85063, 2.87057
6027.13, 0.905417, 0.00783575, 0.89574, 2.56772
6027.14, 0.931841, 0.00800378, 0.93046, 2.26487
6027.15, 0.950634, 0.00812414, 0.95511, 1.96419
6027.16, 0.968439, 0.00824321, 0.97135, 1.66786
6027.17, 0.979074, 0.00832456, 0.98136, 1.38095
6027.18, 0.982276, 0.0083583, 0.98725, 1.11215
6027.19, 0.986199, 0.00837813, 0.99064, 0.870156
6027.2, 0.990319, 0.00839492, 0.99262, 0.664391
6027.21, 0.990269, 0.00840573, 0.99383, 0.499199
6027.22, 0.990353, 0.00841608, 0.99462, 0.376029
6027.23, 0.993832, 0.00842887, 0.99516, 0.288362
6027.24, 0.995657, 0.00843543, 0.99554, 0.229675
6027.25, 0.99458, 0.00843598, 0.99579, 0.192
6027.26, 0.994739, 0.00844148, 0.99594, 0.167366
6027.27, 0.996325, 0.00844686, 0.99601, 0.150702
6027.28, 0.997268, 0.00844166, 0.99605, 0.139834
6027.29, 0.996855, 0.00843665, 0.99608, 0.131864
6027.3, 0.995663, 0.00844176, 0.99613, 0.126068
6027.31, 0.996137, 0.0084511, 0.99623, 0.120996
6027.32, 0.997794, 0.0084558, 0.99637, 0.117373
6027.33, 0.997073, 0.00844782, 0.99654, 0.113751
6027.34, 0.995471, 0.00843704, 0.99672, 0.109404
6027.35, 0.996413, 0.00844015, 0.99687, 0.103607
6027.36, 0.998343, 0.00845756, 0.99698, 0.0934639
6027.37, 0.999003, 0.00847726, 0.99703, 0.0789734
6027.38, 0.997726, 0.00847179, 0.99704, 0.0608602
6027.39, 0.995556, 0.008446, 0.99704, 0.041298
6027.4, 0.994935, 0.00843839, 0.99708, 0.0246339
6027.41, 0.995945, 0.00845241, 1, 0
6027.42, 0.99736, 0.00847158, 1, 0
6027.43, 0.998136, 0.00848183, 1, 0
6027.44, 0.997826, 0.00847721, 1, 0
6027.45, 0.997283, 0.00846941, 1, 0
6027.46, 0.996934, 0.00846424, 1, 0
6027.47, 0.996584, 0.00845907, 1, 0
