wav, obs, sigma_obs, syn, weight
6033.69, 0.997738, 0.00932065, 1, 0
6033.7, 0.996553, 0.00930481, 1, 0
6033.71, 0.994981, 0.00928572, 1, 0
6033.72, 0.996929, 0.00929622, 1, 0
6033.73, 1.00081, 0.00932416, 1, 0
6033.74, 1.00133, 0.00932689, 1, 0
6033.75, 0.999775, 0.00931247, 0.9999, 0.00348757
6033.76, 0.999328, 0.00930714, 0.9999, 0.00348757
6033.77, 1.00031, 0.00932428, 0.99989, 0.00697514
6033.78, 1.00123, 0.00934787, 0.99989, 0.0104627
6033.79, 0.999654, 0.00933864, 0.99988, 0.0139503
6033.8, 0.997661, 0.0093158, 0.99986, 0.0174379
6033.81, 0.998034, 0.00931156, 0.99984, 0.0209254
6033.82, 0.99909, 0.00931142, 0.99982, 0.0279006
6033.83, 0.999399, 0.00930697, 0.99978, 0.0313882
6033.84, 0.998936, 0.0093075, 0.99975, 0.0383633
6033.85, 0.998349, 0.00931721, 0.9997, 0.0523136
6033.86, 0.998453, 0.0093329, 0.99965, 0.0697514
6033.87, 0.999555, 0.00933783, 0.9996, 0.108115
6033.88, 1.00022, 0.00932446, 0.99954, 0.163916
6033.89, 0.997481, 0.00930272, 0.99945, 0.254593
6033.9, 0.994881, 0.00929557, 0.99931, 0.387121
6033.91, 0.996905, 0.009317, 0.99905, 0.575449
6033.92, 0.997456, 0.00932402, 0.99858, 0.83353
6033.93, 0.994241, 0.00930414, 0.99775, 1.1509
6033.94, 0.993478, 0.00930426, 0.99635, 1.52058
6033.95, 0.994481, 0.0093213, 0.99413, 1.9356
6033.96, 0.992757, 0.00932102, 0.99087, 2.36806
6033.97, 0.987768, 0.00928327, 0.98644, 2.79703
6033.98, 0.98135, 0.00922391, 0.98089, 3.1981
6033.99, 0.977069, 0.00920312, 0.97454, 3.54686
6034, 0.972979, 0.0091914, 0.96796, 3.83284
6034.01, 0.964974, 0.00912319, 0.96194, 4.05605
6034.02, 0.956418, 0.00905527, 0.95732, 4.20252
6034.03, 0.951478, 0.00903797, 0.9548, 4.27925
6034.04, 0.951966, 0.00905266, 0.95479, 4.27925
6034.05, 0.957396, 0.00908567, 0.9573, 4.20601
6034.06, 0.965409, 0.00913143, 0.96191, 4.05953
6034.07, 0.97201, 0.00918125, 0.9679, 3.83633
6034.08, 0.976104, 0.00922739, 0.97444, 3.55035
6034.09, 0.982453, 0.00926586, 0.98074, 3.1981
6034.1, 0.98951, 0.00929688, 0.98622, 2.80052
6034.11, 0.991952, 0.00932274, 0.99054, 2.37155
6034.12, 0.993301, 0.00934071, 0.99363, 1.93909
6034.13, 0.996495, 0.00935179, 0.9956, 1.52407
6034.14, 0.997763, 0.00936707, 0.99665, 1.1509
6034.15, 0.997289, 0.00938885, 0.99698, 0.830042
6034.16, 0.998293, 0.00940854, 0.9968, 0.575449
6034.17, 0.998511, 0.00940419, 0.9963, 0.383633
6034.18, 0.996291, 0.00937448, 0.99562, 0.247618
6034.19, 0.995255, 0.0093687, 0.99492, 0.156941
6034.2, 0.995968, 0.00938072, 0.99434, 0.10114
6034.21, 0.996106, 0.00936341, 0.99401, 0.0662639
6034.22, 0.996135, 0.00935742, 0.99398, 0.0453384
6034.23, 0.996993, 0.0093966, 0.99429, 0.0348757
6034.24, 0.998213, 0.00942581, 0.99488, 0.024413
6034.25, 0.998927, 0.00942546, 0.99568, 0.024413
6034.26, 0.998245, 0.0094183, 0.99656, 0.0209254
6034.27, 0.996392, 0.00940547, 0.99741, 0.0174379
6034.28, 0.994735, 0.00938864, 0.99816, 0.0174379
6034.29, 0.996159, 0.00939172, 0.99875, 0.0104627
6034.3, 0.999646, 0.00941306, 0.99918, 0.00697514
6034.31, 1.00064, 0.00942445, 0.99947, 0.00697514
6034.32, 0.998779, 0.00941435, 0.99966, 0.00348757
6034.33, 0.996303, 0.00939162, 0.99977, 0.00348757
6034.34, 0.997327, 0.00939624, 1, 0
6034.35, 1.00066, 0.00942539, 1, 0
6034.36, 1.00013, 0.00943258, 1, 0
6034.37, 0.996603, 0.00942077, 1, 0
6034.38, 0.994183, 0.00941598, 1, 0
6034.39, 0.991764, 0.00941119, 1, 0
