wav, obs, sigma_obs, syn, weight
6034.95, 0.994993, 0.00951174, 1, 0
6034.96, 0.994994, 0.00949776, 1, 0
6034.97, 0.995884, 0.00949717, 1, 0
6034.98, 0.998491, 0.00952167, 1, 0
6034.99, 1.00043, 0.0095321, 1, 0
6035, 1.00064, 0.00952034, 1, 0
6035.01, 1.00075, 0.00952938, 0.99969, 0.00913423
6035.02, 1.00157, 0.00955249, 0.99972, 0.00913423
6035.03, 1.00305, 0.00956227, 0.99975, 0.0182685
6035.04, 1.0039, 0.00956396, 0.99977, 0.0274027
6035.05, 1.00332, 0.00956232, 0.99979, 0.0365369
6035.06, 1.00159, 0.00955358, 0.99979, 0.0411041
6035.07, 0.999886, 0.00954983, 0.9998, 0.0411041
6035.08, 0.999709, 0.00956432, 0.9998, 0.0411041
6035.09, 1.00201, 0.00958338, 0.9998, 0.0365369
6035.1, 1.00468, 0.00959158, 0.9998, 0.0365369
6035.11, 1.00254, 0.00958116, 0.9998, 0.0365369
6035.12, 0.998474, 0.00956708, 0.9998, 0.0365369
6035.13, 0.997841, 0.00956705, 0.9998, 0.0411041
6035.14, 0.999319, 0.00956791, 0.99979, 0.0456712
6035.15, 1.00058, 0.00956508, 0.99979, 0.0548054
6035.16, 1.00004, 0.00957063, 0.99977, 0.0730739
6035.17, 0.998118, 0.0095708, 0.99975, 0.100477
6035.18, 0.996489, 0.00955238, 0.99971, 0.150715
6035.19, 0.997308, 0.00954991, 0.99965, 0.228356
6035.2, 0.999974, 0.0095716, 0.99955, 0.347101
6035.21, 1.00068, 0.00958305, 0.99937, 0.520651
6035.22, 0.999228, 0.00957774, 0.99904, 0.753574
6035.23, 0.997537, 0.00956693, 0.99847, 1.04587
6035.24, 0.997642, 0.00956641, 0.99752, 1.39754
6035.25, 0.99798, 0.00957056, 0.99601, 1.79031
6035.26, 0.993576, 0.00955147, 0.99379, 2.20592
6035.27, 0.988624, 0.00952595, 0.99074, 2.62609
6035.28, 0.988096, 0.00951611, 0.98689, 3.0143
6035.29, 0.985032, 0.00948993, 0.98242, 3.3614
6035.3, 0.977692, 0.00944112, 0.97771, 3.65369
6035.31, 0.972569, 0.00940374, 0.97329, 3.87748
6035.32, 0.970076, 0.00938881, 0.96977, 4.03276
6035.33, 0.968214, 0.00938857, 0.96766, 4.11954
6035.34, 0.967363, 0.00937803, 0.96729, 4.12867
6035.35, 0.968171, 0.00936291, 0.96872, 4.07387
6035.36, 0.970959, 0.00938193, 0.97173, 3.95056
6035.37, 0.974964, 0.00942598, 0.97584, 3.7496
6035.38, 0.979192, 0.00946885, 0.98046, 3.48471
6035.39, 0.983412, 0.00950271, 0.98501, 3.16044
6035.4, 0.9877, 0.0095306, 0.98904, 2.78594
6035.41, 0.992097, 0.00956166, 0.99225, 2.3749
6035.42, 0.994958, 0.00958712, 0.99458, 1.95473
6035.43, 0.995413, 0.0095979, 0.9961, 1.55282
6035.44, 0.996541, 0.00960569, 0.99698, 1.18288
6035.45, 0.998066, 0.00961036, 0.99743, 0.863185
6035.46, 0.996388, 0.00959903, 0.99765, 0.607427
6035.47, 0.994457, 0.00958254, 0.99777, 0.415608
6035.48, 0.995824, 0.00958108, 0.99789, 0.278594
6035.49, 0.998242, 0.00961013, 0.99807, 0.187252
6035.5, 0.999107, 0.00964126, 0.9983, 0.132446
6035.51, 0.997118, 0.00961945, 0.99857, 0.0959095
6035.52, 0.995893, 0.00960242, 0.99884, 0.0685068
6035.53, 0.997964, 0.00964236, 0.99908, 0.0548054
6035.54, 0.998712, 0.00966937, 0.99926, 0.0365369
6035.55, 0.997267, 0.00965834, 0.99939, 0.0274027
6035.56, 0.996925, 0.00964306, 0.99946, 0.0137014
6035.57, 0.998207, 0.00964812, 0.9995, 0.00913423
6035.58, 0.999762, 0.00967307, 1, 0
6035.59, 0.998796, 0.00967356, 1, 0
6035.6, 0.996857, 0.00965072, 1, 0
6035.61, 0.998616, 0.00964503, 1, 0
6035.62, 1.00261, 0.00965204, 1, 0
6035.63, 1.00569, 0.00965385, 1, 0
