wav, obs, sigma_obs, syn, weight
6078.61, 0.957957, 0.00584284, 1, 0
6078.62, 0.964461, 0.00587221, 1, 0
6078.63, 0.971301, 0.00590313, 1, 0
6078.64, 0.977771, 0.00593234, 1, 0
6078.65, 0.982544, 0.00595378, 1, 0
6078.66, 0.985743, 0.00596806, 1, 0
6078.67, 0.988177, 0.00597902, 1, 0
6078.68, 0.99069, 0.00599098, 0.99193, 0.0626557
6078.69, 0.99377, 0.00600636, 0.99249, 0.098459
6078.7, 0.996494, 0.0060197, 0.99308, 0.136703
6078.71, 0.997812, 0.00602509, 0.99362, 0.165997
6078.72, 0.997222, 0.00602024, 0.9941, 0.184712
6078.73, 0.995429, 0.00600902, 0.99449, 0.192036
6078.74, 0.99487, 0.00600397, 0.99481, 0.190408
6078.75, 0.996043, 0.00600786, 0.99507, 0.184712
6078.76, 0.997245, 0.00601244, 0.99528, 0.178203
6078.77, 0.997456, 0.00601333, 0.99543, 0.17332
6078.78, 0.996437, 0.00601015, 0.99553, 0.170065
6078.79, 0.995609, 0.00600871, 0.99559, 0.170065
6078.8, 0.996552, 0.00601509, 0.9956, 0.174134
6078.81, 0.99782, 0.00602235, 0.99555, 0.183899
6078.82, 0.997808, 0.00602283, 0.99544, 0.204241
6078.83, 0.997279, 0.00601877, 0.99524, 0.237603
6078.84, 0.996777, 0.00601305, 0.99492, 0.291308
6078.85, 0.995519, 0.00600592, 0.99439, 0.372679
6078.86, 0.993347, 0.00599853, 0.99352, 0.489854
6078.87, 0.991073, 0.0059932, 0.99206, 0.649341
6078.88, 0.988519, 0.00598579, 0.98957, 0.856023
6078.89, 0.984579, 0.00596704, 0.98541, 1.10827
6078.9, 0.978164, 0.00593417, 0.97869, 1.40446
6078.91, 0.968316, 0.00588794, 0.96834, 1.73727
6078.92, 0.954753, 0.00582697, 0.95327, 2.09775
6078.93, 0.937047, 0.00574729, 0.93268, 2.47124
6078.94, 0.913243, 0.00563795, 0.90639, 2.84636
6078.95, 0.882222, 0.00549367, 0.87513, 3.20765
6078.96, 0.845788, 0.00532703, 0.84071, 3.53964
6078.97, 0.807237, 0.00515467, 0.80591, 3.82769
6078.98, 0.771511, 0.00499536, 0.77418, 4.0596
6078.99, 0.743016, 0.00486485, 0.74909, 4.22723
6079, 0.725372, 0.00477598, 0.73374, 4.32243
6079.01, 0.721208, 0.00474708, 0.73008, 4.34359
6079.02, 0.732072, 0.00479643, 0.73862, 4.2907
6079.03, 0.756359, 0.00491225, 0.75823, 4.16294
6079.04, 0.790536, 0.00506953, 0.78644, 3.96684
6079.05, 0.828787, 0.00524582, 0.81991, 3.70808
6079.06, 0.865697, 0.00541995, 0.85502, 3.39887
6079.07, 0.89897, 0.00557226, 0.88854, 3.05141
6079.08, 0.92672, 0.00569101, 0.91805, 2.67955
6079.09, 0.946859, 0.00577902, 0.94218, 2.29955
6079.1, 0.960365, 0.00584564, 0.96058, 1.92605
6079.11, 0.971815, 0.00590528, 0.97374, 1.5729
6079.12, 0.982257, 0.00595577, 0.9826, 1.24986
6079.13, 0.989785, 0.00598317, 0.98827, 0.966688
6079.14, 0.993714, 0.00599309, 0.99177, 0.728271
6079.15, 0.994453, 0.00600006, 0.9939, 0.536235
6079.16, 0.994551, 0.00600832, 0.9952, 0.390581
6079.17, 0.996168, 0.00601713, 0.99603, 0.283985
6079.18, 0.997537, 0.00602107, 0.9966, 0.209124
6079.19, 0.997461, 0.00601889, 0.99701, 0.158674
6079.2, 0.997836, 0.00602072, 0.99733, 0.125311
6079.21, 0.99928, 0.00602894, 0.99759, 0.103341
6079.22, 1.00005, 0.00603313, 0.9978, 0.0886944
6079.23, 0.999892, 0.00603263, 0.99797, 0.0781162
6079.24, 1.00001, 0.00603586, 0.99813, 0.0699791
6079.25, 1.00046, 0.00603925, 0.99826, 0.0634694
6079.26, 1.00071, 0.00603439, 0.99837, 0.0585872
6079.27, 1.00136, 0.00603199, 0.99847, 0.0537049
6079.28, 1.00282, 0.00604337, 0.99857, 0.0496363
6079.29, 1.00305, 0.00605108, 0.99865, 0.0447541
6079.3, 1.00117, 0.00604267, 0.99872, 0.0390581
6079.31, 1.001, 0.00603678, 0.99879, 0.0325484
6079.32, 1.00351, 0.0060424, 0.99884, 0.025225
6079.33, 1.00406, 0.00604507, 0.99889, 0.0170879
6079.34, 1.00203, 0.00604064, 0.99894, 0.0105782
6079.35, 1.00145, 0.00603806, 1, 0
6079.36, 1.00298, 0.00604153, 1, 0
6079.37, 1.00472, 0.00605032, 1, 0
6079.38, 1.00513, 0.00605522, 1, 0
6079.39, 1.00322, 0.00604636, 1, 0
6079.4, 1.00005, 0.00602957, 1, 0
6079.41, 0.997464, 0.00601646, 1, 0
