wav, obs, sigma_obs, syn, weight
6084.86, 1.00061, 0.00620459, 1, 0
6084.87, 1.00039, 0.00620121, 1, 0
6084.88, 1.00023, 0.00619755, 1, 0
6084.89, 0.9999, 0.00619479, 1, 0
6084.9, 0.999543, 0.0061959, 1, 0
6084.91, 0.999776, 0.00620789, 1, 0
6084.92, 1.00027, 0.00623817, 1, 0
6084.93, 0.999802, 0.00629121, 0.99958, 0.00445855
6084.94, 0.998882, 0.00633991, 0.99958, 0.00594474
6084.95, 0.998845, 0.00634541, 0.99957, 0.0089171
6084.96, 0.999573, 0.00630844, 0.99955, 0.0133757
6084.97, 1.00041, 0.00625009, 0.99952, 0.0148618
6084.98, 1.00057, 0.00621095, 0.99949, 0.0148618
6084.99, 0.999959, 0.00620569, 0.99945, 0.0178342
6085, 0.999517, 0.00620481, 0.99941, 0.0193204
6085.01, 0.999622, 0.00619976, 0.99936, 0.0208066
6085.02, 1, 0.0062018, 0.9993, 0.0222928
6085.03, 0.99983, 0.00620636, 0.99923, 0.0252651
6085.04, 0.998502, 0.00620374, 0.99914, 0.0297237
6085.05, 0.997564, 0.00619703, 0.99903, 0.0356684
6085.06, 0.997978, 0.00619166, 0.99888, 0.0430993
6085.07, 0.998142, 0.00619053, 0.99864, 0.0579612
6085.08, 0.997386, 0.00619322, 0.99824, 0.0802539
6085.09, 0.996526, 0.00619544, 0.9975, 0.115922
6085.1, 0.994921, 0.00619107, 0.99606, 0.169425
6085.11, 0.991062, 0.00617378, 0.99331, 0.249679
6085.12, 0.984986, 0.00614295, 0.98828, 0.362629
6085.13, 0.976789, 0.00609938, 0.97962, 0.515706
6085.14, 0.964717, 0.00604111, 0.96567, 0.717827
6085.15, 0.946469, 0.00595959, 0.94482, 0.976423
6085.16, 0.919522, 0.00583605, 0.91598, 1.29298
6085.17, 0.883079, 0.00566359, 0.87909, 1.66453
6085.18, 0.83829, 0.00544911, 0.83556, 2.08512
6085.19, 0.788145, 0.00520734, 0.78826, 2.53543
6085.2, 0.736965, 0.00495923, 0.74122, 2.99466
6085.21, 0.690702, 0.00473607, 0.69888, 3.43903
6085.22, 0.654256, 0.00456214, 0.6654, 3.84179
6085.23, 0.62861, 0.00443605, 0.64402, 4.18212
6085.24, 0.617231, 0.00437519, 0.63673, 4.44815
6085.25, 0.627408, 0.00442584, 0.64418, 4.63392
6085.26, 0.65735, 0.00457816, 0.66562, 4.7335
6085.27, 0.698367, 0.00477998, 0.69902, 4.74984
6085.28, 0.746187, 0.00501029, 0.74115, 4.68445
6085.29, 0.797761, 0.00525762, 0.78792, 4.54178
6085.3, 0.846953, 0.00549238, 0.83497, 4.3248
6085.31, 0.888847, 0.00569148, 0.87836, 4.03945
6085.32, 0.922422, 0.00585319, 0.91522, 3.69168
6085.33, 0.94748, 0.00597674, 0.94414, 3.2919
6085.34, 0.964421, 0.00606067, 0.96511, 2.85645
6085.35, 0.975916, 0.00611469, 0.9792, 2.3987
6085.36, 0.985283, 0.00615343, 0.98798, 1.94541
6085.37, 0.991731, 0.00617971, 0.99309, 1.51294
6085.38, 0.994316, 0.00619399, 0.99589, 1.12653
6085.39, 0.995599, 0.00620152, 0.99737, 0.799567
6085.4, 0.997261, 0.00620697, 0.99813, 0.542457
6085.41, 0.998694, 0.00621271, 0.99854, 0.352226
6085.42, 0.999502, 0.0062184, 0.99878, 0.221441
6085.43, 0.999645, 0.00622153, 0.99894, 0.138215
6085.44, 0.999133, 0.00621944, 0.99906, 0.0876849
6085.45, 0.998336, 0.00621278, 0.99915, 0.0594474
6085.46, 0.999018, 0.00621566, 0.99923, 0.0416132
6085.47, 1.00146, 0.00623186, 0.99929, 0.032696
6085.48, 1.00215, 0.00623649, 0.99934, 0.0267513
6085.49, 1.00056, 0.00622441, 0.99939, 0.0252651
6085.5, 1.00005, 0.00621699, 0.99942, 0.0222928
6085.51, 1.00115, 0.00622125, 0.99946, 0.0193204
6085.52, 1.00241, 0.00623259, 0.99948, 0.0178342
6085.53, 1.00257, 0.00623956, 0.99951, 0.016348
6085.54, 1.0013, 0.00623498, 0.99953, 0.0148618
6085.55, 1.00075, 0.00623124, 0.99955, 0.0133757
6085.56, 1.00171, 0.00623438, 0.99957, 0.0118895
6085.57, 1.00214, 0.00623479, 0.99958, 0.0089171
6085.58, 1.00173, 0.00623048, 0.99959, 0.00743092
6085.59, 1.00175, 0.00622724, 0.9996, 0.00297237
6085.6, 1.00202, 0.0062274, 1, 0
6085.61, 1.00186, 0.0062307, 1, 0
6085.62, 1.00151, 0.0062339, 1, 0
6085.63, 1.00132, 0.00623463, 1, 0
6085.64, 1.00116, 0.00623468, 1, 0
6085.65, 1.00098, 0.00623525, 1, 0
6085.66, 1.00079, 0.00623581, 1, 0
