wav, obs, sigma_obs, syn, weight
6093.27, 0.997783, 0.00660891, 1, 0
6093.28, 0.998403, 0.00661298, 1, 0
6093.29, 0.998331, 0.0066142, 1, 0
6093.3, 0.997486, 0.00661241, 1, 0
6093.31, 0.997892, 0.00661636, 1, 0
6093.32, 0.999312, 0.00662257, 1, 0
6093.33, 0.999147, 0.00661588, 1, 0
6093.34, 0.998702, 0.00660831, 0.99945, 0.00587424
6093.35, 1.00003, 0.00661679, 0.99943, 0.00939879
6093.36, 1.00112, 0.00662957, 0.9994, 0.0140982
6093.37, 1.00062, 0.00663542, 0.99937, 0.0187976
6093.38, 0.999263, 0.0066328, 0.99934, 0.023497
6093.39, 0.998261, 0.00662748, 0.9993, 0.0270215
6093.4, 0.998598, 0.00662724, 0.99925, 0.0317209
6093.41, 0.999339, 0.00663039, 0.99919, 0.0352455
6093.42, 0.999626, 0.00663356, 0.99912, 0.0399449
6093.43, 0.999637, 0.00663494, 0.99904, 0.0458191
6093.44, 0.999309, 0.00663373, 0.99894, 0.0552179
6093.45, 0.998344, 0.00662979, 0.99882, 0.0681412
6093.46, 0.99672, 0.00662283, 0.99867, 0.0892885
6093.47, 0.995091, 0.00661577, 0.99847, 0.123359
6093.48, 0.995341, 0.00661841, 0.99821, 0.176227
6093.49, 0.997678, 0.00663074, 0.99782, 0.257292
6093.5, 1.00034, 0.00664195, 0.9972, 0.378301
6093.51, 1.00101, 0.00664285, 0.99619, 0.54513
6093.52, 0.998013, 0.00662786, 0.99449, 0.768351
6093.53, 0.992301, 0.00659949, 0.99164, 1.04679
6093.54, 0.985746, 0.006567, 0.98702, 1.37575
6093.55, 0.980292, 0.00654335, 0.97986, 1.75052
6093.56, 0.973159, 0.00651115, 0.9694, 2.15232
6093.57, 0.960115, 0.00644405, 0.95508, 2.56587
6093.58, 0.941741, 0.00634838, 0.93682, 2.97119
6093.59, 0.919822, 0.00623702, 0.91527, 3.34714
6093.6, 0.896211, 0.00612044, 0.89187, 3.6761
6093.61, 0.872516, 0.00600375, 0.86884, 3.94984
6093.62, 0.850502, 0.00589169, 0.8488, 4.15427
6093.63, 0.833573, 0.00580534, 0.83436, 4.2882
6093.64, 0.825031, 0.00576486, 0.82755, 4.34812
6093.65, 0.826851, 0.00577789, 0.82938, 4.33284
6093.66, 0.838597, 0.00583896, 0.83958, 4.24355
6093.67, 0.857841, 0.00593371, 0.85669, 4.08142
6093.68, 0.882243, 0.00605709, 0.87838, 3.84998
6093.69, 0.908598, 0.0061968, 0.90195, 3.55274
6093.7, 0.931499, 0.00631403, 0.92488, 3.20381
6093.71, 0.949142, 0.00639945, 0.94526, 2.81376
6093.72, 0.963795, 0.00647721, 0.96194, 2.40492
6093.73, 0.975379, 0.00654203, 0.9746, 1.99254
6093.74, 0.983266, 0.00658133, 0.98357, 1.60014
6093.75, 0.989024, 0.00660806, 0.98951, 1.24182
6093.76, 0.993205, 0.0066292, 0.99323, 0.931655
6093.77, 0.994665, 0.00663816, 0.99545, 0.675538
6093.78, 0.995315, 0.00664244, 0.99675, 0.476989
6093.79, 0.997817, 0.00665393, 0.99751, 0.328958
6093.8, 1.00007, 0.00666526, 0.99797, 0.224396
6093.81, 1.00018, 0.00666767, 0.99827, 0.15508
6093.82, 0.998745, 0.0066592, 0.99847, 0.110436
6093.83, 0.997552, 0.00665145, 0.99861, 0.0834143
6093.84, 0.998439, 0.00666012, 0.99872, 0.0657915
6093.85, 0.999771, 0.00667268, 0.99881, 0.054043
6093.86, 0.999842, 0.00667491, 0.99888, 0.0458191
6093.87, 0.99909, 0.00666802, 0.99894, 0.0411197
6093.88, 0.998171, 0.00666006, 0.99899, 0.0364203
6093.89, 0.997731, 0.0066614, 0.99904, 0.0317209
6093.9, 0.998591, 0.00666872, 0.99909, 0.0270215
6093.91, 1.00046, 0.00667425, 0.99914, 0.0223221
6093.92, 1.00015, 0.00667301, 0.9992, 0.0164479
6093.93, 0.998164, 0.00666993, 0.99926, 0.0105736
6093.94, 0.99887, 0.00667801, 0.99932, 0.00587424
6093.95, 1.00132, 0.0066904, 1, 0
6093.96, 1.00257, 0.00669443, 1, 0
6093.97, 1.00203, 0.00669027, 1, 0
6093.98, 1.00045, 0.00668257, 1, 0
6093.99, 0.999621, 0.00667788, 1, 0
6094, 0.999687, 0.00667658, 1, 0
6094.01, 0.99947, 0.00667421, 1, 0
