wav, obs, sigma_obs, syn, weight
6094.02, 1.00241, 0.00669653, 1, 0
6094.03, 0.999927, 0.00668096, 1, 0
6094.04, 0.999852, 0.00668044, 1, 0
6094.05, 1.00141, 0.00669174, 1, 0
6094.06, 1.00253, 0.00670329, 1, 0
6094.07, 1.00222, 0.00670493, 1, 0
6094.08, 1.00073, 0.00669563, 1, 0
6094.09, 0.999864, 0.00668835, 0.99948, 0.0104419
6094.1, 0.99983, 0.00668602, 0.99946, 0.0156629
6094.11, 0.999594, 0.0066838, 0.99943, 0.0234944
6094.12, 0.998337, 0.00668131, 0.9994, 0.0287153
6094.13, 0.996338, 0.00667979, 0.99936, 0.0339363
6094.14, 0.995834, 0.00668062, 0.99933, 0.0391573
6094.15, 0.996775, 0.00668191, 0.99928, 0.0417678
6094.16, 0.997082, 0.00667965, 0.99924, 0.0469887
6094.17, 0.996206, 0.00667504, 0.9992, 0.0522097
6094.18, 0.994946, 0.00667229, 0.99915, 0.0626517
6094.19, 0.99577, 0.0066776, 0.99909, 0.0783146
6094.2, 0.997844, 0.00668621, 0.99901, 0.104419
6094.21, 0.997197, 0.0066839, 0.9989, 0.148798
6094.22, 0.994839, 0.00667625, 0.99873, 0.21667
6094.23, 0.993385, 0.00667381, 0.99845, 0.3237
6094.24, 0.993084, 0.00667376, 0.99798, 0.472498
6094.25, 0.993571, 0.0066731, 0.99715, 0.676116
6094.26, 0.99419, 0.0066716, 0.99574, 0.942385
6094.27, 0.993554, 0.00666755, 0.99338, 1.26348
6094.28, 0.99044, 0.00665748, 0.98964, 1.63155
6094.29, 0.985611, 0.00663491, 0.98405, 2.03357
6094.3, 0.978743, 0.00659496, 0.97623, 2.44341
6094.31, 0.967591, 0.00653716, 0.96608, 2.84804
6094.32, 0.95407, 0.00647408, 0.95389, 3.21612
6094.33, 0.941807, 0.00641985, 0.94045, 3.53721
6094.34, 0.92964, 0.00636006, 0.92705, 3.80087
6094.35, 0.917027, 0.00628979, 0.91527, 3.99665
6094.36, 0.906789, 0.00623374, 0.90671, 4.12196
6094.37, 0.901879, 0.00620934, 0.90264, 4.17678
6094.38, 0.904228, 0.00622234, 0.90368, 4.16111
6094.39, 0.911346, 0.0062586, 0.90966, 4.07758
6094.4, 0.920856, 0.00630683, 0.91969, 3.92095
6094.41, 0.933429, 0.0063737, 0.93233, 3.69645
6094.42, 0.947865, 0.00645026, 0.94593, 3.40929
6094.43, 0.961384, 0.00651632, 0.959, 3.06732
6094.44, 0.973908, 0.00658104, 0.97045, 2.68097
6094.45, 0.984809, 0.00664745, 0.97968, 2.27112
6094.46, 0.989836, 0.00667805, 0.98657, 1.86128
6094.47, 0.990246, 0.00667578, 0.99138, 1.4697
6094.48, 0.992544, 0.00668511, 0.99451, 1.1199
6094.49, 0.995785, 0.00670258, 0.99646, 0.822303
6094.5, 0.997134, 0.00671149, 0.99762, 0.579528
6094.51, 0.998144, 0.00672083, 0.99829, 0.399404
6094.52, 0.999223, 0.00672874, 0.99869, 0.26888
6094.53, 0.998774, 0.00671885, 0.99894, 0.180124
6094.54, 0.997858, 0.00670909, 0.9991, 0.125303
6094.55, 0.998231, 0.00672184, 0.99922, 0.0887565
6094.56, 0.99916, 0.00673352, 0.9993, 0.0678726
6094.57, 0.999958, 0.00673185, 0.99936, 0.0574307
6094.58, 1.00067, 0.0067319, 0.9994, 0.0522097
6094.59, 1.00097, 0.00673314, 0.99942, 0.0495992
6094.6, 1.00071, 0.00673002, 0.99941, 0.0469887
6094.61, 1.00141, 0.00673816, 0.99938, 0.0417678
6094.62, 1.00326, 0.00675816, 0.99932, 0.0365468
6094.63, 1.00385, 0.0067614, 0.99925, 0.0287153
6094.64, 1.00332, 0.0067534, 0.99916, 0.0208839
6094.65, 1.00327, 0.00675732, 0.99909, 0.0104419
6094.66, 1.00336, 0.00676121, 1, 0
6094.67, 1.00332, 0.00675635, 1, 0
6094.68, 1.0039, 0.00675709, 1, 0
6094.69, 1.00463, 0.00676218, 1, 0
6094.7, 1.00429, 0.00675905, 1, 0
6094.71, 1.00335, 0.00675092, 1, 0
6094.72, 1.00266, 0.00674494, 1, 0
