wav, obs, sigma_obs, syn, weight
6097.88, 1.00318, 0.00709778, 1, 0
6097.89, 1.00139, 0.00708627, 1, 0
6097.9, 0.999456, 0.00707342, 1, 0
6097.91, 0.999236, 0.00707592, 1, 0
6097.92, 1.00034, 0.00708825, 1, 0
6097.93, 1.00099, 0.00709197, 1, 0
6097.94, 1.00107, 0.00708974, 0.99979, 0.00200175
6097.95, 1.0008, 0.00708801, 0.99977, 0.00400351
6097.96, 0.999956, 0.00708611, 0.99976, 0.00800702
6097.97, 0.999771, 0.00708791, 0.99974, 0.0120105
6097.98, 1.00187, 0.00709908, 0.99972, 0.016014
6097.99, 1.00422, 0.00711351, 0.99971, 0.0200175
6098, 1.00452, 0.00712128, 0.99969, 0.0260228
6098.01, 1.00215, 0.00711401, 0.99967, 0.0300263
6098.02, 1.00097, 0.00710948, 0.99964, 0.0320281
6098.03, 1.00483, 0.00712853, 0.99962, 0.0380333
6098.04, 1.00644, 0.0071365, 0.99958, 0.0440386
6098.05, 1.00334, 0.00712201, 0.99953, 0.0540474
6098.06, 1.00302, 0.00712217, 0.99947, 0.0700614
6098.07, 1.00399, 0.00712727, 0.99939, 0.0960842
6098.08, 1.00171, 0.00711312, 0.99928, 0.136119
6098.09, 0.999646, 0.00710166, 0.99913, 0.204179
6098.1, 0.999859, 0.00710548, 0.9989, 0.306269
6098.11, 1.00069, 0.00711414, 0.99853, 0.4564
6098.12, 1.00064, 0.00711589, 0.9979, 0.662581
6098.13, 0.998865, 0.00710454, 0.99682, 0.930816
6098.14, 0.995899, 0.00708863, 0.99501, 1.2571
6098.15, 0.992729, 0.00707422, 0.99208, 1.63744
6098.16, 0.990049, 0.00706023, 0.98761, 2.0478
6098.17, 0.985013, 0.00703244, 0.98126, 2.47617
6098.18, 0.975694, 0.00698298, 0.97286, 2.89454
6098.19, 0.96523, 0.00692865, 0.96261, 3.28288
6098.2, 0.954335, 0.00687318, 0.95114, 3.62318
6098.21, 0.941735, 0.006809, 0.93953, 3.90342
6098.22, 0.929965, 0.00674472, 0.92914, 4.1116
6098.23, 0.921581, 0.00669374, 0.92137, 4.24973
6098.24, 0.916871, 0.00666783, 0.91737, 4.31578
6098.25, 0.916707, 0.00667291, 0.91774, 4.30778
6098.26, 0.922157, 0.00670864, 0.9224, 4.22771
6098.27, 0.932482, 0.00676549, 0.93061, 4.07357
6098.28, 0.945062, 0.00683083, 0.94115, 3.84937
6098.29, 0.955498, 0.00689164, 0.95261, 3.55712
6098.3, 0.963288, 0.00694131, 0.9637, 3.20681
6098.31, 0.970254, 0.00697919, 0.97344, 2.81046
6098.32, 0.97768, 0.00701144, 0.98133, 2.38809
6098.33, 0.984249, 0.00703833, 0.98727, 1.96172
6098.34, 0.986275, 0.00705259, 0.99146, 1.55336
6098.35, 0.986775, 0.00706259, 0.99427, 1.18504
6098.36, 0.98999, 0.00708022, 0.99608, 0.868762
6098.37, 0.993993, 0.00710427, 0.99723, 0.614539
6098.38, 0.996492, 0.00712541, 0.99797, 0.42237
6098.39, 0.996507, 0.00713131, 0.99845, 0.282247
6098.4, 0.996671, 0.00713076, 0.99876, 0.186163
6098.41, 0.998629, 0.00713417, 0.99898, 0.126111
6098.42, 0.998717, 0.00713617, 0.99912, 0.090079
6098.43, 0.997444, 0.00713563, 0.99923, 0.0660579
6098.44, 0.998479, 0.0071361, 0.99931, 0.0520456
6098.45, 0.999507, 0.0071366, 0.99937, 0.0440386
6098.46, 0.998531, 0.00713454, 0.99941, 0.0380333
6098.47, 0.997708, 0.00712788, 0.99944, 0.0340298
6098.48, 0.997193, 0.00712252, 0.99944, 0.0280246
6098.49, 0.99596, 0.00712554, 0.99943, 0.0240211
6098.5, 0.995388, 0.00712511, 0.99939, 0.0200175
6098.51, 0.996306, 0.00712255, 0.9993, 0.016014
6098.52, 0.997707, 0.00714177, 0.99916, 0.0100088
6098.53, 0.998093, 0.00715876, 0.99894, 0.00400351
6098.54, 0.996681, 0.00714165, 0.99866, 0.00400351
6098.55, 0.995645, 0.00712836, 1, 0
6098.56, 0.995214, 0.00713259, 1, 0
6098.57, 0.992851, 0.00712432, 1, 0
6098.58, 0.989037, 0.00710414, 1, 0
6098.59, 0.985735, 0.00708817, 1, 0
6098.6, 0.982434, 0.00707221, 1, 0
