wav, obs, sigma_obs, syn, weight
6099.89, 0.999049, 0.00734547, 1, 0
6099.9, 0.999213, 0.00734045, 1, 0
6099.91, 0.999303, 0.00733547, 1, 0
6099.92, 0.99867, 0.00733132, 1, 0
6099.93, 0.998098, 0.00733157, 1, 0
6099.94, 0.99823, 0.00733739, 1, 0
6099.95, 0.99737, 0.00733861, 0.99545, 0.047076
6099.96, 0.995829, 0.00733231, 0.99636, 0.0972904
6099.97, 0.995955, 0.00732566, 0.99721, 0.153782
6099.98, 0.996911, 0.00732797, 0.99787, 0.210273
6099.99, 0.997314, 0.00734032, 0.99832, 0.238518
6100, 0.997271, 0.00734687, 0.99858, 0.23538
6100.01, 0.997765, 0.00734826, 0.9987, 0.207134
6100.02, 0.999466, 0.00735455, 0.99869, 0.169474
6100.03, 0.999578, 0.00735716, 0.99854, 0.134951
6100.04, 0.997668, 0.00735365, 0.99822, 0.109844
6100.05, 0.997496, 0.00735555, 0.99771, 0.0910136
6100.06, 0.99834, 0.00735705, 0.99697, 0.0847368
6100.07, 0.997711, 0.0073481, 0.99602, 0.0878752
6100.08, 0.995529, 0.00733488, 0.99493, 0.103567
6100.09, 0.994174, 0.0073318, 0.99381, 0.128674
6100.1, 0.996834, 0.00735143, 0.99281, 0.17575
6100.11, 0.999141, 0.00736322, 0.99206, 0.247934
6100.12, 0.997586, 0.00734898, 0.99164, 0.354639
6100.13, 0.995715, 0.00734362, 0.99156, 0.505282
6100.14, 0.994935, 0.00734832, 0.99171, 0.709278
6100.15, 0.994595, 0.00734308, 0.99186, 0.966627
6100.16, 0.994418, 0.00733878, 0.99171, 1.26791
6100.17, 0.993864, 0.00733926, 0.99093, 1.61941
6100.18, 0.991997, 0.00732982, 0.98924, 1.99602
6100.19, 0.988887, 0.00731274, 0.98644, 2.38832
6100.2, 0.985131, 0.00729643, 0.98248, 2.76493
6100.21, 0.981238, 0.00728033, 0.97755, 3.11957
6100.22, 0.975662, 0.00724984, 0.972, 3.42713
6100.23, 0.96643, 0.0071907, 0.9664, 3.68448
6100.24, 0.96013, 0.00715764, 0.96142, 3.87278
6100.25, 0.959833, 0.00717285, 0.95771, 3.99204
6100.26, 0.957491, 0.00716223, 0.95582, 4.04853
6100.27, 0.954913, 0.00714065, 0.95603, 4.0297
6100.28, 0.958415, 0.00716415, 0.95833, 3.94497
6100.29, 0.963322, 0.00719266, 0.96238, 3.79432
6100.3, 0.966911, 0.0072074, 0.96762, 3.57777
6100.31, 0.971904, 0.00724035, 0.97336, 3.3016
6100.32, 0.978525, 0.0072848, 0.97895, 2.97834
6100.33, 0.984969, 0.00731822, 0.98389, 2.61115
6100.34, 0.987984, 0.00732882, 0.98788, 2.22512
6100.35, 0.989091, 0.00733045, 0.99088, 1.8391
6100.36, 0.992622, 0.00734931, 0.99299, 1.46563
6100.37, 0.994784, 0.00736679, 0.99444, 1.12982
6100.38, 0.993428, 0.00736912, 0.99545, 0.837953
6100.39, 0.993074, 0.0073729, 0.99621, 0.602573
6100.4, 0.994254, 0.00737996, 0.99685, 0.420545
6100.41, 0.995264, 0.00738422, 0.99742, 0.282456
6100.42, 0.996376, 0.00738928, 0.99793, 0.191442
6100.43, 0.99737, 0.00739579, 0.99837, 0.131813
6100.44, 0.997192, 0.00739883, 0.99872, 0.094152
6100.45, 0.996166, 0.0073938, 0.99898, 0.0721832
6100.46, 0.995448, 0.00738629, 0.99916, 0.0564912
6100.47, 0.996497, 0.00740053, 0.99927, 0.047076
6100.48, 0.997282, 0.00741787, 0.99933, 0.0376608
6100.49, 0.994952, 0.00740212, 0.99936, 0.031384
6100.5, 0.995124, 0.00739652, 0.99937, 0.0251072
6100.51, 0.998859, 0.0074176, 0.99937, 0.015692
6100.52, 0.998277, 0.00741715, 0.99936, 0.0094152
6100.53, 0.996003, 0.00740649, 0.99936, 0.0062768
6100.54, 0.997196, 0.0074139, 1, 0
6100.55, 0.997233, 0.00741766, 1, 0
6100.56, 0.994251, 0.00740825, 1, 0
6100.57, 0.991704, 0.00740074, 1, 0
6100.58, 0.989306, 0.00739389, 1, 0
6100.59, 0.986908, 0.00738704, 1, 0
