wav, obs, sigma_obs, syn, weight
6104.77, 1.00151, 0.00585786, 1, 0
6104.78, 1.00065, 0.00585207, 1, 0
6104.79, 1.00024, 0.00584892, 1, 0
6104.8, 1.00121, 0.00585404, 1, 0
6104.81, 1.00279, 0.00586361, 1, 0
6104.82, 1.00297, 0.00586694, 1, 0
6104.83, 1.00148, 0.00586132, 1, 0
6104.84, 1.00045, 0.00585499, 1, 0
6104.85, 1.00094, 0.00585315, 0.99855, 0.013594
6104.86, 1.00154, 0.00585297, 0.99877, 0.0190317
6104.87, 1.0011, 0.00585191, 0.99897, 0.0244693
6104.88, 1.00066, 0.00585181, 0.99913, 0.0271881
6104.89, 1.0013, 0.00585441, 0.99923, 0.0353445
6104.9, 1.00203, 0.00585512, 0.9993, 0.0380633
6104.91, 1.0013, 0.0058482, 0.99933, 0.0435009
6104.92, 0.999776, 0.00583845, 0.99933, 0.0489385
6104.93, 0.999343, 0.00583622, 0.99931, 0.0625326
6104.94, 1.00018, 0.00584169, 0.99928, 0.0788454
6104.95, 1.00095, 0.00584582, 0.99922, 0.106034
6104.96, 1.00101, 0.00584433, 0.99913, 0.152253
6104.97, 1.0008, 0.00584011, 0.99898, 0.220223
6104.98, 1.00065, 0.00583608, 0.99874, 0.320819
6104.99, 1.00039, 0.00583398, 0.99833, 0.462197
6105, 0.999822, 0.00583418, 0.99766, 0.655233
6105.01, 0.998854, 0.00583264, 0.99657, 0.897207
6105.02, 0.997392, 0.0058252, 0.99491, 1.19356
6105.03, 0.995218, 0.00581315, 0.99247, 1.53341
6105.04, 0.992092, 0.00579945, 0.9891, 1.91132
6105.05, 0.988112, 0.00578338, 0.98468, 2.30283
6105.06, 0.983543, 0.00576201, 0.97924, 2.69706
6105.07, 0.977932, 0.00573288, 0.97295, 3.07497
6105.08, 0.970173, 0.0056942, 0.96619, 3.4121
6105.09, 0.96074, 0.00564986, 0.95948, 3.70302
6105.1, 0.952467, 0.00561212, 0.95344, 3.9314
6105.11, 0.947316, 0.00558929, 0.94871, 4.09453
6105.12, 0.94477, 0.00557891, 0.94583, 4.18696
6105.13, 0.944214, 0.00557792, 0.94513, 4.20872
6105.14, 0.946011, 0.00558672, 0.94669, 4.15706
6105.15, 0.950556, 0.00560596, 0.95034, 4.03743
6105.16, 0.956951, 0.00563262, 0.95564, 3.84711
6105.17, 0.963845, 0.00566223, 0.96201, 3.59155
6105.18, 0.970454, 0.00569069, 0.9688, 3.2816
6105.19, 0.976352, 0.00571422, 0.97543, 2.92544
6105.2, 0.981229, 0.00573216, 0.98142, 2.53937
6105.21, 0.984884, 0.0057468, 0.98648, 2.14514
6105.22, 0.987294, 0.00575896, 0.99049, 1.75635
6105.23, 0.9887, 0.00576705, 0.99349, 1.39203
6105.24, 0.989439, 0.00577054, 0.99561, 1.06849
6105.25, 0.990019, 0.00577201, 0.99703, 0.793892
6105.26, 0.990829, 0.00577404, 0.99794, 0.573669
6105.27, 0.99169, 0.00577734, 0.9985, 0.402384
6105.28, 0.992326, 0.00578188, 0.99882, 0.2746
6105.29, 0.992713, 0.00578551, 0.99901, 0.187598
6105.3, 0.992943, 0.00578563, 0.99911, 0.130503
6105.31, 0.993222, 0.00578403, 0.99916, 0.0951583
6105.32, 0.993818, 0.0057851, 0.99915, 0.070689
6105.33, 0.994806, 0.00578958, 0.9991, 0.0543762
6105.34, 0.996064, 0.00579458, 0.99897, 0.0435009
6105.35, 0.997346, 0.00579795, 0.99875, 0.0380633
6105.36, 0.998228, 0.00579899, 0.9984, 0.0353445
6105.37, 0.998522, 0.00579807, 0.99787, 0.0299069
6105.38, 0.998635, 0.00579801, 0.99718, 0.0244693
6105.39, 0.998913, 0.0058006, 0.99633, 0.0217505
6105.4, 0.999118, 0.00580217, 0.99537, 0.013594
6105.41, 0.99892, 0.00579874, 0.99443, 0.013594
6105.42, 0.998345, 0.0057927, 1, 0
6105.43, 0.997557, 0.00578861, 1, 0
6105.44, 0.99677, 0.00578679, 1, 0
6105.45, 0.996216, 0.00578491, 1, 0
6105.46, 0.995931, 0.0057821, 1, 0
6105.47, 0.995711, 0.00577905, 1, 0
6105.48, 0.995414, 0.00577628, 1, 0
6105.49, 0.995116, 0.00577351, 1, 0
