wav, obs, sigma_obs, syn, weight
6159.02, 0.996396, 0.00551884, 1, 0
6159.03, 0.996353, 0.00552054, 1, 0
6159.04, 0.995838, 0.00551989, 1, 0
6159.05, 0.994457, 0.00551488, 1, 0
6159.06, 0.993867, 0.00551345, 1, 0
6159.07, 0.994606, 0.00551786, 1, 0
6159.08, 0.995155, 0.00552019, 0.99531, 0.0346764
6159.09, 0.994797, 0.0055189, 0.99563, 0.0718298
6159.1, 0.993793, 0.00551688, 0.99618, 0.116414
6159.11, 0.993828, 0.00551815, 0.99684, 0.165952
6159.12, 0.995446, 0.00552457, 0.99751, 0.200628
6159.13, 0.99731, 0.00553443, 0.9981, 0.213012
6159.14, 0.998473, 0.0055424, 0.99858, 0.205582
6159.15, 0.99866, 0.00554412, 0.99893, 0.185767
6159.16, 0.998827, 0.00554439, 0.99917, 0.160998
6159.17, 0.99937, 0.00554641, 0.99932, 0.136229
6159.18, 0.999705, 0.00554913, 0.99939, 0.121368
6159.19, 0.999822, 0.0055524, 0.99941, 0.116414
6159.2, 0.999897, 0.00555565, 0.9994, 0.123844
6159.21, 0.999668, 0.00555526, 0.99935, 0.153567
6159.22, 0.998994, 0.0055517, 0.99926, 0.213012
6159.23, 0.998081, 0.00555071, 0.9991, 0.307134
6159.24, 0.997894, 0.00555353, 0.99884, 0.44584
6159.25, 0.998815, 0.00555735, 0.99838, 0.641514
6159.26, 0.998505, 0.00555464, 0.99758, 0.894157
6159.27, 0.996334, 0.00554513, 0.99624, 1.20624
6159.28, 0.993935, 0.00553655, 0.99409, 1.56044
6159.29, 0.990864, 0.00552642, 0.99084, 1.94931
6159.3, 0.986398, 0.00551045, 0.98623, 2.34809
6159.31, 0.981796, 0.00549273, 0.98016, 2.73944
6159.32, 0.97613, 0.00546994, 0.97274, 3.09859
6159.33, 0.966615, 0.00543227, 0.9644, 3.41068
6159.34, 0.956882, 0.00539263, 0.95585, 3.67075
6159.35, 0.950729, 0.00536534, 0.94803, 3.86395
6159.36, 0.945135, 0.00534238, 0.94188, 3.99274
6159.37, 0.939701, 0.00532215, 0.93821, 4.05467
6159.38, 0.937519, 0.00531288, 0.93748, 4.04971
6159.39, 0.939535, 0.00532028, 0.93972, 3.98036
6159.4, 0.945414, 0.0053457, 0.94453, 3.84413
6159.41, 0.953981, 0.00538278, 0.95119, 3.63607
6159.42, 0.963183, 0.00542254, 0.95884, 3.37104
6159.43, 0.970732, 0.00545612, 0.96663, 3.04905
6159.44, 0.977376, 0.00548435, 0.97389, 2.68247
6159.45, 0.983825, 0.00551016, 0.9802, 2.29112
6159.46, 0.98823, 0.00553284, 0.98537, 1.89234
6159.47, 0.990768, 0.00555048, 0.98941, 1.5109
6159.48, 0.993397, 0.00556169, 0.99246, 1.16414
6159.49, 0.996022, 0.00557163, 0.99468, 0.869388
6159.5, 0.997928, 0.00558282, 0.99625, 0.62913
6159.51, 0.998702, 0.00558799, 0.99735, 0.443363
6159.52, 0.998742, 0.00558726, 0.99809, 0.309611
6159.53, 0.99891, 0.00558718, 0.99858, 0.215489
6159.54, 0.999139, 0.00559032, 0.99891, 0.15109
6159.55, 0.999242, 0.00559519, 0.99912, 0.11146
6159.56, 0.999392, 0.0055958, 0.99927, 0.0842142
6159.57, 0.999968, 0.00559504, 0.99936, 0.066876
6159.58, 1.00108, 0.00559984, 0.99943, 0.0569684
6159.59, 1.00098, 0.00560173, 0.99948, 0.0470609
6159.6, 0.999413, 0.00559753, 0.99951, 0.0396302
6159.61, 0.999419, 0.00559998, 0.99954, 0.0346764
6159.62, 1.00044, 0.00560517, 0.99957, 0.0247689
6159.63, 0.999999, 0.00560107, 0.99958, 0.0198151
6159.64, 0.999204, 0.00559646, 0.9996, 0.0123844
6159.65, 0.999247, 0.00559862, 0.99962, 0.00743066
6159.66, 0.999838, 0.00560352, 0.99964, 0.00247689
6159.67, 1.00047, 0.00560823, 1, 0
6159.68, 1.00064, 0.00561117, 1, 0
6159.69, 1.00005, 0.00561039, 1, 0
6159.7, 0.998772, 0.00560586, 1, 0
6159.71, 0.997476, 0.00560122, 1, 0
6159.72, 0.996252, 0.00559698, 1, 0
