wav, obs, sigma_obs, syn, weight
6164.96, 1.00082, 0.00635839, 1, 0
6164.97, 0.999588, 0.00636556, 1, 0
6164.98, 0.998848, 0.00637121, 1, 0
6164.99, 0.99962, 0.00637173, 1, 0
6165, 0.999601, 0.00637163, 1, 0
6165.01, 0.997609, 0.00636909, 1, 0
6165.02, 0.99548, 0.00635283, 1, 0
6165.03, 0.994517, 0.00634107, 0.99848, 0.03795
6165.04, 0.99489, 0.0063511, 0.99806, 0.0619592
6165.05, 0.995, 0.00635913, 0.99749, 0.0890663
6165.06, 0.994433, 0.00635742, 0.99675, 0.116948
6165.07, 0.993938, 0.00635738, 0.99587, 0.142506
6165.08, 0.993929, 0.00636986, 0.99488, 0.164192
6165.09, 0.994354, 0.00637324, 0.99388, 0.180456
6165.1, 0.994771, 0.00632879, 0.99299, 0.192073
6165.11, 0.995528, 0.00641017, 0.99231, 0.201367
6165.12, 0.996834, 0.00652619, 0.99194, 0.206789
6165.13, 0.997721, 0.00583988, 0.99191, 0.211436
6165.14, 0.997743, 0.00488238, 0.99218, 0.215308
6165.15, 0.997105, 0.00473394, 0.99265, 0.219181
6165.16, 0.996292, 0.0049702, 0.99317, 0.225376
6165.17, 0.995768, 0.00504906, 0.99361, 0.238543
6165.18, 0.995707, 0.00498931, 0.99383, 0.263326
6165.19, 0.996119, 0.00495534, 0.99374, 0.306698
6165.2, 0.996313, 0.00496847, 0.99329, 0.377176
6165.21, 0.995293, 0.00497798, 0.99246, 0.484056
6165.22, 0.99306, 0.00496781, 0.99113, 0.632758
6165.23, 0.990485, 0.00495316, 0.98906, 0.829478
6165.24, 0.987438, 0.00494067, 0.98575, 1.07189
6165.25, 0.982222, 0.00492239, 0.98035, 1.35845
6165.26, 0.973456, 0.00489097, 0.97168, 1.68142
6165.27, 0.960935, 0.00484384, 0.95834, 2.03071
6165.28, 0.944338, 0.00477867, 0.93906, 2.39705
6165.29, 0.921834, 0.00469057, 0.91311, 2.76725
6165.3, 0.891486, 0.00457476, 0.88078, 3.12816
6165.31, 0.854588, 0.00443486, 0.84371, 3.46352
6165.32, 0.814237, 0.00427941, 0.80485, 3.76015
6165.33, 0.774929, 0.00412566, 0.76818, 4.00566
6165.34, 0.742405, 0.00399867, 0.73798, 4.18689
6165.35, 0.721077, 0.00391668, 0.7181, 4.29997
6165.36, 0.7132, 0.00388678, 0.71118, 4.33792
6165.37, 0.719887, 0.00391211, 0.71818, 4.30074
6165.38, 0.739654, 0.00398752, 0.73817, 4.18844
6165.39, 0.770159, 0.00410472, 0.76853, 4.00643
6165.4, 0.807004, 0.00424639, 0.80547, 3.7617
6165.41, 0.845297, 0.0043931, 0.8447, 3.46429
6165.42, 0.881573, 0.00453132, 0.88227, 3.12816
6165.43, 0.913213, 0.00465104, 0.91519, 2.7657
6165.44, 0.938763, 0.004747, 0.9418, 2.39317
6165.45, 0.957874, 0.00481837, 0.96172, 2.02297
6165.46, 0.971051, 0.00486741, 0.9756, 1.66748
6165.47, 0.980101, 0.00490098, 0.98465, 1.33754
6165.48, 0.986582, 0.00492485, 0.9902, 1.04169
6165.49, 0.991037, 0.00494073, 0.99344, 0.786107
6165.5, 0.993865, 0.00494991, 0.99528, 0.576995
6165.51, 0.995631, 0.00495539, 0.99633, 0.412028
6165.52, 0.996893, 0.00496028, 0.99694, 0.288885
6165.53, 0.997627, 0.00496365, 0.99733, 0.202142
6165.54, 0.997522, 0.0049625, 0.9976, 0.143281
6165.55, 0.996997, 0.00495865, 0.9978, 0.106105
6165.56, 0.997158, 0.00495843, 0.99796, 0.0813214
6165.57, 0.998172, 0.00496314, 0.9981, 0.0666061
6165.58, 0.998639, 0.00496573, 0.99821, 0.0557633
6165.59, 0.997698, 0.00496144, 0.99831, 0.0487928
6165.6, 0.99641, 0.00495428, 0.99838, 0.0433714
6165.61, 0.99595, 0.00494926, 0.99845, 0.0402735
6165.62, 0.996352, 0.0049488, 0.9985, 0.036401
6165.63, 0.997267, 0.004954, 0.99855, 0.0325286
6165.64, 0.998198, 0.00496087, 0.99859, 0.0302051
6165.65, 0.998591, 0.0049629, 0.99862, 0.0263326
6165.66, 0.998419, 0.00495983, 0.99864, 0.0216857
6165.67, 0.998156, 0.00495738, 0.99866, 0.0170388
6165.68, 0.998165, 0.00495848, 0.99868, 0.0123918
6165.69, 0.998595, 0.00496107, 0.9987, 0.0077449
6165.7, 0.999371, 0.00496298, 1, 0
6165.71, 0.999844, 0.0049629, 1, 0
6165.72, 0.999428, 0.00496, 1, 0
6165.73, 0.998366, 0.00495521, 1, 0
6165.74, 0.997425, 0.00495077, 1, 0
6165.75, 0.996596, 0.00494666, 1, 0
6165.76, 0.995767, 0.00494256, 1, 0
