wav, obs, sigma_obs, syn, weight
6186.34, 0.998291, 0.00382182, 1, 0
6186.35, 0.998441, 0.00382182, 1, 0
6186.36, 0.998508, 0.00382147, 1, 0
6186.37, 0.998688, 0.0038216, 1, 0
6186.38, 0.99913, 0.00382287, 1, 0
6186.39, 0.999402, 0.0038239, 1, 0
6186.4, 0.998898, 0.00382267, 1, 0
6186.41, 0.99817, 0.00382089, 1, 0
6186.42, 0.998289, 0.00382191, 0.9995, 0.0695951
6186.43, 0.99895, 0.00382439, 0.99943, 0.0974331
6186.44, 0.999134, 0.00382459, 0.99934, 0.13919
6186.45, 0.999065, 0.00382364, 0.99923, 0.167028
6186.46, 0.999665, 0.00382533, 0.99912, 0.180947
6186.47, 1.00042, 0.00382784, 0.999, 0.208785
6186.48, 0.999951, 0.00382592, 0.99888, 0.222704
6186.49, 0.998508, 0.00382062, 0.99876, 0.236623
6186.5, 0.997492, 0.00381741, 0.99866, 0.236623
6186.51, 0.997444, 0.00381788, 0.99857, 0.236623
6186.52, 0.998181, 0.00382041, 0.99849, 0.236623
6186.53, 0.999022, 0.00382267, 0.99841, 0.236623
6186.54, 0.998944, 0.00382191, 0.99828, 0.222704
6186.55, 0.998018, 0.00381849, 0.99807, 0.222704
6186.56, 0.997232, 0.00381534, 0.99769, 0.194866
6186.57, 0.996447, 0.00381228, 0.997, 0.180947
6186.58, 0.994485, 0.00380627, 0.99576, 0.180947
6186.59, 0.991228, 0.00379703, 0.99364, 0.167028
6186.6, 0.987613, 0.00378705, 0.99017, 0.167028
6186.61, 0.983194, 0.0037747, 0.9848, 0.167028
6186.62, 0.976052, 0.00375396, 0.97696, 0.167028
6186.63, 0.965266, 0.00372218, 0.96617, 0.194866
6186.64, 0.951136, 0.00368084, 0.95229, 0.222704
6186.65, 0.934313, 0.00363202, 0.93559, 0.27838
6186.66, 0.915786, 0.00357825, 0.91694, 0.347975
6186.67, 0.896584, 0.00352243, 0.89778, 0.459328
6186.68, 0.877774, 0.00346786, 0.87998, 0.612437
6186.69, 0.861256, 0.00341988, 0.86554, 0.793384
6186.7, 0.850033, 0.00338647, 0.85621, 1.04393
6186.71, 0.846304, 0.00337408, 0.85318, 1.35014
6186.72, 0.850969, 0.00338662, 0.85676, 1.69812
6186.73, 0.863185, 0.00342221, 0.86635, 2.06001
6186.74, 0.87963, 0.00347057, 0.88055, 2.44975
6186.75, 0.897806, 0.00352379, 0.89746, 2.82556
6186.76, 0.916884, 0.00357892, 0.91511, 3.18745
6186.77, 0.935576, 0.00363228, 0.93175, 3.49367
6186.78, 0.95156, 0.00367818, 0.94621, 3.75813
6186.79, 0.963436, 0.00371291, 0.95791, 3.953
6186.8, 0.971665, 0.00373678, 0.96686, 4.07827
6186.81, 0.977235, 0.00375218, 0.97348, 4.13395
6186.82, 0.981753, 0.0037647, 0.97836, 4.13395
6186.83, 0.986058, 0.00377741, 0.98209, 4.06435
6186.84, 0.98927, 0.00378752, 0.98515, 3.93908
6186.85, 0.990949, 0.0037932, 0.98781, 3.74422
6186.86, 0.992073, 0.00379628, 0.9902, 3.47975
6186.87, 0.99342, 0.00379865, 0.99233, 3.15962
6186.88, 0.994879, 0.0038013, 0.99417, 2.81164
6186.89, 0.996208, 0.0038047, 0.99569, 2.43583
6186.9, 0.997144, 0.00380833, 0.99687, 2.03218
6186.91, 0.99751, 0.00381123, 0.99774, 1.65636
6186.92, 0.997374, 0.00381166, 0.99835, 1.30839
6186.93, 0.997018, 0.00380926, 0.99877, 0.98825
6186.94, 0.997211, 0.00380783, 0.99904, 0.737708
6186.95, 0.998268, 0.00380984, 0.99922, 0.515004
6186.96, 0.998922, 0.00381187, 0.99933, 0.361894
6186.97, 0.998428, 0.0038114, 0.99941, 0.264461
6186.98, 0.998528, 0.00381197, 0.99947, 0.180947
6186.99, 1.00036, 0.0038159, 0.99951, 0.125271
6187, 1.00155, 0.00381775, 0.99954, 0.0974331
6187.01, 1.00021, 0.00381352, 0.99957, 0.0556761
6187.02, 0.998772, 0.00380979, 0.99959, 0.027838
6187.03, 0.999508, 0.0038124, 1, 0
6187.04, 1.00058, 0.00381582, 1, 0
6187.05, 1.00001, 0.00381423, 1, 0
6187.06, 0.998892, 0.00381084, 1, 0
6187.07, 0.998666, 0.00380987, 1, 0
6187.08, 0.999113, 0.00381077, 1, 0
6187.09, 0.999249, 0.00381081, 1, 0
6187.1, 0.999371, 0.00381081, 1, 0
