wav, obs, sigma_obs, syn, weight
6188.64, 1.00073, 0.00379015, 1, 0
6188.65, 1.00004, 0.00378751, 1, 0
6188.66, 0.999168, 0.00378436, 1, 0
6188.67, 0.998915, 0.00378297, 1, 0
6188.68, 0.999382, 0.00378373, 1, 0
6188.69, 0.999463, 0.00378387, 1, 0
6188.7, 0.998597, 0.00378188, 1, 0
6188.71, 0.998262, 0.00378111, 1, 0
6188.72, 0.99939, 0.00378369, 0.99844, 0.393134
6188.73, 1.00043, 0.00378614, 0.99841, 0.471761
6188.74, 1.00009, 0.00378547, 0.99836, 0.629014
6188.75, 0.999038, 0.00378261, 0.99828, 0.786268
6188.76, 0.998121, 0.00377938, 0.99816, 0.786268
6188.77, 0.997829, 0.00377801, 0.998, 0.864895
6188.78, 0.998283, 0.0037795, 0.99779, 0.864895
6188.79, 0.998734, 0.00378107, 0.99755, 0.943522
6188.8, 0.998646, 0.00378063, 0.99727, 0.943522
6188.81, 0.99855, 0.00378, 0.99698, 0.943522
6188.82, 0.998796, 0.00378047, 0.99664, 1.02215
6188.83, 0.998653, 0.0037798, 0.9962, 1.02215
6188.84, 0.997498, 0.00377607, 0.99555, 1.02215
6188.85, 0.995624, 0.00377041, 0.9945, 1.10078
6188.86, 0.993375, 0.00376392, 0.99281, 1.10078
6188.87, 0.990756, 0.00375619, 0.99022, 1.25803
6188.88, 0.987591, 0.00374659, 0.98656, 1.33666
6188.89, 0.983373, 0.00373482, 0.98175, 1.41528
6188.9, 0.977695, 0.0037201, 0.97592, 1.57254
6188.91, 0.970655, 0.0036999, 0.96939, 1.72979
6188.92, 0.962789, 0.00367417, 0.96264, 1.80842
6188.93, 0.955668, 0.00365139, 0.95617, 1.96567
6188.94, 0.950431, 0.00363785, 0.95045, 2.0443
6188.95, 0.946271, 0.00362814, 0.94575, 2.12292
6188.96, 0.942471, 0.00361726, 0.9422, 2.20155
6188.97, 0.939757, 0.00360847, 0.93975, 2.28018
6188.98, 0.938696, 0.00360485, 0.93831, 2.28018
6188.99, 0.938482, 0.00360395, 0.93775, 2.28018
6189, 0.938426, 0.00360351, 0.93797, 2.28018
6189.01, 0.939047, 0.00360528, 0.93896, 2.20155
6189.02, 0.940891, 0.00361095, 0.94073, 2.12292
6189.03, 0.943847, 0.00361977, 0.94335, 2.12292
6189.04, 0.94772, 0.00363079, 0.94689, 2.0443
6189.05, 0.952451, 0.0036441, 0.95137, 1.88704
6189.06, 0.95791, 0.00365963, 0.95669, 1.80842
6189.07, 0.963661, 0.00367625, 0.96266, 1.65116
6189.08, 0.969381, 0.00369303, 0.96895, 1.49391
6189.09, 0.97529, 0.00371031, 0.97517, 1.33666
6189.1, 0.98143, 0.00372788, 0.98092, 1.25803
6189.11, 0.986912, 0.00374294, 0.98589, 1.10078
6189.12, 0.990994, 0.00375347, 0.98991, 1.10078
6189.13, 0.994012, 0.00376157, 0.99294, 1.02215
6189.14, 0.996404, 0.00376922, 0.99507, 0.943522
6189.15, 0.998246, 0.00377535, 0.99648, 0.943522
6189.16, 0.999484, 0.00377863, 0.99735, 0.864895
6189.17, 0.999869, 0.00377893, 0.99785, 0.864895
6189.18, 0.999464, 0.00377721, 0.99812, 0.943522
6189.19, 0.999456, 0.00377714, 0.99826, 0.943522
6189.2, 1.00063, 0.0037809, 0.99834, 0.864895
6189.21, 1.0017, 0.00378409, 0.99837, 0.864895
6189.22, 1.00158, 0.00378306, 0.99837, 0.786268
6189.23, 1.00111, 0.0037809, 0.99836, 0.786268
6189.24, 1.00114, 0.00378066, 0.99832, 0.707641
6189.25, 1.00126, 0.003781, 0.99824, 0.471761
6189.26, 1.00095, 0.00378013, 0.99812, 0.393134
6189.27, 1.00005, 0.00377778, 1, 0
6189.28, 0.998489, 0.00377378, 1, 0
6189.29, 0.99626, 0.00376743, 1, 0
6189.3, 0.993558, 0.00375891, 1, 0
6189.31, 0.991224, 0.00375158, 1, 0
6189.32, 0.989899, 0.00374812, 1, 0
6189.33, 0.989127, 0.00374681, 1, 0
6189.34, 0.988049, 0.00374431, 1, 0
