wav, obs, sigma_obs, syn, weight
6198.86, 1.0036, 0.00377606, 1, 0
6198.87, 1.00382, 0.00377672, 1, 0
6198.88, 1.00398, 0.00377726, 1, 0
6198.89, 1.00384, 0.00377712, 1, 0
6198.9, 1.00353, 0.00377648, 1, 0
6198.91, 1.00342, 0.00377595, 1, 0
6198.92, 1.00372, 0.00377686, 1, 0
6198.93, 1.00441, 0.00378021, 0.99983, 0.00887889
6198.94, 1.00473, 0.00378237, 0.99981, 0.0177578
6198.95, 1.00388, 0.0037792, 0.99981, 0.0177578
6198.96, 1.00249, 0.00377428, 0.9998, 0.0266367
6198.97, 1.00147, 0.00377216, 0.9998, 0.0355156
6198.98, 1.00078, 0.00377115, 0.99979, 0.0266367
6198.99, 1.00026, 0.00376926, 0.99978, 0.0355156
6199, 1.00012, 0.00376826, 0.99976, 0.0266367
6199.01, 1.00031, 0.00376908, 0.99971, 0.0355156
6199.02, 1.00006, 0.00376898, 0.99963, 0.0443945
6199.03, 0.999147, 0.00376672, 0.99945, 0.0443945
6199.04, 0.998452, 0.00376469, 0.9991, 0.0621522
6199.05, 0.997894, 0.00376275, 0.99842, 0.07991
6199.06, 0.99587, 0.00375672, 0.99715, 0.106547
6199.07, 0.991792, 0.00374495, 0.99496, 0.142062
6199.08, 0.986267, 0.00372876, 0.99145, 0.186457
6199.09, 0.978798, 0.00370691, 0.98619, 0.230851
6199.1, 0.967984, 0.00367607, 0.97891, 0.284125
6199.11, 0.953889, 0.00363645, 0.96954, 0.31964
6199.12, 0.937557, 0.00359059, 0.95838, 0.372913
6199.13, 0.919593, 0.00353976, 0.9461, 0.417308
6199.14, 0.900704, 0.00348568, 0.93365, 0.452823
6199.15, 0.883925, 0.00343748, 0.92207, 0.47946
6199.16, 0.872374, 0.00340468, 0.91234, 0.506097
6199.17, 0.864699, 0.00338286, 0.9052, 0.523855
6199.18, 0.859041, 0.00336616, 0.90103, 0.532734
6199.19, 0.85705, 0.00336017, 0.89998, 0.532734
6199.2, 0.860442, 0.00337052, 0.90195, 0.523855
6199.21, 0.868651, 0.00339497, 0.90672, 0.506097
6199.22, 0.880468, 0.00342947, 0.91397, 0.47946
6199.23, 0.89419, 0.00346929, 0.92327, 0.452823
6199.24, 0.908924, 0.00351176, 0.93402, 0.417308
6199.25, 0.925269, 0.00355794, 0.9455, 0.372913
6199.26, 0.942628, 0.00360644, 0.95691, 0.328519
6199.27, 0.958628, 0.00365211, 0.96748, 0.284125
6199.28, 0.971587, 0.00369018, 0.97664, 0.257488
6199.29, 0.980778, 0.00371691, 0.98403, 0.213093
6199.3, 0.987025, 0.00373432, 0.98961, 0.186457
6199.31, 0.992223, 0.00374864, 0.99355, 0.168699
6199.32, 0.996341, 0.00376027, 0.99613, 0.15982
6199.33, 0.998326, 0.00376632, 0.99772, 0.186457
6199.34, 0.99912, 0.00376892, 0.99864, 0.23973
6199.35, 1.00031, 0.0037719, 0.99912, 0.328519
6199.36, 1.00131, 0.00377424, 0.99935, 0.488339
6199.37, 1.00114, 0.00377408, 0.99942, 0.71919
6199.38, 1.00095, 0.00377438, 0.99938, 1.03883
6199.39, 1.00182, 0.00377755, 0.9992, 1.46502
6199.4, 1.00238, 0.00377924, 0.99883, 1.98887
6199.41, 1.00137, 0.00377585, 0.99816, 2.61039
6199.42, 0.999277, 0.00376976, 0.99702, 3.28519
6199.43, 0.996599, 0.00376283, 0.99521, 3.9955
6199.44, 0.993254, 0.00375403, 0.99256, 4.69693
6199.45, 0.989353, 0.003743, 0.98898, 5.31846
6199.46, 0.985393, 0.00373103, 0.9846, 5.84231
6199.47, 0.981744, 0.00371972, 0.97976, 6.17971
6199.48, 0.978583, 0.00371088, 0.97508, 6.24186
6199.49, 0.976132, 0.00370484, 0.97129, 5.93998
6199.5, 0.974676, 0.00370078, 0.96909, 5.2563
6199.51, 0.974685, 0.00370017, 0.96891, 4.24411
6199.52, 0.976656, 0.00370576, 0.97079, 3.0721
6199.53, 0.980118, 0.003716, 0.97437, 1.96224
6199.54, 0.984103, 0.00372722, 1, 0
6199.55, 0.988043, 0.0037382, 1, 0
6199.56, 0.991633, 0.00374883, 1, 0
6199.57, 0.995015, 0.0037593, 1, 0
6199.58, 0.998423, 0.00376982, 1, 0
6199.59, 1.00187, 0.00378038, 1, 0
6199.6, 1.00529, 0.00379092, 1, 0
