wav, obs, sigma_obs, syn, weight
6220.42, 0.95507, 0.0046281, 1, 0
6220.43, 0.94112, 0.0045769, 1, 0
6220.44, 0.927065, 0.00452571, 1, 0
6220.45, 0.912779, 0.00447581, 1, 0
6220.46, 0.902243, 0.00443927, 1, 0
6220.47, 0.899194, 0.00442717, 1, 0
6220.48, 0.900245, 0.00443027, 1, 0
6220.49, 0.904034, 0.00444552, 0.91102, 0.00488872
6220.5, 0.913459, 0.00448219, 0.91652, 0.00977744
6220.51, 0.92709, 0.00453303, 0.92648, 0.0130366
6220.52, 0.941212, 0.00458328, 0.93868, 0.0195549
6220.53, 0.954003, 0.00462922, 0.95136, 0.022814
6220.54, 0.96472, 0.00466992, 0.96325, 0.0260732
6220.55, 0.973568, 0.00470438, 0.97348, 0.0293323
6220.56, 0.980398, 0.00473046, 0.98168, 0.0325915
6220.57, 0.984948, 0.00474674, 0.98779, 0.0374802
6220.58, 0.987871, 0.00475882, 0.99204, 0.0439985
6220.59, 0.990113, 0.004771, 0.99479, 0.0554055
6220.6, 0.992585, 0.00478132, 0.99646, 0.0749604
6220.61, 0.994778, 0.00478828, 0.99738, 0.107552
6220.62, 0.995372, 0.00479152, 0.9978, 0.159698
6220.63, 0.995077, 0.00479166, 0.99787, 0.244436
6220.64, 0.994699, 0.00478988, 0.9976, 0.369913
6220.65, 0.9937, 0.00478779, 0.99689, 0.547537
6220.66, 0.992111, 0.00478537, 0.99552, 0.783825
6220.67, 0.990416, 0.0047805, 0.99314, 1.08041
6220.68, 0.987307, 0.0047683, 0.98932, 1.43077
6220.69, 0.981815, 0.00474691, 0.98362, 1.82186
6220.7, 0.975736, 0.00472492, 0.97569, 2.2374
6220.71, 0.968862, 0.00470195, 0.96542, 2.6562
6220.72, 0.9586, 0.00466703, 0.95307, 3.05708
6220.73, 0.94513, 0.00461941, 0.93932, 3.41722
6220.74, 0.930122, 0.00456448, 0.92524, 3.7252
6220.75, 0.915515, 0.00451039, 0.91218, 3.97127
6220.76, 0.903397, 0.00446581, 0.90155, 4.14889
6220.77, 0.895847, 0.00443886, 0.8946, 4.25482
6220.78, 0.893594, 0.00443215, 0.89219, 4.29067
6220.79, 0.896698, 0.00444548, 0.89462, 4.25482
6220.8, 0.905526, 0.00447944, 0.90158, 4.14889
6220.81, 0.918885, 0.00452945, 0.91223, 3.97127
6220.82, 0.933348, 0.00458362, 0.92531, 3.7252
6220.83, 0.947591, 0.00463709, 0.93942, 3.41722
6220.84, 0.96139, 0.0046887, 0.9532, 3.05382
6220.85, 0.972925, 0.00473211, 0.96558, 2.65458
6220.86, 0.98109, 0.00476293, 0.97589, 2.2374
6220.87, 0.986745, 0.00478287, 0.98386, 1.82023
6220.88, 0.991055, 0.0047978, 0.98961, 1.42914
6220.89, 0.994957, 0.00481414, 0.99349, 1.07878
6220.9, 0.997889, 0.00482772, 0.99593, 0.783825
6220.91, 0.999405, 0.00483496, 0.99739, 0.545907
6220.92, 1.00018, 0.00483954, 0.99821, 0.366654
6220.93, 1.00074, 0.00484285, 0.99866, 0.241177
6220.94, 1.00128, 0.00484398, 0.9989, 0.156439
6220.95, 1.00149, 0.00484415, 0.99904, 0.102663
6220.96, 1.00094, 0.00484363, 0.99911, 0.0700717
6220.97, 0.999389, 0.00483915, 0.99916, 0.0521463
6220.98, 0.998067, 0.00483419, 0.99919, 0.0407393
6220.99, 0.999025, 0.00483727, 0.99921, 0.0325915
6221, 1.00053, 0.00484396, 0.99923, 0.0293323
6221.01, 1.00069, 0.00484775, 0.99925, 0.0260732
6221.02, 1.0011, 0.00485035, 0.99927, 0.022814
6221.03, 1.00182, 0.00485145, 0.9993, 0.0211845
6221.04, 1.00104, 0.00484837, 0.99932, 0.0162957
6221.05, 1.00029, 0.00484743, 0.99934, 0.0130366
6221.06, 1.0015, 0.00485447, 0.99936, 0.00814787
6221.07, 1.00313, 0.00486161, 0.99938, 0.00488872
6221.08, 1.00352, 0.00486289, 1, 0
6221.09, 1.00197, 0.00485851, 1, 0
6221.1, 1.00068, 0.00485631, 1, 0
6221.11, 1.00189, 0.00486292, 1, 0
6221.12, 1.00307, 0.00486841, 1, 0
6221.13, 1.00268, 0.00486717, 1, 0
6221.14, 1.00226, 0.00486579, 1, 0
