wav, obs, sigma_obs, syn, weight
6221.05, 1.0017, 0.00485523, 1, 0
6221.06, 1.00298, 0.00486101, 1, 0
6221.07, 1.00351, 0.00486282, 1, 0
6221.08, 1.00212, 0.00485893, 1, 0
6221.09, 1.00068, 0.00485618, 1, 0
6221.1, 1.00173, 0.00486227, 1, 0
6221.11, 1.00316, 0.00486862, 0.9991, 0.00719823
6221.12, 1.00293, 0.00486796, 0.99872, 0.00719823
6221.13, 1.00096, 0.00486138, 0.99811, 0.0143965
6221.14, 0.998411, 0.00485334, 0.99719, 0.0215947
6221.15, 0.996769, 0.00484852, 0.9959, 0.0287929
6221.16, 0.995724, 0.004845, 0.99425, 0.032392
6221.17, 0.994253, 0.00483939, 0.99228, 0.0395903
6221.18, 0.991073, 0.00482921, 0.9901, 0.0431894
6221.19, 0.986562, 0.00481501, 0.98784, 0.0503876
6221.2, 0.981964, 0.00479888, 0.98554, 0.0611849
6221.21, 0.976551, 0.00477951, 0.9831, 0.0827796
6221.22, 0.969619, 0.00475537, 0.98018, 0.115172
6221.23, 0.961614, 0.00472645, 0.97631, 0.169158
6221.24, 0.951753, 0.00468992, 0.97104, 0.248339
6221.25, 0.938924, 0.00464316, 0.96419, 0.356312
6221.26, 0.926436, 0.00459839, 0.95614, 0.496678
6221.27, 0.917437, 0.00456663, 0.94781, 0.669435
6221.28, 0.911474, 0.00454555, 0.94054, 0.863787
6221.29, 0.908614, 0.00453576, 0.93568, 1.07254
6221.3, 0.909488, 0.00454049, 0.9341, 1.28488
6221.31, 0.912643, 0.00455294, 0.93594, 1.48643
6221.32, 0.916636, 0.00456689, 0.94054, 1.66639
6221.33, 0.921933, 0.00458661, 0.94674, 1.82115
6221.34, 0.928451, 0.00461288, 0.95335, 1.94352
6221.35, 0.935389, 0.00464163, 0.95953, 2.0335
6221.36, 0.94275, 0.00467019, 0.96496, 2.08749
6221.37, 0.950449, 0.00469729, 0.96975, 2.10908
6221.38, 0.957291, 0.00472367, 0.97422, 2.09468
6221.39, 0.963544, 0.00475066, 0.97857, 2.0515
6221.4, 0.970948, 0.00477943, 0.98282, 1.96872
6221.41, 0.978693, 0.00480663, 0.9868, 1.85354
6221.42, 0.985072, 0.00482827, 0.9903, 1.70598
6221.43, 0.989342, 0.00484446, 0.99315, 1.52962
6221.44, 0.991904, 0.00485659, 0.9953, 1.33167
6221.45, 0.994153, 0.00486654, 0.99681, 1.12292
6221.46, 0.996187, 0.00487484, 0.99783, 0.917774
6221.47, 0.99768, 0.00488187, 0.99847, 0.73062
6221.48, 0.999152, 0.00488965, 0.99887, 0.572259
6221.49, 1.00091, 0.00489825, 0.99911, 0.464286
6221.5, 1.00267, 0.00490476, 0.99925, 0.428295
6221.51, 1.00315, 0.00490633, 0.99931, 0.482281
6221.52, 1.00156, 0.00490249, 0.99932, 0.655039
6221.53, 1.00068, 0.00490022, 0.99927, 0.971761
6221.54, 1.00178, 0.00490306, 0.99912, 1.47204
6221.55, 1.00299, 0.00490733, 0.99876, 2.13427
6221.56, 1.003, 0.00490838, 0.99797, 2.90808
6221.57, 1.00152, 0.00490389, 0.99629, 3.6603
6221.58, 1.0002, 0.00490118, 0.99297, 4.15698
6221.59, 0.99964, 0.00490201, 0.98694, 4.17497
6221.6, 0.998211, 0.00489729, 0.977, 3.62431
6221.61, 0.99575, 0.00488837, 0.96215, 2.67414
6221.62, 0.992999, 0.00488142, 0.94215, 1.65559
6221.63, 0.990146, 0.00487317, 0.91804, 0.845792
6221.64, 0.987413, 0.00486244, 1, 0
6221.65, 0.985263, 0.00485498, 1, 0
6221.66, 0.983608, 0.00485123, 1, 0
6221.67, 0.981822, 0.00484648, 1, 0
6221.68, 0.980028, 0.00484168, 1, 0
6221.69, 0.978234, 0.00483688, 1, 0
