wav, obs, sigma_obs, syn, weight
6223.73, 1.00168, 0.00513399, 1, 0
6223.74, 1.00016, 0.00512885, 1, 0
6223.75, 0.999039, 0.00512537, 1, 0
6223.76, 0.998963, 0.00512636, 1, 0
6223.77, 0.998727, 0.00512724, 1, 0
6223.78, 0.998034, 0.00512616, 1, 0
6223.79, 0.998644, 0.00512828, 0.99912, 0.00292001
6223.8, 0.999822, 0.00513238, 0.99895, 0.01168
6223.81, 0.999807, 0.0051343, 0.99876, 0.01752
6223.82, 0.999692, 0.00513628, 0.99851, 0.0262801
6223.83, 0.999775, 0.00513789, 0.99814, 0.0379601
6223.84, 0.99842, 0.00513345, 0.99752, 0.0467201
6223.85, 0.996206, 0.00512595, 0.99646, 0.0525601
6223.86, 0.994355, 0.00512027, 0.99464, 0.0554802
6223.87, 0.991706, 0.00511012, 0.9916, 0.0613202
6223.88, 0.987503, 0.00509288, 0.98672, 0.0700802
6223.89, 0.981961, 0.00507244, 0.97935, 0.0788402
6223.9, 0.973688, 0.00504313, 0.96891, 0.0934403
6223.91, 0.96144, 0.00499847, 0.9551, 0.11388
6223.92, 0.946764, 0.004944, 0.9381, 0.15476
6223.93, 0.930332, 0.00488161, 0.91862, 0.219001
6223.94, 0.911576, 0.00480833, 0.89802, 0.315361
6223.95, 0.892043, 0.0047322, 0.87807, 0.455521
6223.96, 0.874576, 0.00466593, 0.86082, 0.648242
6223.97, 0.862761, 0.00462126, 0.84817, 0.893523
6223.98, 0.857798, 0.00460171, 0.84163, 1.19428
6223.99, 0.858823, 0.00460474, 0.84194, 1.53884
6224, 0.867086, 0.00463821, 0.84898, 1.90969
6224.01, 0.882455, 0.00470218, 0.86177, 2.29221
6224.02, 0.900287, 0.00477278, 0.87867, 2.66305
6224.03, 0.918814, 0.00484436, 0.89774, 3.00469
6224.04, 0.93842, 0.00492422, 0.91704, 3.30253
6224.05, 0.955712, 0.00499475, 0.93495, 3.55073
6224.06, 0.968283, 0.00504334, 0.95036, 3.74053
6224.07, 0.977725, 0.00508078, 0.96277, 3.87485
6224.08, 0.985063, 0.00511166, 0.97221, 3.94493
6224.09, 0.990512, 0.00513436, 0.97907, 3.95661
6224.1, 0.993863, 0.00514771, 0.98396, 3.90405
6224.11, 0.995292, 0.00515334, 0.98747, 3.78725
6224.12, 0.995752, 0.00515668, 0.99009, 3.60913
6224.13, 0.996388, 0.0051606, 0.99212, 3.36969
6224.14, 0.997748, 0.00516532, 0.99374, 3.07477
6224.15, 0.998015, 0.00516812, 0.99502, 2.74189
6224.16, 0.996863, 0.00516783, 0.99601, 2.37689
6224.17, 0.996434, 0.00516631, 0.99673, 2.00897
6224.18, 0.996716, 0.00516667, 0.99722, 1.6498
6224.19, 0.996854, 0.00517047, 0.99753, 1.32276
6224.2, 0.997135, 0.00517335, 0.99771, 1.0366
6224.21, 0.997473, 0.00517421, 0.99781, 0.803002
6224.22, 0.997247, 0.00517629, 0.99788, 0.619042
6224.23, 0.996898, 0.00517741, 0.99797, 0.478881
6224.24, 0.996763, 0.00517472, 0.99807, 0.373761
6224.25, 0.995789, 0.00516995, 0.99821, 0.303681
6224.26, 0.994542, 0.00516733, 0.99838, 0.245281
6224.27, 0.994807, 0.00517087, 0.99857, 0.204401
6224.28, 0.995003, 0.00517339, 0.99877, 0.17228
6224.29, 0.994031, 0.00517065, 0.99897, 0.14308
6224.3, 0.994295, 0.00517278, 0.99915, 0.11972
6224.31, 0.99559, 0.0051783, 0.9993, 0.0992803
6224.32, 0.995897, 0.00517851, 0.99942, 0.0788402
6224.33, 0.996567, 0.00518307, 0.9995, 0.0613202
6224.34, 0.998186, 0.00519498, 0.99954, 0.0408801
6224.35, 0.998393, 0.00519715, 0.99955, 0.0262801
6224.36, 0.99788, 0.00519254, 0.99954, 0.0146
6224.37, 0.998684, 0.00519467, 0.99952, 0.00584002
6224.38, 0.998952, 0.00519852, 1, 0
6224.39, 0.99752, 0.00519779, 1, 0
6224.4, 0.995518, 0.00519137, 1, 0
6224.41, 0.992393, 0.00517842, 1, 0
6224.42, 0.987171, 0.00515906, 1, 0
6224.43, 0.981306, 0.00513789, 1, 0
