wav, obs, sigma_obs, syn, weight
6226.36, 0.996039, 0.0054555, 1, 0
6226.37, 0.995947, 0.0054546, 1, 0
6226.38, 0.995867, 0.00545403, 1, 0
6226.39, 0.995958, 0.00545588, 1, 0
6226.4, 0.996992, 0.00546303, 1, 0
6226.41, 0.998884, 0.00547339, 1, 0
6226.42, 0.999116, 0.00547332, 0.99936, 0.00342941
6226.43, 0.998378, 0.00546907, 0.99936, 0.00685882
6226.44, 0.999368, 0.00547814, 0.99937, 0.0125745
6226.45, 0.999997, 0.00548465, 0.99938, 0.0182902
6226.46, 0.999025, 0.00547951, 0.99938, 0.0228627
6226.47, 0.998626, 0.00547867, 0.99938, 0.0262921
6226.48, 0.998627, 0.00548134, 0.99936, 0.0308647
6226.49, 0.997998, 0.00547986, 0.99935, 0.0320078
6226.5, 0.997862, 0.00547989, 0.99932, 0.0342941
6226.51, 0.998127, 0.00548219, 0.99929, 0.0365803
6226.52, 0.99725, 0.00548064, 0.99923, 0.0388666
6226.53, 0.995989, 0.00547782, 0.99916, 0.0457254
6226.54, 0.995339, 0.00547683, 0.99905, 0.0548705
6226.55, 0.994858, 0.00547474, 0.99889, 0.0720176
6226.56, 0.994617, 0.0054742, 0.99866, 0.101739
6226.57, 0.994995, 0.00547977, 0.99834, 0.148608
6226.58, 0.995464, 0.00548413, 0.99789, 0.226341
6226.59, 0.995702, 0.00548295, 0.99725, 0.342941
6226.6, 0.995844, 0.00548012, 0.99629, 0.509839
6226.61, 0.994534, 0.00547544, 0.99478, 0.730464
6226.62, 0.99076, 0.00546685, 0.99233, 1.01053
6226.63, 0.986477, 0.00545389, 0.98836, 1.34318
6226.64, 0.980861, 0.00542976, 0.98213, 1.72042
6226.65, 0.970878, 0.0053857, 0.97286, 2.12852
6226.66, 0.958828, 0.00533696, 0.95991, 2.54805
6226.67, 0.945898, 0.0052886, 0.9431, 2.95844
6226.68, 0.928214, 0.00521473, 0.92291, 3.3391
6226.69, 0.905651, 0.00511846, 0.90065, 3.67404
6226.7, 0.881203, 0.00502062, 0.87838, 3.95182
6226.71, 0.858848, 0.00492923, 0.85864, 4.16101
6226.72, 0.842355, 0.00485703, 0.84403, 4.30048
6226.73, 0.834668, 0.00482384, 0.83661, 4.36678
6226.74, 0.836385, 0.00483271, 0.83752, 4.35992
6226.75, 0.846687, 0.00487797, 0.84664, 4.27876
6226.76, 0.863822, 0.00495138, 0.86264, 4.12558
6226.77, 0.885505, 0.00504466, 0.88332, 3.90152
6226.78, 0.909041, 0.00514796, 0.90604, 3.61231
6226.79, 0.931382, 0.00524316, 0.92832, 3.26708
6226.8, 0.950113, 0.00531993, 0.9482, 2.87842
6226.81, 0.964162, 0.00538281, 0.96452, 2.4646
6226.82, 0.974711, 0.00543142, 0.97689, 2.04621
6226.83, 0.983546, 0.00546513, 0.98559, 1.64383
6226.84, 0.990738, 0.00549234, 0.99128, 1.27345
6226.85, 0.995673, 0.00551443, 0.99477, 0.948803
6226.86, 0.997763, 0.00552584, 0.99679, 0.680166
6226.87, 0.998805, 0.00553221, 0.99791, 0.469829
6226.88, 1.00002, 0.00553878, 0.99853, 0.314362
6226.89, 1.00009, 0.00554254, 0.99887, 0.204621
6226.9, 0.999366, 0.00554467, 0.99908, 0.133747
6226.91, 0.999324, 0.00554843, 0.99922, 0.0891646
6226.92, 1.00064, 0.00555178, 0.99931, 0.0628725
6226.93, 1.00225, 0.00555408, 0.99939, 0.0480117
6226.94, 1.00176, 0.00555727, 0.99945, 0.0377235
6226.95, 1.00089, 0.00555852, 0.9995, 0.0320078
6226.96, 1.0016, 0.00555701, 0.99955, 0.0274353
6226.97, 1.00224, 0.00556103, 0.99959, 0.0240059
6226.98, 1.00258, 0.00556941, 0.99962, 0.0205764
6226.99, 1.00358, 0.00557391, 0.99965, 0.0182902
6227, 1.00405, 0.00557479, 0.99967, 0.0148608
6227.01, 1.00342, 0.00557407, 0.9997, 0.0102882
6227.02, 1.00296, 0.0055729, 0.99972, 0.00685882
6227.03, 1.00313, 0.00557412, 0.99974, 0.00457254
6227.04, 1.00365, 0.00557891, 0.99976, 0.00228627
6227.05, 1.00365, 0.00558127, 1, 0
6227.06, 1.0029, 0.00557993, 1, 0
6227.07, 1.00185, 0.00557895, 1, 0
6227.08, 1.00073, 0.00557858, 1, 0
6227.09, 0.999641, 0.00557796, 1, 0
6227.1, 0.99855, 0.00557734, 1, 0
