wav, obs, sigma_obs, syn, weight
6321.81, 1.00257, 0.00325073, 1, 0
6321.82, 1.00341, 0.00325292, 1, 0
6321.83, 1.00385, 0.00325378, 1, 0
6321.84, 1.0038, 0.00325322, 1, 0
6321.85, 1.00342, 0.0032521, 1, 0
6321.86, 1.00297, 0.00325104, 1, 0
6321.87, 1.00281, 0.00325034, 1, 0
6321.88, 1.00284, 0.0032499, 1, 0
6321.89, 1.00251, 0.00324921, 0.99969, 0.103448
6321.9, 1.00146, 0.00324741, 0.99965, 0.144828
6321.91, 0.999663, 0.00324336, 0.99961, 0.165517
6321.92, 0.997277, 0.00323716, 0.99957, 0.206897
6321.93, 0.994635, 0.00323027, 0.99951, 0.227586
6321.94, 0.991542, 0.00322252, 0.99945, 0.248276
6321.95, 0.987264, 0.00321204, 0.99937, 0.268966
6321.96, 0.98283, 0.00320139, 0.99928, 0.289655
6321.97, 0.981092, 0.00319775, 0.99917, 0.289655
6321.98, 0.982089, 0.00320082, 0.99902, 0.310345
6321.99, 0.982864, 0.00320239, 0.99883, 0.331034
6322, 0.983073, 0.00320185, 0.99857, 0.351724
6322.01, 0.985163, 0.00320667, 0.99817, 0.372414
6322.02, 0.988862, 0.00321641, 0.99754, 0.413793
6322.03, 0.991052, 0.00322238, 0.99655, 0.455172
6322.04, 0.991, 0.00322228, 0.99501, 0.537931
6322.05, 0.990477, 0.00322061, 0.99268, 0.6
6322.06, 0.989779, 0.00321842, 0.9893, 0.703448
6322.07, 0.987652, 0.00321316, 0.98466, 0.827586
6322.08, 0.983606, 0.0032035, 0.97862, 0.972414
6322.09, 0.977972, 0.00318956, 0.97122, 1.13793
6322.1, 0.971046, 0.00317215, 0.96266, 1.30345
6322.11, 0.963052, 0.00315268, 0.9534, 1.48966
6322.12, 0.954165, 0.00313149, 0.94406, 1.63448
6322.13, 0.944558, 0.00310811, 0.93538, 1.82069
6322.14, 0.935374, 0.00308526, 0.92812, 1.94483
6322.15, 0.92862, 0.00306849, 0.92296, 2.06897
6322.16, 0.925464, 0.00306072, 0.9204, 2.15172
6322.17, 0.926241, 0.00306226, 0.9207, 2.23448
6322.18, 0.930555, 0.00307241, 0.92382, 2.27586
6322.19, 0.937403, 0.00308965, 0.92946, 2.27586
6322.2, 0.946075, 0.00311191, 0.93709, 2.27586
6322.21, 0.956106, 0.00313667, 0.94601, 2.21379
6322.22, 0.966503, 0.00316165, 0.95544, 2.15172
6322.23, 0.975851, 0.0031848, 0.96467, 2.06897
6322.24, 0.98349, 0.0032044, 0.97308, 1.96552
6322.25, 0.989417, 0.00321911, 0.98029, 1.84138
6322.26, 0.993794, 0.00322922, 0.9861, 1.71724
6322.27, 0.996925, 0.00323635, 0.99052, 1.61379
6322.28, 0.999357, 0.00324216, 0.99369, 1.48966
6322.29, 1.00177, 0.00324819, 0.99586, 1.38621
6322.3, 1.00376, 0.00325342, 0.99726, 1.30345
6322.31, 1.00418, 0.00325513, 0.99814, 1.26207
6322.32, 1.00369, 0.00325455, 0.99866, 1.24138
6322.33, 1.00422, 0.00325567, 0.99898, 1.24138
6322.34, 1.00548, 0.00325814, 0.99916, 1.28276
6322.35, 1.00565, 0.00325845, 0.99928, 1.32414
6322.36, 1.00478, 0.00325647, 0.99935, 1.38621
6322.37, 1.00428, 0.00325454, 0.9994, 1.48966
6322.38, 1.00451, 0.00325419, 0.99943, 1.57241
6322.39, 1.00505, 0.00325608, 0.99945, 1.69655
6322.4, 1.0052, 0.00325787, 0.99946, 1.82069
6322.41, 1.00422, 0.00325559, 0.99946, 1.92414
6322.42, 1.00291, 0.00325136, 0.99945, 2.04828
6322.43, 1.00292, 0.00325094, 0.99942, 2.06897
6322.44, 1.00372, 0.00325323, 0.99938, 2.0069
6322.45, 1.00347, 0.00325297, 0.99932, 1.8
6322.46, 1.00214, 0.00324978, 0.99925, 1.51034
6322.47, 1.00077, 0.00324629, 0.9992, 1.13793
6322.48, 0.999586, 0.00324338, 1, 0
6322.49, 0.998297, 0.00324072, 1, 0
6322.5, 0.996808, 0.00323764, 1, 0
6322.51, 0.995162, 0.00323336, 1, 0
6322.52, 0.993421, 0.00322805, 1, 0
6322.53, 0.991689, 0.00322284, 1, 0
6322.54, 0.98997, 0.00321778, 1, 0
6322.55, 0.988251, 0.00321272, 1, 0
