wav, obs, sigma_obs, syn, weight
6330.49, 1.00208, 0.00333319, 1, 0
6330.5, 1.00141, 0.00333174, 1, 0
6330.51, 1.00157, 0.0033321, 1, 0
6330.52, 1.00179, 0.00333274, 1, 0
6330.53, 1.00095, 0.00333122, 1, 0
6330.54, 0.999828, 0.00332881, 1, 0
6330.55, 0.999701, 0.00332789, 1, 0
6330.56, 1.0002, 0.00332864, 0.99927, 0.00631816
6330.57, 1.00051, 0.00333022, 0.99916, 0.0105303
6330.58, 1.00034, 0.00333057, 0.99904, 0.0126363
6330.59, 0.999592, 0.00332832, 0.99891, 0.0189545
6330.6, 0.998456, 0.00332511, 0.99878, 0.0231666
6330.61, 0.99725, 0.00332266, 0.99865, 0.0273787
6330.62, 0.996433, 0.00332144, 0.99855, 0.0336968
6330.63, 0.996019, 0.00332083, 0.99846, 0.040015
6330.64, 0.995163, 0.00331847, 0.99839, 0.0484392
6330.65, 0.993707, 0.00331434, 0.99833, 0.0610755
6330.66, 0.992652, 0.00331206, 0.99826, 0.077924
6330.67, 0.992489, 0.0033128, 0.99815, 0.107409
6330.68, 0.992998, 0.00331453, 0.99798, 0.153742
6330.69, 0.99379, 0.0033161, 0.99769, 0.223242
6330.7, 0.994371, 0.00331731, 0.99722, 0.326438
6330.71, 0.994433, 0.00331773, 0.9964, 0.46965
6330.72, 0.993754, 0.00331661, 0.99502, 0.663407
6330.73, 0.991546, 0.00331147, 0.99269, 0.909815
6330.74, 0.986857, 0.00329942, 0.98886, 1.20887
6330.75, 0.98001, 0.00328179, 0.98282, 1.55005
6330.76, 0.971612, 0.00326084, 0.9738, 1.92283
6330.77, 0.960593, 0.00323329, 0.96111, 2.31245
6330.78, 0.945477, 0.00319477, 0.94439, 2.69575
6330.79, 0.925604, 0.00314472, 0.92391, 3.06009
6330.8, 0.90145, 0.00308506, 0.90073, 3.38443
6330.81, 0.87652, 0.00302248, 0.87674, 3.66032
6330.82, 0.854258, 0.00296445, 0.85446, 3.87724
6330.83, 0.836384, 0.00291783, 0.83661, 4.02888
6330.84, 0.824725, 0.00288881, 0.82559, 4.11733
6330.85, 0.821815, 0.00288238, 0.82297, 4.13629
6330.86, 0.828592, 0.00290011, 0.82913, 4.08995
6330.87, 0.843392, 0.00293842, 0.84318, 3.97833
6330.88, 0.863954, 0.0029915, 0.86315, 3.79932
6330.89, 0.887575, 0.00305143, 0.88644, 3.55923
6330.9, 0.91166, 0.00311169, 0.91034, 3.26228
6330.91, 0.933801, 0.00316737, 0.93257, 2.91899
6330.92, 0.952496, 0.00321506, 0.95156, 2.54411
6330.93, 0.967004, 0.00325261, 0.96659, 2.1566
6330.94, 0.977522, 0.00328001, 0.97769, 1.77119
6330.95, 0.984784, 0.00329862, 0.98538, 1.40895
6330.96, 0.989492, 0.00331054, 0.99043, 1.08462
6330.97, 0.99241, 0.00331826, 0.99359, 0.808724
6330.98, 0.994753, 0.00332448, 0.99551, 0.581271
6330.99, 0.997405, 0.00333092, 0.99668, 0.41068
6331, 0.999145, 0.00333475, 0.9974, 0.286423
6331.01, 0.999043, 0.00333405, 0.99786, 0.197969
6331.02, 0.998968, 0.00333394, 0.99818, 0.141106
6331.03, 1.00021, 0.00333781, 0.9984, 0.105303
6331.04, 1.00117, 0.00334117, 0.99856, 0.0863482
6331.05, 1.00093, 0.0033412, 0.99866, 0.0758179
6331.06, 1.00066, 0.00334056, 0.99871, 0.0716058
6331.07, 1.00087, 0.00334071, 0.9987, 0.0737118
6331.08, 1.00074, 0.0033404, 0.99862, 0.0737118
6331.09, 1.00023, 0.00333965, 0.99846, 0.0758179
6331.1, 1.00031, 0.00334018, 0.99819, 0.0737118
6331.11, 1.00086, 0.0033415, 0.99781, 0.0694997
6331.12, 1.00082, 0.00334123, 0.99731, 0.0568634
6331.13, 1.00025, 0.00333988, 0.99672, 0.0421211
6331.14, 1, 0.00333987, 0.99609, 0.0273787
6331.15, 1.00021, 0.00334133, 1, 0
6331.16, 1.00064, 0.00334312, 1, 0
6331.17, 1.00111, 0.00334457, 1, 0
6331.18, 1.00153, 0.00334534, 1, 0
6331.19, 1.00189, 0.00334568, 1, 0
6331.2, 1.00228, 0.0033462, 1, 0
6331.21, 1.00266, 0.00334673, 1, 0
