wav, obs, sigma_obs, syn, weight
6363.98, 0.984363, 0.00352914, 1, 0
6363.99, 0.983553, 0.0035269, 1, 0
6364, 0.982757, 0.0035248, 1, 0
6364.01, 0.981947, 0.00352257, 1, 0
6364.02, 0.981101, 0.00351994, 1, 0
6364.03, 0.98039, 0.00351741, 1, 0
6364.04, 0.980172, 0.00351619, 1, 0
6364.05, 0.980527, 0.0035166, 1, 0
6364.06, 0.981009, 0.00351735, 0.96893, 0.200272
6364.07, 0.981285, 0.00351751, 0.96795, 0.263935
6364.08, 0.981603, 0.00351808, 0.96759, 0.322292
6364.09, 0.982282, 0.0035202, 0.96787, 0.367387
6364.1, 0.98329, 0.00352319, 0.9687, 0.395239
6364.11, 0.984439, 0.00352567, 0.96998, 0.40585
6364.12, 0.985429, 0.00352703, 0.97157, 0.400544
6364.13, 0.985886, 0.00352721, 0.97327, 0.384629
6364.14, 0.9858, 0.00352663, 0.97492, 0.362081
6364.15, 0.985662, 0.00352628, 0.9764, 0.335555
6364.16, 0.985749, 0.00352657, 0.97763, 0.310356
6364.17, 0.98572, 0.00352634, 0.97857, 0.290461
6364.18, 0.985255, 0.00352457, 0.97924, 0.281177
6364.19, 0.984583, 0.003522, 0.97965, 0.290461
6364.2, 0.98406, 0.00351978, 0.97983, 0.322292
6364.21, 0.983699, 0.00351809, 0.97976, 0.385955
6364.22, 0.983313, 0.00351653, 0.97939, 0.48808
6364.23, 0.98257, 0.00351422, 0.97858, 0.633974
6364.24, 0.980996, 0.00350986, 0.97714, 0.824962
6364.25, 0.978145, 0.0035021, 0.97474, 1.06104
6364.26, 0.973635, 0.00348959, 0.97096, 1.33824
6364.27, 0.967152, 0.00347129, 0.96536, 1.64595
6364.28, 0.958579, 0.00344719, 0.9575, 1.97487
6364.29, 0.947815, 0.00341735, 0.94713, 2.3091
6364.3, 0.934576, 0.00338102, 0.93428, 2.6367
6364.31, 0.918589, 0.00333731, 0.91944, 2.93909
6364.32, 0.900768, 0.00328856, 0.90356, 3.20833
6364.33, 0.882915, 0.00323954, 0.88805, 3.43248
6364.34, 0.867214, 0.00319623, 0.87454, 3.6049
6364.35, 0.85632, 0.00316607, 0.86466, 3.72029
6364.36, 0.852048, 0.00315414, 0.85969, 3.77599
6364.37, 0.854112, 0.0031595, 0.86032, 3.77069
6364.38, 0.861847, 0.00318025, 0.86645, 3.7057
6364.39, 0.87426, 0.003214, 0.87729, 3.5797
6364.4, 0.890174, 0.00325785, 0.89144, 3.39932
6364.41, 0.907639, 0.00330583, 0.90725, 3.16722
6364.42, 0.924327, 0.00335042, 0.9231, 2.89267
6364.43, 0.9388, 0.00338786, 0.93763, 2.58364
6364.44, 0.950485, 0.00341803, 0.94995, 2.25472
6364.45, 0.9592, 0.00344111, 0.95959, 1.91916
6364.46, 0.965372, 0.00345768, 0.9665, 1.59157
6364.47, 0.969446, 0.00346839, 0.97086, 1.28519
6364.48, 0.97174, 0.00347408, 0.97299, 1.01197
6364.49, 0.972581, 0.00347576, 0.97324, 0.777215
6364.5, 0.972526, 0.00347503, 0.97194, 0.584901
6364.51, 0.972168, 0.00347362, 0.96947, 0.435028
6364.52, 0.971419, 0.00347117, 0.96623, 0.327597
6364.53, 0.969745, 0.00346599, 0.96268, 0.254651
6364.54, 0.967486, 0.00345918, 0.95933, 0.214862
6364.55, 0.966068, 0.00345532, 0.95667, 0.201598
6364.56, 0.966126, 0.00345632, 0.95512, 0.212209
6364.57, 0.966381, 0.00345763, 0.95487, 0.242714
6364.58, 0.965734, 0.00345538, 0.95588, 0.289135
6364.59, 0.96494, 0.00345211, 0.95787, 0.344839
6364.6, 0.96503, 0.00345143, 0.96035, 0.40585
6364.61, 0.965276, 0.00345154, 0.96275, 0.458902
6364.62, 0.964131, 0.00344815, 0.96452, 0.492059
6364.63, 0.960995, 0.00343942, 0.9653, 0.497365
6364.64, 0.956119, 0.00342577, 0.96493, 0.465533
6364.65, 0.94999, 0.00340845, 0.96364, 0.403197
6364.66, 0.943419, 0.00338993, 0.96183, 0.318313
6364.67, 0.937291, 0.00337287, 1, 0
6364.68, 0.932616, 0.00336011, 1, 0
6364.69, 0.930362, 0.00335426, 1, 0
6364.7, 0.931159, 0.00335652, 1, 0
6364.71, 0.935405, 0.00336737, 1, 0
6364.72, 0.942232, 0.00338448, 1, 0
6364.73, 0.949365, 0.00340235, 1, 0
6364.74, 0.955796, 0.0034185, 1, 0
