wav, obs, sigma_obs, syn, weight
6385.37, 0.998708, 0.00311463, 1, 0
6385.38, 0.997751, 0.00311201, 1, 0
6385.39, 0.997155, 0.00311044, 1, 0
6385.4, 0.996836, 0.00310967, 1, 0
6385.41, 0.996267, 0.00310822, 1, 0
6385.42, 0.995403, 0.00310593, 1, 0
6385.43, 0.994953, 0.00310477, 1, 0
6385.44, 0.995123, 0.00310536, 1, 0
6385.45, 0.995208, 0.00310594, 0.99075, 0.297638
6385.46, 0.99487, 0.00310548, 0.99088, 0.398623
6385.47, 0.994583, 0.00310474, 0.99143, 0.48632
6385.48, 0.994786, 0.00310471, 0.99231, 0.544784
6385.49, 0.99566, 0.00310642, 0.99339, 0.568702
6385.5, 0.997082, 0.00310996, 0.99455, 0.560729
6385.51, 0.998318, 0.00311333, 0.99567, 0.531497
6385.52, 0.998895, 0.00311511, 0.99665, 0.488977
6385.53, 0.999173, 0.00311598, 0.99744, 0.4438
6385.54, 0.999479, 0.00311663, 0.99802, 0.406595
6385.55, 0.999693, 0.00311688, 0.99839, 0.39065
6385.56, 0.999696, 0.00311652, 0.99858, 0.398623
6385.57, 0.999592, 0.00311584, 0.99859, 0.446457
6385.58, 0.999481, 0.00311518, 0.99841, 0.539469
6385.59, 0.999301, 0.00311488, 0.99798, 0.688288
6385.6, 0.998932, 0.0031149, 0.99721, 0.8876
6385.61, 0.998152, 0.00311391, 0.99595, 1.14006
6385.62, 0.996695, 0.00311051, 0.99403, 1.4377
6385.63, 0.994199, 0.00310429, 0.99125, 1.76457
6385.64, 0.990377, 0.00309514, 0.98747, 2.10738
6385.65, 0.985401, 0.00308309, 0.98264, 2.4502
6385.66, 0.979548, 0.00306835, 0.97686, 2.7691
6385.67, 0.972959, 0.00305198, 0.97045, 3.05876
6385.68, 0.965852, 0.00303536, 0.96391, 3.3006
6385.69, 0.959127, 0.00302012, 0.95789, 3.49459
6385.7, 0.95387, 0.00300801, 0.95311, 3.63012
6385.71, 0.950767, 0.0030007, 0.95016, 3.70719
6385.72, 0.950264, 0.00299963, 0.94947, 3.72579
6385.73, 0.952234, 0.00300429, 0.95111, 3.68327
6385.74, 0.956293, 0.00301338, 0.95487, 3.57963
6385.75, 0.961998, 0.00302613, 0.96025, 3.42284
6385.76, 0.968834, 0.00304181, 0.96658, 3.21024
6385.77, 0.975828, 0.00305833, 0.97317, 2.94449
6385.78, 0.981857, 0.00307304, 0.97941, 2.64154
6385.79, 0.986682, 0.00308532, 0.98486, 2.30935
6385.8, 0.990549, 0.00309561, 0.98931, 1.96122
6385.81, 0.993377, 0.00310315, 0.9927, 1.61575
6385.82, 0.994932, 0.00310658, 0.99515, 1.29419
6385.83, 0.995718, 0.00310746, 0.99682, 1.00187
6385.84, 0.996681, 0.00310912, 0.99791, 0.74941
6385.85, 0.997665, 0.0031114, 0.99858, 0.544784
6385.86, 0.997744, 0.00311171, 0.999, 0.385335
6385.87, 0.99729, 0.00311077, 0.99924, 0.268406
6385.88, 0.997685, 0.0031119, 0.99939, 0.186024
6385.89, 0.998717, 0.00311444, 0.99949, 0.130217
6385.9, 0.998784, 0.00311423, 0.99955, 0.0903545
6385.91, 0.998067, 0.00311198, 0.99959, 0.0690946
6385.92, 0.99849, 0.00311313, 0.99962, 0.0558072
6385.93, 1.00002, 0.00311747, 0.99965, 0.0451772
6385.94, 1.00049, 0.00311866, 0.99966, 0.0372048
6385.95, 0.99964, 0.00311592, 0.99968, 0.0292323
6385.96, 0.999465, 0.00311516, 0.99969, 0.0265748
6385.97, 1.00039, 0.00311774, 0.99971, 0.0239174
6385.98, 1.00064, 0.0031188, 0.99972, 0.0186024
6385.99, 0.999776, 0.00311691, 0.99973, 0.0106299
6386, 0.999337, 0.00311585, 1, 0
6386.01, 0.999879, 0.00311707, 1, 0
6386.02, 1.00024, 0.00311795, 1, 0
6386.03, 0.999933, 0.00311731, 1, 0
6386.04, 0.999756, 0.0031169, 1, 0
6386.05, 1.0002, 0.00311776, 1, 0
6386.06, 1.00088, 0.00311912, 1, 0
6386.07, 1.00138, 0.0031201, 1, 0
