wav, obs, sigma_obs, syn, weight
6416.53, 1.0008, 0.00421594, 1, 0
6416.54, 0.999856, 0.00421221, 1, 0
6416.55, 0.999189, 0.00421039, 1, 0
6416.56, 0.99906, 0.00421194, 1, 0
6416.57, 0.999212, 0.00421408, 1, 0
6416.58, 0.999381, 0.00421513, 1, 0
6416.59, 0.999434, 0.00421603, 1, 0
6416.6, 0.999447, 0.00421731, 0.99925, 0.011919
6416.61, 0.999533, 0.00421891, 0.99927, 0.0206596
6416.62, 0.999366, 0.00421932, 0.99931, 0.0301948
6416.63, 0.998967, 0.00421835, 0.99935, 0.0389354
6416.64, 0.999341, 0.00421934, 0.99938, 0.0452922
6416.65, 1.0002, 0.00422203, 0.9994, 0.0500598
6416.66, 1.00007, 0.00422267, 0.99941, 0.0524436
6416.67, 0.999422, 0.00422245, 0.9994, 0.055622
6416.68, 0.99933, 0.00422375, 0.99938, 0.0588004
6416.69, 0.999493, 0.00422441, 0.99934, 0.0635681
6416.7, 0.999551, 0.00422406, 0.99929, 0.0699249
6416.71, 0.999508, 0.00422611, 0.99922, 0.0794601
6416.72, 0.999491, 0.00422925, 0.99914, 0.0945575
6416.73, 0.999627, 0.00422942, 0.99904, 0.117601
6416.74, 0.999676, 0.00422831, 0.99891, 0.155742
6416.75, 0.999312, 0.00422797, 0.99874, 0.212953
6416.76, 0.998335, 0.00422651, 0.99847, 0.296386
6416.77, 0.99711, 0.00422395, 0.99805, 0.413987
6416.78, 0.996429, 0.00422248, 0.99733, 0.569729
6416.79, 0.995302, 0.00421933, 0.99608, 0.7652
6416.8, 0.992411, 0.00421081, 0.99396, 0.999608
6416.81, 0.988863, 0.00420033, 0.9905, 1.26659
6416.82, 0.984912, 0.00418845, 0.98517, 1.56139
6416.83, 0.978454, 0.00416834, 0.97739, 1.87685
6416.84, 0.968818, 0.0041381, 0.96674, 2.20661
6416.85, 0.956554, 0.00409975, 0.95302, 2.54352
6416.86, 0.94139, 0.00405146, 0.93648, 2.87963
6416.87, 0.923191, 0.00399245, 0.9178, 3.20462
6416.88, 0.90301, 0.00392854, 0.89817, 3.50578
6416.89, 0.882363, 0.00386429, 0.87912, 3.77038
6416.9, 0.863194, 0.00380225, 0.86243, 3.98492
6416.91, 0.848613, 0.00375385, 0.84979, 4.14066
6416.92, 0.841593, 0.00373194, 0.84258, 4.22807
6416.93, 0.841819, 0.00373405, 0.84164, 4.24476
6416.94, 0.848308, 0.00375577, 0.84705, 4.19072
6416.95, 0.860412, 0.00379636, 0.85818, 4.06677
6416.96, 0.877453, 0.0038533, 0.87378, 3.88003
6416.97, 0.89839, 0.00392161, 0.89221, 3.64007
6416.98, 0.920166, 0.00399237, 0.91172, 3.35878
6416.99, 0.939583, 0.00405645, 0.93068, 3.04809
6417, 0.955315, 0.00410863, 0.9478, 2.71912
6417.01, 0.966985, 0.00414699, 0.96226, 2.3838
6417.02, 0.975103, 0.00417324, 0.97371, 2.05007
6417.03, 0.981087, 0.00419286, 0.98224, 1.72587
6417.04, 0.986396, 0.00421157, 0.98823, 1.41916
6417.05, 0.99043, 0.00422673, 0.99222, 1.13548
6417.06, 0.992643, 0.00423543, 0.99475, 0.884391
6417.07, 0.993655, 0.00423859, 0.99631, 0.669848
6417.08, 0.994065, 0.00423926, 0.99726, 0.495831
6417.09, 0.99436, 0.0042415, 0.99785, 0.361543
6417.1, 0.995175, 0.00424607, 0.99823, 0.263807
6417.11, 0.996706, 0.00425175, 0.99851, 0.195472
6417.12, 0.99771, 0.00425561, 0.99871, 0.149385
6417.13, 0.997525, 0.00425603, 0.99887, 0.118395
6417.14, 0.996704, 0.00425388, 0.999, 0.0985305
6417.15, 0.997042, 0.00425527, 0.99911, 0.0842277
6417.16, 0.99999, 0.00426578, 0.99921, 0.0731033
6417.17, 1.00229, 0.00427491, 0.99928, 0.0659519
6417.18, 1.00175, 0.00427495, 0.99935, 0.0580058
6417.19, 1.00073, 0.00427201, 0.9994, 0.0524436
6417.2, 1.00055, 0.00427122, 0.99945, 0.0468814
6417.21, 1.00108, 0.00427452, 0.99949, 0.0413192
6417.22, 1.00149, 0.00427767, 0.99953, 0.0349624
6417.23, 1.0012, 0.0042769, 0.99956, 0.0286056
6417.24, 1.00115, 0.00427708, 0.99959, 0.0206596
6417.25, 1.00161, 0.00427986, 0.99962, 0.0135082
6417.26, 1.00171, 0.00428096, 0.99966, 0.00874061
6417.27, 1.00146, 0.00428055, 1, 0
6417.28, 1.00127, 0.00428085, 1, 0
6417.29, 1.0007, 0.00428011, 1, 0
6417.3, 0.9997, 0.00427792, 1, 0
6417.31, 0.999439, 0.00427825, 1, 0
6417.32, 1.00011, 0.00428181, 1, 0
6417.33, 1.00066, 0.00428497, 1, 0
