wav, obs, sigma_obs, syn, weight
6436.05, 1.00248, 0.00330187, 1, 0
6436.06, 1.00251, 0.0033011, 1, 0
6436.07, 1.00264, 0.00330082, 1, 0
6436.08, 1.0029, 0.00330133, 1, 0
6436.09, 1.0029, 0.00330141, 1, 0
6436.1, 1.00206, 0.0032993, 1, 0
6436.11, 1.0007, 0.0032957, 1, 0
6436.12, 0.999841, 0.00329314, 1, 0
6436.13, 0.999728, 0.00329237, 0.9999, 0.00581836
6436.14, 0.999577, 0.00329163, 0.99989, 0.00872753
6436.15, 0.998989, 0.00328996, 0.99989, 0.0116367
6436.16, 0.998657, 0.00328884, 0.99988, 0.0145459
6436.17, 0.999152, 0.0032895, 0.99987, 0.0174551
6436.18, 0.999863, 0.0032907, 0.99985, 0.0232734
6436.19, 0.999984, 0.00329075, 0.99983, 0.0290918
6436.2, 0.999733, 0.00329004, 0.99981, 0.0378193
6436.21, 0.999788, 0.00328986, 0.99979, 0.0523652
6436.22, 1.00024, 0.00329042, 0.99976, 0.0756386
6436.23, 1.00067, 0.00329102, 0.99972, 0.110549
6436.24, 1.00082, 0.00329117, 0.99966, 0.165823
6436.25, 1.00068, 0.00329073, 0.99956, 0.253098
6436.26, 1.00026, 0.00328964, 0.99941, 0.369466
6436.27, 0.999633, 0.00328793, 0.99913, 0.53238
6436.28, 0.998881, 0.00328562, 0.99865, 0.74184
6436.29, 0.998003, 0.00328267, 0.99785, 1.00367
6436.3, 0.996953, 0.00327895, 0.99654, 1.31495
6436.31, 0.995447, 0.00327428, 0.99453, 1.65823
6436.32, 0.993086, 0.00326836, 0.99161, 2.03642
6436.33, 0.989594, 0.00326016, 0.9876, 2.41753
6436.34, 0.984803, 0.00324802, 0.98245, 2.79572
6436.35, 0.978746, 0.00323188, 0.97628, 3.14773
6436.36, 0.971748, 0.00321412, 0.96945, 3.4561
6436.37, 0.964369, 0.0031969, 0.96254, 3.71793
6436.38, 0.957725, 0.0031814, 0.95628, 3.91866
6436.39, 0.952899, 0.00316879, 0.95145, 4.05539
6436.4, 0.950388, 0.00316128, 0.94871, 4.12812
6436.41, 0.950464, 0.00316105, 0.94846, 4.13394
6436.42, 0.952932, 0.00316763, 0.95072, 4.07576
6436.43, 0.957354, 0.0031791, 0.95518, 3.95066
6436.44, 0.963345, 0.00319408, 0.96121, 3.75866
6436.45, 0.970573, 0.00321159, 0.96805, 3.51138
6436.46, 0.978246, 0.0032298, 0.97495, 3.21173
6436.47, 0.984858, 0.00324545, 0.98128, 2.86554
6436.48, 0.989437, 0.00325645, 0.98664, 2.49607
6436.49, 0.992643, 0.00326426, 0.99088, 2.10915
6436.5, 0.995236, 0.00327052, 0.99401, 1.73387
6436.51, 0.997083, 0.00327499, 0.99618, 1.37895
6436.52, 0.997846, 0.00327697, 0.99761, 1.06185
6436.53, 0.997876, 0.00327705, 0.9985, 0.788387
6436.54, 0.997882, 0.00327652, 0.99903, 0.570199
6436.55, 0.998075, 0.00327606, 0.99934, 0.395648
6436.56, 0.9982, 0.0032757, 0.99952, 0.270554
6436.57, 0.99821, 0.00327555, 0.99963, 0.180369
6436.58, 0.998418, 0.00327587, 0.99969, 0.119276
6436.59, 0.998978, 0.00327672, 0.99974, 0.0785478
6436.6, 0.999496, 0.00327773, 0.99978, 0.0552744
6436.61, 0.999579, 0.0032784, 0.9998, 0.0378193
6436.62, 0.999299, 0.00327813, 0.99983, 0.0290918
6436.63, 0.998882, 0.00327647, 0.99985, 0.0232734
6436.64, 0.99857, 0.0032744, 0.99986, 0.0203642
6436.65, 0.9986, 0.00327367, 0.99988, 0.0145459
6436.66, 0.998897, 0.00327434, 0.99989, 0.0116367
6436.67, 0.999092, 0.00327485, 0.99989, 0.00872753
6436.68, 0.999029, 0.00327444, 0.9999, 0.00581836
6436.69, 0.998913, 0.00327371, 0.9999, 0.00290918
6436.7, 0.998936, 0.00327332, 1, 0
6436.71, 0.999151, 0.00327371, 1, 0
6436.72, 0.999555, 0.00327509, 1, 0
6436.73, 0.999968, 0.00327655, 1, 0
6436.74, 1.00018, 0.00327693, 1, 0
6436.75, 1.00019, 0.00327628, 1, 0
6436.76, 1.0002, 0.00327556, 1, 0
6436.77, 1.00025, 0.00327511, 1, 0
