wav, obs, sigma_obs, syn, weight
6551.33, 0.995968, 0.00392326, 1, 0
6551.34, 0.995534, 0.0039213, 1, 0
6551.35, 0.995029, 0.00392007, 1, 0
6551.36, 0.994507, 0.00391997, 1, 0
6551.37, 0.994316, 0.00392036, 1, 0
6551.38, 0.994039, 0.00391947, 1, 0
6551.39, 0.992409, 0.0039148, 1, 0
6551.4, 0.990687, 0.00391035, 0.99035, 0
6551.41, 0.991306, 0.00391292, 0.99026, 0
6551.42, 0.992429, 0.00391739, 0.99025, 0
6551.43, 0.991777, 0.00391721, 0.99028, 0.00277561
6551.44, 0.991035, 0.00391614, 0.99027, 0.00277561
6551.45, 0.9915, 0.00391768, 0.9902, 0.00277561
6551.46, 0.99243, 0.00392117, 0.98999, 0.00555121
6551.47, 0.992977, 0.00392404, 0.98961, 0.00832682
6551.48, 0.992499, 0.00392286, 0.98906, 0.013878
6551.49, 0.991365, 0.00391932, 0.98836, 0.0277561
6551.5, 0.990398, 0.0039172, 0.98759, 0.0499609
6551.51, 0.990067, 0.00391744, 0.98687, 0.0860438
6551.52, 0.990529, 0.00391994, 0.98635, 0.147107
6551.53, 0.991448, 0.00392401, 0.98617, 0.247029
6551.54, 0.992201, 0.00392765, 0.9864, 0.394136
6551.55, 0.992006, 0.00392772, 0.98702, 0.59398
6551.56, 0.991501, 0.00392621, 0.9879, 0.852111
6551.57, 0.992027, 0.00392779, 0.98873, 1.17131
6551.58, 0.993095, 0.00393149, 0.98912, 1.53769
6551.59, 0.993456, 0.00393356, 0.98859, 1.94015
6551.6, 0.991669, 0.00392853, 0.9867, 2.35371
6551.61, 0.987164, 0.00391453, 0.98312, 2.75895
6551.62, 0.980843, 0.00389607, 0.97781, 3.13088
6551.63, 0.973261, 0.00387495, 0.97106, 3.45841
6551.64, 0.964669, 0.00385048, 0.96353, 3.73041
6551.65, 0.956517, 0.00382679, 0.95621, 3.93858
6551.66, 0.950624, 0.00380967, 0.95024, 4.08014
6551.67, 0.94782, 0.00380173, 0.94663, 4.15786
6551.68, 0.948205, 0.00380335, 0.94604, 4.17174
6551.69, 0.950877, 0.00381204, 0.94861, 4.119
6551.7, 0.955376, 0.00382635, 0.9539, 4.00242
6551.71, 0.96184, 0.00384628, 0.96107, 3.82201
6551.72, 0.96952, 0.00386969, 0.96905, 3.57498
6551.73, 0.977137, 0.00389319, 0.97684, 3.26966
6551.74, 0.983833, 0.00391451, 0.98368, 2.90884
6551.75, 0.989188, 0.0039323, 0.98915, 2.5147
6551.76, 0.993586, 0.00394668, 0.99318, 2.10113
6551.77, 0.996826, 0.00395675, 0.99592, 1.69312
6551.78, 0.997745, 0.00396012, 0.99765, 1.31009
6551.79, 0.997555, 0.00396054, 0.99867, 0.968686
6551.8, 0.998956, 0.00396543, 0.99924, 0.685575
6551.81, 1.00039, 0.00397008, 0.99954, 0.460751
6551.82, 0.999568, 0.00396794, 0.99969, 0.294214
6551.83, 0.998854, 0.00396622, 0.99978, 0.180414
6551.84, 0.999805, 0.00396988, 0.99983, 0.105473
6551.85, 1.00038, 0.00397323, 0.99986, 0.0582877
6551.86, 1.00004, 0.00397397, 0.99988, 0.0305317
6551.87, 1.00011, 0.00397447, 0.99989, 0.0166536
6551.88, 1.00061, 0.0039759, 0.99989, 0.00832682
6551.89, 1.00079, 0.00397798, 0.99988, 0.00555121
6551.9, 1.00028, 0.00397766, 0.99986, 0.00277561
6551.91, 0.999291, 0.00397408, 0.99982, 0.00277561
6551.92, 0.999048, 0.0039737, 0.99975, 0
6551.93, 0.999737, 0.00397777, 0.99963, 0
6551.94, 1.00001, 0.00397955, 0.99946, 0
6551.95, 0.999615, 0.00397825, 0.99921, 0
6551.96, 0.999188, 0.00397747, 0.99891, 0
6551.97, 0.999127, 0.00397812, 1, 0
6551.98, 0.999547, 0.00397979, 1, 0
6551.99, 0.999958, 0.00398147, 1, 0
6552, 1.00005, 0.00398259, 1, 0
6552.01, 1.00009, 0.00398362, 1, 0
6552.02, 1.00019, 0.00398474, 1, 0
6552.03, 1.00029, 0.00398587, 1, 0
