wav, obs, sigma_obs, syn, weight
6556.42, 1.00232, 0.00439968, 1, 0
6556.43, 1.00333, 0.00440183, 1, 0
6556.44, 1.00339, 0.00440266, 1, 0
6556.45, 1.00263, 0.00440242, 1, 0
6556.46, 1.00266, 0.00440349, 1, 0
6556.47, 1.0029, 0.00440466, 1, 0
6556.48, 1.00168, 0.00440301, 1, 0
6556.49, 1.00054, 0.00440154, 0.99939, 0.00677874
6556.5, 1.00074, 0.00440219, 0.99937, 0.0101681
6556.51, 1.00043, 0.00439981, 0.99935, 0.0135575
6556.52, 0.999376, 0.00439567, 0.99932, 0.0169469
6556.53, 0.999404, 0.00439807, 0.99929, 0.0203362
6556.54, 0.999936, 0.00440369, 0.99925, 0.0237256
6556.55, 0.999508, 0.00440478, 0.99921, 0.0305043
6556.56, 0.998381, 0.00440108, 0.99916, 0.0338937
6556.57, 0.997277, 0.00439619, 0.9991, 0.0406725
6556.58, 0.996981, 0.00439682, 0.99903, 0.0474512
6556.59, 0.998003, 0.0044035, 0.99896, 0.0576193
6556.6, 1.00033, 0.00441152, 0.99886, 0.0779555
6556.61, 1.00211, 0.00441609, 0.99875, 0.10846
6556.62, 1.00211, 0.00441598, 0.99861, 0.155911
6556.63, 1.00233, 0.00441896, 0.99844, 0.230477
6556.64, 1.00294, 0.00442456, 0.9982, 0.338937
6556.65, 1.00161, 0.00442221, 0.99785, 0.498238
6556.66, 0.999814, 0.00441685, 0.99733, 0.704989
6556.67, 0.999896, 0.00441784, 0.9965, 0.972749
6556.68, 0.998669, 0.00441473, 0.99519, 1.29135
6556.69, 0.99452, 0.00440159, 0.99313, 1.6574
6556.7, 0.991057, 0.00438933, 0.99003, 2.05057
6556.71, 0.987763, 0.0043777, 0.98558, 2.46068
6556.72, 0.980945, 0.00435735, 0.97958, 2.85724
6556.73, 0.972488, 0.00433251, 0.97204, 3.22329
6556.74, 0.964833, 0.00430819, 0.96327, 3.54528
6556.75, 0.955689, 0.0042764, 0.95398, 3.81643
6556.76, 0.945261, 0.00423995, 0.94515, 4.01979
6556.77, 0.937661, 0.00421679, 0.9379, 4.15876
6556.78, 0.933613, 0.00420749, 0.93325, 4.23671
6556.79, 0.932049, 0.00420412, 0.93189, 4.25027
6556.8, 0.933752, 0.0042101, 0.93396, 4.19604
6556.81, 0.939145, 0.00422838, 0.93907, 4.07741
6556.82, 0.946976, 0.00425506, 0.94639, 3.89439
6556.83, 0.95566, 0.00428469, 0.95487, 3.65035
6556.84, 0.963721, 0.00431208, 0.96348, 3.34531
6556.85, 0.971382, 0.00433844, 0.97139, 2.99281
6556.86, 0.979022, 0.00436544, 0.97813, 2.60643
6556.87, 0.985455, 0.00438851, 0.98349, 2.20309
6556.88, 0.989871, 0.00440425, 0.98756, 1.79976
6556.89, 0.992397, 0.00441274, 0.99053, 1.42354
6556.9, 0.993897, 0.00441861, 0.99267, 1.0846
6556.91, 0.995361, 0.00442696, 0.9942, 0.799892
6556.92, 0.996479, 0.00443298, 0.99531, 0.569414
6556.93, 0.996865, 0.00443303, 0.99613, 0.396556
6556.94, 0.996707, 0.00443106, 0.99675, 0.27115
6556.95, 0.996439, 0.00443075, 0.99723, 0.186415
6556.96, 0.996492, 0.00443387, 0.99761, 0.125407
6556.97, 0.99616, 0.00443616, 0.99792, 0.0881236
6556.98, 0.994918, 0.0044338, 0.99817, 0.0677874
6556.99, 0.994142, 0.00443163, 0.99837, 0.0508406
6557, 0.994402, 0.00443248, 0.99854, 0.0440618
6557.01, 0.994837, 0.00443465, 0.99868, 0.0372831
6557.02, 0.995439, 0.00443804, 0.99879, 0.0305043
6557.03, 0.996447, 0.0044427, 0.9989, 0.0237256
6557.04, 0.996555, 0.00444401, 0.99899, 0.0237256
6557.05, 0.99577, 0.00444207, 0.99907, 0.0203362
6557.06, 0.997229, 0.00444792, 0.99913, 0.0135575
6557.07, 1.00003, 0.00445847, 0.99919, 0.0101681
6557.08, 1.00007, 0.00445952, 0.99923, 0.00677874
6557.09, 0.998353, 0.00445506, 0.99927, 0.00338937
6557.1, 0.997176, 0.00445317, 1, 0
6557.11, 0.996239, 0.00445159, 1, 0
6557.12, 0.995282, 0.00444901, 1, 0
6557.13, 0.994656, 0.00444755, 1, 0
6557.14, 0.994329, 0.00444734, 1, 0
6557.15, 0.993914, 0.00444676, 1, 0
6557.16, 0.993495, 0.00444617, 1, 0
