wav, obs, sigma_obs, syn, weight
6590.95, 0.998649, 0.002963, 1, 0
6590.96, 0.998617, 0.00296275, 1, 0
6590.97, 0.998675, 0.0029628, 1, 0
6590.98, 0.998979, 0.00296367, 1, 0
6590.99, 0.999381, 0.00296477, 1, 0
6591, 0.999565, 0.0029649, 1, 0
6591.01, 0.999492, 0.00296422, 1, 0
6591.02, 0.99937, 0.00296408, 1, 0
6591.03, 0.99942, 0.002965, 0.99911, 0.0233787
6591.04, 0.99986, 0.00296656, 0.99922, 0.0321457
6591.05, 1.00053, 0.00296793, 0.9993, 0.0409127
6591.06, 1.00067, 0.00296776, 0.99937, 0.0467574
6591.07, 1.0001, 0.00296595, 0.99941, 0.0555244
6591.08, 0.999818, 0.00296503, 0.99944, 0.0613691
6591.09, 1.00043, 0.00296648, 0.99946, 0.0642914
6591.1, 1.00101, 0.00296801, 0.99946, 0.0730584
6591.11, 1.00075, 0.00296752, 0.99946, 0.0847478
6591.12, 1.00013, 0.00296611, 0.99943, 0.0993595
6591.13, 0.999841, 0.00296529, 0.9994, 0.128583
6591.14, 0.999795, 0.00296503, 0.99935, 0.172418
6591.15, 0.999721, 0.00296485, 0.99928, 0.233787
6591.16, 0.999679, 0.00296488, 0.99918, 0.327302
6591.17, 0.999841, 0.00296548, 0.99901, 0.455885
6591.18, 1.00004, 0.00296604, 0.99873, 0.628303
6591.19, 0.999899, 0.00296545, 0.99826, 0.847478
6591.2, 0.998991, 0.00296304, 0.99747, 1.11633
6591.21, 0.996876, 0.00295849, 0.99619, 1.42318
6591.22, 0.993769, 0.00295222, 0.99422, 1.76509
6591.23, 0.990541, 0.00294532, 0.99132, 2.12746
6591.24, 0.987304, 0.00293775, 0.98732, 2.48691
6591.25, 0.98311, 0.0029279, 0.98216, 2.83467
6591.26, 0.977476, 0.00291505, 0.97599, 3.1532
6591.27, 0.970874, 0.00290031, 0.96918, 3.4279
6591.28, 0.964039, 0.00288526, 0.96238, 3.65292
6591.29, 0.958097, 0.00287216, 0.95639, 3.82242
6591.3, 0.953986, 0.00286293, 0.95203, 3.93347
6591.31, 0.951869, 0.00285808, 0.94994, 3.98315
6591.32, 0.951839, 0.00285799, 0.95045, 3.97146
6591.33, 0.954386, 0.00286372, 0.95347, 3.8984
6591.34, 0.959825, 0.00287587, 0.95854, 3.76689
6591.35, 0.966798, 0.00289132, 0.9649, 3.57694
6591.36, 0.97347, 0.00290595, 0.97172, 3.33147
6591.37, 0.979293, 0.00291885, 0.97823, 3.03631
6591.38, 0.984362, 0.0029307, 0.98391, 2.70901
6591.39, 0.98885, 0.00294156, 0.98847, 2.35248
6591.4, 0.992938, 0.00295107, 0.99186, 1.99011
6591.41, 0.996172, 0.002958, 0.99424, 1.63943
6591.42, 0.997586, 0.00296049, 0.99582, 1.30921
6591.43, 0.997462, 0.00295952, 0.99684, 1.01697
6591.44, 0.997492, 0.00295921, 0.9975, 0.768575
6591.45, 0.998338, 0.00296125, 0.99796, 0.569856
6591.46, 0.999014, 0.00296341, 0.99829, 0.417894
6591.47, 0.999044, 0.00296437, 0.99856, 0.303923
6591.48, 0.999224, 0.00296515, 0.99877, 0.22502
6591.49, 1.00001, 0.00296638, 0.99894, 0.172418
6591.5, 1.00059, 0.002967, 0.99908, 0.13735
6591.51, 1.00027, 0.00296605, 0.99917, 0.113971
6591.52, 0.999422, 0.00296413, 0.99925, 0.105204
6591.53, 0.998603, 0.00296204, 0.9993, 0.0935148
6591.54, 0.997914, 0.00296024, 0.99934, 0.0876701
6591.55, 0.997329, 0.002959, 0.99936, 0.0818255
6591.56, 0.996843, 0.00295818, 0.99938, 0.0730584
6591.57, 0.996438, 0.00295749, 0.99939, 0.0642914
6591.58, 0.995911, 0.00295652, 0.99939, 0.0496797
6591.59, 0.995006, 0.00295488, 0.9994, 0.0350681
6591.6, 0.994136, 0.0029533, 1, 0
6591.61, 0.994139, 0.00295318, 1, 0
6591.62, 0.994906, 0.00295436, 1, 0
6591.63, 0.995474, 0.00295527, 1, 0
6591.64, 0.995455, 0.00295526, 1, 0
6591.65, 0.995273, 0.002955, 1, 0
6591.66, 0.995258, 0.002955, 1, 0
6591.67, 0.995243, 0.002955, 1, 0
