wav, obs, sigma_obs, syn, weight
6598.74, 0.999536, 0.00300589, 1, 0
6598.75, 1.0005, 0.00300837, 1, 0
6598.76, 1.00109, 0.0030094, 1, 0
6598.77, 1.00121, 0.00300921, 1, 0
6598.78, 1.00088, 0.00300883, 1, 0
6598.79, 1.00043, 0.00300884, 1, 0
6598.8, 1.0004, 0.00300931, 1, 0
6598.81, 1.00076, 0.0030099, 1, 0
6598.82, 1.00095, 0.0030099, 0.99906, 0.449102
6598.83, 1.0008, 0.00300931, 0.99909, 0.449102
6598.84, 1.00055, 0.00300887, 0.99911, 0.449102
6598.85, 1.00033, 0.00300889, 0.99913, 0.898204
6598.86, 1.0001, 0.0030091, 0.99916, 0.898204
6598.87, 0.999936, 0.00300918, 0.99919, 0.898204
6598.88, 1.00004, 0.00300877, 0.99921, 0.898204
6598.89, 1.00034, 0.0030081, 0.99924, 0.898204
6598.9, 1.0004, 0.00300818, 0.99926, 0.898204
6598.91, 1.00008, 0.00300895, 0.99928, 0.449102
6598.92, 0.999673, 0.00300872, 0.99928, 0.449102
6598.93, 0.999354, 0.00300705, 0.99928, 0.449102
6598.94, 0.999027, 0.00300579, 0.99925, 0.449102
6598.95, 0.998776, 0.00300605, 0.99919, 0.449102
6598.96, 0.999026, 0.00300744, 0.99906, 0.898204
6598.97, 0.999609, 0.00300871, 0.99879, 0.898204
6598.98, 0.999182, 0.00300731, 0.99824, 0.898204
6598.99, 0.996952, 0.00300198, 0.9972, 1.34731
6599, 0.993528, 0.00299441, 0.99535, 1.34731
6599.01, 0.989046, 0.00298491, 0.99224, 1.34731
6599.02, 0.982188, 0.00296992, 0.98738, 1.79641
6599.03, 0.971824, 0.00294642, 0.98029, 1.79641
6599.04, 0.95776, 0.00291399, 0.9707, 2.24551
6599.05, 0.940282, 0.00287346, 0.95875, 2.24551
6599.06, 0.920581, 0.00282792, 0.9451, 2.69461
6599.07, 0.900256, 0.00278129, 0.93096, 2.69461
6599.08, 0.881663, 0.00273885, 0.91802, 2.69461
6599.09, 0.867209, 0.00270591, 0.90806, 3.14371
6599.1, 0.859034, 0.00268723, 0.9026, 2.69461
6599.11, 0.85878, 0.00268647, 0.90253, 2.69461
6599.12, 0.86653, 0.00270407, 0.90784, 2.69461
6599.13, 0.881482, 0.00273844, 0.9177, 2.69461
6599.14, 0.900749, 0.00278302, 0.93058, 2.69461
6599.15, 0.921135, 0.00283044, 0.94471, 2.24551
6599.16, 0.940235, 0.00287498, 0.9584, 2.24551
6599.17, 0.9563, 0.00291235, 0.97043, 2.24551
6599.18, 0.969613, 0.00294287, 0.98009, 1.79641
6599.19, 0.980755, 0.00296771, 0.98727, 1.79641
6599.2, 0.988871, 0.00298559, 0.99222, 1.34731
6599.21, 0.993108, 0.00299534, 0.99539, 1.34731
6599.22, 0.99511, 0.0030004, 0.9973, 1.34731
6599.23, 0.996989, 0.00300504, 0.99838, 1.34731
6599.24, 0.998566, 0.00300867, 0.99896, 0.898204
6599.25, 0.998988, 0.00300938, 0.99926, 0.898204
6599.26, 0.998588, 0.00300824, 0.99941, 0.898204
6599.27, 0.998113, 0.00300732, 0.99949, 0.898204
6599.28, 0.997841, 0.00300702, 0.99954, 0.449102
6599.29, 0.997839, 0.00300708, 0.99957, 0.898204
6599.3, 0.998126, 0.00300771, 0.99959, 0.449102
6599.31, 0.998668, 0.00300922, 0.99961, 0.898204
6599.32, 0.99916, 0.00301077, 0.99962, 0.449102
6599.33, 0.99923, 0.0030111, 0.99964, 0.449102
6599.34, 0.999173, 0.00301091, 0.99966, 0.898204
6599.35, 0.999589, 0.00301176, 0.99967, 0.449102
6599.36, 1.00038, 0.00301347, 0.99967, 0.449102
6599.37, 1.00104, 0.00301483, 0.99967, 0.449102
6599.38, 1.00126, 0.00301518, 0.99965, 0.449102
6599.39, 1.0009, 0.00301437, 0.99962, 0.449102
6599.4, 1.00052, 0.00301372, 0.99957, 0.449102
6599.41, 1.00109, 0.00301535, 1, 0
6599.42, 1.00222, 0.00301824, 1, 0
6599.43, 1.00259, 0.0030192, 1, 0
6599.44, 1.00205, 0.00301785, 1, 0
6599.45, 1.00134, 0.00301607, 1, 0
6599.46, 1.00078, 0.00301463, 1, 0
6599.47, 1.00022, 0.00301323, 1, 0
6599.48, 0.999639, 0.00301174, 1, 0
