wav, obs, sigma_obs, syn, weight
6604.2, 1.00417, 0.00310025, 1, 0
6604.21, 1.00269, 0.00309721, 1, 0
6604.22, 1.00121, 0.00309416, 1, 0
6604.23, 0.9997, 0.00309104, 1, 0
6604.24, 0.998192, 0.00308793, 1, 0
6604.25, 0.996903, 0.00308528, 1, 0
6604.26, 0.996049, 0.00308359, 1, 0
6604.27, 0.995898, 0.00308343, 1, 0
6604.28, 0.996207, 0.00308421, 0.99977, 0.0110459
6604.29, 0.996147, 0.00308393, 0.99975, 0.0220917
6604.3, 0.995738, 0.00308299, 0.99973, 0.0220917
6604.31, 0.995959, 0.00308439, 0.99971, 0.0331376
6604.32, 0.99674, 0.00308752, 0.99968, 0.0441834
6604.33, 0.996882, 0.00308795, 0.99965, 0.0552293
6604.34, 0.996224, 0.0030854, 0.99961, 0.0552293
6604.35, 0.995686, 0.00308378, 0.99955, 0.0662752
6604.36, 0.995516, 0.00308407, 0.99947, 0.0662752
6604.37, 0.995295, 0.0030843, 0.99936, 0.077321
6604.38, 0.995065, 0.00308414, 0.99918, 0.077321
6604.39, 0.995289, 0.00308484, 0.99893, 0.0994128
6604.4, 0.995939, 0.00308652, 0.99857, 0.143596
6604.41, 0.996565, 0.00308828, 0.99809, 0.18778
6604.42, 0.9969, 0.0030893, 0.99745, 0.276147
6604.43, 0.99685, 0.00308884, 0.99664, 0.386605
6604.44, 0.996546, 0.0030876, 0.9956, 0.541247
6604.45, 0.996226, 0.00308713, 0.99428, 0.740073
6604.46, 0.995297, 0.00308575, 0.99249, 0.994128
6604.47, 0.992638, 0.00307973, 0.98993, 1.29237
6604.48, 0.98808, 0.00306868, 0.98611, 1.62374
6604.49, 0.982029, 0.00305427, 0.98037, 1.9993
6604.5, 0.973868, 0.00303534, 0.97189, 2.37486
6604.51, 0.962365, 0.00300894, 0.95991, 2.75042
6604.52, 0.946818, 0.00297308, 0.94388, 3.09284
6604.53, 0.926931, 0.00292659, 0.92376, 3.42422
6604.54, 0.903154, 0.00287055, 0.90017, 3.71141
6604.55, 0.876522, 0.00280765, 0.87455, 3.94337
6604.56, 0.849542, 0.00274369, 0.84898, 4.10906
6604.57, 0.825422, 0.00268603, 0.82595, 4.21952
6604.58, 0.806703, 0.00264107, 0.80798, 4.2637
6604.59, 0.795522, 0.0026145, 0.79713, 4.25266
6604.6, 0.793534, 0.00261033, 0.79473, 4.16429
6604.61, 0.801784, 0.00263082, 0.80108, 4.02069
6604.62, 0.81854, 0.00267126, 0.81543, 3.81082
6604.63, 0.840883, 0.00272415, 0.83612, 3.53468
6604.64, 0.866195, 0.00278394, 0.86087, 3.21435
6604.65, 0.892095, 0.00284595, 0.88715, 2.86088
6604.66, 0.916901, 0.00290556, 0.91262, 2.48532
6604.67, 0.939184, 0.00295843, 0.93544, 2.10976
6604.68, 0.957446, 0.00300132, 0.95448, 1.75629
6604.69, 0.970567, 0.00303226, 0.96933, 1.41387
6604.7, 0.97963, 0.0030538, 0.9802, 1.11563
6604.71, 0.986259, 0.00306955, 0.98767, 0.861577
6604.72, 0.991048, 0.00308081, 0.99251, 0.662752
6604.73, 0.994285, 0.00308825, 0.99548, 0.486018
6604.74, 0.996312, 0.00309321, 0.99723, 0.353468
6604.75, 0.997541, 0.00309703, 0.99821, 0.265101
6604.76, 0.998607, 0.00310035, 0.99876, 0.198826
6604.77, 0.999952, 0.00310337, 0.99907, 0.143596
6604.78, 1.00099, 0.0031054, 0.99925, 0.121504
6604.79, 1.00118, 0.00310597, 0.99936, 0.0883669
6604.8, 1.00107, 0.00310642, 0.99944, 0.0662752
6604.81, 1.00123, 0.00310776, 0.9995, 0.0552293
6604.82, 1.00129, 0.00310835, 0.99955, 0.0552293
6604.83, 1.00096, 0.0031071, 0.99958, 0.0441834
6604.84, 1.00082, 0.00310642, 0.99962, 0.0331376
6604.85, 1.00133, 0.00310822, 0.99964, 0.0331376
6604.86, 1.00203, 0.00311065, 0.99966, 0.0220917
6604.87, 1.0025, 0.00311213, 0.99968, 0.0220917
6604.88, 1.00296, 0.00311371, 0.99969, 0.0220917
6604.89, 1.00348, 0.00311583, 0.9997, 0.0110459
6604.9, 1.00355, 0.00311625, 0.99971, 0.0110459
6604.91, 1.00292, 0.003114, 1, 0
6604.92, 1.00225, 0.00311226, 1, 0
6604.93, 1.00193, 0.00311285, 1, 0
6604.94, 1.00163, 0.00311337, 1, 0
6604.95, 1.00112, 0.00311231, 1, 0
6604.96, 1.00066, 0.00311121, 1, 0
6604.97, 1.0004, 0.00311112, 1, 0
6604.98, 1.00021, 0.0031114, 1, 0
