wav, obs, sigma_obs, syn, weight
6607.66, 0.998317, 0.00321461, 1, 0
6607.67, 0.99826, 0.00321461, 1, 0
6607.68, 0.997799, 0.00321352, 1, 0
6607.69, 0.998047, 0.00321435, 1, 0
6607.7, 0.999576, 0.00321868, 1, 0
6607.71, 1.00056, 0.00322164, 1, 0
6607.72, 0.999224, 0.00321854, 1, 0
6607.73, 0.997485, 0.00321458, 0.99951, 0.00277536
6607.74, 0.997442, 0.00321538, 0.99935, 0.00555072
6607.75, 0.998049, 0.00321774, 0.99912, 0.00693841
6607.76, 0.997961, 0.00321782, 0.99884, 0.00971377
6607.77, 0.997257, 0.00321642, 0.9985, 0.0111014
6607.78, 0.996282, 0.00321486, 0.99813, 0.0138768
6607.79, 0.995336, 0.00321333, 0.99775, 0.0152645
6607.8, 0.994531, 0.00321182, 0.9974, 0.0166522
6607.81, 0.993568, 0.00321021, 0.99711, 0.0222029
6607.82, 0.992607, 0.00320907, 0.99693, 0.0277536
6607.83, 0.992831, 0.00321033, 0.99686, 0.0388551
6607.84, 0.994425, 0.00321417, 0.99692, 0.0582826
6607.85, 0.995661, 0.00321757, 0.99708, 0.0929746
6607.86, 0.995838, 0.00321909, 0.99731, 0.147094
6607.87, 0.996027, 0.00322004, 0.99754, 0.234518
6607.88, 0.996622, 0.00322113, 0.99766, 0.360797
6607.89, 0.996979, 0.00322195, 0.99754, 0.534257
6607.9, 0.996576, 0.00322161, 0.99695, 0.761837
6607.91, 0.995111, 0.00321877, 0.99554, 1.04354
6607.92, 0.992477, 0.00321292, 0.99286, 1.3738
6607.93, 0.988692, 0.0032042, 0.98833, 1.7457
6607.94, 0.982905, 0.00319054, 0.98134, 2.1398
6607.95, 0.973644, 0.00316822, 0.97138, 2.54362
6607.96, 0.960657, 0.00313669, 0.95824, 2.93217
6607.97, 0.944601, 0.00309775, 0.94226, 3.29435
6607.98, 0.926534, 0.00305369, 0.92439, 3.61075
6607.99, 0.907862, 0.00300755, 0.90625, 3.87163
6608, 0.891026, 0.00296577, 0.88991, 4.07284
6608.01, 0.878803, 0.00293598, 0.87749, 4.20606
6608.02, 0.872568, 0.00292146, 0.87078, 4.27406
6608.03, 0.872985, 0.00292336, 0.87078, 4.27406
6608.04, 0.880158, 0.00294167, 0.87749, 4.20606
6608.05, 0.893614, 0.00297511, 0.88991, 4.07146
6608.06, 0.91101, 0.00301808, 0.90626, 3.87441
6608.07, 0.929566, 0.00306402, 0.9244, 3.61213
6608.08, 0.947149, 0.00310784, 0.94227, 3.29435
6608.09, 0.96215, 0.0031456, 0.95828, 2.93495
6608.1, 0.974215, 0.00317608, 0.97145, 2.54362
6608.11, 0.983339, 0.00319891, 0.98148, 2.14119
6608.12, 0.989733, 0.00321459, 0.98856, 1.74709
6608.13, 0.993822, 0.00322437, 0.99323, 1.37658
6608.14, 0.996473, 0.00323093, 0.99611, 1.04492
6608.15, 0.998409, 0.00323634, 0.99776, 0.763225
6608.16, 0.999886, 0.00324081, 0.99867, 0.535645
6608.17, 1.00091, 0.00324393, 0.99914, 0.362185
6608.18, 1.00113, 0.00324459, 0.99938, 0.237293
6608.19, 1.0007, 0.00324324, 0.9995, 0.151257
6608.2, 1.00059, 0.00324283, 0.99957, 0.0943623
6608.21, 1.0011, 0.00324448, 0.99961, 0.061058
6608.22, 1.00152, 0.00324664, 0.99964, 0.0402428
6608.23, 1.00161, 0.00324823, 0.99967, 0.0291413
6608.24, 1.00172, 0.00324899, 0.99968, 0.0235906
6608.25, 1.00183, 0.00324894, 0.9997, 0.0208152
6608.26, 1.00154, 0.00324831, 0.99971, 0.0180399
6608.27, 1.00108, 0.00324773, 0.99973, 0.0166522
6608.28, 1.00116, 0.00324804, 0.99974, 0.0138768
6608.29, 1.00144, 0.00324869, 0.99976, 0.0138768
6608.3, 1.00102, 0.00324832, 0.99977, 0.0111014
6608.31, 1.00037, 0.00324768, 0.99978, 0.00971377
6608.32, 1.0006, 0.00324847, 0.99979, 0.00555072
6608.33, 1.0011, 0.00324965, 0.9998, 0.00277536
6608.34, 1.00064, 0.00324925, 1, 0
6608.35, 0.999984, 0.00324866, 1, 0
6608.36, 1.00044, 0.00325015, 1, 0
6608.37, 1.00147, 0.00325259, 1, 0
6608.38, 1.00211, 0.00325407, 1, 0
6608.39, 1.00239, 0.00325473, 1, 0
6608.4, 1.00283, 0.00325577, 1, 0
