wav, obs, sigma_obs, syn, weight
6627.16, 0.998834, 0.00429585, 1, 0
6627.17, 0.998915, 0.00429956, 1, 0
6627.18, 0.99964, 0.00430438, 1, 0
6627.19, 1.00068, 0.00430851, 1, 0
6627.2, 1.00042, 0.00430645, 1, 0
6627.21, 0.999486, 0.00430258, 1, 0
6627.22, 0.999768, 0.00430643, 1, 0
6627.23, 0.999934, 0.00431068, 0.99582, 0.0354287
6627.24, 0.998576, 0.00430724, 0.99549, 0.0586406
6627.25, 0.997573, 0.00430403, 0.99533, 0.0830742
6627.26, 0.99787, 0.00430559, 0.99533, 0.105064
6627.27, 0.998405, 0.00430819, 0.99548, 0.118503
6627.28, 0.998962, 0.00431038, 0.99577, 0.124611
6627.29, 0.999805, 0.00431253, 0.99616, 0.124611
6627.3, 1.00002, 0.00431367, 0.99662, 0.120946
6627.31, 0.999135, 0.00431346, 0.9971, 0.117281
6627.32, 0.998756, 0.00431417, 0.99755, 0.113616
6627.33, 0.999472, 0.00431667, 0.99794, 0.111173
6627.34, 1.00024, 0.00431951, 0.99824, 0.111173
6627.35, 1.00017, 0.00432066, 0.99844, 0.118503
6627.36, 0.998907, 0.00431868, 0.99853, 0.134385
6627.37, 0.997745, 0.00431627, 0.9985, 0.166148
6627.38, 0.997772, 0.004316, 0.99833, 0.222346
6627.39, 0.998502, 0.00431741, 0.99797, 0.309085
6627.4, 0.998705, 0.00431809, 0.99731, 0.434918
6627.41, 0.996802, 0.00431439, 0.99617, 0.609618
6627.42, 0.993366, 0.00430669, 0.99427, 0.833185
6627.43, 0.989869, 0.00429726, 0.99123, 1.10806
6627.44, 0.986546, 0.00428685, 0.98658, 1.42814
6627.45, 0.982445, 0.00427329, 0.97982, 1.78365
6627.46, 0.975033, 0.00424982, 0.97057, 2.16237
6627.47, 0.963742, 0.00421453, 0.95864, 2.5472
6627.48, 0.949899, 0.00417029, 0.94422, 2.91981
6627.49, 0.93346, 0.00411687, 0.92792, 3.26555
6627.5, 0.914476, 0.004055, 0.91081, 3.56975
6627.51, 0.895801, 0.00399446, 0.8943, 3.82263
6627.52, 0.879917, 0.00394301, 0.87999, 4.01444
6627.53, 0.86767, 0.00390196, 0.86941, 4.14516
6627.54, 0.860295, 0.00387676, 0.86379, 4.20991
6627.55, 0.859391, 0.00387578, 0.86379, 4.21113
6627.56, 0.865913, 0.00390007, 0.86941, 4.14516
6627.57, 0.879445, 0.00394548, 0.87999, 4.01566
6627.58, 0.896276, 0.00400146, 0.8943, 3.82263
6627.59, 0.91368, 0.0040604, 0.91081, 3.57097
6627.6, 0.93121, 0.00412051, 0.92792, 3.26555
6627.61, 0.947746, 0.00417656, 0.94422, 2.91981
6627.62, 0.961642, 0.00422158, 0.95864, 2.5472
6627.63, 0.971798, 0.00425476, 0.97057, 2.16237
6627.64, 0.978199, 0.00427837, 0.97983, 1.78365
6627.65, 0.983074, 0.00429692, 0.9866, 1.42692
6627.66, 0.987551, 0.00431249, 0.99126, 1.10562
6627.67, 0.990987, 0.00432384, 0.99431, 0.82952
6627.68, 0.993344, 0.00433221, 0.99622, 0.602288
6627.69, 0.995017, 0.00433984, 0.99739, 0.425144
6627.7, 0.996314, 0.00434564, 0.99809, 0.294425
6627.71, 0.997531, 0.00434936, 0.99851, 0.202799
6627.72, 0.998955, 0.00435448, 0.99878, 0.140493
6627.73, 0.999942, 0.00435999, 0.99896, 0.101399
6627.74, 0.99915, 0.00436037, 0.99909, 0.0745224
6627.75, 0.997925, 0.00435768, 0.99918, 0.0598623
6627.76, 0.998308, 0.0043571, 0.99925, 0.0488672
6627.77, 0.999398, 0.00435974, 0.99929, 0.0415371
6627.78, 1.00011, 0.00436459, 0.99932, 0.0366504
6627.79, 1.00039, 0.00436856, 0.99933, 0.0329853
6627.8, 1.0004, 0.00436983, 0.99933, 0.0293203
6627.81, 1.00041, 0.00436842, 0.99931, 0.0244336
6627.82, 1.0004, 0.00436781, 0.99928, 0.0195469
6627.83, 1.0002, 0.00437055, 0.99925, 0.0146602
6627.84, 0.999697, 0.00437145, 0.99922, 0.00977343
6627.85, 0.999112, 0.00436909, 0.99921, 0.0061084
6627.86, 0.999181, 0.0043698, 1, 0
6627.87, 0.99971, 0.00437336, 1, 0
6627.88, 0.999902, 0.00437491, 1, 0
6627.89, 0.999818, 0.00437481, 1, 0
6627.9, 0.999847, 0.00437539, 1, 0
6627.91, 0.999875, 0.00437597, 1, 0
6627.92, 0.999904, 0.00437655, 1, 0
