wav, obs, sigma_obs, syn, weight
6632.11, 0.997854, 0.00489277, 1, 0
6632.12, 0.999268, 0.00489867, 1, 0
6632.13, 1.00021, 0.00490244, 1, 0
6632.14, 1.00011, 0.00490238, 1, 0
6632.15, 0.998724, 0.00489637, 1, 0
6632.16, 0.997509, 0.00489221, 1, 0
6632.17, 0.997934, 0.00489784, 1, 0
6632.18, 0.998099, 0.00490119, 0.99905, 0.306723
6632.19, 0.997304, 0.00489765, 0.99898, 0.408964
6632.2, 0.997637, 0.00489967, 0.99895, 0.511204
6632.21, 0.999039, 0.00490804, 0.99894, 0.613445
6632.22, 1.00004, 0.00491543, 0.99893, 0.817927
6632.23, 0.999863, 0.00491693, 0.99891, 0.817927
6632.24, 0.99842, 0.00491145, 0.99888, 0.920168
6632.25, 0.996478, 0.00490331, 0.99883, 0.817927
6632.26, 0.994896, 0.00489743, 0.99873, 0.817927
6632.27, 0.994244, 0.00489703, 0.99855, 0.817927
6632.28, 0.993584, 0.00489674, 0.99823, 0.817927
6632.29, 0.992394, 0.00489321, 0.9977, 0.715686
6632.3, 0.991865, 0.00489231, 0.99682, 0.817927
6632.31, 0.99172, 0.0048933, 0.99549, 0.715686
6632.32, 0.990505, 0.00489003, 0.99356, 0.715686
6632.33, 0.988507, 0.00488401, 0.99092, 0.817927
6632.34, 0.986016, 0.00487641, 0.98752, 0.817927
6632.35, 0.98189, 0.00486114, 0.98335, 0.715686
6632.36, 0.976832, 0.00484174, 0.97851, 0.715686
6632.37, 0.973074, 0.00482967, 0.97316, 0.817927
6632.38, 0.96917, 0.00481756, 0.96757, 0.817927
6632.39, 0.963269, 0.00479597, 0.96205, 0.817927
6632.4, 0.956716, 0.00477195, 0.95694, 0.920168
6632.41, 0.950789, 0.0047514, 0.9526, 0.920168
6632.42, 0.946171, 0.00473623, 0.94935, 1.02241
6632.43, 0.944248, 0.00473137, 0.94743, 1.12465
6632.44, 0.945577, 0.00473798, 0.94701, 1.22689
6632.45, 0.947135, 0.00474125, 0.9481, 1.22689
6632.46, 0.948542, 0.00474213, 0.95061, 1.32913
6632.47, 0.953178, 0.0047625, 0.95433, 1.43137
6632.48, 0.9595, 0.00479261, 0.95897, 1.53361
6632.49, 0.964477, 0.00481273, 0.9642, 1.63585
6632.5, 0.969988, 0.00483301, 0.96967, 1.84034
6632.51, 0.976659, 0.00485906, 0.97507, 1.84034
6632.52, 0.981927, 0.00488106, 0.98012, 1.94258
6632.53, 0.985725, 0.00489713, 0.98464, 2.04482
6632.54, 0.989363, 0.00491073, 0.98848, 2.04482
6632.55, 0.99269, 0.00492314, 0.9916, 2.14706
6632.56, 0.995346, 0.00493412, 0.99401, 2.14706
6632.57, 0.997261, 0.00494209, 0.99579, 2.14706
6632.58, 0.998637, 0.00494821, 0.99703, 2.14706
6632.59, 0.999731, 0.00495454, 0.99787, 2.14706
6632.6, 1.00025, 0.00495797, 0.99841, 2.14706
6632.61, 1.0003, 0.00495799, 0.99875, 2.14706
6632.62, 1.00089, 0.00496099, 0.99897, 2.04482
6632.63, 1.00164, 0.00496543, 0.99911, 2.04482
6632.64, 1.00136, 0.00496507, 0.99921, 1.94258
6632.65, 1.00092, 0.00496509, 0.99928, 1.84034
6632.66, 1.00104, 0.00496884, 0.99934, 1.7381
6632.67, 1.00079, 0.00496866, 0.99939, 1.63585
6632.68, 1.00016, 0.00496569, 0.99943, 1.43137
6632.69, 0.999949, 0.00496803, 0.99945, 1.32913
6632.7, 1.0002, 0.00497225, 0.99947, 1.22689
6632.71, 1.00078, 0.00497427, 0.99948, 1.12465
6632.72, 1.00181, 0.00497812, 0.99949, 1.02241
6632.73, 1.00288, 0.00498319, 0.9995, 0.817927
6632.74, 1.00314, 0.0049842, 0.99951, 0.715686
6632.75, 1.00247, 0.00498243, 0.99953, 0.511204
6632.76, 1.00137, 0.00498133, 0.99956, 0.306723
6632.77, 1.00113, 0.00498283, 1, 0
6632.78, 1.00201, 0.00498681, 1, 0
6632.79, 1.0028, 0.00499061, 1, 0
6632.8, 1.0035, 0.00499421, 1, 0
6632.81, 1.00421, 0.0049978, 1, 0
6632.82, 1.00491, 0.0050014, 1, 0
6632.83, 1.00561, 0.00500499, 1, 0
