wav, obs, sigma_obs, syn, weight
6646.57, 0.99947, 0.00312438, 1, 0
6646.58, 0.999047, 0.00312322, 1, 0
6646.59, 0.999082, 0.00312335, 1, 0
6646.6, 0.999232, 0.00312369, 1, 0
6646.61, 0.998817, 0.00312217, 1, 0
6646.62, 0.997769, 0.00311873, 1, 0
6646.63, 0.996801, 0.00311585, 1, 0
6646.64, 0.996408, 0.00311511, 1, 0
6646.65, 0.996349, 0.00311515, 1, 0
6646.66, 0.996308, 0.00311444, 0.9999, 0.00235059
6646.67, 0.99623, 0.00311338, 0.9999, 0.00470118
6646.68, 0.996161, 0.00311304, 0.9999, 0.00470118
6646.69, 0.996198, 0.00311356, 0.9999, 0.00705178
6646.7, 0.996474, 0.00311437, 0.9999, 0.00940237
6646.71, 0.996968, 0.00311498, 0.99989, 0.0141036
6646.72, 0.997408, 0.0031151, 0.99989, 0.0188047
6646.73, 0.997621, 0.00311476, 0.99987, 0.0329083
6646.74, 0.997847, 0.0031149, 0.99986, 0.051713
6646.75, 0.998341, 0.00311643, 0.99983, 0.0799201
6646.76, 0.998758, 0.00311802, 0.99979, 0.129283
6646.77, 0.998518, 0.00311745, 0.99972, 0.202151
6646.78, 0.997853, 0.00311516, 0.99959, 0.307928
6646.79, 0.997772, 0.00311413, 0.99934, 0.453664
6646.8, 0.998544, 0.00311542, 0.99889, 0.646413
6646.81, 0.998918, 0.00311613, 0.99811, 0.888524
6646.82, 0.997819, 0.00311367, 0.99681, 1.17765
6646.83, 0.99571, 0.00310877, 0.99476, 1.50908
6646.84, 0.993347, 0.00310282, 0.99171, 1.87107
6646.85, 0.990316, 0.00309503, 0.98744, 2.24717
6646.86, 0.985557, 0.00308341, 0.98182, 2.62326
6646.87, 0.978794, 0.00306751, 0.97492, 2.98055
6646.88, 0.970681, 0.00304872, 0.96703, 3.30493
6646.89, 0.961934, 0.00302847, 0.95872, 3.58465
6646.9, 0.953274, 0.00300799, 0.95078, 3.80796
6646.91, 0.945522, 0.00298889, 0.94411, 3.97485
6646.92, 0.940009, 0.00297492, 0.93957, 4.07593
6646.93, 0.93814, 0.00297023, 0.93778, 4.11589
6646.94, 0.93996, 0.00297473, 0.93898, 4.09003
6646.95, 0.94456, 0.00298541, 0.94301, 4.00071
6646.96, 0.951141, 0.00300008, 0.94931, 3.84792
6646.97, 0.959084, 0.00301786, 0.95706, 3.63637
6646.98, 0.967693, 0.00303756, 0.96536, 3.3684
6646.99, 0.975994, 0.00305696, 0.97338, 3.05342
6647, 0.983064, 0.00307382, 0.98051, 2.70083
6647.01, 0.988652, 0.00308731, 0.98638, 2.32709
6647.02, 0.992797, 0.0030972, 0.9909, 1.94864
6647.03, 0.99569, 0.00310386, 0.99417, 1.58195
6647.04, 0.99765, 0.00310819, 0.9964, 1.24346
6647.05, 0.998919, 0.00311087, 0.99782, 0.942588
6647.06, 0.9996, 0.00311213, 0.9987, 0.693425
6647.07, 0.999791, 0.00311217, 0.9992, 0.488923
6647.08, 0.999633, 0.00311138, 0.99949, 0.333784
6647.09, 0.999285, 0.00311017, 0.99965, 0.220956
6647.1, 0.999004, 0.00310922, 0.99974, 0.141036
6647.11, 0.999076, 0.00310932, 0.9998, 0.0893225
6647.12, 0.999478, 0.00311034, 0.99983, 0.0564142
6647.13, 0.999866, 0.00311125, 0.99986, 0.0352589
6647.14, 0.999995, 0.00311144, 0.99987, 0.0211553
6647.15, 0.999849, 0.00311113, 0.99988, 0.0164541
6647.16, 0.9995, 0.00311064, 0.99989, 0.011753
6647.17, 0.999299, 0.0031102, 0.9999, 0.00705178
6647.18, 0.999619, 0.00310998, 0.9999, 0.00705178
6647.19, 1.00027, 0.00311, 0.9999, 0.00705178
6647.2, 1.00074, 0.00311023, 0.9999, 0.00235059
6647.21, 1.0009, 0.00311063, 1, 0
6647.22, 1.00105, 0.00311122, 1, 0
6647.23, 1.00136, 0.00311186, 1, 0
6647.24, 1.0016, 0.00311212, 1, 0
6647.25, 1.00151, 0.00311162, 1, 0
6647.26, 1.00118, 0.00311056, 1, 0
6647.27, 1.00088, 0.00310955, 1, 0
6647.28, 1.00062, 0.00310866, 1, 0
6647.29, 1.00037, 0.00310778, 1, 0
