wav, obs, sigma_obs, syn, weight
6653.5, 0.997822, 0.00298719, 1, 0
6653.51, 0.998236, 0.00298816, 1, 0
6653.52, 0.998756, 0.00298944, 1, 0
6653.53, 0.999033, 0.00298999, 1, 0
6653.54, 0.998916, 0.00298939, 1, 0
6653.55, 0.998587, 0.00298827, 1, 0
6653.56, 0.998316, 0.00298756, 1, 0
6653.57, 0.998156, 0.00298722, 1, 0
6653.58, 0.998032, 0.00298665, 0.99869, 0.00587602
6653.59, 0.997855, 0.00298571, 0.99856, 0.00587602
6653.6, 0.997534, 0.00298473, 0.99847, 0.00881404
6653.61, 0.997135, 0.00298405, 0.99841, 0.011752
6653.62, 0.99701, 0.002984, 0.99838, 0.0146901
6653.63, 0.997357, 0.00298462, 0.99839, 0.0205661
6653.64, 0.997764, 0.00298501, 0.99843, 0.0293801
6653.65, 0.997781, 0.00298434, 0.9985, 0.0381942
6653.66, 0.997524, 0.00298325, 0.99859, 0.0587602
6653.67, 0.997314, 0.00298285, 0.99867, 0.0910784
6653.68, 0.997352, 0.00298339, 0.99874, 0.138087
6653.69, 0.997751, 0.00298451, 0.99877, 0.211537
6653.7, 0.99836, 0.00298562, 0.99872, 0.311429
6653.71, 0.99872, 0.00298595, 0.99854, 0.452454
6653.72, 0.998528, 0.002985, 0.99814, 0.640487
6653.73, 0.997834, 0.00298294, 0.99742, 0.875528
6653.74, 0.996646, 0.00297986, 0.99622, 1.15464
6653.75, 0.994633, 0.00297514, 0.99439, 1.47194
6653.76, 0.991501, 0.00296824, 0.99175, 1.81863
6653.77, 0.987774, 0.00296016, 0.98819, 2.18294
6653.78, 0.984253, 0.00295241, 0.98366, 2.54138
6653.79, 0.980388, 0.00294353, 0.97827, 2.88513
6653.8, 0.974623, 0.0029299, 0.97227, 3.19656
6653.81, 0.967097, 0.00291213, 0.96611, 3.46098
6653.82, 0.960262, 0.00289658, 0.96033, 3.67839
6653.83, 0.955797, 0.00288731, 0.95556, 3.83704
6653.84, 0.953162, 0.00288201, 0.95234, 3.934
6653.85, 0.951783, 0.00287844, 0.95107, 3.96925
6653.86, 0.952325, 0.00287882, 0.95191, 3.94575
6653.87, 0.955618, 0.00288607, 0.95476, 3.85761
6653.88, 0.96102, 0.0028986, 0.95926, 3.71365
6653.89, 0.96719, 0.0029127, 0.96488, 3.51092
6653.9, 0.973351, 0.00292639, 0.97101, 3.25238
6653.91, 0.979219, 0.00293925, 0.97708, 2.94976
6653.92, 0.984466, 0.00295075, 0.98263, 2.61483
6653.93, 0.98867, 0.00296008, 0.98736, 2.25639
6653.94, 0.991578, 0.0029667, 0.99113, 1.89208
6653.95, 0.993406, 0.00297077, 0.99397, 1.53952
6653.96, 0.99451, 0.00297286, 0.99599, 1.21634
6653.97, 0.995568, 0.00297502, 0.99734, 0.928412
6653.98, 0.997223, 0.00297933, 0.99819, 0.687495
6653.99, 0.998871, 0.00298389, 0.99871, 0.490648
6654, 0.999274, 0.00298482, 0.99899, 0.340809
6654.01, 0.99857, 0.00298238, 0.99914, 0.232103
6654.02, 0.998211, 0.00298085, 0.9992, 0.155715
6654.03, 0.998765, 0.00298197, 0.99922, 0.10283
6654.04, 0.999242, 0.00298299, 0.99922, 0.0705123
6654.05, 0.998967, 0.00298202, 0.99922, 0.0499462
6654.06, 0.998633, 0.00298098, 0.99921, 0.0381942
6654.07, 0.998986, 0.00298192, 0.99919, 0.0323181
6654.08, 0.999684, 0.00298365, 0.99918, 0.0235041
6654.09, 1.00006, 0.00298406, 0.99915, 0.0176281
6654.1, 1.00004, 0.00298331, 0.99912, 0.0146901
6654.11, 0.9999, 0.00298291, 0.99908, 0.011752
6654.12, 0.999862, 0.00298339, 0.99903, 0.00881404
6654.13, 1.00009, 0.00298421, 1, 0
6654.14, 1.00063, 0.00298507, 1, 0
6654.15, 1.00132, 0.00298606, 1, 0
6654.16, 1.0019, 0.00298706, 1, 0
6654.17, 1.00198, 0.00298711, 1, 0
6654.18, 1.00122, 0.00298532, 1, 0
6654.19, 0.999858, 0.00298218, 1, 0
6654.2, 0.998562, 0.00297919, 1, 0
