wav, obs, sigma_obs, syn, weight
6667.35, 0.992511, 0.00291743, 1, 0
6667.36, 0.988191, 0.00290778, 1, 0
6667.37, 0.983346, 0.00289708, 1, 0
6667.38, 0.977784, 0.00288495, 1, 0
6667.39, 0.972272, 0.00287295, 1, 0
6667.4, 0.967762, 0.002863, 1, 0
6667.41, 0.965061, 0.00285682, 1, 0
6667.42, 0.964741, 0.00285565, 1, 0
6667.43, 0.966201, 0.00285845, 0.96729, 0.743733
6667.44, 0.968572, 0.00286364, 0.96965, 1.08635
6667.45, 0.972241, 0.00287202, 0.97321, 1.42897
6667.46, 0.977982, 0.0028851, 0.97747, 1.70195
6667.47, 0.984485, 0.00289974, 0.98195, 1.85794
6667.48, 0.989365, 0.0029105, 0.98618, 1.87465
6667.49, 0.992408, 0.00291703, 0.98988, 1.77716
6667.5, 0.994969, 0.00292273, 0.99288, 1.59889
6667.51, 0.99747, 0.00292868, 0.99515, 1.38162
6667.52, 0.999442, 0.00293376, 0.99676, 1.15599
6667.53, 1.0006, 0.00293698, 0.99781, 0.955432
6667.54, 1.0009, 0.0029376, 0.99843, 0.793872
6667.55, 1.00066, 0.00293631, 0.99874, 0.685237
6667.56, 1.0006, 0.00293577, 0.99881, 0.635097
6667.57, 1.00098, 0.00293698, 0.99867, 0.651811
6667.58, 1.00111, 0.00293768, 0.9983, 0.732591
6667.59, 1.00055, 0.00293645, 0.99762, 0.871866
6667.6, 0.999662, 0.00293449, 0.99652, 1.0585
6667.61, 0.998661, 0.00293263, 0.99481, 1.28412
6667.62, 0.997106, 0.00292956, 0.99233, 1.53203
6667.63, 0.994498, 0.00292386, 0.9889, 1.79109
6667.64, 0.990555, 0.00291519, 0.9844, 2.04457
6667.65, 0.985179, 0.00290359, 0.97886, 2.28412
6667.66, 0.978866, 0.00288961, 0.97244, 2.49582
6667.67, 0.972242, 0.00287408, 0.96549, 2.67688
6667.68, 0.965637, 0.00285862, 0.95853, 2.81616
6667.69, 0.959321, 0.00284499, 0.9522, 2.91922
6667.7, 0.953982, 0.00283404, 0.94714, 2.9805
6667.71, 0.950455, 0.00282617, 0.94393, 2.99721
6667.72, 0.949035, 0.00282236, 0.94293, 2.97214
6667.73, 0.949703, 0.00282379, 0.94426, 2.90529
6667.74, 0.952502, 0.00283052, 0.94775, 2.79666
6667.75, 0.957489, 0.00284174, 0.95299, 2.64903
6667.76, 0.96401, 0.00285599, 0.95939, 2.45961
6667.77, 0.970764, 0.00287126, 0.9663, 2.24234
6667.78, 0.977025, 0.00288597, 0.97313, 1.99721
6667.79, 0.982754, 0.00289908, 0.97939, 1.73816
6667.8, 0.987743, 0.00290977, 0.98476, 1.47075
6667.81, 0.991501, 0.00291749, 0.98911, 1.2117
6667.82, 0.993939, 0.00292251, 0.99244, 0.969359
6667.83, 0.99572, 0.00292645, 0.99487, 0.752089
6667.84, 0.997254, 0.00293023, 0.99656, 0.568245
6667.85, 0.998235, 0.00293291, 0.99768, 0.415042
6667.86, 0.998473, 0.00293382, 0.9984, 0.29805
6667.87, 0.998381, 0.00293367, 0.99886, 0.206128
6667.88, 0.998344, 0.00293325, 0.99914, 0.144847
6667.89, 0.998274, 0.00293271, 0.99932, 0.100279
6667.9, 0.998028, 0.00293212, 0.99943, 0.0696379
6667.91, 0.997682, 0.00293171, 0.99951, 0.0501393
6667.92, 0.997375, 0.00293165, 0.99956, 0.0389972
6667.93, 0.997212, 0.00293169, 0.9996, 0.0334262
6667.94, 0.997308, 0.00293159, 0.99964, 0.0250696
6667.95, 0.99789, 0.00293219, 0.99966, 0.0222841
6667.96, 0.999157, 0.00293466, 0.99968, 0.0167131
6667.97, 1.00049, 0.00293785, 0.9997, 0.0139276
6667.98, 1.0009, 0.00293947, 0.99971, 0.0111421
6667.99, 1.00046, 0.00293918, 0.99973, 0.00835655
6668, 1, 0.00293802, 1, 0
6668.01, 1.00004, 0.00293734, 1, 0
6668.02, 1.00078, 0.00293865, 1, 0
6668.03, 1.00186, 0.00294143, 1, 0
6668.04, 1.00236, 0.0029431, 1, 0
6668.05, 1.00196, 0.00294264, 1, 0
6668.06, 1.0013, 0.00294157, 1, 0
6668.07, 1.00088, 0.00294108, 1, 0
