wav, obs, sigma_obs, syn, weight
6698.8, 0.988624, 0.00413907, 1, 0
6698.81, 0.991181, 0.00414812, 1, 0
6698.82, 0.993728, 0.00415734, 1, 0
6698.83, 0.995966, 0.0041656, 1, 0
6698.84, 0.997034, 0.00416922, 1, 0
6698.85, 0.997277, 0.00416967, 1, 0
6698.86, 0.998234, 0.00417367, 1, 0
6698.87, 0.999163, 0.00417824, 0.99843, 0.00353357
6698.88, 0.998688, 0.00417751, 0.99851, 0.00706714
6698.89, 0.998999, 0.00417941, 0.99862, 0.0106007
6698.9, 1.00122, 0.00418827, 0.99872, 0.0141343
6698.91, 1.00159, 0.00419081, 0.99882, 0.0176678
6698.92, 0.999648, 0.00418481, 0.9989, 0.024735
6698.93, 0.999378, 0.00418347, 0.99896, 0.0353357
6698.94, 1.00042, 0.00418708, 0.99901, 0.04947
6698.95, 1.00011, 0.00418859, 0.99905, 0.0636042
6698.96, 0.999556, 0.00418967, 0.99907, 0.0954064
6698.97, 1.00005, 0.00419248, 0.99907, 0.141343
6698.98, 1.00026, 0.00419307, 0.99903, 0.212014
6698.99, 0.999648, 0.00419087, 0.99894, 0.310954
6699, 0.999265, 0.00419063, 0.99877, 0.452297
6699.01, 0.999203, 0.00419223, 0.99845, 0.636042
6699.02, 0.998884, 0.00419231, 0.99791, 0.862191
6699.03, 0.99816, 0.00418995, 0.99703, 1.13428
6699.04, 0.996971, 0.00418554, 0.9957, 1.4417
6699.05, 0.995044, 0.00418057, 0.99378, 1.77032
6699.06, 0.992329, 0.00417511, 0.99118, 2.10954
6699.07, 0.989133, 0.004167, 0.98786, 2.4417
6699.08, 0.985526, 0.00415608, 0.9839, 2.75265
6699.09, 0.981391, 0.00414366, 0.97951, 3.02473
6699.1, 0.976678, 0.0041299, 0.975, 3.25795
6699.11, 0.971586, 0.00411497, 0.97079, 3.4417
6699.12, 0.966978, 0.0041005, 0.96731, 3.57597
6699.13, 0.963986, 0.00409042, 0.96497, 3.66078
6699.14, 0.963834, 0.00409113, 0.96404, 3.69611
6699.15, 0.965649, 0.00409968, 0.96465, 3.67845
6699.16, 0.967311, 0.00410706, 0.96671, 3.60777
6699.17, 0.969857, 0.00411606, 0.96999, 3.48763
6699.18, 0.974715, 0.00413168, 0.9741, 3.31802
6699.19, 0.980258, 0.00414998, 0.9786, 3.10247
6699.2, 0.985152, 0.00416721, 0.98306, 2.83746
6699.21, 0.989511, 0.00418279, 0.98715, 2.54417
6699.22, 0.992704, 0.00419407, 0.99061, 2.22615
6699.23, 0.993722, 0.00419767, 0.99336, 1.89399
6699.24, 0.994229, 0.00419959, 0.99539, 1.5689
6699.25, 0.996096, 0.00420647, 0.99679, 1.26502
6699.26, 0.997784, 0.00421274, 0.99769, 0.992933
6699.27, 0.998242, 0.00421479, 0.99822, 0.759717
6699.28, 0.998465, 0.00421658, 0.99851, 0.572438
6699.29, 0.998768, 0.00421904, 0.99865, 0.424028
6699.3, 0.998722, 0.00421999, 0.99872, 0.318021
6699.31, 0.998353, 0.00421939, 0.99876, 0.24735
6699.32, 0.997919, 0.00421839, 0.99881, 0.194346
6699.33, 0.997712, 0.00421876, 0.99887, 0.159011
6699.34, 0.997905, 0.00422111, 0.99896, 0.134276
6699.35, 0.998435, 0.00422376, 0.99906, 0.116608
6699.36, 0.999115, 0.00422597, 0.99918, 0.0989399
6699.37, 0.999687, 0.00422804, 0.9993, 0.0812721
6699.38, 1.00015, 0.0042305, 0.99942, 0.0565371
6699.39, 1.0005, 0.00423335, 0.99952, 0.0388693
6699.4, 1.00033, 0.00423443, 0.99961, 0.0212014
6699.41, 0.999831, 0.00423382, 0.99968, 0.0106007
6699.42, 1.00038, 0.00423645, 1, 0
6699.43, 1.00147, 0.00424097, 1, 0
6699.44, 1.00102, 0.00424066, 1, 0
6699.45, 1.00001, 0.00423846, 1, 0
6699.46, 1.00034, 0.00424029, 1, 0
6699.47, 1.00135, 0.0042442, 1, 0
6699.48, 1.00201, 0.00424706, 1, 0
