wav, obs, sigma_obs, syn, weight
6704.68, 1.00086, 0.00481766, 1, 0
6704.69, 1.00205, 0.00482477, 1, 0
6704.7, 1.00299, 0.00483034, 1, 0
6704.71, 1.0027, 0.00482891, 1, 0
6704.72, 1.00129, 0.00482411, 1, 0
6704.73, 0.999675, 0.00482182, 1, 0
6704.74, 0.999935, 0.00482436, 1, 0
6704.75, 1.00133, 0.00482786, 0.99939, 0.00584303
6704.76, 1.00015, 0.00482353, 0.99933, 0.0124164
6704.77, 0.998558, 0.0048186, 0.99929, 0.0219114
6704.78, 0.999913, 0.00482311, 0.99925, 0.0321367
6704.79, 1.00084, 0.00482732, 0.99921, 0.042362
6704.8, 0.999719, 0.00482603, 0.99916, 0.0518569
6704.81, 0.999264, 0.00482616, 0.99911, 0.0591607
6704.82, 0.99976, 0.0048286, 0.99905, 0.0657341
6704.83, 0.999859, 0.00482973, 0.99898, 0.0723075
6704.84, 0.998865, 0.00482575, 0.9989, 0.0796113
6704.85, 0.997394, 0.00481867, 0.99881, 0.0876454
6704.86, 0.997791, 0.00481958, 0.9987, 0.0986011
6704.87, 0.999114, 0.00482623, 0.99857, 0.111748
6704.88, 0.998477, 0.00482762, 0.99842, 0.129277
6704.89, 0.996482, 0.0048233, 0.99824, 0.15411
6704.9, 0.994757, 0.00481767, 0.99802, 0.189168
6704.91, 0.994602, 0.00481749, 0.99774, 0.240295
6704.92, 0.995398, 0.00482054, 0.99738, 0.313332
6704.93, 0.995197, 0.00481834, 0.99687, 0.413394
6704.94, 0.994299, 0.00481549, 0.99611, 0.544862
6704.95, 0.993107, 0.00481509, 0.99492, 0.709928
6704.96, 0.990183, 0.00480463, 0.993, 0.907861
6704.97, 0.986288, 0.00478709, 0.98989, 1.13282
6704.98, 0.983996, 0.00478015, 0.98499, 1.37969
6704.99, 0.979726, 0.00476935, 0.97753, 1.64262
6705, 0.969418, 0.00473494, 0.96672, 1.9187
6705.01, 0.955954, 0.00468599, 0.95191, 2.20136
6705.02, 0.940025, 0.00462628, 0.93277, 2.48767
6705.03, 0.918464, 0.00454757, 0.90948, 2.77398
6705.04, 0.892082, 0.00445134, 0.88281, 3.05298
6705.05, 0.863343, 0.00434409, 0.85416, 3.31592
6705.06, 0.832493, 0.0042303, 0.82549, 3.55402
6705.07, 0.801819, 0.00411918, 0.79907, 3.75561
6705.08, 0.776989, 0.00402698, 0.7773, 3.91191
6705.09, 0.760479, 0.00396452, 0.76233, 4.01416
6705.1, 0.75277, 0.00393786, 0.75573, 4.05871
6705.11, 0.755211, 0.00394948, 0.75821, 4.04411
6705.12, 0.768465, 0.00399976, 0.7695, 3.96961
6705.13, 0.791434, 0.00408624, 0.78838, 3.83887
6705.14, 0.820001, 0.00419375, 0.81292, 3.65847
6705.15, 0.848853, 0.00430152, 0.8408, 3.43716
6705.16, 0.877145, 0.00440631, 0.86967, 3.18518
6705.17, 0.904418, 0.00450705, 0.89739, 2.91202
6705.18, 0.928287, 0.00459617, 0.92232, 2.62936
6705.19, 0.947147, 0.00466786, 0.94339, 2.34232
6705.2, 0.960512, 0.00471942, 0.96017, 2.05748
6705.21, 0.969425, 0.00475406, 0.97277, 1.77847
6705.22, 0.975728, 0.00477806, 0.98171, 1.50823
6705.23, 0.981761, 0.00479967, 0.98774, 1.2526
6705.24, 0.987509, 0.00482045, 0.99163, 1.01669
6705.25, 0.991026, 0.00483581, 0.99406, 0.804877
6705.26, 0.993425, 0.00484583, 0.99557, 0.623743
6705.27, 0.996007, 0.004852, 0.99652, 0.475476
6705.28, 0.997165, 0.00485426, 0.99714, 0.360077
6705.29, 0.997234, 0.00485638, 0.99758, 0.274622
6705.3, 0.998712, 0.00486481, 0.99789, 0.21254
6705.31, 0.999708, 0.00487073, 0.99814, 0.170178
6705.32, 0.998133, 0.00486571, 0.99834, 0.140233
6705.33, 0.997863, 0.00486512, 0.9985, 0.119052
6705.34, 0.999943, 0.00487368, 0.99865, 0.102983
6705.35, 1.00073, 0.0048781, 0.99877, 0.0920277
6705.36, 1.00004, 0.00487772, 0.99887, 0.0818024
6705.37, 0.999574, 0.00487826, 0.99897, 0.0744986
6705.38, 1.00021, 0.00488096, 0.99905, 0.0671948
6705.39, 1.00152, 0.00488476, 0.99912, 0.059891
6705.4, 1.00168, 0.00488711, 0.99919, 0.0518569
6705.41, 1.00127, 0.00488875, 0.99925, 0.042362
6705.42, 1.00173, 0.00489127, 0.9993, 0.0321367
6705.43, 1.00164, 0.00489121, 0.99934, 0.021181
6705.44, 1.00041, 0.00488778, 0.99939, 0.0131468
6705.45, 0.999884, 0.0048863, 0.99944, 0.00584303
6705.46, 1.00044, 0.00488857, 1, 0
6705.47, 1.00123, 0.0048925, 1, 0
6705.48, 1.00107, 0.00489168, 1, 0
6705.49, 0.999729, 0.00488487, 1, 0
6705.5, 0.998857, 0.00488211, 1, 0
6705.51, 0.998837, 0.00488534, 1, 0
6705.52, 0.998645, 0.00488738, 1, 0
