wav, obs, sigma_obs, syn, weight
6713.37, 1.00092, 0.00323537, 1, 0
6713.38, 1.00074, 0.00323621, 1, 0
6713.39, 1.00057, 0.00323635, 1, 0
6713.4, 1.00041, 0.00323533, 1, 0
6713.41, 1.00032, 0.00323383, 1, 0
6713.42, 1.00035, 0.00323301, 1, 0
6713.43, 1.00036, 0.00323288, 1, 0
6713.44, 1.00001, 0.00323209, 1, 0
6713.45, 0.999133, 0.00322979, 1, 0
6713.46, 0.998144, 0.0032269, 0.99882, 0.0273191
6713.47, 0.997525, 0.00322463, 0.99872, 0.0346042
6713.48, 0.997503, 0.00322378, 0.99861, 0.0455318
6713.49, 0.998155, 0.00322495, 0.99849, 0.0528169
6713.5, 0.999111, 0.00322731, 0.99835, 0.0619233
6713.51, 0.999418, 0.00322819, 0.9982, 0.0692084
6713.52, 0.99848, 0.00322584, 0.99804, 0.0783147
6713.53, 0.997068, 0.00322217, 0.99787, 0.0928849
6713.54, 0.996166, 0.00321965, 0.99769, 0.111098
6713.55, 0.995873, 0.00321858, 0.99749, 0.140238
6713.56, 0.995771, 0.003218, 0.99726, 0.182127
6713.57, 0.995516, 0.00321708, 0.99698, 0.245872
6713.58, 0.994877, 0.00321519, 0.99659, 0.333293
6713.59, 0.993747, 0.00321203, 0.99601, 0.451676
6713.6, 0.992465, 0.00320838, 0.99513, 0.604662
6713.61, 0.991421, 0.00320512, 0.99378, 0.797717
6713.62, 0.990273, 0.00320161, 0.99174, 1.02902
6713.63, 0.98821, 0.00319619, 0.98876, 1.29675
6713.64, 0.984786, 0.00318783, 0.98458, 1.59361
6713.65, 0.980163, 0.00317658, 0.97901, 1.91234
6713.66, 0.974464, 0.00316246, 0.97192, 2.23834
6713.67, 0.967376, 0.00314486, 0.96336, 2.56253
6713.68, 0.958502, 0.00312309, 0.95359, 2.8685
6713.69, 0.94794, 0.00309745, 0.9431, 3.14898
6713.7, 0.936149, 0.00306904, 0.93256, 3.39121
6713.71, 0.924188, 0.00304019, 0.92282, 3.58973
6713.72, 0.914182, 0.00301547, 0.91474, 3.73725
6713.73, 0.907977, 0.00299901, 0.90911, 3.8356
6713.74, 0.905481, 0.00299154, 0.9065, 3.87931
6713.75, 0.906055, 0.00299272, 0.9072, 3.86838
6713.76, 0.909823, 0.00300255, 0.91114, 3.80282
6713.77, 0.917519, 0.0030213, 0.91791, 3.68261
6713.78, 0.928855, 0.0030476, 0.92685, 3.51323
6713.79, 0.941461, 0.00307696, 0.93711, 3.2965
6713.8, 0.953069, 0.00310503, 0.94783, 3.03606
6713.81, 0.963364, 0.00313052, 0.95824, 2.74466
6713.82, 0.972664, 0.00315317, 0.9677, 2.42958
6713.83, 0.980706, 0.00317198, 0.97583, 2.10357
6713.84, 0.986709, 0.00318539, 0.98245, 1.77756
6713.85, 0.9904, 0.00319323, 0.98758, 1.46612
6713.86, 0.992667, 0.00319847, 0.99138, 1.17836
6713.87, 0.994444, 0.00320398, 0.99406, 0.923385
6713.88, 0.996, 0.00320926, 0.99589, 0.706654
6713.89, 0.997346, 0.0032126, 0.9971, 0.528169
6713.9, 0.998434, 0.00321385, 0.99788, 0.387931
6713.91, 0.999162, 0.00321429, 0.99837, 0.282297
6713.92, 0.999499, 0.00321482, 0.99869, 0.203983
6713.93, 0.999606, 0.00321519, 0.9989, 0.149344
6713.94, 0.999667, 0.00321511, 0.99904, 0.112919
6713.95, 0.999845, 0.00321501, 0.99914, 0.0874211
6713.96, 1.00028, 0.00321564, 0.99922, 0.0710296
6713.97, 1.00087, 0.00321676, 0.99927, 0.060102
6713.98, 1.00123, 0.00321718, 0.99931, 0.0509956
6713.99, 1.00111, 0.00321619, 0.99933, 0.0418893
6714, 1.00066, 0.00321454, 0.99934, 0.0346042
6714.01, 1.00009, 0.00321316, 0.99934, 0.0273191
6714.02, 0.999667, 0.00321237, 0.99934, 0.020034
6714.03, 0.999679, 0.00321222, 1, 0
6714.04, 1.00005, 0.00321238, 1, 0
6714.05, 1.00029, 0.00321214, 1, 0
6714.06, 1.00012, 0.00321117, 1, 0
6714.07, 0.999879, 0.00321029, 1, 0
6714.08, 0.999986, 0.0032104, 1, 0
6714.09, 1.00043, 0.00321143, 1, 0
6714.1, 1.00092, 0.00321257, 1, 0
6714.11, 1.0013, 0.00321342, 1, 0
