wav, obs, sigma_obs, syn, weight
6714.95, 0.996553, 0.00317758, 1, 0
6714.96, 0.997462, 0.00317844, 1, 0
6714.97, 0.99836, 0.00317888, 1, 0
6714.98, 0.999271, 0.00317983, 1, 0
6714.99, 1.00021, 0.00318186, 1, 0
6715, 1.00111, 0.00318462, 1, 0
6715.01, 1.00186, 0.00318707, 1, 0
6715.02, 1.00241, 0.0031886, 1, 0
6715.03, 1.00279, 0.00318949, 1, 0
6715.04, 1.00303, 0.00318999, 0.99957, 0.00898612
6715.05, 1.00317, 0.00318987, 0.99955, 0.0119815
6715.06, 1.00324, 0.00318877, 0.99953, 0.0164746
6715.07, 1.00314, 0.00318694, 0.99951, 0.0179722
6715.08, 1.0027, 0.00318511, 0.99949, 0.0209676
6715.09, 1.00196, 0.00318372, 0.99947, 0.023963
6715.1, 1.00133, 0.00318261, 0.99944, 0.0254607
6715.11, 1.00117, 0.0031816, 0.99941, 0.0284561
6715.12, 1.00127, 0.00318077, 0.99938, 0.0314514
6715.13, 1.00125, 0.00318025, 0.99934, 0.0359445
6715.14, 1.00102, 0.0031799, 0.99929, 0.0419352
6715.15, 1.00074, 0.00317933, 0.99924, 0.047926
6715.16, 1.00044, 0.00317828, 0.99917, 0.0584098
6715.17, 0.999938, 0.00317667, 0.9991, 0.0733867
6715.18, 0.999106, 0.00317452, 0.999, 0.0943543
6715.19, 0.998161, 0.0031723, 0.99888, 0.128801
6715.2, 0.997417, 0.00317055, 0.99872, 0.178225
6715.21, 0.996944, 0.0031693, 0.99848, 0.248616
6715.22, 0.996606, 0.00316819, 0.99812, 0.347463
6715.23, 0.996234, 0.00316681, 0.99754, 0.47926
6715.24, 0.995594, 0.00316469, 0.99661, 0.649996
6715.25, 0.994471, 0.00316142, 0.99514, 0.859672
6715.26, 0.992763, 0.0031568, 0.99287, 1.11278
6715.27, 0.990389, 0.00315066, 0.98947, 1.40034
6715.28, 0.986989, 0.00314217, 0.9846, 1.71934
6715.29, 0.981975, 0.00312988, 0.97794, 2.05782
6715.3, 0.974782, 0.00311244, 0.96926, 2.40379
6715.31, 0.964902, 0.00308856, 0.95855, 2.74526
6715.32, 0.952098, 0.00305762, 0.94608, 3.06577
6715.33, 0.937495, 0.0030222, 0.93245, 3.35931
6715.34, 0.922626, 0.00298589, 0.91857, 3.61092
6715.35, 0.908654, 0.00295162, 0.90559, 3.81611
6715.36, 0.89644, 0.00292181, 0.89471, 3.96887
6715.37, 0.88701, 0.00289902, 0.88705, 4.06622
6715.38, 0.881732, 0.00288615, 0.88339, 4.10666
6715.39, 0.881724, 0.00288558, 0.88409, 4.08869
6715.4, 0.88665, 0.00289688, 0.88895, 4.0138
6715.41, 0.895696, 0.00291864, 0.89734, 3.88051
6715.42, 0.907802, 0.00294815, 0.90826, 3.6933
6715.43, 0.921709, 0.00298163, 0.92056, 3.45816
6715.44, 0.93602, 0.0030154, 0.93311, 3.18109
6715.45, 0.949081, 0.00304603, 0.94502, 2.86807
6715.46, 0.959512, 0.0030707, 0.95564, 2.53259
6715.47, 0.967459, 0.00308979, 0.96467, 2.18812
6715.48, 0.973542, 0.00310461, 0.97207, 1.84515
6715.49, 0.978324, 0.00311625, 0.97798, 1.52015
6715.5, 0.982318, 0.00312563, 0.98265, 1.21912
6715.51, 0.985789, 0.00313328, 0.98632, 0.954027
6715.52, 0.988531, 0.00313907, 0.98924, 0.727876
6715.53, 0.990381, 0.00314292, 0.99156, 0.54366
6715.54, 0.991642, 0.00314552, 0.99342, 0.396887
6715.55, 0.992739, 0.00314774, 0.99489, 0.286058
6715.56, 0.993824, 0.00314992, 0.99604, 0.205183
6715.57, 0.994841, 0.00315196, 0.99692, 0.148271
6715.58, 0.995741, 0.00315379, 0.99758, 0.109331
6715.59, 0.996502, 0.00315535, 0.99807, 0.0808751
6715.6, 0.997101, 0.00315657, 0.99841, 0.0629029
6715.61, 0.997474, 0.00315732, 0.99866, 0.047926
6715.62, 0.997559, 0.00315744, 0.99883, 0.0374422
6715.63, 0.997449, 0.003157, 0.99895, 0.0284561
6715.64, 0.997351, 0.00315619, 0.99905, 0.0194699
6715.65, 0.997358, 0.00315524, 1, 0
6715.66, 0.99735, 0.00315446, 1, 0
6715.67, 0.997216, 0.00315406, 1, 0
6715.68, 0.996977, 0.00315368, 1, 0
6715.69, 0.996692, 0.00315284, 1, 0
6715.7, 0.996391, 0.00315151, 1, 0
6715.71, 0.996085, 0.00315005, 1, 0
6715.72, 0.995785, 0.00314876, 1, 0
6715.73, 0.995485, 0.00314746, 1, 0
