wav, obs, sigma_obs, syn, weight
6724.98, 0.99818, 0.00294218, 1, 0
6724.99, 0.998907, 0.00294342, 1, 0
6725, 0.999624, 0.00294484, 1, 0
6725.01, 1.00027, 0.00294643, 1, 0
6725.02, 1.00056, 0.00294718, 1, 0
6725.03, 1.00015, 0.00294593, 1, 0
6725.04, 0.999407, 0.00294372, 1, 0
6725.05, 0.999155, 0.00294306, 1, 0
6725.06, 0.999619, 0.00294452, 0.99977, 0.00670195
6725.07, 1.00026, 0.00294618, 0.99975, 0.0107231
6725.08, 1.00058, 0.00294647, 0.99972, 0.0134039
6725.09, 1.00031, 0.00294521, 0.9997, 0.0174251
6725.1, 0.999386, 0.00294271, 0.99968, 0.0214462
6725.11, 0.998673, 0.00294097, 0.99965, 0.0268078
6725.12, 0.999224, 0.00294221, 0.99963, 0.030829
6725.13, 1.00054, 0.00294507, 0.99961, 0.0375309
6725.14, 1.00109, 0.00294586, 0.99958, 0.048254
6725.15, 1.00047, 0.00294377, 0.99955, 0.0616579
6725.16, 0.999692, 0.00294184, 0.9995, 0.0844445
6725.17, 0.999468, 0.00294201, 0.99944, 0.120635
6725.18, 0.999488, 0.00294294, 0.99933, 0.175591
6725.19, 0.999341, 0.002943, 0.99916, 0.254674
6725.2, 0.998899, 0.00294174, 0.99885, 0.364586
6725.21, 0.998137, 0.00293916, 0.99834, 0.509348
6725.22, 0.997147, 0.00293586, 0.99748, 0.697002
6725.23, 0.996083, 0.00293284, 0.99611, 0.924869
6725.24, 0.994642, 0.00292961, 0.994, 1.19429
6725.25, 0.991951, 0.00292377, 0.99091, 1.49856
6725.26, 0.987568, 0.00291403, 0.98658, 1.82829
6725.27, 0.982214, 0.00290205, 0.98084, 2.17411
6725.28, 0.976491, 0.00288925, 0.97364, 2.51993
6725.29, 0.969458, 0.00287348, 0.9651, 2.85637
6725.3, 0.959862, 0.00285184, 0.95557, 3.16734
6725.31, 0.948584, 0.00282641, 0.94562, 3.44212
6725.32, 0.937851, 0.00280238, 0.936, 3.67401
6725.33, 0.92891, 0.0027825, 0.92758, 3.85362
6725.34, 0.921775, 0.00276649, 0.92116, 3.98096
6725.35, 0.916832, 0.00275506, 0.91743, 4.05066
6725.36, 0.915545, 0.00275181, 0.91679, 4.06272
6725.37, 0.919076, 0.00275961, 0.91931, 4.01715
6725.38, 0.926298, 0.00277577, 0.9247, 3.9126
6725.39, 0.935435, 0.00279605, 0.93241, 3.75309
6725.4, 0.945464, 0.00281812, 0.94163, 3.54131
6725.41, 0.955827, 0.00284085, 0.95153, 3.28261
6725.42, 0.965753, 0.0028626, 0.96129, 2.98505
6725.43, 0.974217, 0.00288111, 0.97026, 2.65933
6725.44, 0.980659, 0.0028952, 0.978, 2.31485
6725.45, 0.985642, 0.00290639, 0.9843, 1.96769
6725.46, 0.989745, 0.00291606, 0.98916, 1.62991
6725.47, 0.992905, 0.00292343, 0.9927, 1.31358
6725.48, 0.994907, 0.00292725, 0.99517, 1.03076
6725.49, 0.996044, 0.00292853, 0.9968, 0.785468
6725.5, 0.996898, 0.00292958, 0.99784, 0.581729
6725.51, 0.997749, 0.00293139, 0.99849, 0.420882
6725.52, 0.998522, 0.00293339, 0.99888, 0.297566
6725.53, 0.999077, 0.00293488, 0.99912, 0.20642
6725.54, 0.99917, 0.00293504, 0.99928, 0.143422
6725.55, 0.998702, 0.00293348, 0.99938, 0.10187
6725.56, 0.998296, 0.00293205, 0.99946, 0.0737214
6725.57, 0.998664, 0.00293283, 0.99953, 0.0562963
6725.58, 0.999368, 0.00293465, 0.99958, 0.0442328
6725.59, 0.999354, 0.00293458, 0.99962, 0.0375309
6725.6, 0.998577, 0.00293239, 0.99966, 0.0321693
6725.61, 0.99809, 0.00293086, 0.99969, 0.0268078
6725.62, 0.998456, 0.00293151, 0.99972, 0.0227866
6725.63, 0.99909, 0.00293297, 0.99974, 0.0187654
6725.64, 0.999364, 0.00293375, 0.99976, 0.0147443
6725.65, 0.999073, 0.00293334, 0.99977, 0.0107231
6725.66, 0.99817, 0.00293159, 0.99979, 0.00804234
6725.67, 0.997073, 0.00292916, 1, 0
6725.68, 0.996423, 0.0029271, 1, 0
6725.69, 0.996406, 0.00292604, 1, 0
6725.7, 0.996739, 0.00292614, 1, 0
6725.71, 0.997195, 0.00292729, 1, 0
6725.72, 0.997702, 0.002929, 1, 0
6725.73, 0.998175, 0.00293034, 1, 0
6725.74, 0.998647, 0.00293168, 1, 0
