wav, obs, sigma_obs, syn, weight
6731.72, 0.997704, 0.00286687, 1, 0
6731.73, 0.998177, 0.00286837, 1, 0
6731.74, 0.99881, 0.0028702, 1, 0
6731.75, 0.998954, 0.002871, 1, 0
6731.76, 0.998413, 0.00287028, 1, 0
6731.77, 0.997908, 0.00286914, 1, 0
6731.78, 0.998252, 0.00286893, 1, 0
6731.79, 0.999166, 0.00286962, 1, 0
6731.8, 0.999912, 0.00287059, 0.99678, 0.00753276
6731.81, 1.00013, 0.00287115, 0.99667, 0.0112991
6731.82, 0.999775, 0.00287059, 0.99675, 0.0188319
6731.83, 0.99904, 0.00286906, 0.997, 0.0225983
6731.84, 0.998439, 0.0028678, 0.99737, 0.0338974
6731.85, 0.998278, 0.00286756, 0.99781, 0.0414302
6731.86, 0.998404, 0.00286803, 0.99825, 0.0564957
6731.87, 0.998595, 0.0028687, 0.99866, 0.0790939
6731.88, 0.998607, 0.00286902, 0.99899, 0.109225
6731.89, 0.998254, 0.00286852, 0.99922, 0.161954
6731.9, 0.99777, 0.00286742, 0.99936, 0.229749
6731.91, 0.997534, 0.00286622, 0.99939, 0.335208
6731.92, 0.997684, 0.00286569, 0.99932, 0.467031
6731.93, 0.998189, 0.00286671, 0.99911, 0.644051
6731.94, 0.998707, 0.00286855, 0.99871, 0.866267
6731.95, 0.998567, 0.00286875, 0.99805, 1.12238
6731.96, 0.997505, 0.00286626, 0.99701, 1.41239
6731.97, 0.995995, 0.00286266, 0.99547, 1.73253
6731.98, 0.994311, 0.00285896, 0.9933, 2.05644
6731.99, 0.991888, 0.00285364, 0.99043, 2.38788
6732, 0.988181, 0.00284524, 0.98685, 2.70049
6732.01, 0.983578, 0.00283494, 0.98268, 2.9905
6732.02, 0.978751, 0.0028247, 0.97818, 3.23909
6732.03, 0.974133, 0.00281519, 0.97373, 3.44247
6732.04, 0.970035, 0.00280648, 0.9698, 3.60442
6732.05, 0.966959, 0.00279959, 0.96686, 3.71365
6732.06, 0.965574, 0.00279646, 0.9653, 3.76638
6732.07, 0.96608, 0.00279768, 0.96533, 3.76638
6732.08, 0.967973, 0.00280176, 0.96694, 3.71742
6732.09, 0.970857, 0.00280762, 0.96992, 3.61572
6732.1, 0.974773, 0.00281571, 0.97386, 3.4613
6732.11, 0.979627, 0.00282619, 0.97831, 3.25792
6732.12, 0.984463, 0.00283691, 0.98278, 3.0131
6732.13, 0.988239, 0.00284541, 0.98691, 2.72686
6732.14, 0.991083, 0.00285176, 0.99044, 2.41425
6732.15, 0.993635, 0.00285716, 0.99328, 2.08657
6732.16, 0.99595, 0.00286182, 0.99541, 1.7589
6732.17, 0.997634, 0.00286519, 0.99694, 1.44252
6732.18, 0.998568, 0.00286715, 0.99798, 1.14875
6732.19, 0.999, 0.00286817, 0.99866, 0.892632
6732.2, 0.999186, 0.0028687, 0.99909, 0.670415
6732.21, 0.999361, 0.00286901, 0.99935, 0.489629
6732.22, 0.999678, 0.00286935, 0.99952, 0.35404
6732.23, 1.00003, 0.00286989, 0.99962, 0.252347
6732.24, 1.00024, 0.00287069, 0.99968, 0.17702
6732.25, 1.0002, 0.00287111, 0.99973, 0.128057
6732.26, 0.999803, 0.00287035, 0.99976, 0.0941595
6732.27, 0.999414, 0.00286918, 0.99979, 0.0715612
6732.28, 0.99963, 0.0028693, 0.99981, 0.0564957
6732.29, 1.00029, 0.00287055, 0.99982, 0.0451965
6732.3, 1.00045, 0.00287088, 0.99984, 0.0338974
6732.31, 0.99986, 0.00286968, 0.99985, 0.0263646
6732.32, 0.99953, 0.00286903, 0.99987, 0.0188319
6732.33, 1.00012, 0.00287027, 0.99988, 0.0150655
6732.34, 1.00092, 0.00287192, 0.99989, 0.0112991
6732.35, 1.0011, 0.00287227, 1, 0
6732.36, 1.00072, 0.00287137, 1, 0
6732.37, 1.00011, 0.00286981, 1, 0
6732.38, 0.999587, 0.00286837, 1, 0
6732.39, 0.999447, 0.00286789, 1, 0
6732.4, 0.999705, 0.00286842, 1, 0
6732.41, 1.00005, 0.00286917, 1, 0
6732.42, 1.00028, 0.00286963, 1, 0
