wav, obs, sigma_obs, syn, weight
6732.76, 1.00246, 0.0028741, 1, 0
6732.77, 1.0027, 0.00287456, 1, 0
6732.78, 1.00304, 0.00287524, 1, 0
6732.79, 1.00346, 0.00287608, 1, 0
6732.8, 1.00334, 0.00287572, 1, 0
6732.81, 1.00258, 0.00287388, 1, 0
6732.82, 1.00178, 0.00287193, 1, 0
6732.83, 1.00153, 0.00287123, 1, 0
6732.84, 1.00176, 0.00287167, 0.99966, 0.00703819
6732.85, 1.00218, 0.00287269, 0.99964, 0.00985346
6732.86, 1.00252, 0.00287365, 0.99961, 0.015484
6732.87, 1.00253, 0.00287388, 0.99958, 0.0182993
6732.88, 1.00206, 0.00287299, 0.99955, 0.0225222
6732.89, 1.00107, 0.00287082, 0.9995, 0.0281527
6732.9, 0.999905, 0.00286813, 0.99945, 0.0323757
6732.91, 0.999392, 0.00286676, 0.99939, 0.0380062
6732.92, 0.999799, 0.00286733, 0.99932, 0.0450444
6732.93, 1.00016, 0.00286785, 0.99924, 0.0534902
6732.94, 0.999728, 0.00286678, 0.99915, 0.0675666
6732.95, 0.998988, 0.00286505, 0.99904, 0.0914964
6732.96, 0.998561, 0.00286392, 0.9989, 0.123872
6732.97, 0.998278, 0.00286314, 0.99872, 0.174547
6732.98, 0.99773, 0.00286202, 0.99846, 0.244929
6732.99, 0.997003, 0.00286056, 0.99808, 0.346279
6733, 0.996454, 0.00285916, 0.99746, 0.48282
6733.01, 0.995899, 0.00285754, 0.99646, 0.658774
6733.02, 0.994637, 0.0028547, 0.99485, 0.87555
6733.03, 0.992308, 0.00285008, 0.99233, 1.13456
6733.04, 0.98911, 0.00284373, 0.98851, 1.42875
6733.05, 0.984948, 0.00283515, 0.98296, 1.75392
6733.06, 0.978877, 0.00282215, 0.97533, 2.09597
6733.07, 0.970033, 0.00280283, 0.96535, 2.44507
6733.08, 0.958469, 0.00277746, 0.95304, 2.78431
6733.09, 0.94451, 0.00274693, 0.93876, 3.10384
6733.1, 0.928695, 0.00271245, 0.92325, 3.391
6733.11, 0.911732, 0.00267551, 0.90766, 3.63452
6733.12, 0.895324, 0.00263986, 0.89337, 3.83018
6733.13, 0.881871, 0.00261085, 0.88182, 3.97235
6733.14, 0.873179, 0.00259231, 0.8743, 4.05822
6733.15, 0.870339, 0.00258631, 0.87168, 4.08778
6733.16, 0.873764, 0.00259362, 0.87428, 4.05822
6733.17, 0.882684, 0.00261277, 0.88178, 3.97235
6733.18, 0.895974, 0.00264145, 0.89331, 3.83018
6733.19, 0.911817, 0.00267558, 0.90759, 3.63452
6733.2, 0.928356, 0.00271102, 0.92317, 3.391
6733.21, 0.944207, 0.00274519, 0.93866, 3.10384
6733.22, 0.958194, 0.00277602, 0.95294, 2.78431
6733.23, 0.96962, 0.00280163, 0.96526, 2.44507
6733.24, 0.978097, 0.00282036, 0.97525, 2.09738
6733.25, 0.984194, 0.00283328, 0.98291, 1.75532
6733.26, 0.98928, 0.00284373, 0.98848, 1.43016
6733.27, 0.993734, 0.00285285, 0.99233, 1.13456
6733.28, 0.996561, 0.00285868, 0.99489, 0.876958
6733.29, 0.997387, 0.00286051, 0.99652, 0.658774
6733.3, 0.997433, 0.00286088, 0.99753, 0.48282
6733.31, 0.997769, 0.00286192, 0.99816, 0.346279
6733.32, 0.998146, 0.00286283, 0.99856, 0.246337
6733.33, 0.998135, 0.00286245, 0.99881, 0.173139
6733.34, 0.998083, 0.00286182, 0.99899, 0.122464
6733.35, 0.998564, 0.00286257, 0.99912, 0.0900888
6733.36, 0.999369, 0.00286425, 0.99922, 0.0675666
6733.37, 0.999826, 0.00286509, 0.99931, 0.0534902
6733.38, 0.999822, 0.0028649, 0.99938, 0.0422291
6733.39, 0.999806, 0.00286501, 0.99944, 0.0351909
6733.4, 0.999977, 0.00286597, 0.99949, 0.030968
6733.41, 1.00009, 0.00286698, 0.99953, 0.0253375
6733.42, 0.999933, 0.00286718, 0.99957, 0.0211146
6733.43, 0.999415, 0.00286592, 0.9996, 0.015484
6733.44, 0.998564, 0.002863, 0.99962, 0.0112611
6733.45, 0.997753, 0.0028602, 0.99965, 0.00703819
6733.46, 0.997382, 0.00285943, 1, 0
6733.47, 0.997315, 0.00285983, 1, 0
6733.48, 0.997186, 0.00285944, 1, 0
6733.49, 0.996778, 0.0028579, 1, 0
6733.5, 0.995981, 0.002856, 1, 0
6733.51, 0.994835, 0.00285416, 1, 0
6733.52, 0.993582, 0.00285234, 1, 0
6733.53, 0.992434, 0.0028505, 1, 0
