wav, obs, sigma_obs, syn, weight
6737.61, 1.00748, 0.00288658, 1, 0
6737.62, 1.00685, 0.00288513, 1, 0
6737.63, 1.00621, 0.00288371, 1, 0
6737.64, 1.00553, 0.00288244, 1, 0
6737.65, 1.00502, 0.00288177, 1, 0
6737.66, 1.00513, 0.0028825, 1, 0
6737.67, 1.00587, 0.00288452, 1, 0
6737.68, 1.00666, 0.00288638, 1, 0
6737.69, 1.007, 0.00288694, 0.99925, 0.00803691
6737.7, 1.00674, 0.00288591, 0.99902, 0.00964429
6737.71, 1.00586, 0.0028835, 0.99873, 0.0144664
6737.72, 1.00482, 0.00288112, 0.99842, 0.0192886
6737.73, 1.00409, 0.00288006, 0.9981, 0.0257181
6737.74, 1.00376, 0.00287999, 0.99781, 0.0289329
6737.75, 1.00381, 0.00288016, 0.99759, 0.0353624
6737.76, 1.00397, 0.00288012, 0.99746, 0.0417919
6737.77, 1.00389, 0.00287961, 0.99741, 0.054651
6737.78, 1.00348, 0.00287859, 0.99745, 0.0707248
6737.79, 1.00283, 0.00287726, 0.99753, 0.0948355
6737.8, 1.00222, 0.00287617, 0.99762, 0.133413
6737.81, 1.00215, 0.00287617, 0.99767, 0.191278
6737.82, 1.00253, 0.00287696, 0.99763, 0.271647
6737.83, 1.00251, 0.00287674, 0.99746, 0.387379
6737.84, 1.00161, 0.00287461, 0.99709, 0.538473
6737.85, 1.00014, 0.00287152, 0.99641, 0.731359
6737.86, 0.998305, 0.00286796, 0.99526, 0.967644
6737.87, 0.995853, 0.00286287, 0.9934, 1.24411
6737.88, 0.992479, 0.00285523, 0.9905, 1.55595
6737.89, 0.988009, 0.00284522, 0.9862, 1.89189
6737.9, 0.982235, 0.00283299, 0.98014, 2.23908
6737.91, 0.974573, 0.00281679, 0.97206, 2.58628
6737.92, 0.964416, 0.00279454, 0.96196, 2.9174
6737.93, 0.952224, 0.00276754, 0.95015, 3.2228
6737.94, 0.93904, 0.00273885, 0.93737, 3.48802
6737.95, 0.926121, 0.0027112, 0.92472, 3.70823
6737.96, 0.914878, 0.002687, 0.91353, 3.877
6737.97, 0.906588, 0.00266885, 0.90514, 3.98952
6737.98, 0.902371, 0.00265952, 0.90065, 4.04739
6737.99, 0.902837, 0.00266054, 0.90068, 4.04578
6738, 0.907816, 0.00267155, 0.90522, 3.99113
6738.01, 0.916793, 0.00269125, 0.91367, 3.877
6738.02, 0.928621, 0.00271675, 0.92495, 3.70984
6738.03, 0.94198, 0.00274504, 0.9377, 3.48963
6738.04, 0.955257, 0.00277352, 0.95061, 3.2228
6738.05, 0.966957, 0.0027997, 0.96255, 2.92061
6738.06, 0.976441, 0.00282117, 0.97279, 2.58788
6738.07, 0.983413, 0.00283599, 0.981, 2.2423
6738.08, 0.988198, 0.00284542, 0.98717, 1.8935
6738.09, 0.9914, 0.002852, 0.99155, 1.55755
6738.1, 0.993622, 0.00285699, 0.99449, 1.24894
6738.11, 0.995429, 0.00286076, 0.99638, 0.972466
6738.12, 0.996635, 0.00286289, 0.99754, 0.736181
6738.13, 0.996391, 0.00286224, 0.99823, 0.544902
6738.14, 0.994518, 0.00285867, 0.99864, 0.395416
6738.15, 0.991728, 0.00285323, 0.99888, 0.281292
6738.16, 0.988592, 0.0028468, 0.99902, 0.199315
6738.17, 0.985328, 0.0028397, 0.99911, 0.144664
6738.18, 0.982167, 0.00283252, 0.99917, 0.107695
6738.19, 0.979467, 0.00282659, 0.99921, 0.0819765
6738.2, 0.977514, 0.00282293, 0.99925, 0.0659026
6738.21, 0.976242, 0.00282081, 0.99929, 0.054651
6738.22, 0.975562, 0.00281936, 0.99933, 0.0482214
6738.23, 0.975741, 0.00281926, 0.99938, 0.0433993
6738.24, 0.977119, 0.00282164, 0.99944, 0.0385772
6738.25, 0.979538, 0.00282638, 0.99949, 0.033755
6738.26, 0.982575, 0.00283274, 0.99954, 0.0273255
6738.27, 0.985727, 0.00283956, 0.99958, 0.020896
6738.28, 0.988454, 0.00284544, 0.99962, 0.0144664
6738.29, 0.990773, 0.00285041, 0.99965, 0.00964429
6738.3, 0.993265, 0.00285597, 1, 0
6738.31, 0.995845, 0.0028619, 1, 0
6738.32, 0.997435, 0.00286532, 1, 0
6738.33, 0.99765, 0.00286526, 1, 0
6738.34, 0.997715, 0.00286498, 1, 0
6738.35, 0.998624, 0.00286712, 1, 0
6738.36, 1.00008, 0.00287082, 1, 0
6738.37, 1.00125, 0.0028737, 1, 0
