wav, obs, sigma_obs, syn, weight
6745.61, 0.987561, 0.00289056, 1, 0
6745.62, 0.989519, 0.00289461, 1, 0
6745.63, 0.991719, 0.00289926, 1, 0
6745.64, 0.994262, 0.00290482, 1, 0
6745.65, 0.996452, 0.00291009, 1, 0
6745.66, 0.997553, 0.0029136, 1, 0
6745.67, 0.998107, 0.00291548, 1, 0
6745.68, 0.998968, 0.00291638, 1, 0
6745.69, 0.99974, 0.0029167, 0.9997, 0.00414817
6745.7, 0.999619, 0.00291676, 0.99974, 0.00414817
6745.71, 0.999277, 0.00291729, 0.99977, 0.00829633
6745.72, 1.00002, 0.00291911, 0.99979, 0.0124445
6745.73, 1.00139, 0.00292126, 0.99979, 0.0165927
6745.74, 1.00197, 0.00292183, 0.9998, 0.024889
6745.75, 1.00151, 0.00292105, 0.9998, 0.0373335
6745.76, 1.0007, 0.00292062, 0.99979, 0.0539262
6745.77, 1.00003, 0.00292078, 0.99978, 0.0829633
6745.78, 0.999822, 0.00292048, 0.99976, 0.124445
6745.79, 1.00005, 0.0029198, 0.99973, 0.190816
6745.8, 1.00037, 0.00291998, 0.99968, 0.286223
6745.81, 1.00047, 0.00292078, 0.99959, 0.418965
6745.82, 1.00006, 0.00292028, 0.99942, 0.589039
6745.83, 0.999197, 0.00291814, 0.99914, 0.808892
6745.84, 0.998328, 0.00291627, 0.99866, 1.07023
6745.85, 0.997606, 0.00291517, 0.99789, 1.37304
6745.86, 0.996626, 0.00291288, 0.9967, 1.70075
6745.87, 0.995192, 0.00290875, 0.99497, 2.0409
6745.88, 0.993587, 0.00290511, 0.99257, 2.38934
6745.89, 0.991708, 0.00290242, 0.98949, 2.71705
6745.9, 0.988487, 0.0028964, 0.98578, 3.01572
6745.91, 0.983505, 0.00288484, 0.98165, 3.27705
6745.92, 0.97838, 0.00287266, 0.97747, 3.49276
6745.93, 0.974524, 0.0028642, 0.97366, 3.65868
6745.94, 0.971708, 0.0028584, 0.97073, 3.77068
6745.95, 0.96968, 0.00285409, 0.96906, 3.82876
6745.96, 0.969267, 0.00285347, 0.96891, 3.83705
6745.97, 0.971202, 0.00285851, 0.9703, 3.78728
6745.98, 0.97471, 0.00286682, 0.97302, 3.68772
6745.99, 0.978684, 0.00287524, 0.9767, 3.53424
6746, 0.98242, 0.00288267, 0.98085, 3.32683
6746.01, 0.985487, 0.00288891, 0.98501, 3.07794
6746.02, 0.988362, 0.00289523, 0.98882, 2.78757
6746.03, 0.991706, 0.00290305, 0.99204, 2.46401
6746.04, 0.994997, 0.00291098, 0.99456, 2.12386
6746.05, 0.997278, 0.00291655, 0.99642, 1.77541
6746.06, 0.998421, 0.00291933, 0.99771, 1.44356
6746.07, 0.998767, 0.00292004, 0.99855, 1.1366
6746.08, 0.998985, 0.00292031, 0.99907, 0.866967
6746.09, 0.999861, 0.00292213, 0.99939, 0.642966
6746.1, 1.00109, 0.00292489, 0.99957, 0.460446
6746.11, 1.00164, 0.00292624, 0.99968, 0.323557
6746.12, 1.00142, 0.00292598, 0.99974, 0.219853
6746.13, 1.00112, 0.00292568, 0.99978, 0.149334
6746.14, 1.00119, 0.00292615, 0.99981, 0.099556
6746.15, 1.00182, 0.00292744, 0.99983, 0.0705188
6746.16, 1.00276, 0.00292906, 0.99984, 0.049778
6746.17, 1.00328, 0.00293, 0.99985, 0.0373335
6746.18, 1.00314, 0.00292998, 0.99984, 0.0290372
6746.19, 1.00275, 0.00292966, 0.99982, 0.024889
6746.2, 1.00248, 0.00292957, 0.99977, 0.0165927
6746.21, 1.00257, 0.00292991, 0.99968, 0.0124445
6746.22, 1.0029, 0.0029303, 0.99955, 0.0124445
6746.23, 1.00264, 0.00292934, 0.99936, 0.00414817
6746.24, 1.0015, 0.00292673, 1, 0
6746.25, 1.00041, 0.00292445, 1, 0
6746.26, 0.999879, 0.00292359, 1, 0
6746.27, 0.999214, 0.00292252, 1, 0
6746.28, 0.997847, 0.00291993, 1, 0
6746.29, 0.996096, 0.00291651, 1, 0
6746.3, 0.994574, 0.00291358, 1, 0
6746.31, 0.993051, 0.00291065, 1, 0
