wav, obs, sigma_obs, syn, weight
6777.08, 1.00027, 0.00457387, 1, 0
6777.09, 0.99875, 0.00456979, 1, 0
6777.1, 0.996818, 0.00456435, 1, 0
6777.11, 0.995908, 0.00456226, 1, 0
6777.12, 0.996642, 0.00456561, 1, 0
6777.13, 0.99748, 0.0045695, 1, 0
6777.14, 0.997635, 0.00457104, 1, 0
6777.15, 0.997665, 0.00457134, 0.99988, 0.00492828
6777.16, 0.997586, 0.00457122, 0.99987, 0
6777.17, 0.997355, 0.00457182, 0.99986, 0.00985656
6777.18, 0.99842, 0.00457714, 0.99984, 0.00985656
6777.19, 1.00088, 0.00458657, 0.99982, 0.0147848
6777.2, 1.00143, 0.00458918, 0.9998, 0.0295697
6777.21, 1.00002, 0.00458494, 0.99978, 0.0394263
6777.22, 0.999713, 0.00458415, 0.99975, 0.0591394
6777.23, 1.00016, 0.00458641, 0.99971, 0.0887091
6777.24, 1.00001, 0.00458765, 0.99965, 0.133064
6777.25, 0.999965, 0.00458875, 0.99956, 0.206988
6777.26, 1.00028, 0.0045901, 0.99944, 0.31541
6777.27, 1.00001, 0.00458988, 0.99925, 0.45833
6777.28, 0.998974, 0.0045876, 0.99896, 0.650533
6777.29, 0.997806, 0.00458444, 0.99852, 0.882163
6777.3, 0.997721, 0.00458482, 0.99782, 1.15322
6777.31, 0.998575, 0.00458855, 0.99676, 1.4637
6777.32, 0.996661, 0.0045826, 0.9952, 1.78897
6777.33, 0.992097, 0.0045675, 0.99301, 2.12409
6777.34, 0.989289, 0.00455895, 0.99014, 2.4395
6777.35, 0.987227, 0.00455302, 0.98661, 2.74013
6777.36, 0.982995, 0.00453899, 0.98259, 3.00132
6777.37, 0.978067, 0.00452254, 0.97837, 3.21817
6777.38, 0.973998, 0.00450957, 0.97438, 3.39559
6777.39, 0.970677, 0.00449953, 0.97108, 3.51879
6777.4, 0.968361, 0.00449259, 0.96888, 3.59765
6777.41, 0.967681, 0.00449012, 0.96806, 3.62229
6777.42, 0.968843, 0.00449377, 0.96872, 3.60257
6777.43, 0.97148, 0.00450345, 0.97074, 3.53358
6777.44, 0.974159, 0.0045141, 0.97381, 3.41037
6777.45, 0.976718, 0.00452429, 0.97754, 3.24281
6777.46, 0.980636, 0.00453784, 0.98149, 3.02104
6777.47, 0.98527, 0.00455365, 0.9853, 2.75984
6777.48, 0.988993, 0.00456802, 0.98871, 2.45921
6777.49, 0.991847, 0.00457996, 0.99157, 2.1438
6777.5, 0.994203, 0.00458949, 0.99384, 1.80868
6777.51, 0.996175, 0.00459716, 0.99558, 1.48834
6777.52, 0.997916, 0.00460333, 0.99686, 1.18772
6777.53, 0.999551, 0.00460811, 0.99778, 0.921589
6777.54, 1.00056, 0.00461164, 0.99843, 0.68996
6777.55, 1.00044, 0.00461364, 0.99888, 0.502685
6777.56, 0.999648, 0.00461254, 0.99918, 0.359765
6777.57, 0.999204, 0.0046107, 0.99938, 0.256271
6777.58, 1.00046, 0.0046153, 0.99951, 0.182346
6777.59, 1.00176, 0.00462129, 0.9996, 0.128135
6777.6, 1.00055, 0.00461889, 0.99965, 0.0936374
6777.61, 0.999602, 0.00461659, 0.99968, 0.0739242
6777.62, 1.00086, 0.00462083, 0.9997, 0.0542111
6777.63, 1.00109, 0.00462208, 0.99972, 0.0443545
6777.64, 0.999952, 0.0046195, 0.99973, 0.0295697
6777.65, 1.00022, 0.00462148, 0.99974, 0.0197131
6777.66, 1.00054, 0.00462332, 0.99976, 0.0147848
6777.67, 0.998888, 0.0046184, 0.99977, 0.00492828
6777.68, 0.997741, 0.00461509, 1, 0
6777.69, 0.998271, 0.00461746, 1, 0
6777.7, 0.998396, 0.00461883, 1, 0
6777.71, 0.997902, 0.00461839, 1, 0
6777.72, 0.997895, 0.00461951, 1, 0
6777.73, 0.998238, 0.00462175, 1, 0
6777.74, 0.998429, 0.0046235, 1, 0
