wav, obs, sigma_obs, syn, weight
6783.33, 1.00163, 0.00336634, 1, 0
6783.34, 1.00279, 0.00336843, 1, 0
6783.35, 1.00319, 0.00336921, 1, 0
6783.36, 1.00293, 0.00336877, 1, 0
6783.37, 1.00263, 0.00336802, 1, 0
6783.38, 1.00269, 0.00336755, 1, 0
6783.39, 1.00271, 0.00336666, 1, 0
6783.4, 1.00213, 0.00336442, 1, 0
6783.41, 1.00094, 0.00336095, 1, 0
6783.42, 0.99953, 0.00335712, 0.99402, 0.16402
6783.43, 0.998252, 0.0033537, 0.99409, 0.193229
6783.44, 0.99737, 0.00335122, 0.99392, 0.208957
6783.45, 0.997071, 0.00335, 0.99368, 0.213451
6783.46, 0.997051, 0.0033494, 0.99345, 0.202217
6783.47, 0.996804, 0.00334832, 0.99325, 0.184242
6783.48, 0.996202, 0.00334653, 0.99309, 0.166267
6783.49, 0.995615, 0.00334485, 0.99291, 0.150539
6783.5, 0.995291, 0.00334379, 0.99267, 0.146046
6783.51, 0.99485, 0.00334211, 0.9923, 0.152786
6783.52, 0.993784, 0.00333823, 0.99172, 0.175255
6783.53, 0.992217, 0.00333276, 0.99088, 0.220192
6783.54, 0.990791, 0.00332805, 0.98973, 0.292091
6783.55, 0.989797, 0.00332528, 0.98823, 0.397693
6783.56, 0.988648, 0.00332254, 0.98639, 0.539245
6783.57, 0.986711, 0.00331778, 0.98418, 0.723487
6783.58, 0.984107, 0.00331116, 0.98162, 0.950419
6783.59, 0.981331, 0.00330401, 0.97869, 1.21555
6783.6, 0.978497, 0.00329665, 0.97535, 1.51438
6783.61, 0.975159, 0.00328792, 0.97157, 1.83568
6783.62, 0.970923, 0.00327684, 0.96727, 2.17046
6783.63, 0.965884, 0.00326372, 0.96244, 2.503
6783.64, 0.960277, 0.00324925, 0.95711, 2.8198
6783.65, 0.954207, 0.00323362, 0.95144, 3.11189
6783.66, 0.947665, 0.00321656, 0.94578, 3.36354
6783.67, 0.940985, 0.00319886, 0.9406, 3.57025
6783.68, 0.935479, 0.00318435, 0.93652, 3.72978
6783.69, 0.932537, 0.00317706, 0.93415, 3.83538
6783.7, 0.932641, 0.00317775, 0.93396, 3.88706
6783.71, 0.935745, 0.00318535, 0.93619, 3.88256
6783.72, 0.941497, 0.00319871, 0.94071, 3.82415
6783.73, 0.949039, 0.00321661, 0.94711, 3.7118
6783.74, 0.95746, 0.00323762, 0.9547, 3.55003
6783.75, 0.965849, 0.00325903, 0.96272, 3.33658
6783.76, 0.973313, 0.00327778, 0.97046, 3.07819
6783.77, 0.979461, 0.00329264, 0.97736, 2.78161
6783.78, 0.984426, 0.00330428, 0.9831, 2.46255
6783.79, 0.988341, 0.00331333, 0.98759, 2.12777
6783.8, 0.991268, 0.00331996, 0.99091, 1.79074
6783.81, 0.993266, 0.0033243, 0.99323, 1.4672
6783.82, 0.994508, 0.00332706, 0.99479, 1.16836
6783.83, 0.995237, 0.00332928, 0.99579, 0.900989
6783.84, 0.995687, 0.00333138, 0.99643, 0.674056
6783.85, 0.996068, 0.00333266, 0.99683, 0.489814
6783.86, 0.996539, 0.00333245, 0.99708, 0.343769
6783.87, 0.996968, 0.00333134, 0.99725, 0.238167
6783.88, 0.997119, 0.00333033, 0.99736, 0.161774
6783.89, 0.99697, 0.00332986, 0.99744, 0.107849
6783.9, 0.996747, 0.0033297, 0.9975, 0.0718993
6783.91, 0.996593, 0.00332944, 0.99753, 0.0494308
6783.92, 0.996298, 0.00332841, 0.99755, 0.0359497
6783.93, 0.995615, 0.00332594, 0.99755, 0.0292091
6783.94, 0.994814, 0.00332297, 0.99753, 0.0224685
6783.95, 0.994528, 0.00332154, 0.99751, 0.0179748
6783.96, 0.994899, 0.00332228, 0.99746, 0.015728
6783.97, 0.99504, 0.00332279, 0.99741, 0.0134811
6783.98, 0.994128, 0.00332076, 0.99734, 0.00898742
6783.99, 0.992663, 0.00331728, 1, 0
6784, 0.991683, 0.00331481, 1, 0
6784.01, 0.99141, 0.00331387, 1, 0
6784.02, 0.991043, 0.00331253, 1, 0
6784.03, 0.989929, 0.00330924, 1, 0
6784.04, 0.988261, 0.00330451, 1, 0
6784.05, 0.98665, 0.00329993, 1, 0
6784.06, 0.985188, 0.00329574, 1, 0
6784.07, 0.983725, 0.00329155, 1, 0
