wav, obs, sigma_obs, syn, weight
6786.47, 0.985471, 0.00319489, 1, 0
6786.48, 0.989037, 0.00320394, 1, 0
6786.49, 0.992171, 0.00321173, 1, 0
6786.5, 0.99438, 0.00321686, 1, 0
6786.51, 0.995658, 0.00321939, 1, 0
6786.52, 0.996399, 0.00322059, 1, 0
6786.53, 0.996928, 0.00322149, 1, 0
6786.54, 0.997367, 0.00322227, 1, 0
6786.55, 0.997796, 0.00322302, 1, 0
6786.56, 0.998228, 0.00322385, 0.99915, 0.0220729
6786.57, 0.998639, 0.00322486, 0.99926, 0.0275911
6786.58, 0.998918, 0.00322571, 0.99935, 0.0303502
6786.59, 0.998841, 0.00322543, 0.9994, 0.0344889
6786.6, 0.998292, 0.00322348, 0.99942, 0.0358684
6786.61, 0.997618, 0.00322109, 0.99943, 0.037248
6786.62, 0.997247, 0.00321983, 0.99941, 0.0386275
6786.63, 0.997206, 0.00321963, 0.99938, 0.0427662
6786.64, 0.997232, 0.00321926, 0.99934, 0.0510435
6786.65, 0.997139, 0.00321808, 0.99928, 0.0634595
6786.66, 0.996903, 0.00321662, 0.9992, 0.0855324
6786.67, 0.996545, 0.00321548, 0.99907, 0.118642
6786.68, 0.996232, 0.00321472, 0.99888, 0.169685
6786.69, 0.996174, 0.00321418, 0.99858, 0.242802
6786.7, 0.996236, 0.00321354, 0.99808, 0.342129
6786.71, 0.995911, 0.00321227, 0.99726, 0.475946
6786.72, 0.994812, 0.00320987, 0.99595, 0.644252
6786.73, 0.99298, 0.00320593, 0.99392, 0.852565
6786.74, 0.990495, 0.00320001, 0.99088, 1.09675
6786.75, 0.986968, 0.00319102, 0.98652, 1.37266
6786.76, 0.981732, 0.00317752, 0.98055, 1.6734
6786.77, 0.974425, 0.0031589, 0.97276, 1.98932
6786.78, 0.965179, 0.00313595, 0.9631, 2.30799
6786.79, 0.954144, 0.00310932, 0.95174, 2.61701
6786.8, 0.941345, 0.00307857, 0.93912, 2.90672
6786.81, 0.926815, 0.00304305, 0.92595, 3.1647
6786.82, 0.911487, 0.00300506, 0.91316, 3.38405
6786.83, 0.897088, 0.00296944, 0.9018, 3.55925
6786.84, 0.885358, 0.0029408, 0.8929, 3.68479
6786.85, 0.878009, 0.00292294, 0.88734, 3.75929
6786.86, 0.876526, 0.00291905, 0.88568, 3.78136
6786.87, 0.880648, 0.00292861, 0.8881, 3.74963
6786.88, 0.889288, 0.00294927, 0.89433, 3.6641
6786.89, 0.901227, 0.00297814, 0.90375, 3.5289
6786.9, 0.915086, 0.00301154, 0.91543, 3.34542
6786.91, 0.929555, 0.00304607, 0.92834, 3.11779
6786.92, 0.943647, 0.00307953, 0.94143, 2.85292
6786.93, 0.956466, 0.00311001, 0.95381, 2.56045
6786.94, 0.967393, 0.00313615, 0.96483, 2.25005
6786.95, 0.976001, 0.00315693, 0.97409, 1.93276
6786.96, 0.982223, 0.00317215, 0.98148, 1.62511
6786.97, 0.986689, 0.00318314, 0.98708, 1.33541
6786.98, 0.99003, 0.00319123, 0.9911, 1.07605
6786.99, 0.992444, 0.00319667, 0.99383, 0.853944
6787, 0.993968, 0.00319933, 0.99555, 0.675982
6787.01, 0.99481, 0.00320001, 0.99651, 0.540785
6787.02, 0.995354, 0.00320048, 0.99689, 0.449735
6787.03, 0.995857, 0.00320185, 0.9968, 0.397312
6787.04, 0.996177, 0.0032032, 0.99631, 0.377998
6787.05, 0.996134, 0.00320335, 0.99544, 0.384896
6787.06, 0.995836, 0.00320234, 0.99419, 0.412487
6787.07, 0.995553, 0.00320089, 0.99258, 0.449735
6787.08, 0.995445, 0.00319969, 0.99065, 0.489742
6787.09, 0.995503, 0.00319937, 0.98848, 0.52561
6787.1, 0.995689, 0.00320026, 0.98618, 0.546304
6787.11, 0.995904, 0.00320128, 0.98391, 0.547683
6787.12, 0.996042, 0.00320105, 0.98187, 0.522851
6787.13, 0.996151, 0.00319987, 0.98025, 0.469048
6787.14, 0.996405, 0.00319944, 0.97923, 0.395932
6787.15, 0.996818, 0.00320047, 0.97896, 0.30902
6787.16, 0.997038, 0.00320139, 1, 0
6787.17, 0.996775, 0.00320065, 1, 0
6787.18, 0.99652, 0.00319943, 1, 0
6787.19, 0.997075, 0.00319994, 1, 0
6787.2, 0.998408, 0.00320238, 1, 0
6787.21, 0.999499, 0.00320446, 1, 0
6787.22, 0.999581, 0.00320446, 1, 0
6787.23, 0.998958, 0.003203, 1, 0
6787.24, 0.998473, 0.00320182, 1, 0
