wav, obs, sigma_obs, syn, weight
6792.88, 1.00093, 0.00304421, 1, 0
6792.89, 1.00178, 0.00304593, 1, 0
6792.9, 1.00287, 0.00304796, 1, 0
6792.91, 1.00368, 0.00304964, 1, 0
6792.92, 1.00385, 0.00305052, 1, 0
6792.93, 1.00353, 0.00305055, 1, 0
6792.94, 1.0033, 0.00305, 1, 0
6792.95, 1.00345, 0.00304914, 1, 0
6792.96, 1.00357, 0.00304824, 1, 0
6792.97, 1.00331, 0.00304748, 0.99986, 0.00926514
6792.98, 1.00283, 0.00304664, 0.99984, 0.0115814
6792.99, 1.00248, 0.0030454, 0.99983, 0.0138977
6793, 1.00243, 0.00304423, 0.99982, 0.016214
6793.01, 1.00271, 0.00304431, 0.99981, 0.0185303
6793.02, 1.00318, 0.00304586, 0.99979, 0.0231628
6793.03, 1.00341, 0.00304711, 0.99978, 0.0301117
6793.04, 1.00307, 0.00304646, 0.99976, 0.0370605
6793.05, 1.00254, 0.00304477, 0.99974, 0.0509582
6793.06, 1.00244, 0.00304367, 0.99972, 0.0718048
6793.07, 1.0027, 0.00304339, 0.99968, 0.104233
6793.08, 1.00264, 0.00304297, 0.99963, 0.152875
6793.09, 1.00189, 0.00304167, 0.99956, 0.22468
6793.1, 1.00071, 0.00303941, 0.99943, 0.32428
6793.11, 0.99947, 0.00303637, 0.99923, 0.46094
6793.12, 0.998616, 0.00303373, 0.99887, 0.636978
6793.13, 0.998586, 0.00303289, 0.99827, 0.850076
6793.14, 0.998882, 0.00303304, 0.99727, 1.10487
6793.15, 0.998206, 0.00303141, 0.99568, 1.3944
6793.16, 0.9958, 0.00302627, 0.99325, 1.71173
6793.17, 0.992077, 0.00301803, 0.98975, 2.04065
6793.18, 0.987481, 0.00300723, 0.98497, 2.37419
6793.19, 0.981843, 0.00299372, 0.97884, 2.69615
6793.2, 0.974821, 0.00297715, 0.97149, 2.99495
6793.21, 0.966752, 0.00295839, 0.96331, 3.25901
6793.22, 0.958542, 0.00293933, 0.95494, 3.48137
6793.23, 0.951028, 0.00292185, 0.94722, 3.6551
6793.24, 0.944874, 0.0029077, 0.94107, 3.77786
6793.25, 0.940732, 0.00289856, 0.93728, 3.84735
6793.26, 0.939318, 0.00289563, 0.93637, 3.86356
6793.27, 0.94131, 0.00289991, 0.93847, 3.8265
6793.28, 0.946448, 0.0029109, 0.94329, 3.73617
6793.29, 0.953695, 0.00292691, 0.95018, 3.59024
6793.3, 0.96203, 0.00294591, 0.95826, 3.39567
6793.31, 0.970506, 0.00296522, 0.96664, 3.15709
6793.32, 0.978271, 0.00298243, 0.97455, 2.87682
6793.33, 0.984909, 0.00299683, 0.98144, 2.56876
6793.34, 0.990164, 0.00300829, 0.98704, 2.23985
6793.35, 0.994049, 0.00301701, 0.99129, 1.9063
6793.36, 0.996794, 0.0030235, 0.99434, 1.58202
6793.37, 0.998657, 0.00302811, 0.99641, 1.27396
6793.38, 0.999932, 0.00303093, 0.99774, 0.998318
6793.39, 1.00085, 0.00303212, 0.99856, 0.757425
6793.4, 1.00134, 0.00303221, 0.99905, 0.560541
6793.41, 1.00122, 0.00303184, 0.99933, 0.403033
6793.42, 1.00075, 0.00303138, 0.9995, 0.282587
6793.43, 1.00044, 0.00303098, 0.9996, 0.194568
6793.44, 1.00046, 0.00303048, 0.99966, 0.132028
6793.45, 1.00025, 0.00302919, 0.9997, 0.0903351
6793.46, 0.999333, 0.00302659, 0.99972, 0.0625397
6793.47, 0.99803, 0.0030233, 0.99973, 0.0440094
6793.48, 0.996838, 0.00302021, 0.99974, 0.032428
6793.49, 0.995613, 0.00301702, 0.99973, 0.0231628
6793.5, 0.993725, 0.00301256, 0.99972, 0.016214
6793.51, 0.990888, 0.00300621, 0.9997, 0.0115814
6793.52, 0.987443, 0.00299835, 1, 0
6793.53, 0.983679, 0.00298936, 1, 0
6793.54, 0.97933, 0.00297909, 1, 0
6793.55, 0.974007, 0.0029673, 1, 0
6793.56, 0.967817, 0.00295395, 1, 0
6793.57, 0.961221, 0.00293923, 1, 0
6793.58, 0.954534, 0.00292344, 1, 0
6793.59, 0.947816, 0.00290709, 1, 0
6793.6, 0.941119, 0.00289112, 1, 0
