wav, obs, sigma_obs, syn, weight
6795.69, 0.992444, 0.00296863, 1, 0
6795.7, 0.991143, 0.002966, 1, 0
6795.71, 0.989957, 0.00296349, 1, 0
6795.72, 0.988368, 0.0029597, 1, 0
6795.73, 0.986073, 0.00295385, 1, 0
6795.74, 0.983775, 0.00294801, 1, 0
6795.75, 0.982349, 0.00294474, 1, 0
6795.76, 0.981945, 0.00294419, 1, 0
6795.77, 0.982278, 0.00294509, 1, 0
6795.78, 0.983104, 0.00294667, 0.9766, 0.00632486
6795.79, 0.98424, 0.00294886, 0.97634, 0.00790608
6795.8, 0.985551, 0.00295162, 0.97682, 0.0110685
6795.81, 0.987047, 0.00295489, 0.97797, 0.0142309
6795.82, 0.988736, 0.00295855, 0.97968, 0.0173934
6795.83, 0.990417, 0.0029621, 0.9818, 0.0237182
6795.84, 0.991797, 0.00296491, 0.98413, 0.0332055
6795.85, 0.992869, 0.002967, 0.9865, 0.044274
6795.86, 0.993951, 0.00296913, 0.98877, 0.0632486
6795.87, 0.995183, 0.00297164, 0.99082, 0.0901293
6795.88, 0.996217, 0.00297361, 0.99258, 0.12966
6795.89, 0.996705, 0.00297415, 0.99401, 0.186583
6795.9, 0.996783, 0.00297387, 0.9951, 0.259319
6795.91, 0.996767, 0.00297392, 0.99583, 0.354192
6795.92, 0.996798, 0.00297447, 0.99619, 0.472784
6795.93, 0.996855, 0.00297482, 0.99615, 0.616674
6795.94, 0.996773, 0.00297425, 0.99564, 0.782702
6795.95, 0.996104, 0.00297205, 0.9946, 0.967704
6795.96, 0.994509, 0.00296782, 0.99293, 1.17326
6795.97, 0.992376, 0.00296265, 0.99057, 1.39147
6795.98, 0.990269, 0.00295793, 0.98752, 1.62233
6795.99, 0.988003, 0.0029531, 0.98382, 1.85793
6796, 0.984844, 0.00294623, 0.97965, 2.09827
6796.01, 0.980709, 0.00293694, 0.97525, 2.33704
6796.02, 0.976612, 0.00292756, 0.9709, 2.56948
6796.03, 0.973257, 0.00291976, 0.9669, 2.78768
6796.04, 0.969689, 0.00291153, 0.96347, 2.98692
6796.05, 0.964716, 0.00290029, 0.96075, 3.15927
6796.06, 0.958997, 0.00288742, 0.95875, 3.29684
6796.07, 0.954286, 0.0028766, 0.95742, 3.39487
6796.08, 0.951524, 0.0028699, 0.95668, 3.44705
6796.09, 0.950549, 0.00286719, 0.95648, 3.45179
6796.1, 0.951206, 0.00286829, 0.95685, 3.41068
6796.11, 0.953609, 0.00287352, 0.95787, 3.32213
6796.12, 0.957879, 0.00288313, 0.95965, 3.19564
6796.13, 0.963742, 0.00289637, 0.96227, 3.03119
6796.14, 0.970722, 0.00291198, 0.9657, 2.83828
6796.15, 0.977939, 0.00292796, 0.96981, 2.6264
6796.16, 0.984071, 0.00294158, 0.97435, 2.39712
6796.17, 0.988351, 0.00295117, 0.97899, 2.15836
6796.18, 0.991433, 0.00295791, 0.98342, 1.9196
6796.19, 0.994038, 0.00296313, 0.98737, 1.67925
6796.2, 0.99598, 0.00296679, 0.99069, 1.44523
6796.21, 0.996772, 0.00296836, 0.99331, 1.21912
6796.22, 0.996731, 0.00296852, 0.99524, 1.00882
6796.23, 0.996873, 0.00296902, 0.99658, 0.815907
6796.24, 0.99764, 0.00297057, 0.99744, 0.643555
6796.25, 0.998317, 0.00297176, 0.99793, 0.493339
6796.26, 0.998257, 0.00297138, 0.99816, 0.370005
6796.27, 0.99778, 0.00297016, 0.99819, 0.268807
6796.28, 0.997463, 0.00296938, 0.99808, 0.191327
6796.29, 0.9975, 0.00296941, 0.99788, 0.131241
6796.3, 0.99782, 0.00297004, 0.99761, 0.0869669
6796.31, 0.998307, 0.00297097, 0.99731, 0.0569238
6796.32, 0.998782, 0.0029718, 0.99699, 0.0347868
6796.33, 0.999083, 0.00297218, 1, 0
6796.34, 0.999135, 0.00297196, 1, 0
6796.35, 0.998892, 0.00297107, 1, 0
6796.36, 0.998429, 0.00296968, 1, 0
6796.37, 0.997936, 0.00296822, 1, 0
6796.38, 0.99751, 0.00296691, 1, 0
6796.39, 0.997084, 0.0029656, 1, 0
6796.4, 0.996658, 0.00296429, 1, 0
6796.41, 0.996231, 0.00296298, 1, 0
