wav, obs, sigma_obs, syn, weight
6798.17, 0.99386, 0.00292555, 1, 0
6798.18, 0.994558, 0.00292686, 1, 0
6798.19, 0.995255, 0.00292817, 1, 0
6798.2, 0.996083, 0.00292976, 1, 0
6798.21, 0.996929, 0.00293139, 1, 0
6798.22, 0.997253, 0.0029319, 1, 0
6798.23, 0.996928, 0.00293105, 1, 0
6798.24, 0.99647, 0.00293001, 1, 0
6798.25, 0.996401, 0.00292999, 1, 0
6798.26, 0.996618, 0.00293065, 0.9972, 0.898734
6798.27, 0.996777, 0.00293111, 0.99717, 0.898734
6798.28, 0.996673, 0.00293079, 0.9971, 0.898734
6798.29, 0.996218, 0.00292945, 0.99697, 0.898734
6798.3, 0.995609, 0.00292756, 0.9968, 1.79747
6798.31, 0.995551, 0.00292691, 0.99658, 1.79747
6798.32, 0.996437, 0.00292858, 0.9963, 0.898734
6798.33, 0.997125, 0.00293005, 0.99594, 1.79747
6798.34, 0.996236, 0.00292821, 0.99549, 1.79747
6798.35, 0.994124, 0.0029237, 0.9949, 1.79747
6798.36, 0.992148, 0.00291928, 0.9941, 0.898734
6798.37, 0.990791, 0.00291596, 0.993, 1.79747
6798.38, 0.989406, 0.00291241, 0.99151, 1.79747
6798.39, 0.987405, 0.00290752, 0.9895, 1.79747
6798.4, 0.984553, 0.0029011, 0.98688, 1.79747
6798.41, 0.98073, 0.00289314, 0.98361, 1.79747
6798.42, 0.976162, 0.00288365, 0.97976, 1.79747
6798.43, 0.971225, 0.00287271, 0.97549, 2.6962
6798.44, 0.966503, 0.00286166, 0.97111, 1.79747
6798.45, 0.962757, 0.0028529, 0.96704, 2.6962
6798.46, 0.96024, 0.00284732, 0.96372, 2.6962
6798.47, 0.958248, 0.00284295, 0.96157, 2.6962
6798.48, 0.956402, 0.00283856, 0.96086, 2.6962
6798.49, 0.956194, 0.00283766, 0.96169, 2.6962
6798.5, 0.959373, 0.00284445, 0.96394, 2.6962
6798.51, 0.965078, 0.00285699, 0.96729, 2.6962
6798.52, 0.970904, 0.00286971, 0.97134, 2.6962
6798.53, 0.97557, 0.00287975, 0.97562, 2.6962
6798.54, 0.979263, 0.00288777, 0.97973, 2.6962
6798.55, 0.982357, 0.0028947, 0.98337, 1.79747
6798.56, 0.985487, 0.00290167, 0.98635, 1.79747
6798.57, 0.989139, 0.00290944, 0.98864, 2.6962
6798.58, 0.992544, 0.00291655, 0.99027, 1.79747
6798.59, 0.994484, 0.00292076, 0.99135, 1.79747
6798.6, 0.99494, 0.00292194, 0.99198, 0.898734
6798.61, 0.994944, 0.00292188, 0.99229, 0.898734
6798.62, 0.995146, 0.00292183, 0.99237, 0.898734
6798.63, 0.995418, 0.00292192, 0.99228, 0.898734
6798.64, 0.995599, 0.00292218, 0.99209, 0
6798.65, 0.995767, 0.0029227, 0.99183, 0.898734
6798.66, 0.996036, 0.00292351, 0.9915, 0
6798.67, 0.996242, 0.00292407, 0.99112, 0
6798.68, 0.996068, 0.00292352, 0.9907, 0
6798.69, 0.99557, 0.00292198, 0.99024, 0
6798.7, 0.995277, 0.00292085, 0.98973, 0
6798.71, 0.995472, 0.00292088, 0.98917, 0
6798.72, 0.995664, 0.00292099, 0.98857, 0
6798.73, 0.995327, 0.00291997, 0.98792, 0
6798.74, 0.994541, 0.00291795, 0.98721, 0
6798.75, 0.993627, 0.0029156, 0.98645, 0
6798.76, 0.992868, 0.00291364, 0.98562, 0
6798.77, 0.99251, 0.00291285, 0.9847, 0
6798.78, 0.992536, 0.00291313, 0.98369, 0
6798.79, 0.992455, 0.00291292, 1, 0
6798.8, 0.991867, 0.00291101, 1, 0
6798.81, 0.990944, 0.0029085, 1, 0
6798.82, 0.989984, 0.00290692, 1, 0
6798.83, 0.989043, 0.00290586, 1, 0
6798.84, 0.98804, 0.00290385, 1, 0
6798.85, 0.986949, 0.00290042, 1, 0
6798.86, 0.985822, 0.0028964, 1, 0
6798.87, 0.984727, 0.00289289, 1, 0
