wav, obs, sigma_obs, syn, weight
6836.64, 0.994926, 0.00337378, 1, 0
6836.65, 0.994938, 0.00337378, 1, 0
6836.66, 0.994644, 0.00337283, 1, 0
6836.67, 0.994838, 0.00337339, 1, 0
6836.68, 0.996144, 0.00337744, 1, 0
6836.69, 0.997475, 0.00338166, 1, 0
6836.7, 0.997576, 0.00338219, 1, 0
6836.71, 0.997417, 0.00338183, 0.99976, 0.00369531
6836.72, 0.998115, 0.00338391, 0.99975, 0.00739062
6836.73, 0.998707, 0.00338592, 0.99974, 0.0129336
6836.74, 0.998314, 0.00338549, 0.99973, 0.0166289
6836.75, 0.997852, 0.00338485, 0.99971, 0.0221719
6836.76, 0.998051, 0.00338582, 0.99969, 0.0295625
6836.77, 0.998372, 0.00338712, 0.99966, 0.0332578
6836.78, 0.998388, 0.0033877, 0.99963, 0.0406484
6836.79, 0.998257, 0.00338791, 0.99959, 0.0498867
6836.8, 0.998096, 0.00338797, 0.99954, 0.0628203
6836.81, 0.997856, 0.00338768, 0.99948, 0.0831445
6836.82, 0.997547, 0.00338711, 0.9994, 0.114555
6836.83, 0.997272, 0.00338671, 0.9993, 0.164441
6836.84, 0.997283, 0.00338718, 0.99916, 0.238347
6836.85, 0.997922, 0.00338929, 0.99894, 0.341816
6836.86, 0.998686, 0.00339161, 0.99858, 0.484086
6836.87, 0.99847, 0.0033912, 0.998, 0.670699
6836.88, 0.99732, 0.00338856, 0.99704, 0.899808
6836.89, 0.995931, 0.00338602, 0.99549, 1.17326
6836.9, 0.993928, 0.00338197, 0.99308, 1.47997
6836.91, 0.990526, 0.00337339, 0.98951, 1.81624
6836.92, 0.986052, 0.00336183, 0.98448, 2.16545
6836.93, 0.980973, 0.00334963, 0.97782, 2.51281
6836.94, 0.974028, 0.00333282, 0.96951, 2.84539
6836.95, 0.964054, 0.00330748, 0.95984, 3.1484
6836.96, 0.952659, 0.00327825, 0.9494, 3.41262
6836.97, 0.941731, 0.0032506, 0.93904, 3.63064
6836.98, 0.93173, 0.00322531, 0.92982, 3.79693
6836.99, 0.923367, 0.00320395, 0.92279, 3.90964
6837, 0.918702, 0.00319235, 0.91883, 3.97061
6837.01, 0.918989, 0.00319386, 0.91846, 3.97431
6837.02, 0.923421, 0.00320558, 0.92173, 3.92627
6837.03, 0.930946, 0.00322473, 0.92821, 3.8228
6837.04, 0.940506, 0.00324996, 0.93708, 3.66575
6837.05, 0.95109, 0.00327871, 0.9473, 3.45696
6837.06, 0.961752, 0.00330674, 0.95781, 3.20199
6837.07, 0.971563, 0.00333138, 0.96768, 2.90451
6837.08, 0.979652, 0.00335168, 0.97629, 2.57748
6837.09, 0.985923, 0.00336792, 0.9833, 2.23012
6837.1, 0.990885, 0.00338124, 0.98864, 1.88091
6837.11, 0.994676, 0.00339171, 0.99249, 1.54094
6837.12, 0.997239, 0.00339891, 0.99511, 1.22684
6837.13, 0.999057, 0.00340409, 0.99682, 0.945999
6837.14, 1.00077, 0.00340901, 0.99788, 0.707652
6837.15, 1.00204, 0.00341277, 0.99853, 0.515496
6837.16, 1.00236, 0.0034139, 0.99892, 0.363988
6837.17, 1.00221, 0.00341398, 0.99916, 0.253129
6837.18, 1.00222, 0.00341478, 0.99932, 0.17368
6837.19, 1.00211, 0.00341493, 0.99942, 0.120098
6837.2, 1.00166, 0.00341344, 0.9995, 0.0849921
6837.21, 1.00161, 0.00341317, 0.99956, 0.0628203
6837.22, 1.00234, 0.00341582, 0.99961, 0.048039
6837.23, 1.00304, 0.00341849, 0.99965, 0.0388007
6837.24, 1.00301, 0.0034189, 0.99968, 0.0314101
6837.25, 1.00217, 0.00341725, 0.99971, 0.0277148
6837.26, 1.00098, 0.00341481, 0.99973, 0.0240195
6837.27, 1.00054, 0.00341394, 0.99975, 0.0203242
6837.28, 1.00091, 0.00341477, 0.99977, 0.0147812
6837.29, 1.00083, 0.00341471, 0.99978, 0.0110859
6837.3, 1.00007, 0.0034134, 0.99979, 0.00554296
6837.31, 0.999501, 0.0034128, 0.99981, 0.00369531
6837.32, 0.999503, 0.00341354, 1, 0
6837.33, 1.00003, 0.00341516, 1, 0
6837.34, 1.00066, 0.00341676, 1, 0
6837.35, 1.00082, 0.00341733, 1, 0
6837.36, 1.00056, 0.00341706, 1, 0
6837.37, 1.00039, 0.003417, 1, 0
6837.38, 1.00026, 0.003417, 1, 0
