wav, obs, sigma_obs, syn, weight
6839.44, 1.00107, 0.00352154, 1, 0
6839.45, 1.00059, 0.00352101, 1, 0
6839.46, 0.999957, 0.00352033, 1, 0
6839.47, 0.99968, 0.00351998, 1, 0
6839.48, 0.999907, 0.00352025, 1, 0
6839.49, 1.0001, 0.00352128, 1, 0
6839.5, 0.999814, 0.0035224, 1, 0
6839.51, 0.99904, 0.00352127, 0.99889, 0.00287702
6839.52, 0.998248, 0.00351837, 0.9988, 0.00383602
6839.53, 0.99852, 0.00351897, 0.9987, 0.00575403
6839.54, 0.99975, 0.00352338, 0.9986, 0.00959006
6839.55, 1.00039, 0.00352572, 0.9985, 0.0124671
6839.56, 1.00002, 0.00352464, 0.99841, 0.0143851
6839.57, 0.999302, 0.0035231, 0.99835, 0.0163031
6839.58, 0.998882, 0.00352282, 0.99832, 0.0182211
6839.59, 0.999261, 0.00352434, 0.99832, 0.0210981
6839.6, 1.00007, 0.00352675, 0.99835, 0.0249341
6839.61, 1.00055, 0.00352844, 0.99839, 0.0306882
6839.62, 1.0002, 0.00352807, 0.99845, 0.0402782
6839.63, 0.998981, 0.00352551, 0.99849, 0.0575403
6839.64, 0.998521, 0.00352526, 0.99851, 0.0872695
6839.65, 0.999772, 0.00352977, 0.99849, 0.133302
6839.66, 1.00038, 0.00353188, 0.99838, 0.204268
6839.67, 0.998897, 0.00352749, 0.99814, 0.307841
6839.68, 0.99712, 0.00352302, 0.99765, 0.448815
6839.69, 0.996094, 0.00352176, 0.99668, 0.632944
6839.7, 0.994936, 0.00351977, 0.99491, 0.862146
6839.71, 0.992682, 0.00351405, 0.99183, 1.13354
6839.72, 0.98849, 0.00350353, 0.98677, 1.44234
6839.73, 0.981772, 0.00348649, 0.97895, 1.78087
6839.74, 0.972103, 0.00346058, 0.96761, 2.13571
6839.75, 0.958415, 0.00342361, 0.95218, 2.49821
6839.76, 0.939451, 0.00337384, 0.93256, 2.85112
6839.77, 0.915902, 0.00331246, 0.90926, 3.18294
6839.78, 0.88937, 0.00324227, 0.88353, 3.48119
6839.79, 0.861251, 0.00316709, 0.85733, 3.73533
6839.8, 0.833438, 0.0030926, 0.8331, 3.93768
6839.81, 0.810143, 0.00303019, 0.8134, 4.08632
6839.82, 0.795343, 0.00299062, 0.80053, 4.17455
6839.83, 0.790659, 0.00297866, 0.79604, 4.20428
6839.84, 0.796646, 0.00299589, 0.80051, 4.17455
6839.85, 0.8125, 0.00303951, 0.81336, 4.08536
6839.86, 0.835987, 0.00310323, 0.83304, 3.93864
6839.87, 0.86297, 0.00317629, 0.85725, 3.73437
6839.88, 0.890184, 0.00324998, 0.88343, 3.48023
6839.89, 0.915576, 0.00331844, 0.90913, 3.18294
6839.9, 0.937887, 0.00337826, 0.93241, 2.85112
6839.91, 0.956446, 0.00342786, 0.95201, 2.49821
6839.92, 0.970317, 0.00346493, 0.96741, 2.13571
6839.93, 0.978795, 0.00348775, 0.97874, 1.77991
6839.94, 0.984204, 0.00350262, 0.98654, 1.44234
6839.95, 0.989515, 0.00351758, 0.99159, 1.13354
6839.96, 0.993882, 0.00353031, 0.99466, 0.863105
6839.97, 0.99589, 0.00353685, 0.99643, 0.634862
6839.98, 0.996603, 0.00353935, 0.9974, 0.450733
6839.99, 0.997254, 0.00354082, 0.99792, 0.3088
6840, 0.998004, 0.00354271, 0.9982, 0.206186
6840.01, 0.998647, 0.00354516, 0.99835, 0.136179
6840.02, 0.998634, 0.00354632, 0.99844, 0.0901465
6840.03, 0.998263, 0.00354642, 0.99849, 0.0604173
6840.04, 0.998988, 0.00354871, 0.99853, 0.0441143
6840.05, 1.00035, 0.00355197, 0.99856, 0.0345242
6840.06, 1.00003, 0.00355058, 0.99857, 0.0287702
6840.07, 0.998306, 0.00354603, 0.99858, 0.0239751
6840.08, 0.997366, 0.00354475, 0.99859, 0.0220571
6840.09, 0.997741, 0.0035475, 0.99859, 0.0201391
6840.1, 0.998924, 0.00355172, 0.99859, 0.0182211
6840.11, 0.999781, 0.00355418, 0.99859, 0.0153441
6840.12, 0.999369, 0.00355274, 0.99858, 0.0115081
6840.13, 0.998742, 0.00355118, 0.99857, 0.00767204
6840.14, 0.999075, 0.00355324, 0.99856, 0.00479503
6840.15, 1.00009, 0.00355687, 0.99858, 0.00287702
6840.16, 1.00112, 0.00355954, 1, 0
6840.17, 1.00122, 0.00356017, 1, 0
6840.18, 1.00038, 0.00355929, 1, 0
6840.19, 1.00019, 0.00355977, 1, 0
6840.2, 1.00121, 0.0035626, 1, 0
6840.21, 1.00238, 0.00356571, 1, 0
6840.22, 1.00333, 0.00356838, 1, 0
