wav, obs, sigma_obs, syn, weight
6842.29, 0.99924, 0.00367866, 1, 0
6842.3, 0.998607, 0.00367766, 1, 0
6842.31, 0.998296, 0.00367748, 1, 0
6842.32, 0.998504, 0.00367853, 1, 0
6842.33, 0.999225, 0.0036808, 1, 0
6842.34, 0.999574, 0.00368275, 1, 0
6842.35, 0.998887, 0.00368284, 1, 0
6842.36, 0.997787, 0.0036809, 0.99841, 0.00682514
6842.37, 0.996861, 0.00367786, 0.99833, 0.0117002
6842.38, 0.996204, 0.00367622, 0.99829, 0.0195004
6842.39, 0.995763, 0.00367648, 0.99826, 0.0273006
6842.4, 0.995363, 0.00367623, 0.99823, 0.0351007
6842.41, 0.994748, 0.0036744, 0.9982, 0.0429009
6842.42, 0.993706, 0.00367152, 0.99816, 0.048751
6842.43, 0.993267, 0.003671, 0.99812, 0.0546011
6842.44, 0.994737, 0.00367647, 0.99806, 0.0604512
6842.45, 0.996097, 0.00368155, 0.99798, 0.0672764
6842.46, 0.994934, 0.00367877, 0.99789, 0.0760515
6842.47, 0.993216, 0.00367426, 0.99777, 0.0887268
6842.48, 0.992845, 0.003674, 0.99762, 0.108227
6842.49, 0.99208, 0.00367275, 0.99741, 0.136503
6842.5, 0.990075, 0.00366779, 0.99713, 0.180379
6842.51, 0.988915, 0.00366504, 0.99672, 0.243755
6842.52, 0.989151, 0.00366612, 0.99611, 0.333457
6842.53, 0.988957, 0.00366598, 0.99517, 0.457284
6842.54, 0.987697, 0.00366283, 0.99369, 0.616212
6842.55, 0.985898, 0.00365809, 0.99137, 0.814141
6842.56, 0.983426, 0.00365172, 0.98781, 1.05205
6842.57, 0.97972, 0.00364256, 0.98248, 1.32505
6842.58, 0.97427, 0.00362871, 0.97483, 1.62731
6842.59, 0.966481, 0.00360778, 0.96437, 1.94906
6842.6, 0.955266, 0.00357669, 0.95076, 2.28252
6842.61, 0.939937, 0.00353384, 0.93401, 2.61305
6842.62, 0.921295, 0.00348231, 0.91454, 2.93091
6842.63, 0.899999, 0.00342409, 0.89326, 3.22342
6842.64, 0.875982, 0.00335768, 0.87152, 3.48082
6842.65, 0.851202, 0.00328824, 0.851, 3.69435
6842.66, 0.830206, 0.00322958, 0.83351, 3.85815
6842.67, 0.815483, 0.00318887, 0.82078, 3.96931
6842.68, 0.807574, 0.00316698, 0.81413, 4.02586
6842.69, 0.80716, 0.00316602, 0.81428, 4.02586
6842.7, 0.814847, 0.00318825, 0.82123, 3.97028
6842.71, 0.829927, 0.00323161, 0.83424, 3.8601
6842.72, 0.850952, 0.0032917, 0.85198, 3.69727
6842.73, 0.875583, 0.00336164, 0.87271, 3.48472
6842.74, 0.90101, 0.0034334, 0.89462, 3.22732
6842.75, 0.923786, 0.00349756, 0.91601, 2.93578
6842.76, 0.942094, 0.00354921, 0.93552, 2.6189
6842.77, 0.957241, 0.00359211, 0.95224, 2.2874
6842.78, 0.969878, 0.00362817, 0.96576, 1.95491
6842.79, 0.979471, 0.00365603, 0.9761, 1.63218
6842.8, 0.986043, 0.00367545, 0.98358, 1.32993
6842.81, 0.990169, 0.00368747, 0.98873, 1.05692
6842.82, 0.992721, 0.00369482, 0.99212, 0.819017
6842.83, 0.994704, 0.00370095, 0.99427, 0.619138
6842.84, 0.996973, 0.00370782, 0.99561, 0.459234
6842.85, 0.999893, 0.00371599, 0.99644, 0.336382
6842.86, 1.00213, 0.00372266, 0.99697, 0.24668
6842.87, 1.0027, 0.00372556, 0.99732, 0.183304
6842.88, 1.00249, 0.00372579, 0.99757, 0.139428
6842.89, 1.00254, 0.00372574, 0.99775, 0.111152
6842.9, 1.00349, 0.00372889, 0.99789, 0.0926269
6842.91, 1.00495, 0.00373441, 0.998, 0.0809266
6842.92, 1.00541, 0.00373669, 0.99809, 0.0721515
6842.93, 1.00485, 0.00373539, 0.99817, 0.0653263
6842.94, 1.00436, 0.00373426, 0.99823, 0.0585012
6842.95, 1.00443, 0.00373479, 0.99828, 0.051676
6842.96, 1.00503, 0.00373684, 0.99831, 0.0429009
6842.97, 1.00518, 0.00373797, 0.99834, 0.0331507
6842.98, 1.00417, 0.00373634, 0.99838, 0.0234005
6842.99, 1.00336, 0.00373488, 0.99842, 0.0146253
6843, 1.00354, 0.00373532, 0.99849, 0.00780016
6843.01, 1.00309, 0.00373416, 1, 0
6843.02, 1.00147, 0.00373047, 1, 0
6843.03, 1.00031, 0.00372827, 1, 0
6843.04, 0.999944, 0.00372813, 1, 0
6843.05, 0.999238, 0.00372678, 1, 0
6843.06, 0.997969, 0.00372365, 1, 0
6843.07, 0.996771, 0.00372075, 1, 0
