wav, obs, sigma_obs, syn, weight
6855.34, 0.984424, 0.00470831, 1, 0
6855.35, 0.983428, 0.00470737, 1, 0
6855.36, 0.983196, 0.00470871, 1, 0
6855.37, 0.985612, 0.00471791, 1, 0
6855.38, 0.988319, 0.0047275, 1, 0
6855.39, 0.989098, 0.00473084, 1, 0
6855.4, 0.989845, 0.00473484, 1, 0
6855.41, 0.991142, 0.00474066, 0.99969, 0.0551052
6855.42, 0.991469, 0.00474127, 0.99929, 0.106537
6855.43, 0.99132, 0.00474054, 0.99864, 0.172663
6855.44, 0.991825, 0.00474518, 0.99777, 0.242463
6855.45, 0.992167, 0.00474917, 0.99683, 0.303079
6855.46, 0.992146, 0.00474968, 0.99603, 0.337978
6855.47, 0.993176, 0.00475343, 0.9955, 0.352673
6855.48, 0.994671, 0.00475909, 0.99523, 0.349
6855.49, 0.994858, 0.00476026, 0.99515, 0.341652
6855.5, 0.994406, 0.00475939, 0.99511, 0.332468
6855.51, 0.994378, 0.0047603, 0.99502, 0.330631
6855.52, 0.99481, 0.00476283, 0.99478, 0.334305
6855.53, 0.995047, 0.00476523, 0.99432, 0.352673
6855.54, 0.994127, 0.00476502, 0.99352, 0.393084
6855.55, 0.993248, 0.00476335, 0.9923, 0.455536
6855.56, 0.993647, 0.00476223, 0.99055, 0.552889
6855.57, 0.993364, 0.00476083, 0.98819, 0.685141
6855.58, 0.991592, 0.00475795, 0.98519, 0.861478
6855.59, 0.989958, 0.00475287, 0.98156, 1.07822
6855.6, 0.988424, 0.00474677, 0.97739, 1.33355
6855.61, 0.985966, 0.0047411, 0.97281, 1.61826
6855.62, 0.982657, 0.00473311, 0.968, 1.92317
6855.63, 0.978384, 0.004719, 0.96316, 2.23176
6855.64, 0.972097, 0.00469576, 0.95849, 2.53484
6855.65, 0.963956, 0.00466576, 0.95417, 2.81588
6855.66, 0.955127, 0.00463502, 0.95032, 3.06936
6855.67, 0.945598, 0.00460224, 0.94703, 3.2806
6855.68, 0.935453, 0.00456624, 0.94435, 3.45142
6855.69, 0.926385, 0.00453438, 0.94229, 3.57265
6855.7, 0.919941, 0.00451221, 0.94085, 3.64796
6855.71, 0.916964, 0.004501, 0.94003, 3.67368
6855.72, 0.91631, 0.00449901, 0.9398, 3.65347
6855.73, 0.916682, 0.00450434, 0.94017, 3.58551
6855.74, 0.920331, 0.00452031, 0.94113, 3.46795
6855.75, 0.92808, 0.00454744, 0.9427, 3.30264
6855.76, 0.93713, 0.00457987, 0.94486, 3.09324
6855.77, 0.946262, 0.00461433, 0.94761, 2.84159
6855.78, 0.955494, 0.00464933, 0.95089, 2.55872
6855.79, 0.963675, 0.00468019, 0.9546, 2.25013
6855.8, 0.97001, 0.00470372, 0.9586, 1.93236
6855.81, 0.975376, 0.00472247, 0.96269, 1.61642
6855.82, 0.98048, 0.00474043, 0.96664, 1.31885
6855.83, 0.985403, 0.00476077, 0.97019, 1.047
6855.84, 0.988562, 0.00477512, 0.9731, 0.810046
6855.85, 0.988932, 0.00477649, 0.97515, 0.615341
6855.86, 0.989458, 0.00477801, 0.97619, 0.45921
6855.87, 0.991347, 0.00478641, 0.97612, 0.341652
6855.88, 0.992584, 0.00479482, 0.97494, 0.255321
6855.89, 0.992644, 0.00479838, 0.97268, 0.194705
6855.9, 0.992106, 0.00479602, 0.96945, 0.156131
6855.91, 0.991738, 0.00479456, 0.96549, 0.126742
6855.92, 0.992058, 0.00479824, 0.96113, 0.11021
6855.93, 0.992998, 0.00480294, 0.95702, 0.0955157
6855.94, 0.993528, 0.00480456, 0.95423, 0.0844946
6855.95, 0.992416, 0.00480106, 0.95415, 0.0771473
6855.96, 0.991546, 0.00479834, 0.95791, 0.0661262
6855.97, 0.992278, 0.00480051, 0.96546, 0.0532684
6855.98, 0.992094, 0.00480095, 0.97522, 0.0422473
6855.99, 0.991019, 0.00479987, 0.98472, 0.0293894
6856, 0.991809, 0.00480458, 0.99202, 0.0165316
6856.01, 0.992136, 0.00480601, 0.9965, 0.00734736
6856.02, 0.989264, 0.00479507, 1, 0
6856.03, 0.987389, 0.00478905, 1, 0
6856.04, 0.988557, 0.00479565, 1, 0
6856.05, 0.989963, 0.00480223, 1, 0
6856.06, 0.990735, 0.00480529, 1, 0
6856.07, 0.991686, 0.00480934, 1, 0
6856.08, 0.992648, 0.00481345, 1, 0
