wav, obs, sigma_obs, syn, weight
6856.87, 1.00052, 0.00493541, 1, 0
6856.88, 1.00033, 0.00493516, 1, 0
6856.89, 1.00023, 0.00493534, 1, 0
6856.9, 0.999208, 0.0049312, 1, 0
6856.91, 0.997824, 0.00492545, 1, 0
6856.92, 0.997783, 0.00492612, 1, 0
6856.93, 0.999179, 0.00493287, 1, 0
6856.94, 1.00093, 0.00494102, 1, 0
6856.95, 1.0008, 0.0049444, 0.99886, 0.0168184
6856.96, 0.999044, 0.0049384, 0.99881, 0.0245808
6856.97, 0.998838, 0.0049248, 0.99878, 0.0349306
6856.98, 0.999897, 0.00494331, 0.99875, 0.0452804
6856.99, 1.00041, 0.0049928, 0.99872, 0.0530428
6857, 1.00015, 0.00486813, 0.99869, 0.0608051
6857.01, 0.999817, 0.00479883, 0.99865, 0.0672738
6857.02, 1.0007, 0.00548502, 0.9986, 0.0737424
6857.03, 1.00032, 0.00499848, 0.99853, 0.0827985
6857.04, 0.997577, 0.0025363, 0.99845, 0.0957357
6857.05, 0.998073, 0.00247488, 0.99835, 0.115142
6857.06, 0.999302, 0.00337918, 0.99822, 0.144897
6857.07, 0.998813, 0.00368913, 0.99803, 0.191471
6857.08, 0.997377, 0.00349793, 0.99777, 0.258745
6857.09, 0.996534, 0.00331555, 0.99736, 0.355775
6857.1, 0.996355, 0.00332118, 0.9967, 0.486441
6857.11, 0.99553, 0.00338325, 0.99564, 0.655919
6857.12, 0.993166, 0.00339501, 0.99396, 0.866797
6857.13, 0.989934, 0.00337153, 0.99134, 1.11519
6857.14, 0.986741, 0.00335109, 0.98745, 1.39981
6857.15, 0.983247, 0.00334304, 0.98194, 1.71031
6857.16, 0.978159, 0.0033346, 0.97454, 2.03503
6857.17, 0.970589, 0.0033166, 0.96512, 2.36493
6857.18, 0.960777, 0.00329062, 0.9538, 2.68448
6857.19, 0.949134, 0.00325986, 0.94102, 2.98075
6857.2, 0.935968, 0.00322574, 0.92749, 3.24467
6857.21, 0.921525, 0.00318866, 0.91421, 3.46848
6857.22, 0.906827, 0.00315094, 0.90233, 3.64572
6857.23, 0.894511, 0.00311903, 0.89296, 3.77509
6857.24, 0.887159, 0.0030993, 0.88708, 3.85142
6857.25, 0.885241, 0.0030934, 0.88531, 3.8773
6857.26, 0.888178, 0.00310066, 0.88783, 3.85013
6857.27, 0.895312, 0.00311956, 0.89437, 3.77251
6857.28, 0.905872, 0.00314729, 0.9042, 3.64443
6857.29, 0.918971, 0.00318079, 0.91632, 3.4646
6857.3, 0.933081, 0.00321627, 0.92958, 3.24078
6857.31, 0.94644, 0.00324972, 0.94286, 2.97686
6857.32, 0.958111, 0.00327902, 0.95523, 2.68189
6857.33, 0.968273, 0.00330461, 0.96602, 2.36493
6857.34, 0.977083, 0.00332685, 0.97488, 2.04279
6857.35, 0.984212, 0.0033449, 0.98175, 1.72324
6857.36, 0.989203, 0.0033576, 0.98681, 1.42181
6857.37, 0.992188, 0.00336518, 0.99035, 1.14754
6857.38, 0.993929, 0.0033694, 0.99273, 0.90949
6857.39, 0.995139, 0.003372, 0.99428, 0.710256
6857.4, 0.996213, 0.00337421, 0.99528, 0.551127
6857.41, 0.997438, 0.00337708, 0.99594, 0.428223
6857.42, 0.998633, 0.00338009, 0.99638, 0.337663
6857.43, 0.999205, 0.00338137, 0.9967, 0.275564
6857.44, 0.998868, 0.00337998, 0.99693, 0.231577
6857.45, 0.998305, 0.00337785, 0.9971, 0.203115
6857.46, 0.998307, 0.00337725, 0.99722, 0.183709
6857.47, 0.998757, 0.00337803, 0.99729, 0.170772
6857.48, 0.998907, 0.00337831, 0.99733, 0.160422
6857.49, 0.998387, 0.00337711, 0.99733, 0.15266
6857.5, 0.997744, 0.00337563, 0.99731, 0.141016
6857.51, 0.997576, 0.0033752, 0.99726, 0.128079
6857.52, 0.997756, 0.00337547, 0.99719, 0.109967
6857.53, 0.997758, 0.00337517, 0.99712, 0.0866797
6857.54, 0.997386, 0.00337383, 0.99707, 0.0633926
6857.55, 0.997063, 0.00337252, 0.99706, 0.0413992
6857.56, 0.9972, 0.00337227, 1, 0
6857.57, 0.997637, 0.00337288, 1, 0
6857.58, 0.997971, 0.00337359, 1, 0
6857.59, 0.998045, 0.00337403, 1, 0
6857.6, 0.998066, 0.00337434, 1, 0
6857.61, 0.998233, 0.0033747, 1, 0
6857.62, 0.998531, 0.00337512, 1, 0
6857.63, 0.99884, 0.00337555, 1, 0
