wav, obs, sigma_obs, syn, weight
6862.1, 0.999679, 0.00322807, 1, 0
6862.11, 0.999288, 0.00322616, 1, 0
6862.12, 0.998828, 0.00322408, 1, 0
6862.13, 0.998782, 0.00322302, 1, 0
6862.14, 0.999307, 0.00322339, 1, 0
6862.15, 0.999845, 0.00322405, 1, 0
6862.16, 0.999667, 0.00322349, 1, 0
6862.17, 0.998988, 0.00322209, 1, 0
6862.18, 0.998929, 0.00322213, 1, 0
6862.19, 1.00008, 0.00322475, 0.99885, 0.0220575
6862.2, 1.00137, 0.00322756, 0.99889, 0.0294099
6862.21, 1.00154, 0.0032278, 0.99892, 0.035537
6862.22, 1.00077, 0.00322574, 0.99895, 0.0416641
6862.23, 1.00014, 0.00322352, 0.99896, 0.0477912
6862.24, 1.00014, 0.00322227, 0.99895, 0.0526928
6862.25, 1.0001, 0.00322121, 0.99892, 0.0588199
6862.26, 0.999377, 0.00321951, 0.99886, 0.0661724
6862.27, 0.998234, 0.0032173, 0.99879, 0.0759757
6862.28, 0.997301, 0.00321509, 0.99869, 0.0919061
6862.29, 0.996692, 0.00321286, 0.99857, 0.116414
6862.3, 0.995902, 0.00320997, 0.99841, 0.150726
6862.31, 0.994608, 0.00320616, 0.99819, 0.204644
6862.32, 0.993361, 0.00320282, 0.99787, 0.279394
6862.33, 0.992867, 0.00320159, 0.99737, 0.381104
6862.34, 0.992894, 0.00320173, 0.99657, 0.514674
6862.35, 0.992473, 0.0032006, 0.9953, 0.685007
6862.36, 0.990942, 0.00319644, 0.99329, 0.892102
6862.37, 0.988429, 0.00318987, 0.99023, 1.13718
6862.38, 0.985091, 0.00318154, 0.98572, 1.41413
6862.39, 0.980335, 0.00316988, 0.97936, 1.71681
6862.4, 0.973198, 0.00315218, 0.97081, 2.03786
6862.41, 0.963288, 0.00312748, 0.95986, 2.36627
6862.42, 0.951091, 0.00309751, 0.94656, 2.68978
6862.43, 0.937081, 0.00306378, 0.93127, 2.99614
6862.44, 0.921282, 0.00302576, 0.91475, 3.27553
6862.45, 0.903642, 0.00298245, 0.89807, 3.51816
6862.46, 0.88555, 0.00293725, 0.88257, 3.71791
6862.47, 0.869817, 0.00289795, 0.86967, 3.86863
6862.48, 0.858863, 0.00287105, 0.86063, 3.96667
6862.49, 0.853715, 0.00285868, 0.85642, 4.01078
6862.5, 0.855042, 0.00286193, 0.85748, 3.99975
6862.51, 0.862482, 0.00287975, 0.86371, 3.93358
6862.52, 0.875012, 0.00290972, 0.87444, 3.81471
6862.53, 0.891283, 0.00294866, 0.88856, 3.64316
6862.54, 0.909345, 0.00299202, 0.9047, 3.42381
6862.55, 0.927266, 0.00303524, 0.92148, 3.16524
6862.56, 0.943679, 0.00307494, 0.93764, 2.8736
6862.57, 0.957461, 0.00310821, 0.95222, 2.55744
6862.58, 0.968278, 0.00313413, 0.96463, 2.23025
6862.59, 0.976743, 0.00315418, 0.97464, 1.90184
6862.6, 0.983438, 0.00316973, 0.9823, 1.58691
6862.61, 0.988589, 0.00318134, 0.9879, 1.29036
6862.62, 0.992343, 0.00318938, 0.99182, 1.02567
6862.63, 0.994925, 0.00319472, 0.99445, 0.795294
6862.64, 0.996623, 0.00319866, 0.99615, 0.601678
6862.65, 0.99771, 0.00320203, 0.99723, 0.444825
6862.66, 0.998424, 0.00320457, 0.99791, 0.324735
6862.67, 0.998982, 0.00320591, 0.99834, 0.232829
6862.68, 0.999466, 0.0032062, 0.99861, 0.167882
6862.69, 0.999891, 0.00320581, 0.99878, 0.121316
6862.7, 1.00022, 0.00320521, 0.9989, 0.0894552
6862.71, 1.00033, 0.00320499, 0.99896, 0.0686232
6862.72, 1.00018, 0.00320556, 0.99898, 0.0551436
6862.73, 1.00002, 0.00320655, 0.99897, 0.0453403
6862.74, 1.00024, 0.00320738, 0.99891, 0.0367624
6862.75, 1.00076, 0.00320782, 0.99883, 0.0318608
6862.76, 1.00115, 0.00320801, 0.99872, 0.0257337
6862.77, 1.0011, 0.00320799, 0.99861, 0.0220575
6862.78, 1.00076, 0.00320738, 0.9985, 0.0159304
6862.79, 1.00035, 0.0032058, 0.99842, 0.0122541
6862.8, 1.00004, 0.0032039, 1, 0
6862.81, 0.999962, 0.00320286, 1, 0
6862.82, 1.00013, 0.00320316, 1, 0
6862.83, 1.00036, 0.00320392, 1, 0
6862.84, 1.00046, 0.00320426, 1, 0
6862.85, 1.00044, 0.00320415, 1, 0
6862.86, 1.00042, 0.003204, 1, 0
6862.87, 1.00043, 0.003204, 1, 0
6862.88, 1.00045, 0.003204, 1, 0
