wav, obs, sigma_obs, syn, weight
6881.32, 0.998719, 0.00284457, 1, 0
6881.33, 0.997348, 0.00284145, 1, 0
6881.34, 0.996135, 0.00283863, 1, 0
6881.35, 0.994815, 0.00283561, 1, 0
6881.36, 0.992979, 0.00283161, 1, 0
6881.37, 0.990462, 0.00282622, 1, 0
6881.38, 0.987303, 0.00281925, 1, 0
6881.39, 0.983617, 0.00281087, 1, 0
6881.4, 0.979686, 0.00280221, 1, 0
6881.41, 0.975823, 0.00279438, 0.99958, 0.0120027
6881.42, 0.972322, 0.0027875, 0.99955, 0.018004
6881.43, 0.969491, 0.00278147, 0.99952, 0.0240053
6881.44, 0.967832, 0.0027775, 0.99948, 0.0300067
6881.45, 0.967987, 0.00277779, 0.99944, 0.036008
6881.46, 0.97016, 0.00278291, 0.9994, 0.0420093
6881.47, 0.97393, 0.00279114, 0.99934, 0.0480107
6881.48, 0.978734, 0.00280078, 0.99928, 0.054012
6881.49, 0.983738, 0.00281081, 0.99921, 0.0600133
6881.5, 0.98816, 0.00282034, 0.99912, 0.0780173
6881.51, 0.991832, 0.00282856, 0.99901, 0.102023
6881.52, 0.994808, 0.00283478, 0.99887, 0.126028
6881.53, 0.996956, 0.00283879, 0.99867, 0.174039
6881.54, 0.998009, 0.00284082, 0.99837, 0.240053
6881.55, 0.997992, 0.00284115, 0.99791, 0.330073
6881.56, 0.997364, 0.00284017, 0.99716, 0.4501
6881.57, 0.99639, 0.00283803, 0.99595, 0.606135
6881.58, 0.994651, 0.00283409, 0.994, 0.798177
6881.59, 0.991627, 0.00282757, 0.99096, 1.02623
6881.6, 0.986939, 0.00281751, 0.98638, 1.29029
6881.61, 0.980273, 0.00280293, 0.9798, 1.59035
6881.62, 0.971354, 0.00278345, 0.9708, 1.90242
6881.63, 0.959946, 0.00275912, 0.95913, 2.2385
6881.64, 0.945989, 0.00272986, 0.94485, 2.56857
6881.65, 0.929685, 0.00269536, 0.92845, 2.88664
6881.66, 0.911651, 0.00265642, 0.91087, 3.18071
6881.67, 0.893693, 0.00261734, 0.89348, 3.43876
6881.68, 0.877796, 0.00258288, 0.87788, 3.66081
6881.69, 0.865642, 0.00255674, 0.86573, 3.83485
6881.7, 0.858743, 0.00254204, 0.8584, 3.95488
6881.71, 0.857803, 0.00254021, 0.85677, 4.02089
6881.72, 0.862881, 0.00255133, 0.86105, 4.02689
6881.73, 0.873419, 0.00257412, 0.8707, 3.97888
6881.74, 0.887936, 0.0026053, 0.8846, 3.88286
6881.75, 0.904882, 0.00264149, 0.90122, 3.73283
6881.76, 0.922716, 0.00267949, 0.91889, 3.53479
6881.77, 0.939945, 0.00271621, 0.93607, 3.28873
6881.78, 0.955357, 0.00274906, 0.95159, 3.01267
6881.79, 0.967911, 0.00277575, 0.96471, 2.7006
6881.8, 0.977414, 0.00279587, 0.97516, 2.38253
6881.81, 0.984356, 0.00281056, 0.98301, 2.04645
6881.82, 0.989313, 0.00282108, 0.98862, 1.72238
6881.83, 0.992964, 0.00282885, 0.99244, 1.41631
6881.84, 0.995841, 0.00283498, 0.99494, 1.13425
6881.85, 0.997992, 0.00283967, 0.99651, 0.888197
6881.86, 0.999396, 0.00284296, 0.99748, 0.678151
6881.87, 1.00023, 0.0028449, 0.99808, 0.510113
6881.88, 1.00075, 0.00284565, 0.99845, 0.378084
6881.89, 1.00134, 0.00284622, 0.99869, 0.276061
6881.9, 1.00243, 0.0028483, 0.99886, 0.210047
6881.91, 1.00393, 0.00285192, 0.99898, 0.168037
6881.92, 1.00489, 0.00285448, 0.99906, 0.144032
6881.93, 1.00474, 0.00285431, 0.99913, 0.126028
6881.94, 1.00432, 0.0028534, 0.99918, 0.132029
6881.95, 1.00455, 0.00285398, 0.99921, 0.144032
6881.96, 1.00513, 0.00285519, 0.99924, 0.162036
6881.97, 1.0053, 0.00285506, 0.99925, 0.192043
6881.98, 1.00504, 0.00285383, 0.99924, 0.222049
6881.99, 1.00499, 0.00285345, 0.99922, 0.234052
6882, 1.00532, 0.0028545, 0.99917, 0.246055
6882.01, 1.00562, 0.00285541, 0.99909, 0.234052
6882.02, 1.00557, 0.00285506, 0.99898, 0.204045
6882.03, 1.00542, 0.00285442, 0.99882, 0.168037
6882.04, 1.00547, 0.00285457, 1, 0
6882.05, 1.00564, 0.00285519, 1, 0
6882.06, 1.00571, 0.00285544, 1, 0
6882.07, 1.00572, 0.00285532, 1, 0
6882.08, 1.0059, 0.00285552, 1, 0
6882.09, 1.00635, 0.00285635, 1, 0
6882.1, 1.00691, 0.00285747, 1, 0
6882.11, 1.00739, 0.00285836, 1, 0
6882.12, 1.00786, 0.00285926, 1, 0
