wav, obs, sigma_obs, syn, weight
6897.92, 0.947857, 0.00279248, 1, 0
6897.93, 0.951622, 0.00280068, 1, 0
6897.94, 0.955493, 0.0028089, 1, 0
6897.95, 0.959031, 0.00281647, 1, 0
6897.96, 0.961687, 0.00282259, 1, 0
6897.97, 0.963781, 0.00282763, 1, 0
6897.98, 0.966085, 0.00283263, 1, 0
6897.99, 0.968706, 0.00283796, 1, 0
6898, 0.97124, 0.00284346, 0.99971, 0.00594735
6898.01, 0.973336, 0.00284848, 0.99972, 0.00792979
6898.02, 0.974722, 0.00285196, 0.99972, 0.0118947
6898.03, 0.975602, 0.00285412, 0.99973, 0.0158596
6898.04, 0.97679, 0.00285686, 0.99973, 0.0198245
6898.05, 0.978687, 0.00286111, 0.99973, 0.0237894
6898.06, 0.980919, 0.00286592, 0.99971, 0.0297367
6898.07, 0.983198, 0.00287063, 0.99969, 0.0356841
6898.08, 0.98559, 0.0028756, 0.99965, 0.0475788
6898.09, 0.988095, 0.00288102, 0.9996, 0.0674033
6898.1, 0.99037, 0.0028862, 0.99954, 0.09714
6898.11, 0.992059, 0.00289037, 0.99943, 0.140754
6898.12, 0.99303, 0.00289311, 0.99927, 0.208157
6898.13, 0.99331, 0.00289432, 0.99901, 0.303315
6898.14, 0.993498, 0.00289509, 0.99858, 0.434156
6898.15, 0.99422, 0.00289661, 0.99788, 0.604647
6898.16, 0.994806, 0.00289756, 0.99675, 0.816769
6898.17, 0.994102, 0.0028957, 0.99499, 1.07449
6898.18, 0.992142, 0.00289133, 0.9924, 1.36789
6898.19, 0.989608, 0.00288617, 0.98872, 1.69103
6898.2, 0.98619, 0.00287925, 0.98379, 2.03201
6898.21, 0.980825, 0.00286764, 0.97752, 2.37696
6898.22, 0.973424, 0.00285109, 0.96997, 2.71199
6898.23, 0.964899, 0.00283213, 0.96143, 3.02125
6898.24, 0.95574, 0.00281213, 0.95235, 3.29879
6898.25, 0.945815, 0.00279082, 0.9434, 3.53272
6898.26, 0.935743, 0.00276937, 0.93533, 3.71907
6898.27, 0.927514, 0.0027518, 0.92889, 3.85388
6898.28, 0.92268, 0.00274129, 0.92475, 3.93318
6898.29, 0.921465, 0.00273855, 0.92333, 3.96093
6898.3, 0.923782, 0.00274362, 0.9248, 3.93318
6898.31, 0.929139, 0.00275556, 0.92898, 3.8519
6898.32, 0.936856, 0.00277292, 0.93545, 3.72106
6898.33, 0.945806, 0.00279296, 0.94354, 3.53471
6898.34, 0.954835, 0.00281287, 0.95249, 3.29879
6898.35, 0.963293, 0.00283114, 0.96155, 3.02522
6898.36, 0.970712, 0.00284682, 0.97006, 2.71397
6898.37, 0.976712, 0.00285962, 0.97757, 2.37894
6898.38, 0.981046, 0.00286962, 0.98379, 2.03399
6898.39, 0.984448, 0.00287792, 0.98868, 1.69499
6898.4, 0.98816, 0.00288609, 0.9923, 1.37185
6898.41, 0.992208, 0.00289439, 0.99486, 1.07845
6898.42, 0.995686, 0.00290206, 0.99658, 0.820734
6898.43, 0.99828, 0.00290847, 0.99769, 0.608612
6898.44, 1.00029, 0.00291319, 0.99839, 0.436139
6898.45, 1.00198, 0.00291651, 0.99882, 0.305297
6898.46, 1.00353, 0.00291957, 0.99909, 0.21014
6898.47, 1.00481, 0.00292251, 0.99927, 0.142736
6898.48, 1.00521, 0.00292367, 0.99939, 0.0991224
6898.49, 1.00456, 0.00292236, 0.99949, 0.0693857
6898.5, 1.00368, 0.00292047, 0.99957, 0.0515437
6898.51, 1.00322, 0.00291947, 0.99963, 0.039649
6898.52, 1.00289, 0.0029186, 0.99968, 0.0337016
6898.53, 1.00227, 0.00291697, 0.99971, 0.0277543
6898.54, 1.00114, 0.00291477, 0.99974, 0.0218069
6898.55, 0.999434, 0.00291238, 0.99977, 0.017842
6898.56, 0.997593, 0.00290995, 0.99978, 0.0158596
6898.57, 0.996216, 0.00290765, 0.9998, 0.0118947
6898.58, 0.995719, 0.00290643, 0.99981, 0.00594735
6898.59, 0.996391, 0.00290748, 1, 0
6898.6, 0.998014, 0.00291081, 1, 0
6898.61, 1.00009, 0.00291572, 1, 0
6898.62, 1.00208, 0.00292077, 1, 0
6898.63, 1.0035, 0.00292408, 1, 0
6898.64, 1.0043, 0.00292537, 1, 0
6898.65, 1.00498, 0.00292631, 1, 0
6898.66, 1.00582, 0.00292776, 1, 0
