wav, obs, sigma_obs, syn, weight
6931.84, 0.999948, 0.00461663, 1, 0
6931.85, 0.99975, 0.00461735, 1, 0
6931.86, 1.00128, 0.00462355, 1, 0
6931.87, 1.0032, 0.00463068, 1, 0
6931.88, 1.00296, 0.00463022, 1, 0
6931.89, 1.00219, 0.00462824, 1, 0
6931.9, 1.00304, 0.00463226, 1, 0
6931.91, 1.00387, 0.00463574, 0.99944, 0.00487977
6931.92, 1.00356, 0.0046348, 0.99936, 0.00487977
6931.93, 1.00293, 0.0046342, 0.99931, 0.00975955
6931.94, 1.00266, 0.00463577, 0.99928, 0.0146393
6931.95, 1.00298, 0.00463817, 0.99925, 0.0243989
6931.96, 1.00355, 0.00464032, 0.99921, 0.0292786
6931.97, 1.00369, 0.00464098, 0.99914, 0.0341584
6931.98, 1.00265, 0.00463788, 0.99904, 0.0536775
6931.99, 1.00056, 0.0046316, 0.99888, 0.0731966
6932, 0.999095, 0.00462785, 0.99861, 0.112235
6932.01, 0.998541, 0.00462732, 0.99817, 0.165912
6932.02, 0.997856, 0.00462593, 0.99744, 0.253748
6932.03, 0.997152, 0.00462414, 0.99624, 0.370863
6932.04, 0.996846, 0.00462375, 0.99431, 0.527016
6932.05, 0.996177, 0.00462264, 0.99137, 0.736846
6932.06, 0.99468, 0.00461889, 0.9871, 0.985714
6932.07, 0.993015, 0.00461299, 0.9812, 1.2785
6932.08, 0.991037, 0.00460536, 0.97349, 1.60057
6932.09, 0.987844, 0.00459632, 0.96396, 1.93727
6932.1, 0.984554, 0.00458809, 0.9528, 2.27397
6932.11, 0.982711, 0.00458262, 0.94044, 2.59604
6932.12, 0.980805, 0.00457607, 0.92751, 2.88883
6932.13, 0.976833, 0.00456315, 0.91477, 3.14257
6932.14, 0.969535, 0.00453885, 0.90305, 3.3524
6932.15, 0.957473, 0.00449777, 0.89316, 3.51832
6932.16, 0.939263, 0.00443529, 0.88577, 3.63055
6932.17, 0.917377, 0.00435984, 0.88141, 3.68911
6932.18, 0.896178, 0.00428623, 0.88038, 3.70863
6932.19, 0.878129, 0.00422287, 0.88276, 3.67447
6932.2, 0.865082, 0.00417666, 0.88837, 3.59151
6932.21, 0.85881, 0.0041554, 0.89683, 3.45976
6932.22, 0.861227, 0.00416578, 0.90754, 3.27921
6932.23, 0.874029, 0.00421174, 0.91975, 3.04986
6932.24, 0.894315, 0.00428309, 0.93266, 2.78147
6932.25, 0.916728, 0.00436225, 0.94544, 2.46917
6932.26, 0.938389, 0.00443954, 0.95738, 2.14222
6932.27, 0.957179, 0.00450732, 0.96791, 1.80552
6932.28, 0.970865, 0.0045566, 0.97672, 1.46881
6932.29, 0.978834, 0.00458483, 0.98368, 1.16139
6932.3, 0.982633, 0.00459827, 0.98889, 0.883239
6932.31, 0.98442, 0.00460524, 0.99258, 0.65389
6932.32, 0.986267, 0.00461341, 0.99506, 0.463579
6932.33, 0.98798, 0.0046209, 0.99665, 0.317185
6932.34, 0.988921, 0.00462466, 0.99762, 0.21959
6932.35, 0.989385, 0.00462717, 0.99819, 0.146393
6932.36, 0.989854, 0.00463059, 0.99851, 0.0975955
6932.37, 0.990823, 0.00463533, 0.99868, 0.0731966
6932.38, 0.992271, 0.00464139, 0.99876, 0.0585573
6932.39, 0.993823, 0.00464829, 0.99877, 0.0487977
6932.4, 0.995194, 0.00465383, 0.99874, 0.043918
6932.41, 0.996469, 0.00465744, 0.99867, 0.0292786
6932.42, 0.99865, 0.0046649, 0.99858, 0.0292786
6932.43, 1.00132, 0.00467572, 0.99851, 0.0195191
6932.44, 1.00194, 0.00467952, 0.99852, 0.00975955
6932.45, 1.00041, 0.00467537, 0.99863, 0.00487977
6932.46, 0.999239, 0.00467254, 1, 0
6932.47, 0.99821, 0.00467024, 1, 0
6932.48, 0.997181, 0.00466795, 1, 0
6932.49, 0.996151, 0.00466565, 1, 0
6932.5, 0.995122, 0.00466335, 1, 0
6932.51, 0.994093, 0.00466106, 1, 0
6932.52, 0.993063, 0.00465876, 1, 0
