wav, obs, sigma_obs, syn, weight
6971.56, 0.92632, 0.00267014, 1, 0
6971.57, 0.906838, 0.00262803, 1, 0
6971.58, 0.886618, 0.00258428, 1, 0
6971.59, 0.870166, 0.00254891, 1, 0
6971.6, 0.859847, 0.0025271, 1, 0
6971.61, 0.856159, 0.00251953, 1, 0
6971.62, 0.859168, 0.00252598, 1, 0
6971.63, 0.868517, 0.00254585, 1, 0
6971.64, 0.883565, 0.00257809, 0.99982, 0.00407365
6971.65, 0.902355, 0.00261842, 0.9998, 0.00611048
6971.66, 0.922266, 0.00266096, 0.99978, 0.0081473
6971.67, 0.940762, 0.00270021, 0.99978, 0.012221
6971.68, 0.95543, 0.0027311, 0.99977, 0.0142578
6971.69, 0.965618, 0.00275254, 0.99976, 0.0162946
6971.7, 0.972862, 0.00276837, 0.99976, 0.0224051
6971.71, 0.978369, 0.00278118, 0.99974, 0.0264787
6971.72, 0.982436, 0.00279047, 0.99972, 0.0366629
6971.73, 0.985365, 0.00279615, 0.99968, 0.0529575
6971.74, 0.987796, 0.00280052, 0.9996, 0.0773994
6971.75, 0.990257, 0.00280565, 0.99946, 0.118136
6971.76, 0.992308, 0.00281021, 0.99921, 0.179241
6971.77, 0.993282, 0.002812, 0.99879, 0.268861
6971.78, 0.993269, 0.00281146, 0.99808, 0.395144
6971.79, 0.992739, 0.00281037, 0.99695, 0.560127
6971.8, 0.991836, 0.0028091, 0.99521, 0.767883
6971.81, 0.990418, 0.00280691, 0.99267, 1.02045
6971.82, 0.988017, 0.00280235, 0.98915, 1.31172
6971.83, 0.983762, 0.00279319, 0.98449, 1.63353
6971.84, 0.97748, 0.00277909, 0.97864, 1.97572
6971.85, 0.970446, 0.0027637, 0.97164, 2.32198
6971.86, 0.96363, 0.0027497, 0.9637, 2.66417
6971.87, 0.956446, 0.00273513, 0.95516, 2.98191
6971.88, 0.94824, 0.0027178, 0.94649, 3.26911
6971.89, 0.939666, 0.00269917, 0.93824, 3.51149
6971.9, 0.931782, 0.00268189, 0.93095, 3.70702
6971.91, 0.925369, 0.00266788, 0.92517, 3.85164
6971.92, 0.921036, 0.00265863, 0.92131, 3.94329
6971.93, 0.918998, 0.00265449, 0.91968, 3.97792
6971.94, 0.919153, 0.00265487, 0.92038, 3.96163
6971.95, 0.921683, 0.00266009, 0.92338, 3.89237
6971.96, 0.927136, 0.00267169, 0.92844, 3.76813
6971.97, 0.935451, 0.0026897, 0.93519, 3.595
6971.98, 0.94528, 0.00271104, 0.94312, 3.36891
6971.99, 0.955362, 0.00273276, 0.9517, 3.09801
6972, 0.965198, 0.00275378, 0.96035, 2.79249
6972.01, 0.974362, 0.00277323, 0.96858, 2.45845
6972.02, 0.981988, 0.00278944, 0.97599, 2.11219
6972.03, 0.987241, 0.00280085, 0.98232, 1.76593
6972.04, 0.990856, 0.00280887, 0.98745, 1.43393
6972.05, 0.99431, 0.00281633, 0.99141, 1.1284
6972.06, 0.99761, 0.00282322, 0.99432, 0.85954
6972.07, 0.999568, 0.00282721, 0.99635, 0.63549
6972.08, 0.999903, 0.00282778, 0.9977, 0.452175
6972.09, 0.999532, 0.00282678, 0.99856, 0.311634
6972.1, 0.999156, 0.0028257, 0.99908, 0.207756
6972.11, 0.998904, 0.00282503, 0.99938, 0.136467
6972.12, 0.998846, 0.00282508, 0.99956, 0.0875835
6972.13, 0.999093, 0.00282595, 0.99965, 0.0570311
6972.14, 0.999685, 0.00282751, 0.99971, 0.0386997
6972.15, 1.00025, 0.00282889, 0.99974, 0.0264787
6972.16, 1.00038, 0.00282913, 0.99975, 0.0203683
6972.17, 1.00033, 0.00282893, 0.99976, 0.0162946
6972.18, 1.0007, 0.00282974, 0.99976, 0.012221
6972.19, 1.00154, 0.00283173, 0.99976, 0.0101841
6972.2, 1.00247, 0.00283406, 0.99976, 0.0081473
6972.21, 1.00322, 0.00283606, 0.99977, 0.00611048
6972.22, 1.0037, 0.00283737, 0.99979, 0.00203683
6972.23, 1.00393, 0.00283791, 1, 0
6972.24, 1.00411, 0.00283814, 1, 0
6972.25, 1.0044, 0.0028385, 1, 0
6972.26, 1.00472, 0.00283907, 1, 0
6972.27, 1.00498, 0.0028399, 1, 0
6972.28, 1.00521, 0.00284089, 1, 0
6972.29, 1.00544, 0.00284185, 1, 0
6972.3, 1.00568, 0.00284278, 1, 0
