wav, obs, sigma_obs, syn, weight
7009.99, 0.961721, 0.00439552, 1, 0
7010, 0.969906, 0.00442469, 1, 0
7010.01, 0.978086, 0.00445312, 1, 0
7010.02, 0.986095, 0.00447868, 1, 0
7010.03, 0.992737, 0.00450047, 1, 0
7010.04, 0.996888, 0.00451755, 1, 0
7010.05, 0.999044, 0.00452755, 1, 0
7010.06, 1.00026, 0.0045316, 0.9998, 0.00499709
7010.07, 1.0019, 0.00453678, 0.99977, 0.00749564
7010.08, 1.00378, 0.00454415, 0.99975, 0.00999418
7010.09, 1.00459, 0.00454936, 0.99973, 0.0174898
7010.1, 1.00479, 0.00455163, 0.99971, 0.0224869
7010.11, 1.00533, 0.00455216, 0.99969, 0.0299825
7010.12, 1.00566, 0.00455298, 0.99966, 0.0374782
7010.13, 1.00546, 0.00455525, 0.99963, 0.0474724
7010.14, 1.00549, 0.00455812, 0.9996, 0.0599651
7010.15, 1.00596, 0.00456099, 0.99955, 0.0799535
7010.16, 1.00643, 0.00456345, 0.99948, 0.109936
7010.17, 1.00603, 0.00456273, 0.99938, 0.157408
7010.18, 1.00425, 0.004557, 0.99922, 0.227368
7010.19, 1.00302, 0.00455346, 0.99896, 0.327309
7010.2, 1.00332, 0.00455577, 0.99853, 0.464729
7010.21, 1.00303, 0.00455597, 0.99785, 0.644625
7010.22, 1.00145, 0.00455125, 0.99678, 0.866995
7010.23, 0.99974, 0.00454549, 0.99517, 1.13434
7010.24, 0.998031, 0.00453974, 0.99285, 1.43666
7010.25, 0.995745, 0.00453263, 0.98969, 1.76397
7010.26, 0.991981, 0.00452021, 0.9856, 2.10128
7010.27, 0.986454, 0.00450121, 0.9806, 2.43358
7010.28, 0.980427, 0.00448178, 0.97484, 2.7509
7010.29, 0.974489, 0.00446379, 0.9686, 3.04073
7010.3, 0.968254, 0.00444341, 0.96228, 3.28809
7010.31, 0.961781, 0.00442188, 0.95636, 3.49047
7010.32, 0.955531, 0.00440295, 0.95132, 3.64538
7010.33, 0.950397, 0.00438642, 0.94761, 3.74782
7010.34, 0.947188, 0.00437303, 0.94556, 3.80528
7010.35, 0.946189, 0.00436861, 0.94537, 3.81028
7010.36, 0.9479, 0.00437659, 0.94705, 3.76531
7010.37, 0.953047, 0.00439627, 0.95045, 3.67036
7010.38, 0.960745, 0.00442363, 0.95526, 3.52545
7010.39, 0.969102, 0.0044529, 0.96104, 3.33556
7010.4, 0.976578, 0.0044795, 0.96732, 3.0957
7010.41, 0.98231, 0.00450068, 0.9736, 2.81586
7010.42, 0.986856, 0.00451722, 0.97948, 2.50354
7010.43, 0.990216, 0.00452886, 0.98464, 2.17373
7010.44, 0.991528, 0.00453371, 0.98891, 1.83393
7010.45, 0.992158, 0.00453676, 0.99225, 1.50662
7010.46, 0.994228, 0.00454507, 0.99471, 1.1993
7010.47, 0.99498, 0.0045494, 0.99645, 0.924462
7010.48, 0.991863, 0.00454087, 0.9976, 0.694596
7010.49, 0.987693, 0.0045276, 0.99834, 0.507205
7010.5, 0.983599, 0.00451333, 0.99879, 0.362289
7010.51, 0.977105, 0.00449153, 0.99907, 0.25735
7010.52, 0.966575, 0.00445681, 0.99923, 0.184892
7010.53, 0.95155, 0.00440647, 0.99933, 0.13742
7010.54, 0.933764, 0.00434624, 0.99939, 0.112435
7010.55, 0.915337, 0.00428347, 0.99942, 0.0974433
7010.56, 0.897156, 0.00422113, 0.99942, 0.0949447
7010.57, 0.881128, 0.00416604, 0.9994, 0.0974433
7010.58, 0.870847, 0.00413132, 0.99935, 0.104939
7010.59, 0.867778, 0.00412129, 0.99926, 0.107437
7010.6, 0.871777, 0.00413417, 0.99911, 0.104939
7010.61, 0.883681, 0.00417531, 0.9989, 0.0899476
7010.62, 0.902817, 0.00424449, 0.99863, 0.0674607
7010.63, 0.922713, 0.00431585, 0.99836, 0.0424753
7010.64, 0.939449, 0.00437405, 0.99817, 0.0224869
7010.65, 0.954574, 0.00442673, 1, 0
7010.66, 0.967745, 0.00447333, 1, 0
7010.67, 0.977078, 0.00450644, 1, 0
7010.68, 0.982995, 0.00452775, 1, 0
7010.69, 0.986849, 0.00454241, 1, 0
7010.7, 0.990079, 0.0045551, 1, 0
7010.71, 0.993667, 0.00456892, 1, 0
