wav, obs, sigma_obs, syn, weight
7010.95, 0.990654, 0.00457698, 1, 0
7010.96, 0.987159, 0.00456699, 1, 0
7010.97, 0.984105, 0.00456022, 1, 0
7010.98, 0.983689, 0.00456214, 1, 0
7010.99, 0.984131, 0.00456396, 1, 0
7011, 0.983917, 0.0045605, 1, 0
7011.01, 0.984421, 0.00456239, 1, 0
7011.02, 0.986609, 0.0045734, 0.98356, 0.00404666
7011.03, 0.99041, 0.00458763, 0.98371, 0.00809333
7011.04, 0.993888, 0.0045993, 0.98505, 0.01214
7011.05, 0.995232, 0.00460569, 0.98707, 0.0192217
7011.06, 0.997582, 0.00461587, 0.98935, 0.0252917
7011.07, 1.00242, 0.0046328, 0.99158, 0.0313617
7011.08, 1.00514, 0.0046405, 0.99359, 0.0354083
7011.09, 1.00471, 0.00463747, 0.99527, 0.0414783
7011.1, 1.00449, 0.00463859, 0.99658, 0.045525
7011.11, 1.00519, 0.00464487, 0.99755, 0.0526066
7011.12, 1.00608, 0.00465034, 0.99821, 0.0607
7011.13, 1.00668, 0.00465364, 0.99862, 0.0738516
7011.14, 1.00673, 0.00465459, 0.99885, 0.0930733
7011.15, 1.00623, 0.00465302, 0.99893, 0.123423
7011.16, 1.00565, 0.00465107, 0.9989, 0.168948
7011.17, 1.00575, 0.00465255, 0.99875, 0.23673
7011.18, 1.00614, 0.00465508, 0.99847, 0.330815
7011.19, 1.00604, 0.00465484, 0.99798, 0.460308
7011.2, 1.00575, 0.00465569, 0.99717, 0.628245
7011.21, 1.00528, 0.00465783, 0.99587, 0.835636
7011.22, 1.00351, 0.00465097, 0.99385, 1.08248
7011.23, 1.00001, 0.00463492, 0.99084, 1.36271
7011.24, 0.995182, 0.0046195, 0.98659, 1.67127
7011.25, 0.989432, 0.0046034, 0.98088, 1.99804
7011.26, 0.982772, 0.00458051, 0.97362, 2.3329
7011.27, 0.973665, 0.00454891, 0.96491, 2.66372
7011.28, 0.961911, 0.00451081, 0.95504, 2.97835
7011.29, 0.950387, 0.00447379, 0.94453, 3.26465
7011.3, 0.939462, 0.00443706, 0.93407, 3.51453
7011.31, 0.927348, 0.00439367, 0.92445, 3.71787
7011.32, 0.916706, 0.00435529, 0.91647, 3.87367
7011.33, 0.91103, 0.00433671, 0.91082, 3.97585
7011.34, 0.908831, 0.00433085, 0.90802, 4.02441
7011.35, 0.909075, 0.00433261, 0.90834, 4.01935
7011.36, 0.913431, 0.00434885, 0.91173, 3.95966
7011.37, 0.921288, 0.00437718, 0.91789, 3.84635
7011.38, 0.930053, 0.00440744, 0.92626, 3.68145
7011.39, 0.939567, 0.00444197, 0.93612, 3.46799
7011.4, 0.949919, 0.00448339, 0.94665, 3.21103
7011.41, 0.958175, 0.0045153, 0.95708, 2.91765
7011.42, 0.962992, 0.00453023, 0.96675, 2.59796
7011.43, 0.966655, 0.0045417, 0.97519, 2.26613
7011.44, 0.969963, 0.00455415, 0.98213, 1.93329
7011.45, 0.97242, 0.00456375, 0.98754, 1.60855
7011.46, 0.975231, 0.00457429, 0.99152, 1.30505
7011.47, 0.979465, 0.00458966, 0.99431, 1.03089
7011.48, 0.98344, 0.00460358, 0.99617, 0.793146
7011.49, 0.986562, 0.00461478, 0.99736, 0.592836
7011.5, 0.990605, 0.00463198, 0.99809, 0.434005
7011.51, 0.994832, 0.00465023, 0.99855, 0.312605
7011.52, 0.99689, 0.00465636, 0.99883, 0.22459
7011.53, 0.997694, 0.00465744, 0.999, 0.162878
7011.54, 0.9987, 0.0046633, 0.99912, 0.123423
7011.55, 0.999178, 0.00466858, 0.9992, 0.0981316
7011.56, 0.998442, 0.00466809, 0.99925, 0.0839683
7011.57, 0.996476, 0.00466123, 0.99929, 0.0768866
7011.58, 0.99391, 0.00465198, 0.9993, 0.0738516
7011.59, 0.991377, 0.0046451, 0.9993, 0.0748633
7011.6, 0.987066, 0.00463226, 0.99927, 0.075875
7011.61, 0.979384, 0.00460564, 0.9992, 0.0748633
7011.62, 0.969587, 0.00457117, 0.99911, 0.0687933
7011.63, 0.957913, 0.00453038, 0.99898, 0.0566533
7011.64, 0.943068, 0.00447771, 0.99883, 0.0404666
7011.65, 0.928538, 0.00442623, 0.9987, 0.0263033
7011.66, 0.919867, 0.00439706, 0.99864, 0.0131517
7011.67, 0.916573, 0.00438784, 1, 0
7011.68, 0.917145, 0.00439194, 1, 0
7011.69, 0.922211, 0.00441054, 1, 0
7011.7, 0.930995, 0.00444085, 1, 0
7011.71, 0.939808, 0.00447125, 1, 0
7011.72, 0.948183, 0.00450027, 1, 0
7011.73, 0.956557, 0.00452929, 1, 0
