wav, obs, sigma_obs, syn, weight
7022.04, 0.989232, 0.00308497, 1, 0
7022.05, 0.990009, 0.00308579, 1, 0
7022.06, 0.990786, 0.0030866, 1, 0
7022.07, 0.991563, 0.00308742, 1, 0
7022.08, 0.992368, 0.00308827, 1, 0
7022.09, 0.993408, 0.00308942, 1, 0
7022.1, 0.994088, 0.00309011, 1, 0
7022.11, 0.994122, 0.00309, 1, 0
7022.12, 0.993875, 0.00308968, 1, 0
7022.13, 0.99417, 0.00309043, 0.99854, 0.0312057
7022.14, 0.995301, 0.00309259, 0.99764, 0.0416077
7022.15, 0.996261, 0.00309416, 0.99648, 0.0520096
7022.16, 0.996003, 0.00309313, 0.99513, 0.0658788
7022.17, 0.994955, 0.00309051, 0.99368, 0.079748
7022.18, 0.994364, 0.00308903, 0.99227, 0.0936172
7022.19, 0.994622, 0.00308942, 0.99096, 0.117888
7022.2, 0.994493, 0.00308871, 0.98978, 0.152561
7022.21, 0.992753, 0.00308402, 0.98869, 0.197636
7022.22, 0.989553, 0.00307602, 0.9876, 0.263515
7022.23, 0.98564, 0.00306694, 0.98641, 0.353665
7022.24, 0.981431, 0.0030577, 0.98504, 0.471553
7022.25, 0.976847, 0.00304727, 0.98344, 0.624115
7022.26, 0.971895, 0.00303502, 0.98163, 0.804415
7022.27, 0.96729, 0.00302321, 0.97963, 1.02632
7022.28, 0.963969, 0.00301504, 0.97751, 1.2725
7022.29, 0.962362, 0.00301169, 0.97533, 1.53948
7022.3, 0.962306, 0.00301199, 0.97318, 1.82034
7022.31, 0.963511, 0.00301465, 0.97113, 2.10812
7022.32, 0.965291, 0.00301833, 0.96924, 2.38897
7022.33, 0.966875, 0.00302173, 0.96755, 2.64902
7022.34, 0.96783, 0.00302384, 0.9661, 2.87786
7022.35, 0.96804, 0.00302396, 0.96491, 3.07897
7022.36, 0.967369, 0.00302154, 0.96399, 3.23846
7022.37, 0.965589, 0.00301654, 0.96333, 3.35635
7022.38, 0.96252, 0.00300911, 0.96295, 3.42916
7022.39, 0.958853, 0.00300077, 0.96284, 3.46037
7022.4, 0.955905, 0.00299404, 0.963, 3.4465
7022.41, 0.954571, 0.00299068, 0.96344, 3.38756
7022.42, 0.954689, 0.00299051, 0.96417, 3.28354
7022.43, 0.955981, 0.00299313, 0.96519, 3.13791
7022.44, 0.958512, 0.00299872, 0.96651, 2.95761
7022.45, 0.962537, 0.00300776, 0.96812, 2.7357
7022.46, 0.967833, 0.00301969, 0.97001, 2.48952
7022.47, 0.973283, 0.00303195, 0.97216, 2.21908
7022.48, 0.97784, 0.00304216, 0.97453, 1.94516
7022.49, 0.981651, 0.00305074, 0.97705, 1.66777
7022.5, 0.98537, 0.00305924, 0.97965, 1.40426
7022.51, 0.989164, 0.003068, 0.98224, 1.16155
7022.52, 0.992494, 0.00307556, 0.98475, 0.950042
7022.53, 0.994864, 0.00308059, 0.98709, 0.766274
7022.54, 0.996292, 0.00308334, 0.9892, 0.620648
7022.55, 0.996968, 0.00308459, 0.99104, 0.506226
7022.56, 0.997238, 0.0030852, 0.9926, 0.426478
7022.57, 0.997615, 0.00308616, 0.99391, 0.367534
7022.58, 0.998434, 0.00308807, 0.99501, 0.329394
7022.59, 0.999281, 0.00308982, 0.99595, 0.301656
7022.6, 0.999584, 0.00309002, 0.99677, 0.280852
7022.61, 0.999306, 0.00308866, 0.99751, 0.260048
7022.62, 0.998877, 0.00308702, 0.99816, 0.239244
7022.63, 0.998652, 0.00308611, 0.99871, 0.211506
7022.64, 0.998708, 0.00308601, 0.99915, 0.173365
7022.65, 0.99906, 0.00308664, 0.99949, 0.135225
7022.66, 0.999544, 0.00308758, 1, 0
7022.67, 0.999875, 0.00308824, 1, 0
7022.68, 0.999829, 0.00308809, 1, 0
7022.69, 0.999314, 0.00308674, 1, 0
7022.7, 0.9983, 0.00308398, 1, 0
7022.71, 0.997155, 0.00308079, 1, 0
7022.72, 0.996446, 0.00307875, 1, 0
7022.73, 0.996348, 0.00307837, 1, 0
7022.74, 0.996358, 0.00307824, 1, 0
