wav, obs, sigma_obs, syn, weight
7038.37, 0.949327, 0.00271157, 1, 0
7038.38, 0.958648, 0.00273168, 1, 0
7038.39, 0.966472, 0.00274841, 1, 0
7038.4, 0.972152, 0.00276033, 1, 0
7038.41, 0.976092, 0.00276849, 1, 0
7038.42, 0.978866, 0.0027743, 1, 0
7038.43, 0.980978, 0.00277878, 1, 0
7038.44, 0.982896, 0.00278279, 1, 0
7038.45, 0.984858, 0.00278672, 1, 0
7038.46, 0.986876, 0.00279058, 0.99632, 0.0612391
7038.47, 0.988912, 0.00279441, 0.99633, 0.0789662
7038.48, 0.990843, 0.00279841, 0.99636, 0.0934702
7038.49, 0.992553, 0.00280269, 0.9964, 0.106363
7038.5, 0.994036, 0.00280662, 0.99645, 0.112809
7038.51, 0.995317, 0.00280938, 0.9965, 0.117644
7038.52, 0.996299, 0.00281075, 0.99654, 0.119255
7038.53, 0.996776, 0.00281108, 0.99656, 0.120867
7038.54, 0.996785, 0.00281088, 0.99657, 0.122478
7038.55, 0.996851, 0.00281102, 0.99655, 0.128924
7038.56, 0.997379, 0.00281209, 0.9965, 0.14504
7038.57, 0.997846, 0.00281306, 0.9964, 0.167602
7038.58, 0.997498, 0.00281255, 0.99624, 0.206279
7038.59, 0.996401, 0.00281062, 0.996, 0.265907
7038.6, 0.995241, 0.00280847, 0.99562, 0.352931
7038.61, 0.994242, 0.0028064, 0.99502, 0.468963
7038.62, 0.992811, 0.0028031, 0.99406, 0.62206
7038.63, 0.990403, 0.00279745, 0.99255, 0.817059
7038.64, 0.987037, 0.00278977, 0.99022, 1.05073
7038.65, 0.982857, 0.00278069, 0.98673, 1.32148
7038.66, 0.97771, 0.00276993, 0.98173, 1.62122
7038.67, 0.971251, 0.00275663, 0.97484, 1.94192
7038.68, 0.963215, 0.00274001, 0.96577, 2.27229
7038.69, 0.953458, 0.00271943, 0.9544, 2.60105
7038.7, 0.941828, 0.00269437, 0.94079, 2.91208
7038.71, 0.928114, 0.00266471, 0.92529, 3.19894
7038.72, 0.912213, 0.00263063, 0.90853, 3.45195
7038.73, 0.895157, 0.00259423, 0.89142, 3.66307
7038.74, 0.878599, 0.00255866, 0.87501, 3.82744
7038.75, 0.863815, 0.00252659, 0.86045, 3.94186
7038.76, 0.851598, 0.00250004, 0.84885, 4.00472
7038.77, 0.842754, 0.00248101, 0.84111, 4.016
7038.78, 0.838218, 0.00247161, 0.83784, 3.97248
7038.79, 0.838833, 0.00247363, 0.83926, 3.87579
7038.8, 0.844555, 0.00248657, 0.84523, 3.72914
7038.81, 0.854903, 0.00250882, 0.85521, 3.53414
7038.82, 0.868933, 0.00253832, 0.86838, 3.29241
7038.83, 0.885205, 0.00257256, 0.88374, 3.012
7038.84, 0.902486, 0.00260926, 0.90023, 2.70419
7038.85, 0.920122, 0.00264691, 0.91682, 2.37704
7038.86, 0.937444, 0.00268385, 0.93263, 2.04506
7038.87, 0.953118, 0.00271711, 0.94701, 1.71953
7038.88, 0.965624, 0.00274337, 0.9595, 1.41333
7038.89, 0.974895, 0.00276264, 0.9699, 1.13615
7038.9, 0.982195, 0.00277799, 0.97821, 0.892802
7038.91, 0.988393, 0.00279139, 0.98458, 0.686523
7038.92, 0.993443, 0.0028022, 0.98927, 0.518921
7038.93, 0.997194, 0.00280968, 0.99259, 0.389996
7038.94, 0.999547, 0.00281409, 0.99483, 0.293303
7038.95, 1.00047, 0.00281601, 0.99627, 0.224006
7038.96, 1.00053, 0.00281662, 0.99716, 0.17566
7038.97, 1.00079, 0.00281749, 0.99767, 0.143428
7038.98, 1.00165, 0.00281913, 0.99792, 0.12409
7038.99, 1.00235, 0.00282015, 0.99802, 0.111197
7039, 1.00225, 0.00281951, 0.99802, 0.10314
7039.01, 1.00181, 0.00281834, 0.99798, 0.0983049
7039.02, 1.00167, 0.00281822, 0.99792, 0.0934702
7039.03, 1.00187, 0.00281891, 0.99787, 0.0886355
7039.04, 1.002, 0.00281906, 0.99784, 0.0821893
7039.05, 1.00186, 0.00281817, 0.99785, 0.0757431
7039.06, 1.00151, 0.00281709, 0.99789, 0.0644622
7039.07, 1.00107, 0.0028165, 0.99797, 0.0515698
7039.08, 1.00068, 0.0028162, 0.99808, 0.0386773
7039.09, 1.00047, 0.00281586, 1, 0
7039.1, 1.00057, 0.00281579, 1, 0
7039.11, 1.00106, 0.0028166, 1, 0
7039.12, 1.00179, 0.00281811, 1, 0
7039.13, 1.00239, 0.00281922, 1, 0
7039.14, 1.00256, 0.00281915, 1, 0
7039.15, 1.00247, 0.00281833, 1, 0
7039.16, 1.00247, 0.00281778, 1, 0
7039.17, 1.00251, 0.00281735, 1, 0
