wav, obs, sigma_obs, syn, weight
7044.27, 1.00508, 0.00279919, 1, 0
7044.28, 1.00456, 0.00279818, 1, 0
7044.29, 1.00415, 0.00279734, 1, 0
7044.3, 1.00392, 0.00279681, 1, 0
7044.31, 1.00377, 0.00279643, 1, 0
7044.32, 1.00342, 0.00279583, 1, 0
7044.33, 1.00273, 0.00279469, 1, 0
7044.34, 1.00169, 0.00279272, 1, 0
7044.35, 1.00013, 0.00278942, 1, 0
7044.36, 0.997507, 0.00278377, 0.99977, 0.0158803
7044.37, 0.993308, 0.00277487, 0.99973, 0.0211737
7044.38, 0.987559, 0.00276289, 0.99969, 0.0291139
7044.39, 0.980498, 0.00274836, 0.99964, 0.0344073
7044.4, 0.972776, 0.00273252, 0.99959, 0.0423475
7044.41, 0.96533, 0.0027171, 0.99954, 0.055581
7044.42, 0.959218, 0.00270414, 0.99947, 0.0688146
7044.43, 0.955649, 0.00269612, 0.99938, 0.0873416
7044.44, 0.955393, 0.00269476, 0.99926, 0.116456
7044.45, 0.957959, 0.00269962, 0.99908, 0.158803
7044.46, 0.962639, 0.00270974, 0.99881, 0.219677
7044.47, 0.968735, 0.00272312, 0.99841, 0.307019
7044.48, 0.975537, 0.00273739, 0.99781, 0.420828
7044.49, 0.982055, 0.0027506, 0.99694, 0.571691
7044.5, 0.987103, 0.00276115, 0.99571, 0.759608
7044.51, 0.990164, 0.00276822, 0.99404, 0.987225
7044.52, 0.991771, 0.00277226, 0.99186, 1.2466
7044.53, 0.992284, 0.00277346, 0.98913, 1.53774
7044.54, 0.991241, 0.00277098, 0.98586, 1.84741
7044.55, 0.988158, 0.00276405, 0.9821, 2.17031
7044.56, 0.983542, 0.00275392, 0.97797, 2.48527
7044.57, 0.978302, 0.00274271, 0.97364, 2.78699
7044.58, 0.972843, 0.00273123, 0.96934, 3.0649
7044.59, 0.967132, 0.00271927, 0.96527, 3.3031
7044.6, 0.961375, 0.00270718, 0.96168, 3.50425
7044.61, 0.956208, 0.00269642, 0.95877, 3.65512
7044.62, 0.952326, 0.00268851, 0.9567, 3.76098
7044.63, 0.950486, 0.00268481, 0.95558, 3.81656
7044.64, 0.951303, 0.00268637, 0.95547, 3.82186
7044.65, 0.954137, 0.00269209, 0.95639, 3.77686
7044.66, 0.95778, 0.00269989, 0.95828, 3.68423
7044.67, 0.961785, 0.00270868, 0.96104, 3.53866
7044.68, 0.966445, 0.00271836, 0.96451, 3.3481
7044.69, 0.97163, 0.00272847, 0.9685, 3.11783
7044.7, 0.976338, 0.00273786, 0.97278, 2.84787
7044.71, 0.979833, 0.00274572, 0.97713, 2.55143
7044.72, 0.982838, 0.00275298, 0.98132, 2.23648
7044.73, 0.986312, 0.00276082, 0.98517, 1.91622
7044.74, 0.989967, 0.00276857, 0.98856, 1.60126
7044.75, 0.992876, 0.00277463, 0.99142, 1.30748
7044.76, 0.994867, 0.00277867, 0.99371, 1.04016
7044.77, 0.99657, 0.00278171, 0.99549, 0.804602
7044.78, 0.998304, 0.0027845, 0.99681, 0.608745
7044.79, 0.999637, 0.00278701, 0.99776, 0.452588
7044.8, 1.00017, 0.00278906, 0.99841, 0.328193
7044.81, 1.00011, 0.0027901, 0.99885, 0.238204
7044.82, 0.999805, 0.00278962, 0.99915, 0.172037
7044.83, 0.999561, 0.00278845, 0.99934, 0.127042
7044.84, 0.999642, 0.00278818, 0.99947, 0.0952818
7044.85, 0.999921, 0.00278891, 0.99955, 0.0741081
7044.86, 0.999823, 0.002789, 0.99961, 0.0582278
7044.87, 0.99912, 0.00278765, 0.99966, 0.0476409
7044.88, 0.998462, 0.00278617, 0.99969, 0.0397007
7044.89, 0.998456, 0.00278591, 0.99972, 0.0317606
7044.9, 0.998877, 0.00278671, 0.99975, 0.0238204
7044.91, 0.999269, 0.00278795, 0.99978, 0.0211737
7044.92, 0.999457, 0.00278894, 0.99981, 0.0132336
7044.93, 0.999442, 0.00278897, 1, 0
7044.94, 0.999233, 0.00278802, 1, 0
7044.95, 0.998838, 0.00278697, 1, 0
7044.96, 0.998265, 0.00278629, 1, 0
7044.97, 0.997512, 0.00278526, 1, 0
7044.98, 0.996589, 0.00278314, 1, 0
7044.99, 0.995558, 0.00278021, 1, 0
7045, 0.994539, 0.00277736, 1, 0
7045.01, 0.993543, 0.00277469, 1, 0
