wav, obs, sigma_obs, syn, weight
7072.46, 0.992805, 0.00328317, 1, 0
7072.47, 0.992555, 0.00328368, 1, 0
7072.48, 0.992305, 0.00328419, 1, 0
7072.49, 0.992055, 0.0032847, 1, 0
7072.5, 0.991491, 0.00328457, 1, 0
7072.51, 0.991345, 0.00328529, 1, 0
7072.52, 0.992406, 0.00328844, 1, 0
7072.53, 0.994408, 0.00329353, 1, 0
7072.54, 0.996619, 0.00329914, 0.99959, 0.0134827
7072.55, 0.998466, 0.00330406, 0.99948, 0.0134827
7072.56, 0.99953, 0.0033073, 0.9994, 0.0224712
7072.57, 0.999947, 0.00330884, 0.99934, 0.0314596
7072.58, 1.00007, 0.00330913, 0.9993, 0.0359539
7072.59, 0.999793, 0.0033083, 0.99927, 0.0449424
7072.6, 0.998918, 0.00330649, 0.99923, 0.0539308
7072.61, 0.997976, 0.00330505, 0.99918, 0.0629193
7072.62, 0.997646, 0.00330536, 0.9991, 0.0808962
7072.63, 0.997295, 0.00330528, 0.99896, 0.103367
7072.64, 0.99593, 0.00330187, 0.99872, 0.14831
7072.65, 0.993923, 0.00329665, 0.99833, 0.211229
7072.66, 0.992021, 0.00329238, 0.99771, 0.301114
7072.67, 0.989787, 0.00328769, 0.99678, 0.426952
7072.68, 0.986469, 0.00328009, 0.99542, 0.588745
7072.69, 0.982216, 0.00327003, 0.99354, 0.799974
7072.7, 0.977643, 0.00325932, 0.99106, 1.04266
7072.71, 0.974078, 0.00325115, 0.98795, 1.32131
7072.72, 0.972695, 0.00324822, 0.98423, 1.62691
7072.73, 0.972398, 0.00324767, 0.97999, 1.946
7072.74, 0.97162, 0.00324562, 0.9754, 2.26509
7072.75, 0.970391, 0.00324272, 0.97066, 2.56621
7072.76, 0.968962, 0.00324011, 0.96601, 2.84485
7072.77, 0.966118, 0.00323401, 0.96169, 3.08305
7072.78, 0.960792, 0.00322093, 0.95791, 3.28079
7072.79, 0.95476, 0.00320579, 0.95485, 3.43809
7072.8, 0.950154, 0.00319461, 0.95264, 3.54595
7072.81, 0.946977, 0.00318727, 0.95137, 3.60887
7072.82, 0.944967, 0.00318284, 0.95108, 3.62235
7072.83, 0.945259, 0.00318412, 0.95178, 3.5864
7072.84, 0.948796, 0.0031935, 0.95344, 3.51
7072.85, 0.954242, 0.00320752, 0.95601, 3.38416
7072.86, 0.960082, 0.00322232, 0.95938, 3.20888
7072.87, 0.966296, 0.00323806, 0.96341, 2.99316
7072.88, 0.972961, 0.00325516, 0.9679, 2.73699
7072.89, 0.979216, 0.00327152, 0.97263, 2.44936
7072.9, 0.984318, 0.00328518, 0.97735, 2.13476
7072.91, 0.988669, 0.00329667, 0.98183, 1.82017
7072.92, 0.992662, 0.00330668, 0.98589, 1.50557
7072.93, 0.995876, 0.00331464, 0.98938, 1.20446
7072.94, 0.997998, 0.00332022, 0.99226, 0.934801
7072.95, 0.999548, 0.00332456, 0.9945, 0.705595
7072.96, 1.00095, 0.00332853, 0.99617, 0.516837
7072.97, 1.00186, 0.00333143, 0.99737, 0.368527
7072.98, 1.00207, 0.00333274, 0.99818, 0.256171
7072.99, 1.00203, 0.00333323, 0.99871, 0.175275
7073, 1.00212, 0.00333366, 0.99904, 0.121344
7073.01, 1.00222, 0.0033343, 0.99925, 0.0853905
7073.02, 1.00215, 0.00333505, 0.99938, 0.0629193
7073.03, 1.00189, 0.0033351, 0.99947, 0.0404481
7073.04, 1.00156, 0.00333432, 0.99955, 0.0314596
7073.05, 1.00161, 0.00333433, 0.99962, 0.0224712
7073.06, 1.00208, 0.00333567, 0.99971, 0.0134827
7073.07, 1.00206, 0.00333607, 1, 0
7073.08, 1.00124, 0.00333467, 1, 0
7073.09, 1.00081, 0.00333438, 1, 0
7073.1, 1.00127, 0.00333632, 1, 0
7073.11, 1.00132, 0.00333708, 1, 0
7073.12, 1.0004, 0.00333527, 1, 0
7073.13, 0.999706, 0.00333412, 1, 0
7073.14, 0.999874, 0.00333521, 1, 0
