wav, obs, sigma_obs, syn, weight
7083.02, 1.00791, 0.00393761, 1, 0
7083.03, 1.00782, 0.00393809, 1, 0
7083.04, 1.0077, 0.00393807, 1, 0
7083.05, 1.00723, 0.00393716, 1, 0
7083.06, 1.00604, 0.00393474, 1, 0
7083.07, 1.0039, 0.00392928, 1, 0
7083.08, 1.00089, 0.00392047, 1, 0
7083.09, 0.997937, 0.00391225, 0.99936, 0.00515809
7083.1, 0.995655, 0.00390717, 0.99933, 0.00859682
7083.11, 0.993828, 0.00390351, 0.99929, 0.0137549
7083.12, 0.992385, 0.00390017, 0.99926, 0.0206324
7083.13, 0.991626, 0.00389774, 0.99922, 0.0275098
7083.14, 0.992076, 0.00389873, 0.99918, 0.0326679
7083.15, 0.994325, 0.00390683, 0.99913, 0.0395454
7083.16, 0.997277, 0.00391795, 0.99907, 0.0464228
7083.17, 0.998962, 0.00392373, 0.99901, 0.0550196
7083.18, 1.00011, 0.00392659, 0.99893, 0.0670552
7083.19, 1.00234, 0.00393281, 0.99884, 0.0859682
7083.2, 1.00475, 0.00394034, 0.99873, 0.111759
7083.21, 1.00592, 0.00394512, 0.9986, 0.153023
7083.22, 1.00577, 0.00394608, 0.99842, 0.213201
7083.23, 1.00484, 0.00394413, 0.99818, 0.300889
7083.24, 1.00436, 0.00394328, 0.99784, 0.417805
7083.25, 1.00447, 0.00394416, 0.99731, 0.574268
7083.26, 1.00314, 0.00394093, 0.99647, 0.770275
7083.27, 1.00013, 0.00393272, 0.99513, 1.01099
7083.28, 0.997406, 0.00392508, 0.99301, 1.2878
7083.29, 0.994587, 0.00391729, 0.98975, 1.59557
7083.3, 0.989337, 0.00390335, 0.98494, 1.92741
7083.31, 0.981454, 0.00388189, 0.97818, 2.2644
7083.32, 0.971882, 0.00385425, 0.96921, 2.59624
7083.33, 0.960482, 0.00382043, 0.95801, 2.91088
7083.34, 0.947008, 0.00378076, 0.94496, 3.1963
7083.35, 0.932792, 0.00373943, 0.93087, 3.44389
7083.36, 0.919353, 0.00370074, 0.91695, 3.64505
7083.37, 0.907468, 0.00366617, 0.90466, 3.79636
7083.38, 0.898107, 0.00363845, 0.89546, 3.89952
7083.39, 0.892906, 0.00362399, 0.89051, 3.9511
7083.4, 0.892854, 0.00362594, 0.89049, 3.95282
7083.41, 0.897883, 0.00364215, 0.89539, 3.90124
7083.42, 0.907192, 0.00366969, 0.90456, 3.79808
7083.43, 0.919329, 0.00370518, 0.9168, 3.64505
7083.44, 0.932808, 0.00374513, 0.93067, 3.44561
7083.45, 0.946213, 0.003786, 0.94471, 3.19802
7083.46, 0.958776, 0.00382477, 0.95771, 2.9126
7083.47, 0.969937, 0.00385864, 0.96885, 2.59968
7083.48, 0.978613, 0.00388456, 0.97777, 2.26612
7083.49, 0.984247, 0.00390144, 0.98447, 1.92913
7083.5, 0.98874, 0.00391558, 0.98923, 1.59901
7083.51, 0.993318, 0.0039306, 0.99243, 1.28952
7083.52, 0.996331, 0.00394008, 0.99449, 1.01442
7083.53, 0.996868, 0.0039412, 0.99577, 0.773714
7083.54, 0.995908, 0.00393924, 0.99655, 0.575987
7083.55, 0.994737, 0.00393805, 0.99702, 0.421244
7083.56, 0.994686, 0.00393891, 0.99731, 0.302608
7083.57, 0.995482, 0.00394081, 0.99747, 0.214921
7083.58, 0.995695, 0.0039413, 0.99756, 0.154743
7083.59, 0.995108, 0.00394033, 0.9976, 0.113478
7083.6, 0.994288, 0.00393934, 0.99759, 0.0859682
7083.61, 0.994393, 0.00394115, 0.99754, 0.0670552
7083.62, 0.996158, 0.00394733, 0.99744, 0.0550196
7083.63, 0.997746, 0.00395269, 0.99731, 0.0464228
7083.64, 0.997678, 0.00395313, 0.99714, 0.0395454
7083.65, 0.997147, 0.00395206, 0.99693, 0.0343873
7083.66, 0.996852, 0.00395148, 0.99668, 0.0292292
7083.67, 0.995826, 0.00394859, 0.99642, 0.0223517
7083.68, 0.99399, 0.0039433, 0.99615, 0.0171936
7083.69, 0.992554, 0.00393935, 0.99588, 0.0120355
7083.7, 0.99181, 0.00393811, 0.99565, 0.00859682
7083.71, 0.9912, 0.00393853, 0.99546, 0.00515809
7083.72, 0.990398, 0.00393841, 1, 0
7083.73, 0.989363, 0.00393573, 1, 0
7083.74, 0.988909, 0.00393406, 1, 0
7083.75, 0.989883, 0.00393782, 1, 0
7083.76, 0.991658, 0.00394475, 1, 0
7083.77, 0.993052, 0.00395017, 1, 0
7083.78, 0.994446, 0.00395559, 1, 0
