wav, obs, sigma_obs, syn, weight
7086.35, 1.00571, 0.00416181, 1, 0
7086.36, 1.00571, 0.00416166, 1, 0
7086.37, 1.00626, 0.00416341, 1, 0
7086.38, 1.00689, 0.00416583, 1, 0
7086.39, 1.00661, 0.00416618, 1, 0
7086.4, 1.00616, 0.00416608, 1, 0
7086.41, 1.00679, 0.00416844, 1, 0
7086.42, 1.00768, 0.00417142, 0.99891, 0.00264069
7086.43, 1.00779, 0.00417252, 0.99916, 0.00396104
7086.44, 1.00729, 0.00417194, 0.99935, 0.00660174
7086.45, 1.00651, 0.00417032, 0.99947, 0.00924243
7086.46, 1.00554, 0.00416831, 0.99953, 0.0118831
7086.47, 1.00462, 0.0041666, 0.99956, 0.0158442
7086.48, 1.00415, 0.0041658, 0.99957, 0.0184849
7086.49, 1.00375, 0.00416471, 0.99956, 0.0224459
7086.5, 1.00264, 0.00416118, 0.99953, 0.0290476
7086.51, 1.00126, 0.00415723, 0.9995, 0.0369697
7086.52, 1.00055, 0.00415627, 0.99946, 0.0501732
7086.53, 1.0009, 0.00415848, 0.99941, 0.0726191
7086.54, 1.00224, 0.00416279, 0.99934, 0.108268
7086.55, 1.0036, 0.00416738, 0.99924, 0.162403
7086.56, 1.00424, 0.00417053, 0.9991, 0.244264
7086.57, 1.00411, 0.00417108, 0.99886, 0.359134
7086.58, 1.00336, 0.00416919, 0.99846, 0.513615
7086.59, 1.00224, 0.00416628, 0.99775, 0.710347
7086.6, 1.00052, 0.00416151, 0.99649, 0.94933
7086.61, 0.997637, 0.0041527, 0.99436, 1.23056
7086.62, 0.993606, 0.00414031, 0.99088, 1.54349
7086.63, 0.98838, 0.0041248, 0.98549, 1.87753
7086.64, 0.98052, 0.00410157, 0.97764, 2.22346
7086.65, 0.968963, 0.00406697, 0.96693, 2.56543
7086.66, 0.954608, 0.00402349, 0.95327, 2.89024
7086.67, 0.938538, 0.00397408, 0.93709, 3.18732
7086.68, 0.921622, 0.00392077, 0.91939, 3.44611
7086.69, 0.904648, 0.00386686, 0.90173, 3.66132
7086.7, 0.888495, 0.00381717, 0.88597, 3.82901
7086.71, 0.875825, 0.00377917, 0.87401, 3.94388
7086.72, 0.869899, 0.00376076, 0.86737, 4.00593
7086.73, 0.870254, 0.00376163, 0.86692, 4.0165
7086.74, 0.875408, 0.00377886, 0.87268, 3.97292
7086.75, 0.885812, 0.00381225, 0.88381, 3.87654
7086.76, 0.901186, 0.00385992, 0.89882, 3.72734
7086.77, 0.918451, 0.00391444, 0.91589, 3.52797
7086.78, 0.935403, 0.00396954, 0.93319, 3.28106
7086.79, 0.951652, 0.00402173, 0.94921, 2.99323
7086.8, 0.966053, 0.004067, 0.96295, 2.67238
7086.81, 0.976849, 0.00410124, 0.97397, 2.33305
7086.82, 0.984546, 0.00412618, 0.98228, 1.98844
7086.83, 0.990688, 0.0041462, 0.98822, 1.65043
7086.84, 0.995088, 0.0041607, 0.99226, 1.33223
7086.85, 0.997237, 0.00416821, 0.99491, 1.04704
7086.86, 0.99767, 0.00417032, 0.99659, 0.79749
7086.87, 0.997137, 0.00416929, 0.99764, 0.590195
7086.88, 0.996375, 0.0041675, 0.99829, 0.426472
7086.89, 0.995705, 0.00416594, 0.9987, 0.299719
7086.9, 0.994956, 0.00416391, 0.99895, 0.207294
7086.91, 0.994482, 0.00416287, 0.99911, 0.142597
7086.92, 0.994944, 0.00416545, 0.99921, 0.099026
7086.93, 0.995704, 0.00416903, 0.99928, 0.0699784
7086.94, 0.995757, 0.00416958, 0.99933, 0.0514935
7086.95, 0.995576, 0.00416923, 0.99937, 0.0382901
7086.96, 0.995737, 0.00417046, 0.99939, 0.030368
7086.97, 0.995783, 0.0041712, 0.99942, 0.0237662
7086.98, 0.995024, 0.00416905, 0.99944, 0.0211256
7086.99, 0.99273, 0.00416269, 0.99945, 0.0171645
7087, 0.989588, 0.00415437, 0.99946, 0.0132035
7087.01, 0.987671, 0.00414966, 0.99946, 0.00924243
7087.02, 0.986564, 0.00414686, 0.99946, 0.00660174
7087.03, 0.984325, 0.00413999, 0.99945, 0.00396104
7087.04, 0.981028, 0.00412996, 0.99944, 0.00132035
7087.05, 0.977751, 0.00412077, 1, 0
7087.06, 0.976064, 0.00411653, 1, 0
7087.07, 0.976822, 0.00411936, 1, 0
7087.08, 0.978811, 0.00412651, 1, 0
7087.09, 0.981041, 0.00413541, 1, 0
7087.1, 0.983295, 0.00414454, 1, 0
7087.11, 0.985521, 0.00415339, 1, 0
