wav, obs, sigma_obs, syn, weight
7092.72, 0.998891, 0.00461898, 1, 0
7092.73, 0.998429, 0.00461819, 1, 0
7092.74, 0.996125, 0.00461239, 1, 0
7092.75, 0.992914, 0.00460207, 1, 0
7092.76, 0.99004, 0.0045893, 1, 0
7092.77, 0.986267, 0.00457551, 1, 0
7092.78, 0.980893, 0.00456096, 1, 0
7092.79, 0.975234, 0.00454413, 0.97464, 0.250178
7092.8, 0.969968, 0.00452549, 0.96996, 0.479509
7092.81, 0.965005, 0.0045076, 0.96601, 0.78702
7092.82, 0.960763, 0.00449384, 0.96313, 1.12407
7092.83, 0.958004, 0.00448736, 0.96161, 1.42289
7092.84, 0.95775, 0.00448911, 0.96162, 1.63658
7092.85, 0.960069, 0.00449765, 0.96313, 1.74604
7092.86, 0.963145, 0.0045082, 0.96599, 1.76862
7092.87, 0.966884, 0.00452085, 0.96987, 1.73214
7092.88, 0.972753, 0.00453994, 0.97436, 1.65743
7092.89, 0.978922, 0.00456104, 0.97903, 1.56014
7092.9, 0.982898, 0.00457757, 0.98348, 1.45069
7092.91, 0.986648, 0.00459332, 0.98741, 1.34123
7092.92, 0.991191, 0.00460961, 0.99062, 1.24047
7092.93, 0.993517, 0.00461805, 0.99302, 1.16055
7092.94, 0.99356, 0.00461904, 0.99456, 1.11364
7092.95, 0.994372, 0.0046221, 0.99526, 1.11017
7092.96, 0.995202, 0.00462542, 0.9951, 1.1536
7092.97, 0.994039, 0.00462328, 0.99403, 1.24568
7092.98, 0.992461, 0.00461983, 0.99197, 1.37946
7092.99, 0.991616, 0.0046174, 0.98882, 1.54798
7093, 0.989847, 0.00460947, 0.98453, 1.73561
7093.01, 0.985722, 0.00459299, 0.97913, 1.93193
7093.02, 0.978671, 0.00457008, 0.97281, 2.12304
7093.03, 0.970556, 0.00454563, 0.96591, 2.29504
7093.04, 0.963873, 0.00452454, 0.95893, 2.44619
7093.05, 0.958234, 0.00450581, 0.9525, 2.56433
7093.06, 0.953282, 0.0044892, 0.94724, 2.6512
7093.07, 0.950286, 0.00447917, 0.94372, 2.70505
7093.08, 0.94933, 0.00447607, 0.94235, 2.72417
7093.09, 0.949289, 0.00447622, 0.94327, 2.70853
7093.1, 0.951482, 0.00448447, 0.94639, 2.65815
7093.11, 0.957684, 0.00450721, 0.95134, 2.57475
7093.12, 0.965653, 0.00453665, 0.95761, 2.45488
7093.13, 0.973116, 0.00456423, 0.96455, 2.30546
7093.14, 0.979984, 0.00458795, 0.97155, 2.11957
7093.15, 0.985966, 0.00460758, 0.97808, 1.91109
7093.16, 0.990407, 0.00462403, 0.98376, 1.68176
7093.17, 0.994016, 0.00463911, 0.98841, 1.442
7093.18, 0.997738, 0.00465372, 0.99199, 1.20398
7093.19, 1.00025, 0.00466282, 0.9946, 0.974654
7093.2, 1.00068, 0.00466401, 0.9964, 0.766172
7093.21, 1.00037, 0.00466357, 0.99759, 0.58375
7093.22, 1.00001, 0.0046638, 0.99834, 0.4326
7093.23, 0.999387, 0.00466212, 0.9988, 0.310986
7093.24, 0.998871, 0.00466057, 0.99909, 0.217169
7093.25, 0.998944, 0.00466225, 0.99926, 0.15115
7093.26, 0.999011, 0.0046636, 0.99938, 0.105978
7093.27, 0.998858, 0.00466324, 0.99946, 0.0747061
7093.28, 0.999574, 0.00466764, 0.99953, 0.0555952
7093.29, 1.00055, 0.00467417, 0.99958, 0.0434338
7093.3, 0.999598, 0.00467155, 0.99962, 0.034747
7093.31, 0.997728, 0.00466464, 0.99966, 0.0277976
7093.32, 0.997165, 0.00466407, 0.99969, 0.0243229
7093.33, 0.997783, 0.00466746, 0.99972, 0.0191109
7093.34, 0.998755, 0.00467054, 0.99974, 0.0138988
7093.35, 0.999131, 0.00467226, 0.99976, 0.0104241
7093.36, 0.998939, 0.00467325, 0.99978, 0.00521205
7093.37, 0.999126, 0.00467523, 0.99981, 0.0034747
7093.38, 0.999805, 0.00467763, 1, 0
7093.39, 1.0006, 0.00467923, 1, 0
7093.4, 1.00101, 0.00468132, 1, 0
7093.41, 1.00107, 0.00468516, 1, 0
7093.42, 1.00184, 0.0046906, 1, 0
7093.43, 1.00352, 0.00469709, 1, 0
7093.44, 1.00515, 0.00470352, 1, 0
