wav, obs, sigma_obs, syn, weight
7095.03, 1.00411, 0.00487345, 1, 0
7095.04, 1.00492, 0.00487819, 1, 0
7095.05, 1.0043, 0.00487673, 1, 0
7095.06, 1.00354, 0.00487385, 1, 0
7095.07, 1.00373, 0.00487447, 1, 0
7095.08, 1.00425, 0.00487879, 1, 0
7095.09, 1.00456, 0.0048837, 1, 0
7095.1, 1.00443, 0.00488397, 0.99949, 0.00288368
7095.11, 1.0034, 0.00488008, 0.99944, 0.0072092
7095.12, 1.00159, 0.00487602, 0.9994, 0.0100929
7095.13, 1.00138, 0.00487777, 0.99934, 0.0144184
7095.14, 1.00291, 0.00488339, 0.99928, 0.0187439
7095.15, 1.00224, 0.00487879, 0.99921, 0.0230694
7095.16, 1.00031, 0.00487038, 0.99912, 0.027395
7095.17, 1.00108, 0.00487639, 0.99902, 0.0331623
7095.18, 1.00197, 0.00488341, 0.99889, 0.0389297
7095.19, 1.00028, 0.00487753, 0.99872, 0.0490225
7095.2, 0.999402, 0.00487446, 0.9985, 0.0648828
7095.21, 1.00045, 0.00487986, 0.9982, 0.0865104
7095.22, 1.0007, 0.00488207, 0.99779, 0.122556
7095.23, 1.00013, 0.00488127, 0.99718, 0.174463
7095.24, 0.999996, 0.00488305, 0.99631, 0.252322
7095.25, 0.999404, 0.00488256, 0.99503, 0.36046
7095.26, 0.997558, 0.00487616, 0.9932, 0.506086
7095.27, 0.994978, 0.00486798, 0.99061, 0.690641
7095.28, 0.991558, 0.0048572, 0.98705, 0.918452
7095.29, 0.986634, 0.00483864, 0.98227, 1.18519
7095.3, 0.980847, 0.00481633, 0.97609, 1.48798
7095.31, 0.974547, 0.00479427, 0.96835, 1.81528
7095.32, 0.9653, 0.004763, 0.959, 2.15555
7095.33, 0.952942, 0.00472047, 0.94814, 2.49582
7095.34, 0.941153, 0.00467855, 0.93607, 2.82312
7095.35, 0.929655, 0.00463716, 0.9233, 3.12591
7095.36, 0.91601, 0.00458925, 0.91062, 3.38976
7095.37, 0.902447, 0.00453972, 0.89901, 3.61181
7095.38, 0.891948, 0.00449826, 0.88956, 3.78627
7095.39, 0.885636, 0.00447592, 0.88333, 3.90594
7095.4, 0.884031, 0.00447437, 0.88116, 3.97659
7095.41, 0.887226, 0.00448571, 0.88347, 3.9939
7095.42, 0.894775, 0.00451114, 0.89016, 3.95929
7095.43, 0.905785, 0.00455345, 0.90062, 3.87134
7095.44, 0.918708, 0.00460244, 0.91375, 3.73292
7095.45, 0.93247, 0.00465233, 0.92822, 3.54404
7095.46, 0.946976, 0.00470911, 0.94269, 3.30902
7095.47, 0.960754, 0.00476499, 0.95604, 3.03219
7095.48, 0.971582, 0.00480381, 0.96751, 2.72219
7095.49, 0.979981, 0.00483305, 0.97674, 2.39057
7095.5, 0.98696, 0.0048624, 0.98375, 2.04885
7095.51, 0.992016, 0.00488327, 0.9888, 1.71002
7095.52, 0.995252, 0.00489372, 0.99228, 1.38849
7095.53, 0.997763, 0.00490323, 0.9946, 1.0958
7095.54, 0.999945, 0.00491418, 0.9961, 0.839151
7095.55, 1.0016, 0.0049237, 0.99708, 0.621433
7095.56, 1.00195, 0.00492614, 0.99772, 0.44697
7095.57, 1.00111, 0.00492159, 0.99813, 0.314321
7095.58, 1.00104, 0.00492179, 0.99841, 0.217718
7095.59, 1.00175, 0.00492694, 0.99859, 0.149951
7095.6, 1.00156, 0.00492718, 0.9987, 0.103812
7095.61, 1.00071, 0.00492427, 0.99876, 0.0749757
7095.62, 0.99993, 0.00492276, 0.99879, 0.0562317
7095.63, 0.998863, 0.00492008, 0.9988, 0.0432552
7095.64, 0.996369, 0.00491161, 0.9988, 0.036046
7095.65, 0.990787, 0.0048925, 0.99882, 0.0317205
7095.66, 0.983398, 0.00486761, 0.99885, 0.027395
7095.67, 0.977004, 0.00484639, 0.9989, 0.0230694
7095.68, 0.972302, 0.0048296, 0.99896, 0.0201858
7095.69, 0.969349, 0.00481759, 0.99904, 0.0144184
7095.7, 0.968201, 0.00481518, 0.99911, 0.0100929
7095.71, 0.968978, 0.00482129, 0.99918, 0.00576736
7095.72, 0.971773, 0.00482961, 0.99923, 0.00432552
7095.73, 0.975985, 0.00484222, 1, 0
7095.74, 0.980694, 0.00486201, 1, 0
7095.75, 0.984999, 0.00488156, 1, 0
7095.76, 0.988573, 0.00489648, 1, 0
7095.77, 0.992091, 0.00491104, 1, 0
7095.78, 0.995709, 0.00492626, 1, 0
7095.79, 0.999327, 0.00494148, 1, 0
