wav, obs, sigma_obs, syn, weight
7107.07, 0.99585, 0.00296992, 1, 0
7107.08, 0.994576, 0.00296704, 1, 0
7107.09, 0.99371, 0.00296508, 1, 0
7107.1, 0.992985, 0.00296344, 1, 0
7107.11, 0.990838, 0.00295859, 1, 0
7107.12, 0.986533, 0.0029489, 1, 0
7107.13, 0.980565, 0.00293548, 1, 0
7107.14, 0.97378, 0.00292021, 1, 0
7107.15, 0.967179, 0.00290529, 1, 0
7107.16, 0.961913, 0.00289318, 0.99975, 0.00975704
7107.17, 0.958832, 0.00288575, 0.99973, 0.0125448
7107.18, 0.957716, 0.0028827, 0.99972, 0.0167264
7107.19, 0.958143, 0.00288333, 0.99969, 0.020908
7107.2, 0.960199, 0.00288786, 0.99967, 0.0236957
7107.21, 0.964367, 0.00289727, 0.99964, 0.0278773
7107.22, 0.970553, 0.00291123, 0.99961, 0.0334527
7107.23, 0.977083, 0.0029259, 0.99958, 0.0418159
7107.24, 0.982161, 0.00293716, 0.99954, 0.0557545
7107.25, 0.985487, 0.00294439, 0.99949, 0.0752686
7107.26, 0.987691, 0.00294912, 0.99943, 0.10454
7107.27, 0.989307, 0.00295264, 0.99934, 0.14775
7107.28, 0.990636, 0.00295561, 0.99923, 0.210473
7107.29, 0.991915, 0.00295852, 0.99905, 0.298287
7107.3, 0.993052, 0.00296109, 0.99877, 0.413977
7107.31, 0.993797, 0.00296269, 0.99831, 0.564515
7107.32, 0.994005, 0.00296289, 0.99753, 0.752686
7107.33, 0.993695, 0.00296161, 0.99626, 0.975704
7107.34, 0.992828, 0.00295874, 0.99424, 1.23636
7107.35, 0.990902, 0.00295362, 0.99116, 1.52489
7107.36, 0.987254, 0.00294543, 0.98667, 1.83572
7107.37, 0.981569, 0.00293339, 0.98045, 2.16049
7107.38, 0.97398, 0.00291675, 0.97226, 2.48526
7107.39, 0.964608, 0.00289501, 0.9621, 2.80167
7107.4, 0.953385, 0.00286877, 0.95024, 3.09438
7107.41, 0.940236, 0.00283898, 0.93728, 3.35642
7107.42, 0.926132, 0.00280793, 0.92418, 3.58084
7107.43, 0.913083, 0.00277928, 0.91212, 3.76064
7107.44, 0.90285, 0.00275631, 0.90234, 3.89027
7107.45, 0.896172, 0.00274087, 0.89596, 3.96972
7107.46, 0.893555, 0.00273446, 0.89375, 3.99481
7107.47, 0.895409, 0.00273823, 0.89596, 3.96833
7107.48, 0.902059, 0.00275301, 0.90234, 3.89027
7107.49, 0.913262, 0.00277824, 0.91212, 3.75925
7107.5, 0.927281, 0.00280964, 0.92418, 3.58084
7107.51, 0.942174, 0.00284245, 0.93728, 3.35642
7107.52, 0.956446, 0.00287349, 0.95024, 3.09438
7107.53, 0.968872, 0.00290056, 0.9621, 2.80027
7107.54, 0.978781, 0.00292243, 0.97227, 2.48665
7107.55, 0.986603, 0.00293985, 0.98045, 2.16049
7107.56, 0.992868, 0.00295375, 0.98668, 1.83711
7107.57, 0.997833, 0.00296464, 0.99117, 1.52628
7107.58, 1.00163, 0.00297284, 0.99425, 1.23496
7107.59, 1.0043, 0.00297846, 0.99627, 0.977098
7107.6, 1.00576, 0.00298136, 0.99754, 0.752686
7107.61, 1.00604, 0.00298166, 0.99832, 0.564515
7107.62, 1.00594, 0.0029812, 0.99878, 0.415371
7107.63, 1.00651, 0.00298231, 0.99906, 0.298287
7107.64, 1.00768, 0.00298485, 0.99923, 0.211867
7107.65, 1.0081, 0.00298559, 0.99935, 0.150537
7107.66, 1.00679, 0.00298224, 0.99942, 0.107327
7107.67, 1.00481, 0.00297728, 0.99948, 0.0780564
7107.68, 1.00368, 0.00297437, 0.99952, 0.0599361
7107.69, 1.00364, 0.00297414, 0.99955, 0.0473914
7107.7, 1.00369, 0.00297444, 0.99957, 0.0376343
7107.71, 1.00307, 0.00297353, 0.99958, 0.0320589
7107.72, 1.00197, 0.00297144, 0.99959, 0.0278773
7107.73, 1.00079, 0.00296856, 0.9996, 0.0236957
7107.74, 0.999813, 0.00296576, 0.99961, 0.0181202
7107.75, 0.999304, 0.00296423, 0.99962, 0.0139386
7107.76, 0.999302, 0.00296434, 0.99963, 0.0111509
7107.77, 0.999353, 0.00296453, 1, 0
7107.78, 0.998989, 0.00296318, 1, 0
7107.79, 0.99831, 0.00296077, 1, 0
7107.8, 0.997734, 0.00295896, 1, 0
7107.81, 0.997488, 0.00295862, 1, 0
7107.82, 0.997442, 0.00295917, 1, 0
7107.83, 0.997303, 0.0029593, 1, 0
7107.84, 0.997133, 0.0029593, 1, 0
7107.85, 0.996964, 0.0029593, 1, 0
