wav, obs, sigma_obs, syn, weight
7114.19, 1.00245, 0.00284683, 1, 0
7114.2, 1.00314, 0.0028477, 1, 0
7114.21, 1.00367, 0.00284851, 1, 0
7114.22, 1.00393, 0.0028492, 1, 0
7114.23, 1.00396, 0.00284962, 1, 0
7114.24, 1.00388, 0.00284964, 1, 0
7114.25, 1.00378, 0.00284925, 1, 0
7114.26, 1.00369, 0.0028487, 1, 0
7114.27, 1.00364, 0.00284819, 1, 0
7114.28, 1.00365, 0.00284781, 0.99982, 0.00276201
7114.29, 1.00371, 0.00284755, 0.99976, 0.00552403
7114.3, 1.00369, 0.00284723, 0.9997, 0.00828604
7114.31, 1.00335, 0.0028465, 0.99964, 0.0110481
7114.32, 1.00267, 0.00284536, 0.99957, 0.0138101
7114.33, 1.00221, 0.00284468, 0.99947, 0.0220961
7114.34, 1.00246, 0.00284517, 0.99933, 0.0359062
7114.35, 1.00294, 0.00284588, 0.99911, 0.0580023
7114.36, 1.00273, 0.00284509, 0.99876, 0.0911464
7114.37, 1.00161, 0.0028425, 0.99822, 0.140863
7114.38, 1.00027, 0.00283966, 0.99743, 0.215437
7114.39, 0.999239, 0.00283778, 0.99631, 0.317631
7114.4, 0.998381, 0.00283632, 0.9948, 0.45297
7114.41, 0.997372, 0.00283433, 0.99284, 0.632501
7114.42, 0.995941, 0.00283118, 0.99041, 0.847938
7114.43, 0.993851, 0.00282648, 0.98753, 1.09928
7114.44, 0.991039, 0.00282018, 0.98425, 1.38653
7114.45, 0.987812, 0.00281294, 0.98065, 1.69588
7114.46, 0.984423, 0.0028053, 0.97688, 2.01627
7114.47, 0.980453, 0.00279654, 0.97307, 2.33942
7114.48, 0.975222, 0.00278547, 0.96937, 2.65153
7114.49, 0.968855, 0.00277231, 0.96594, 2.93602
7114.5, 0.962449, 0.00275905, 0.96288, 3.19012
7114.51, 0.956959, 0.00274744, 0.96029, 3.40556
7114.52, 0.952633, 0.00273814, 0.95825, 3.57128
7114.53, 0.949572, 0.00273157, 0.95678, 3.69281
7114.54, 0.948043, 0.00272831, 0.95591, 3.76186
7114.55, 0.948417, 0.00272904, 0.95566, 3.78396
7114.56, 0.950806, 0.00273391, 0.95602, 3.75358
7114.57, 0.954803, 0.0027421, 0.95699, 3.67624
7114.58, 0.959877, 0.00275253, 0.95856, 3.54919
7114.59, 0.965093, 0.00276334, 0.9607, 3.37518
7114.6, 0.96938, 0.00277241, 0.96336, 3.15422
7114.61, 0.972193, 0.00277856, 0.96647, 2.89459
7114.62, 0.973561, 0.00278167, 0.96995, 2.60734
7114.63, 0.973694, 0.00278201, 0.97365, 2.29523
7114.64, 0.973278, 0.00278093, 0.97743, 1.97484
7114.65, 0.973062, 0.00278, 0.98115, 1.65721
7114.66, 0.973394, 0.00278025, 0.98467, 1.35615
7114.67, 0.974376, 0.00278241, 0.98785, 1.07719
7114.68, 0.976055, 0.00278661, 0.99062, 0.834128
7114.69, 0.978396, 0.00279199, 0.99293, 0.626977
7114.7, 0.98134, 0.00279776, 0.99478, 0.464018
7114.71, 0.984734, 0.0028041, 0.99619, 0.334204
7114.72, 0.988384, 0.00281148, 0.99722, 0.240295
7114.73, 0.991882, 0.00281914, 0.99794, 0.171245
7114.74, 0.994606, 0.00282519, 0.99843, 0.129815
7114.75, 0.99621, 0.00282848, 0.99874, 0.0966705
7114.76, 0.997162, 0.00283022, 0.99894, 0.0773364
7114.77, 0.998027, 0.00283192, 0.99908, 0.0635263
7114.78, 0.998927, 0.00283371, 0.99918, 0.0552403
7114.79, 0.999741, 0.002835, 0.99928, 0.0497162
7114.8, 1.00039, 0.00283573, 0.99939, 0.0414302
7114.81, 1.00086, 0.00283659, 0.9995, 0.0331442
7114.82, 1.00113, 0.00283805, 0.99962, 0.0248581
7114.83, 1.00109, 0.00283891, 1, 0
7114.84, 1.00063, 0.00283763, 1, 0
7114.85, 0.999862, 0.00283471, 1, 0
7114.86, 0.99917, 0.00283242, 1, 0
7114.87, 0.998785, 0.00283221, 1, 0
7114.88, 0.998599, 0.00283333, 1, 0
7114.89, 0.998343, 0.00283398, 1, 0
7114.9, 0.998052, 0.0028344, 1, 0
7114.91, 0.997762, 0.00283482, 1, 0
