wav, obs, sigma_obs, syn, weight
7117.73, 0.994655, 0.00279257, 1, 0
7117.74, 0.994667, 0.00279257, 1, 0
7117.75, 0.994375, 0.00279203, 1, 0
7117.76, 0.99444, 0.00279212, 1, 0
7117.77, 0.995273, 0.00279359, 1, 0
7117.78, 0.996624, 0.00279598, 1, 0
7117.79, 0.997704, 0.00279784, 1, 0
7117.8, 0.99814, 0.00279853, 1, 0
7117.81, 0.99853, 0.00279933, 1, 0
7117.82, 0.999462, 0.00280145, 0.99947, 0.0228721
7117.83, 1.00055, 0.00280386, 0.99948, 0.0279547
7117.84, 1.00105, 0.00280469, 0.9995, 0.0381201
7117.85, 1.00081, 0.00280372, 0.99951, 0.0457441
7117.86, 1.00033, 0.0028025, 0.99952, 0.0533681
7117.87, 1.00005, 0.00280219, 0.99952, 0.0660748
7117.88, 1.00001, 0.00280249, 0.99951, 0.0813229
7117.89, 1.00021, 0.00280284, 0.99948, 0.101654
7117.9, 1.00043, 0.00280287, 0.99944, 0.134691
7117.91, 1.00037, 0.00280229, 0.99937, 0.180435
7117.92, 1.00001, 0.00280128, 0.99927, 0.243969
7117.93, 0.999766, 0.00280059, 0.99912, 0.330374
7117.94, 0.999887, 0.00280071, 0.99888, 0.449817
7117.95, 0.999963, 0.00280079, 0.99851, 0.599756
7117.96, 0.999466, 0.00279975, 0.99794, 0.787815
7117.97, 0.998414, 0.00279754, 0.99706, 1.01145
7117.98, 0.997193, 0.00279476, 0.99573, 1.26813
7117.99, 0.995832, 0.00279153, 0.99381, 1.55276
7118, 0.993721, 0.00278699, 0.99114, 1.85264
7118.01, 0.990286, 0.00278026, 0.98759, 2.16268
7118.02, 0.985464, 0.00277073, 0.98309, 2.46764
7118.03, 0.979378, 0.00275798, 0.97771, 2.75989
7118.04, 0.972607, 0.00274315, 0.97163, 3.02419
7118.05, 0.966113, 0.00272876, 0.96523, 3.25546
7118.06, 0.960516, 0.00271646, 0.95901, 3.4486
7118.07, 0.955636, 0.00270598, 0.95355, 3.59599
7118.08, 0.95133, 0.00269708, 0.94944, 3.69765
7118.09, 0.948445, 0.00269133, 0.94713, 3.75102
7118.1, 0.948184, 0.00269101, 0.94692, 3.7561
7118.11, 0.95071, 0.00269638, 0.94883, 3.7129
7118.12, 0.955066, 0.00270555, 0.95262, 3.62141
7118.13, 0.960421, 0.00271681, 0.95786, 3.48163
7118.14, 0.966462, 0.00272925, 0.96397, 3.29866
7118.15, 0.972916, 0.00274207, 0.97038, 3.07502
7118.16, 0.979066, 0.00275412, 0.97655, 2.8158
7118.17, 0.983985, 0.00276405, 0.98209, 2.52863
7118.18, 0.987545, 0.00277176, 0.98676, 2.22875
7118.19, 0.990695, 0.00277874, 0.9905, 1.91871
7118.2, 0.994098, 0.00278597, 0.99333, 1.61629
7118.21, 0.997098, 0.0027921, 0.99539, 1.32658
7118.22, 0.998824, 0.00279543, 0.99681, 1.06482
7118.23, 0.99944, 0.00279638, 0.99777, 0.836101
7118.24, 0.999778, 0.00279673, 0.99839, 0.642959
7118.25, 1.00032, 0.00279752, 0.99879, 0.482854
7118.26, 1.00097, 0.00279853, 0.99905, 0.36087
7118.27, 1.00158, 0.00279948, 0.99921, 0.264299
7118.28, 1.00205, 0.00280029, 0.99931, 0.198224
7118.29, 1.00229, 0.00280096, 0.99938, 0.149939
7118.3, 1.00225, 0.00280114, 0.99942, 0.119443
7118.31, 1.0019, 0.00280028, 0.99944, 0.0965709
7118.32, 1.00132, 0.00279838, 0.99944, 0.0838642
7118.33, 1.00084, 0.00279671, 0.99943, 0.0711575
7118.34, 1.00071, 0.0027964, 0.99941, 0.0635335
7118.35, 1.00067, 0.00279668, 0.99937, 0.0559095
7118.36, 1.00027, 0.00279614, 0.99931, 0.0482854
7118.37, 0.999537, 0.00279468, 0.99924, 0.0381201
7118.38, 0.998946, 0.00279346, 0.99917, 0.0304961
7118.39, 0.998702, 0.00279299, 1, 0
7118.4, 0.998252, 0.002792, 1, 0
7118.41, 0.997024, 0.00278916, 1, 0
7118.42, 0.995212, 0.002785, 1, 0
7118.43, 0.99336, 0.00278088, 1, 0
7118.44, 0.991723, 0.00277743, 1, 0
7118.45, 0.990192, 0.00277431, 1, 0
7118.46, 0.988572, 0.00277091, 1, 0
7118.47, 0.986952, 0.00276751, 1, 0
