wav, obs, sigma_obs, syn, weight
7119.66, 0.989427, 0.00276416, 1, 0
7119.67, 0.990095, 0.00276488, 1, 0
7119.68, 0.990787, 0.00276577, 1, 0
7119.69, 0.991518, 0.00276701, 1, 0
7119.7, 0.992173, 0.0027684, 1, 0
7119.71, 0.992533, 0.00276945, 1, 0
7119.72, 0.992565, 0.00276995, 1, 0
7119.73, 0.992612, 0.00277023, 1, 0
7119.74, 0.993001, 0.00277066, 1, 0
7119.75, 0.993717, 0.00277159, 0.99555, 0.00991713
7119.76, 0.994635, 0.00277335, 0.99596, 0.0165286
7119.77, 0.995629, 0.00277563, 0.99639, 0.0198343
7119.78, 0.996574, 0.00277766, 0.99681, 0.0264457
7119.79, 0.997402, 0.00277901, 0.99719, 0.0330571
7119.8, 0.998169, 0.00278015, 0.99752, 0.0429742
7119.81, 0.998948, 0.00278157, 0.9978, 0.0595028
7119.82, 0.999805, 0.00278336, 0.99803, 0.0826428
7119.83, 1.00079, 0.00278544, 0.99822, 0.119006
7119.84, 1.00175, 0.00278738, 0.99834, 0.165286
7119.85, 1.00228, 0.00278847, 0.99839, 0.234705
7119.86, 1.00222, 0.00278836, 0.99833, 0.330571
7119.87, 1.00191, 0.00278755, 0.99812, 0.456188
7119.88, 1.00172, 0.00278659, 0.99768, 0.621474
7119.89, 1.00139, 0.00278532, 0.99693, 0.823122
7119.9, 1.00046, 0.00278324, 0.99576, 1.06113
7119.91, 0.998644, 0.00277983, 0.99404, 1.3289
7119.92, 0.995919, 0.0027745, 0.99166, 1.6231
7119.93, 0.992276, 0.00276693, 0.98852, 1.93715
7119.94, 0.987747, 0.00275745, 0.9846, 2.24788
7119.95, 0.982388, 0.00274649, 0.97994, 2.55531
7119.96, 0.976388, 0.00273431, 0.9747, 2.84291
7119.97, 0.970006, 0.00272112, 0.96916, 3.09745
7119.98, 0.963817, 0.00270797, 0.96368, 3.31563
7119.99, 0.958771, 0.0026969, 0.95869, 3.49083
7120, 0.955476, 0.00268933, 0.95462, 3.62306
7120.01, 0.95343, 0.00268456, 0.95186, 3.7024
7120.02, 0.95204, 0.00268169, 0.95068, 3.73876
7120.03, 0.951819, 0.00268161, 0.95119, 3.72223
7120.04, 0.953829, 0.00268607, 0.95335, 3.66273
7120.05, 0.958061, 0.0026949, 0.95695, 3.55033
7120.06, 0.963104, 0.00270537, 0.96163, 3.39166
7120.07, 0.967764, 0.00271516, 0.96697, 3.19001
7120.08, 0.971898, 0.00272372, 0.97254, 2.94869
7120.09, 0.975582, 0.00273095, 0.97794, 2.67101
7120.1, 0.978888, 0.00273724, 0.98287, 2.3735
7120.11, 0.981885, 0.00274327, 0.98711, 2.05946
7120.12, 0.984583, 0.00274916, 0.99058, 1.74542
7120.13, 0.98691, 0.00275425, 0.99328, 1.44129
7120.14, 0.988876, 0.00275815, 0.99529, 1.16361
7120.15, 0.990817, 0.00276185, 0.99672, 0.90907
7120.16, 0.99309, 0.00276648, 0.99769, 0.697505
7120.17, 0.995427, 0.0027715, 0.99833, 0.518997
7120.18, 0.997178, 0.00277536, 0.99873, 0.380157
7120.19, 0.998097, 0.00277738, 0.99897, 0.271068
7120.2, 0.998573, 0.00277831, 0.9991, 0.191731
7120.21, 0.998962, 0.00277886, 0.99916, 0.13884
7120.22, 0.999254, 0.00277923, 0.99915, 0.0991713
7120.23, 0.999369, 0.00277946, 0.9991, 0.0727256
7120.24, 0.99949, 0.00277982, 0.999, 0.0561971
7120.25, 0.999976, 0.00278066, 0.99885, 0.0429742
7120.26, 1.00094, 0.00278217, 0.99868, 0.0363628
7120.27, 1.00207, 0.00278427, 0.99848, 0.0264457
7120.28, 1.00303, 0.00278665, 0.99828, 0.0198343
7120.29, 1.00357, 0.00278825, 0.9981, 0.0132228
7120.3, 1.00346, 0.00278791, 1, 0
7120.31, 1.00294, 0.00278628, 1, 0
7120.32, 1.00258, 0.00278524, 1, 0
7120.33, 1.00266, 0.0027858, 1, 0
7120.34, 1.003, 0.00278727, 1, 0
7120.35, 1.00318, 0.00278818, 1, 0
7120.36, 1.00335, 0.00278904, 1, 0
7120.37, 1.00352, 0.0027899, 1, 0
7120.38, 1.00369, 0.00279076, 1, 0
