wav, obs, sigma_obs, syn, weight
7148.36, 0.70964, 0.0023909, 1, 0
7148.37, 0.715013, 0.00240391, 1, 0
7148.38, 0.720387, 0.00241693, 1, 0
7148.39, 0.72576, 0.00242994, 1, 0
7148.4, 0.731133, 0.00244295, 1, 0
7148.41, 0.736507, 0.00245597, 1, 0
7148.42, 0.74188, 0.00246898, 1, 0
7148.43, 0.744172, 0.00247478, 1, 0
7148.44, 0.75149, 0.00249235, 0.95915, 0.00904159
7148.45, 0.768884, 0.00253349, 0.96112, 0.0144665
7148.46, 0.794188, 0.00259307, 0.96329, 0.0198915
7148.47, 0.822697, 0.00265995, 0.96542, 0.0253165
7148.48, 0.85102, 0.00272614, 0.96745, 0.0325497
7148.49, 0.876503, 0.00278538, 0.9693, 0.0379747
7148.5, 0.897509, 0.00283395, 0.97099, 0.0470163
7148.51, 0.913111, 0.00286992, 0.97254, 0.0578662
7148.52, 0.923912, 0.00289505, 0.97396, 0.074141
7148.53, 0.931595, 0.00291368, 0.97527, 0.101266
7148.54, 0.937482, 0.00292844, 0.97646, 0.141049
7148.55, 0.942529, 0.00294041, 0.97754, 0.200723
7148.56, 0.946864, 0.00294983, 0.97849, 0.283906
7148.57, 0.94977, 0.00295615, 0.97927, 0.401447
7148.58, 0.951287, 0.00295991, 0.97984, 0.556962
7148.59, 0.952475, 0.00296312, 0.98012, 0.750452
7148.6, 0.954117, 0.00296719, 0.97997, 0.987342
7148.61, 0.956445, 0.00297249, 0.97924, 1.25678
7148.62, 0.959315, 0.00297883, 0.97773, 1.55877
7148.63, 0.961959, 0.00298509, 0.97523, 1.88065
7148.64, 0.964026, 0.00299071, 0.97157, 2.21157
7148.65, 0.966304, 0.00299672, 0.96669, 2.53707
7148.66, 0.969231, 0.00300353, 0.96065, 2.84268
7148.67, 0.971764, 0.00300917, 0.95372, 3.12297
7148.68, 0.972882, 0.00301172, 0.94638, 3.36347
7148.69, 0.972584, 0.00301107, 0.93926, 3.56239
7148.7, 0.971073, 0.00300756, 0.9331, 3.71248
7148.71, 0.96846, 0.00300173, 0.92862, 3.81374
7148.72, 0.964822, 0.00299402, 0.92638, 3.86438
7148.73, 0.960208, 0.00298406, 0.92672, 3.86618
7148.74, 0.954785, 0.00297158, 0.92962, 3.81555
7148.75, 0.949608, 0.00295947, 0.93479, 3.7179
7148.76, 0.945945, 0.00295142, 0.94166, 3.56781
7148.77, 0.943699, 0.00294703, 0.94952, 3.37251
7148.78, 0.942192, 0.00294416, 0.95763, 3.13201
7148.79, 0.942116, 0.00294431, 0.96535, 2.85353
7148.8, 0.9449, 0.00295095, 0.97221, 2.54792
7148.81, 0.950229, 0.00296338, 0.97794, 2.22242
7148.82, 0.9565, 0.00297777, 0.98245, 1.8915
7148.83, 0.962681, 0.00299187, 0.98582, 1.56962
7148.84, 0.968309, 0.00300495, 0.98822, 1.26401
7148.85, 0.973485, 0.00301732, 0.98985, 0.992767
7148.86, 0.978878, 0.00303026, 0.99091, 0.755877
7148.87, 0.984151, 0.00304279, 0.99157, 0.55877
7148.88, 0.987632, 0.00305096, 0.99198, 0.403255
7148.89, 0.988983, 0.00305409, 0.99223, 0.283906
7148.9, 0.990105, 0.00305701, 0.99239, 0.197107
7148.91, 0.992014, 0.00306218, 0.99253, 0.135624
7148.92, 0.993658, 0.00306661, 0.99266, 0.0958409
7148.93, 0.994347, 0.00306833, 0.99282, 0.0687161
7148.94, 0.994764, 0.00306912, 0.99301, 0.0506329
7148.95, 0.995365, 0.00307039, 0.99324, 0.039783
7148.96, 0.99542, 0.00307099, 0.9935, 0.0325497
7148.97, 0.994453, 0.00307002, 0.99377, 0.0271248
7148.98, 0.993597, 0.00306901, 0.99405, 0.0216998
7148.99, 0.993917, 0.0030695, 0.99433, 0.0180832
7149, 0.994691, 0.00307087, 0.99459, 0.0126582
7149.01, 0.994947, 0.00307207, 0.99485, 0.00904159
7149.02, 0.994884, 0.0030729, 0.9951, 0.00723327
7149.03, 0.995013, 0.00307344, 1, 0
7149.04, 0.995335, 0.00307389, 1, 0
7149.05, 0.99568, 0.00307446, 1, 0
7149.06, 0.996102, 0.00307553, 1, 0
7149.07, 0.996716, 0.00307738, 1, 0
7149.08, 0.997102, 0.0030789, 1, 0
7149.09, 0.996627, 0.0030784, 1, 0
7149.1, 0.995866, 0.00307704, 1, 0
