wav, obs, sigma_obs, syn, weight
7155.21, 1.0035, 0.00329597, 1, 0
7155.22, 1.00397, 0.00329718, 1, 0
7155.23, 1.00451, 0.00329877, 1, 0
7155.24, 1.00526, 0.00330144, 1, 0
7155.25, 1.00588, 0.00330403, 1, 0
7155.26, 1.00585, 0.00330464, 1, 0
7155.27, 1.00517, 0.00330316, 1, 0
7155.28, 1.00416, 0.00330048, 1, 0
7155.29, 1.00292, 0.00329734, 0.99958, 0.0113769
7155.3, 1.00138, 0.00329416, 0.99954, 0.018378
7155.31, 0.999325, 0.00329001, 0.9995, 0.0262543
7155.32, 0.99653, 0.00328347, 0.99946, 0.0341306
7155.33, 0.993713, 0.00327667, 0.99942, 0.0411317
7155.34, 0.992006, 0.00327337, 0.99938, 0.049008
7155.35, 0.991138, 0.00327253, 0.99933, 0.055134
7155.36, 0.99013, 0.0032707, 0.99928, 0.0621351
7155.37, 0.989239, 0.00326845, 0.99922, 0.0691363
7155.38, 0.989359, 0.00326857, 0.99914, 0.0770126
7155.39, 0.990302, 0.00327115, 0.99906, 0.0883894
7155.4, 0.991314, 0.00327476, 0.99896, 0.102392
7155.41, 0.992486, 0.0032789, 0.99883, 0.12252
7155.42, 0.99431, 0.00328346, 0.99868, 0.1514
7155.43, 0.996161, 0.00328746, 0.99848, 0.190781
7155.44, 0.996883, 0.00328951, 0.99821, 0.24679
7155.45, 0.996821, 0.00329017, 0.99782, 0.324678
7155.46, 0.997093, 0.00329095, 0.99725, 0.427945
7155.47, 0.997423, 0.00329148, 0.99639, 0.560967
7155.48, 0.996814, 0.00329038, 0.99508, 0.726369
7155.49, 0.995549, 0.00328806, 0.99312, 0.925026
7155.5, 0.994522, 0.00328569, 0.99022, 1.15519
7155.51, 0.992861, 0.00328147, 0.98609, 1.41336
7155.52, 0.988784, 0.00327203, 0.98043, 1.6934
7155.53, 0.982162, 0.00325672, 0.97298, 1.99007
7155.54, 0.973786, 0.00323644, 0.96362, 2.2955
7155.55, 0.963632, 0.0032113, 0.95242, 2.6018
7155.56, 0.951197, 0.00318086, 0.93966, 2.90022
7155.57, 0.936211, 0.00314441, 0.92588, 3.18114
7155.58, 0.918716, 0.00310154, 0.91182, 3.43581
7155.59, 0.900602, 0.00305692, 0.8984, 3.6546
7155.6, 0.884712, 0.00301788, 0.8866, 3.83225
7155.61, 0.872369, 0.00298779, 0.87737, 3.96177
7155.62, 0.864053, 0.0029678, 0.87149, 4.04141
7155.63, 0.860961, 0.00296056, 0.86947, 4.06766
7155.64, 0.864517, 0.00296922, 0.87149, 4.04053
7155.65, 0.873927, 0.0029925, 0.87737, 3.9609
7155.66, 0.88711, 0.00302637, 0.8866, 3.83138
7155.67, 0.902278, 0.00306558, 0.89839, 3.6546
7155.68, 0.917867, 0.0031045, 0.91181, 3.43581
7155.69, 0.932695, 0.00314085, 0.92587, 3.18114
7155.7, 0.945845, 0.00317419, 0.93966, 2.90022
7155.71, 0.956824, 0.0032026, 0.95242, 2.6018
7155.72, 0.965399, 0.0032236, 0.96362, 2.2955
7155.73, 0.971496, 0.00323774, 0.97298, 1.9892
7155.74, 0.975126, 0.00324707, 0.98043, 1.6934
7155.75, 0.976267, 0.0032511, 0.98609, 1.41248
7155.76, 0.97497, 0.00324827, 0.99022, 1.15519
7155.77, 0.972159, 0.00324108, 0.99312, 0.925026
7155.78, 0.969226, 0.00323418, 0.99508, 0.726369
7155.79, 0.967215, 0.0032302, 0.99639, 0.560967
7155.8, 0.966888, 0.00323043, 0.99725, 0.42707
7155.81, 0.968229, 0.00323433, 0.99782, 0.324678
7155.82, 0.970795, 0.00324042, 0.99821, 0.24679
7155.83, 0.974274, 0.00324841, 0.99848, 0.190781
7155.84, 0.978405, 0.00325845, 0.99868, 0.1514
7155.85, 0.982689, 0.00326933, 0.99883, 0.12252
7155.86, 0.986488, 0.00327907, 0.99896, 0.103267
7155.87, 0.98913, 0.00328608, 0.99906, 0.0883894
7155.88, 0.990087, 0.0032893, 0.99914, 0.0770126
7155.89, 0.990319, 0.00329078, 0.99922, 0.0682611
7155.9, 0.991427, 0.00329392, 0.99928, 0.06126
7155.91, 0.99344, 0.00329897, 0.99933, 0.055134
7155.92, 0.99557, 0.00330457, 0.99938, 0.049008
7155.93, 0.997292, 0.0033095, 0.99942, 0.0420069
7155.94, 0.998338, 0.00331295, 0.99946, 0.0350057
7155.95, 0.99948, 0.0033164, 0.9995, 0.0262543
7155.96, 1.0018, 0.00332213, 0.99953, 0.0192531
7155.97, 1.00444, 0.00332847, 0.99957, 0.012252
7155.98, 1.00571, 0.00333214, 1, 0
7155.99, 1.0059, 0.0033335, 1, 0
7156, 1.00618, 0.00333463, 1, 0
7156.01, 1.00678, 0.00333628, 1, 0
7156.02, 1.0075, 0.00333853, 1, 0
7156.03, 1.00825, 0.00334117, 1, 0
7156.04, 1.00899, 0.00334375, 1, 0
7156.05, 1.00973, 0.00334628, 1, 0
