wav, obs, sigma_obs, syn, weight
7161.97, 0.997155, 0.00362529, 1, 0
7161.98, 0.998185, 0.00362891, 1, 0
7161.99, 0.999384, 0.00363279, 1, 0
7162, 1.0004, 0.0036364, 1, 0
7162.01, 1.00068, 0.00363885, 1, 0
7162.02, 1.00053, 0.00364016, 1, 0
7162.03, 1.00068, 0.00364075, 1, 0
7162.04, 1.00104, 0.00364122, 0.99806, 0.00621581
7162.05, 1.0012, 0.00364214, 0.99787, 0.0103597
7162.06, 1.0012, 0.00364324, 0.99773, 0.0165755
7162.07, 1.00129, 0.00364401, 0.99763, 0.0227913
7162.08, 1.00137, 0.00364435, 0.99756, 0.0310791
7162.09, 1.0014, 0.0036446, 0.99754, 0.0393668
7162.1, 1.00192, 0.00364644, 0.99754, 0.0455826
7162.11, 1.0032, 0.00365066, 0.99758, 0.0538704
7162.12, 1.00374, 0.00365341, 0.99763, 0.0642301
7162.13, 1.00262, 0.00365201, 0.9977, 0.0808056
7162.14, 1.00177, 0.00365022, 0.99778, 0.099453
7162.15, 1.00247, 0.00365106, 0.99784, 0.132604
7162.16, 1.00303, 0.00365268, 0.99788, 0.178187
7162.17, 1.00235, 0.00365312, 0.99787, 0.240345
7162.18, 1.00127, 0.00365163, 0.99778, 0.333582
7162.19, 1.00036, 0.00364846, 0.99756, 0.453754
7162.2, 0.999415, 0.00364513, 0.99715, 0.611222
7162.21, 0.998317, 0.00364252, 0.99644, 0.810128
7162.22, 0.997139, 0.00364042, 0.99532, 1.04426
7162.23, 0.99579, 0.00363799, 0.99363, 1.31568
7162.24, 0.993981, 0.00363382, 0.99121, 1.61404
7162.25, 0.991323, 0.00362692, 0.98791, 1.93105
7162.26, 0.987383, 0.00361676, 0.98365, 2.25012
7162.27, 0.982334, 0.00360384, 0.97842, 2.56506
7162.28, 0.976705, 0.00358917, 0.97235, 2.85927
7162.29, 0.970027, 0.00357145, 0.96574, 3.12241
7162.3, 0.961536, 0.00354877, 0.95902, 3.35032
7162.31, 0.953211, 0.0035265, 0.95271, 3.53265
7162.32, 0.947871, 0.00351223, 0.9474, 3.67147
7162.33, 0.944813, 0.00350412, 0.94361, 3.76057
7162.34, 0.94244, 0.00349798, 0.94176, 3.80201
7162.35, 0.942043, 0.00349743, 0.94204, 3.79165
7162.36, 0.945212, 0.00350689, 0.94442, 3.7357
7162.37, 0.950788, 0.00352356, 0.94866, 3.63211
7162.38, 0.957218, 0.00354314, 0.95431, 3.48086
7162.39, 0.964054, 0.00356302, 0.96082, 3.28609
7162.4, 0.970887, 0.00358116, 0.96762, 3.04989
7162.41, 0.976788, 0.00359624, 0.97416, 2.77432
7162.42, 0.981305, 0.00360825, 0.98006, 2.47389
7162.43, 0.9852, 0.00361975, 0.98504, 2.15689
7162.44, 0.988855, 0.00363138, 0.98899, 1.83574
7162.45, 0.991698, 0.00363983, 0.99193, 1.52287
7162.46, 0.993418, 0.00364396, 0.99394, 1.2328
7162.47, 0.99422, 0.00364633, 0.99518, 0.971739
7162.48, 0.994339, 0.00364804, 0.99579, 0.745898
7162.49, 0.994001, 0.00364818, 0.99592, 0.559423
7162.5, 0.993433, 0.00364695, 0.99572, 0.412316
7162.51, 0.992851, 0.00364562, 0.99529, 0.302503
7162.52, 0.99227, 0.00364465, 0.99475, 0.221697
7162.53, 0.99156, 0.00364375, 0.99419, 0.163683
7162.54, 0.990771, 0.00364268, 0.9937, 0.126388
7162.55, 0.990117, 0.00364144, 0.99335, 0.099453
7162.56, 0.990231, 0.00364188, 0.9932, 0.0808056
7162.57, 0.991733, 0.00364617, 0.99326, 0.0704459
7162.58, 0.993612, 0.00365186, 0.99355, 0.0580143
7162.59, 0.994466, 0.00365522, 0.99404, 0.0497265
7162.6, 0.994513, 0.00365633, 0.99467, 0.0414388
7162.61, 0.994457, 0.00365658, 0.9954, 0.0310791
7162.62, 0.994727, 0.00365742, 0.99616, 0.0207194
7162.63, 0.995325, 0.0036593, 0.99689, 0.0145036
7162.64, 0.995047, 0.00365905, 0.99757, 0.00828775
7162.65, 0.993164, 0.00365466, 1, 0
7162.66, 0.990943, 0.00364936, 1, 0
7162.67, 0.989159, 0.00364513, 1, 0
7162.68, 0.986795, 0.00363937, 1, 0
7162.69, 0.98329, 0.00363067, 1, 0
7162.7, 0.979461, 0.00362114, 1, 0
7162.71, 0.975902, 0.0036123, 1, 0
