wav, obs, sigma_obs, syn, weight
7179.62, 1.00604, 0.00326162, 1, 0
7179.63, 1.00397, 0.00325617, 1, 0
7179.64, 1.0007, 0.0032478, 1, 0
7179.65, 0.996453, 0.0032375, 1, 0
7179.66, 0.991775, 0.00322669, 1, 0
7179.67, 0.987719, 0.00321741, 1, 0
7179.68, 0.985276, 0.00321158, 1, 0
7179.69, 0.984446, 0.00320928, 1, 0
7179.7, 0.984705, 0.00320964, 0.99942, 0.00353665
7179.71, 0.985705, 0.00321201, 0.99928, 0.00471554
7179.72, 0.987537, 0.00321629, 0.99908, 0.00707331
7179.73, 0.990322, 0.00322239, 0.99878, 0.00943107
7179.74, 0.993619, 0.00322943, 0.99837, 0.0117888
7179.75, 0.996549, 0.00323593, 0.99781, 0.0141466
7179.76, 0.998456, 0.00324069, 0.9971, 0.0176833
7179.77, 0.999573, 0.0032438, 0.99625, 0.0235777
7179.78, 1.00034, 0.00324564, 0.9953, 0.0341876
7179.79, 1.00096, 0.00324657, 0.99432, 0.050692
7179.8, 1.00138, 0.00324696, 0.99337, 0.0789852
7179.81, 1.00153, 0.00324704, 0.99252, 0.122604
7179.82, 1.00123, 0.00324633, 0.99178, 0.187443
7179.83, 1.00027, 0.00324407, 0.99109, 0.280574
7179.84, 0.998434, 0.00323958, 0.99024, 0.406715
7179.85, 0.995535, 0.00323229, 0.98887, 0.571759
7179.86, 0.991332, 0.00322159, 0.98642, 0.778064
7179.87, 0.985162, 0.00320616, 0.98214, 1.02327
7179.88, 0.976127, 0.00318428, 0.97512, 1.3062
7179.89, 0.963503, 0.00315438, 0.96444, 1.61625
7179.9, 0.947021, 0.00311522, 0.94927, 1.94752
7179.91, 0.926511, 0.00306576, 0.92913, 2.28468
7179.92, 0.902273, 0.00300664, 0.90408, 2.61712
7179.93, 0.874993, 0.00293991, 0.87485, 2.93188
7179.94, 0.845429, 0.00286765, 0.8429, 3.21953
7179.95, 0.814584, 0.002792, 0.81034, 3.46946
7179.96, 0.783564, 0.00271523, 0.77974, 3.67458
7179.97, 0.754811, 0.00264339, 0.75377, 3.83137
7179.98, 0.732345, 0.00258704, 0.73488, 3.93747
7179.99, 0.719838, 0.00255579, 0.72493, 3.99052
7180, 0.718293, 0.00255206, 0.72494, 3.99052
7180.01, 0.727704, 0.00257555, 0.73489, 3.93747
7180.02, 0.747356, 0.00262422, 0.75381, 3.83255
7180.03, 0.775304, 0.002693, 0.77983, 3.67576
7180.04, 0.809357, 0.00277626, 0.81052, 3.47064
7180.05, 0.846102, 0.00286572, 0.84322, 3.22189
7180.06, 0.881446, 0.00295161, 0.87541, 2.93424
7180.07, 0.912193, 0.00302626, 0.90498, 2.61948
7180.08, 0.937485, 0.00308746, 0.93051, 2.28586
7180.09, 0.956891, 0.003134, 0.95127, 1.9487
7180.1, 0.970943, 0.00316739, 0.96719, 1.61861
7180.11, 0.980961, 0.00319129, 0.97873, 1.30738
7180.12, 0.988154, 0.00320893, 0.98664, 1.02681
7180.13, 0.993209, 0.00322153, 0.99177, 0.780421
7180.14, 0.996676, 0.0032298, 0.99492, 0.575295
7180.15, 0.99893, 0.00323456, 0.99675, 0.410252
7180.16, 1.00013, 0.0032367, 0.99778, 0.282932
7180.17, 1.00048, 0.00323714, 0.99833, 0.1898
7180.18, 1.0004, 0.00323688, 0.99863, 0.126141
7180.19, 1.00043, 0.00323694, 0.99879, 0.0825219
7180.2, 1.00075, 0.00323762, 0.99888, 0.0554076
7180.21, 1.00103, 0.00323796, 0.99894, 0.0389032
7180.22, 1.00088, 0.00323701, 0.99897, 0.0282932
7180.23, 1.00029, 0.0032349, 0.99899, 0.0223988
7180.24, 0.999441, 0.00323239, 0.999, 0.020041
7180.25, 0.998219, 0.00322935, 0.999, 0.0165044
7180.26, 0.995785, 0.00322348, 0.99899, 0.0141466
7180.27, 0.991258, 0.00321233, 0.99898, 0.0117888
7180.28, 0.984956, 0.00319664, 0.99896, 0.00943107
7180.29, 0.978155, 0.00317975, 0.99893, 0.00707331
7180.3, 0.972012, 0.0031646, 0.99892, 0.00589442
7180.31, 0.967113, 0.00315253, 1, 0
7180.32, 0.963891, 0.00314445, 1, 0
7180.33, 0.962242, 0.00314004, 1, 0
7180.34, 0.961443, 0.00313761, 1, 0
7180.35, 0.960093, 0.0031339, 1, 0
7180.36, 0.95864, 0.00312995, 1, 0
7180.37, 0.957188, 0.003126, 1, 0
7180.38, 0.955735, 0.00312205, 1, 0
