wav, obs, sigma_obs, syn, weight
7212.03, 0.930815, 0.00263211, 1, 0
7212.04, 0.942561, 0.0026566, 1, 0
7212.05, 0.954718, 0.00268199, 1, 0
7212.06, 0.965082, 0.00270342, 1, 0
7212.07, 0.972662, 0.00271875, 1, 0
7212.08, 0.978198, 0.00272991, 1, 0
7212.09, 0.982807, 0.00273969, 1, 0
7212.1, 0.986678, 0.00274824, 1, 0
7212.11, 0.989439, 0.00275413, 1, 0
7212.12, 0.991145, 0.00275729, 0.99786, 0.0197969
7212.13, 0.992438, 0.00275953, 0.99736, 0.0263959
7212.14, 0.993795, 0.00276223, 0.99678, 0.0348803
7212.15, 0.995068, 0.0027649, 0.99611, 0.0414793
7212.16, 0.996012, 0.00276684, 0.99538, 0.0490209
7212.17, 0.996565, 0.00276801, 0.99463, 0.0565626
7212.18, 0.996758, 0.00276873, 0.99388, 0.065047
7212.19, 0.996856, 0.00276946, 0.99318, 0.0735314
7212.2, 0.997355, 0.00277076, 0.99258, 0.0857867
7212.21, 0.998387, 0.00277275, 0.99212, 0.101813
7212.22, 0.999234, 0.00277437, 0.99183, 0.12538
7212.23, 0.999279, 0.00277475, 0.99171, 0.157433
7212.24, 0.999045, 0.0027745, 0.99175, 0.203625
7212.25, 0.999371, 0.00277466, 0.99192, 0.266787
7212.26, 1.00016, 0.00277524, 0.99214, 0.353516
7212.27, 1.0006, 0.00277547, 0.9923, 0.465699
7212.28, 1.00019, 0.00277468, 0.99227, 0.608991
7212.29, 0.999002, 0.0027724, 0.99186, 0.783392
7212.3, 0.997078, 0.00276828, 0.99083, 0.989846
7212.31, 0.994337, 0.00276231, 0.98889, 1.22647
7212.32, 0.990638, 0.00275454, 0.98572, 1.49043
7212.33, 0.985652, 0.00274438, 0.98097, 1.77324
7212.34, 0.978952, 0.00273091, 0.97434, 2.07019
7212.35, 0.970264, 0.00271344, 0.96563, 2.37374
7212.36, 0.959505, 0.00269156, 0.95484, 2.67258
7212.37, 0.946741, 0.00266522, 0.94222, 2.95823
7212.38, 0.932406, 0.00263524, 0.92832, 3.22313
7212.39, 0.91712, 0.00260292, 0.91402, 3.45692
7212.4, 0.902283, 0.00257143, 0.90038, 3.653
7212.41, 0.889595, 0.00254463, 0.88862, 3.80666
7212.42, 0.880359, 0.00252536, 0.87986, 3.91131
7212.43, 0.875524, 0.00251543, 0.875, 3.96881
7212.44, 0.875651, 0.0025159, 0.87456, 3.97352
7212.45, 0.880571, 0.0025263, 0.8786, 3.92733
7212.46, 0.889879, 0.00254567, 0.88669, 3.83118
7212.47, 0.902469, 0.00257167, 0.89799, 3.686
7212.48, 0.917016, 0.00260153, 0.91141, 3.4984
7212.49, 0.932046, 0.00263242, 0.92577, 3.27121
7212.5, 0.945992, 0.00266149, 0.93994, 3.01196
7212.51, 0.957972, 0.00268689, 0.95302, 2.73009
7212.52, 0.968071, 0.00270819, 0.96442, 2.43219
7212.53, 0.976394, 0.00272516, 0.97381, 2.13053
7212.54, 0.982847, 0.00273788, 0.98118, 1.83074
7212.55, 0.987388, 0.00274664, 0.98669, 1.54322
7212.56, 0.990656, 0.0027531, 0.99063, 1.27643
7212.57, 0.993589, 0.0027595, 0.99332, 1.03415
7212.58, 0.996312, 0.00276586, 0.9951, 0.821101
7212.59, 0.998118, 0.00276992, 0.99621, 0.6401
7212.6, 0.998708, 0.00277071, 0.99689, 0.492095
7212.61, 0.998815, 0.00277042, 0.99729, 0.373313
7212.62, 0.999111, 0.00277108, 0.99751, 0.28187
7212.63, 0.999171, 0.00277168, 0.99764, 0.213995
7212.64, 0.99824, 0.00277022, 0.99772, 0.164974
7212.65, 0.996072, 0.0027659, 0.99779, 0.130094
7212.66, 0.99281, 0.00275882, 0.99788, 0.105584
7212.67, 0.988798, 0.00274982, 0.99798, 0.0886148
7212.68, 0.984684, 0.00274095, 0.99811, 0.0763595
7212.69, 0.980741, 0.00273321, 0.99826, 0.0669324
7212.7, 0.975741, 0.00272343, 0.99842, 0.0593908
7212.71, 0.968281, 0.00270791, 0.99859, 0.0518491
7212.72, 0.958583, 0.00268723, 0.99876, 0.0461928
7212.73, 0.947756, 0.00266429, 0.99892, 0.0395938
7212.74, 0.937188, 0.00264232, 0.99906, 0.0329949
7212.75, 0.928584, 0.00262482, 0.99919, 0.0254532
7212.76, 0.923174, 0.00261422, 0.9993, 0.0188542
7212.77, 0.920907, 0.00260998, 1, 0
7212.78, 0.921612, 0.00261137, 1, 0
7212.79, 0.925608, 0.00261922, 1, 0
7212.8, 0.933302, 0.00263477, 1, 0
7212.81, 0.943394, 0.00265547, 1, 0
7212.82, 0.953168, 0.00267565, 1, 0
7212.83, 0.961123, 0.00269218, 1, 0
7212.84, 0.968041, 0.0027066, 1, 0
7212.85, 0.975663, 0.00272245, 1, 0
