wav, obs, sigma_obs, syn, weight
7222.43, 0.967239, 0.00276746, 1, 0
7222.44, 0.971095, 0.00277555, 1, 0
7222.45, 0.974998, 0.0027838, 1, 0
7222.46, 0.978995, 0.00279241, 1, 0
7222.47, 0.982956, 0.00280114, 1, 0
7222.48, 0.986656, 0.00280953, 1, 0
7222.49, 0.989939, 0.00281705, 1, 0
7222.5, 0.992722, 0.00282308, 1, 0
7222.51, 0.994969, 0.00282746, 0.99892, 0.0461566
7222.52, 0.99671, 0.00283078, 0.99919, 0.0625037
7222.53, 0.997964, 0.00283349, 0.9994, 0.075966
7222.54, 0.998685, 0.00283536, 0.99954, 0.0846204
7222.55, 0.998874, 0.00283619, 0.99963, 0.0865436
7222.56, 0.998827, 0.00283643, 0.99967, 0.0826972
7222.57, 0.998892, 0.00283667, 0.99969, 0.0750045
7222.58, 0.998921, 0.00283673, 0.9997, 0.0673117
7222.59, 0.998508, 0.00283598, 0.99969, 0.0615421
7222.6, 0.997815, 0.00283482, 0.99969, 0.0576957
7222.61, 0.99755, 0.00283458, 0.99967, 0.0567341
7222.62, 0.997943, 0.0028356, 0.99966, 0.0576957
7222.63, 0.998398, 0.00283654, 0.99963, 0.0644269
7222.64, 0.998564, 0.00283664, 0.99961, 0.0730813
7222.65, 0.999, 0.00283735, 0.99957, 0.0865436
7222.66, 1.00016, 0.00283986, 0.99953, 0.106737
7222.67, 1.00115, 0.00284225, 0.99947, 0.135585
7222.68, 1.00085, 0.002842, 0.9994, 0.177895
7222.69, 1.00001, 0.00284054, 0.99929, 0.236553
7222.7, 1.00036, 0.00284139, 0.99914, 0.316365
7222.71, 1.00173, 0.0028443, 0.99891, 0.421179
7222.72, 1.00217, 0.00284549, 0.99855, 0.554841
7222.73, 1.00093, 0.00284339, 0.998, 0.721197
7222.74, 0.999236, 0.00284008, 0.99716, 0.919285
7222.75, 0.997971, 0.0028371, 0.9959, 1.14815
7222.76, 0.996612, 0.00283374, 0.99407, 1.40393
7222.77, 0.994484, 0.00282899, 0.99149, 1.68279
7222.78, 0.99134, 0.00282247, 0.98799, 1.97704
7222.79, 0.987078, 0.00281395, 0.98342, 2.27898
7222.8, 0.981695, 0.00280316, 0.97773, 2.579
7222.81, 0.975247, 0.0027898, 0.971, 2.86748
7222.82, 0.967898, 0.00277421, 0.96345, 3.1348
7222.83, 0.95991, 0.00275734, 0.95551, 3.37232
7222.84, 0.951804, 0.0027404, 0.94774, 3.57233
7222.85, 0.944481, 0.00272499, 0.94082, 3.73003
7222.86, 0.938787, 0.00271275, 0.93542, 3.83965
7222.87, 0.935343, 0.00270529, 0.93211, 3.89927
7222.88, 0.934572, 0.00270381, 0.93129, 3.90889
7222.89, 0.936158, 0.00270757, 0.93306, 3.8685
7222.9, 0.939618, 0.00271537, 0.93724, 3.77811
7222.91, 0.944869, 0.00272693, 0.94338, 3.6406
7222.92, 0.951982, 0.00274238, 0.95084, 3.4579
7222.93, 0.960261, 0.00276019, 0.95894, 3.23673
7222.94, 0.968373, 0.00277748, 0.96698, 2.98383
7222.95, 0.975535, 0.00279257, 0.97443, 2.70401
7222.96, 0.981757, 0.00280553, 0.98089, 2.40976
7222.97, 0.987092, 0.00281663, 0.98619, 2.10686
7222.98, 0.991558, 0.0028263, 0.99031, 1.80684
7222.99, 0.995165, 0.00283477, 0.99336, 1.51932
7223, 0.997898, 0.00284142, 0.99551, 1.24815
7223.01, 0.99976, 0.00284554, 0.99695, 1.00391
7223.02, 1.00091, 0.00284783, 0.9979, 0.790432
7223.03, 1.00156, 0.0028495, 0.99849, 0.60869
7223.04, 1.00197, 0.00285092, 0.99886, 0.461566
7223.05, 1.00234, 0.00285179, 0.99909, 0.344251
7223.06, 1.0027, 0.00285192, 0.99924, 0.255784
7223.07, 1.00273, 0.00285136, 0.99934, 0.191358
7223.08, 1.00243, 0.0028505, 0.9994, 0.145201
7223.09, 1.00243, 0.00285054, 0.99945, 0.111545
7223.1, 1.00314, 0.00285215, 0.99949, 0.0884668
7223.11, 1.00373, 0.0028535, 0.99952, 0.0701965
7223.12, 1.00332, 0.00285267, 0.99954, 0.0548109
7223.13, 1.0024, 0.0028509, 0.99956, 0.0413486
7223.14, 1.00204, 0.00285059, 0.99958, 0.0298095
7223.15, 1.00228, 0.00285179, 0.99959, 0.0192319
7223.16, 1.00253, 0.00285292, 1, 0
7223.17, 1.00247, 0.00285307, 1, 0
7223.18, 1.00213, 0.00285224, 1, 0
7223.19, 1.00171, 0.00285092, 1, 0
7223.2, 1.00164, 0.00285056, 1, 0
7223.21, 1.00224, 0.0028522, 1, 0
7223.22, 1.00326, 0.0028551, 1, 0
7223.23, 1.00412, 0.00285751, 1, 0
