wav, obs, sigma_obs, syn, weight
7284.89, 0.875827, 0.00255827, 1, 0
7284.9, 0.900759, 0.00261079, 1, 0
7284.91, 0.923089, 0.00265768, 1, 0
7284.92, 0.941765, 0.00269669, 1, 0
7284.93, 0.956815, 0.00272804, 1, 0
7284.94, 0.96843, 0.00275226, 1, 0
7284.95, 0.977006, 0.00277016, 1, 0
7284.96, 0.983041, 0.00278266, 1, 0
7284.97, 0.987071, 0.00279094, 1, 0
7284.98, 0.989702, 0.00279651, 0.99222, 0.204797
7284.99, 0.991479, 0.00280066, 0.99343, 0.24388
7285, 0.992596, 0.00280334, 0.99449, 0.27202
7285.01, 0.993131, 0.00280407, 0.99534, 0.279837
7285.02, 0.993303, 0.00280338, 0.99599, 0.273584
7285.03, 0.993485, 0.002803, 0.9965, 0.256387
7285.04, 0.993959, 0.00280421, 0.99686, 0.2345
7285.05, 0.994616, 0.00280621, 0.99712, 0.217304
7285.06, 0.995258, 0.00280778, 0.99731, 0.207924
7285.07, 0.99579, 0.00280859, 0.99743, 0.209487
7285.08, 0.996206, 0.00280906, 0.99747, 0.228247
7285.09, 0.996511, 0.00280949, 0.99743, 0.265767
7285.1, 0.996739, 0.00280989, 0.99725, 0.326737
7285.11, 0.996912, 0.00281016, 0.99689, 0.41272
7285.12, 0.996877, 0.0028099, 0.99624, 0.533097
7285.13, 0.996375, 0.00280853, 0.99517, 0.686304
7285.14, 0.995231, 0.00280576, 0.99351, 0.873904
7285.15, 0.993445, 0.00280185, 0.99106, 1.09746
7285.16, 0.990976, 0.00279693, 0.98759, 1.34916
7285.17, 0.987374, 0.00278967, 0.98288, 1.62899
7285.18, 0.982013, 0.00277815, 0.97678, 1.9229
7285.19, 0.97461, 0.00276173, 0.96924, 2.22306
7285.2, 0.965368, 0.00274155, 0.96035, 2.5201
7285.21, 0.954613, 0.00271894, 0.95038, 2.80306
7285.22, 0.943107, 0.00269517, 0.93981, 3.06101
7285.23, 0.931743, 0.00267156, 0.92928, 3.28926
7285.24, 0.921277, 0.00264943, 0.91953, 3.47686
7285.25, 0.912327, 0.00263013, 0.91134, 3.62381
7285.26, 0.905559, 0.00261524, 0.90542, 3.72386
7285.27, 0.901825, 0.00260694, 0.90232, 3.77702
7285.28, 0.901959, 0.00260742, 0.90231, 3.78171
7285.29, 0.905948, 0.00261646, 0.90541, 3.7395
7285.3, 0.913142, 0.00263205, 0.91132, 3.64882
7285.31, 0.922769, 0.00265214, 0.9195, 3.51281
7285.32, 0.933811, 0.00267477, 0.92925, 3.33303
7285.33, 0.945218, 0.00269797, 0.93979, 3.11416
7285.34, 0.956033, 0.00272002, 0.95038, 2.8609
7285.35, 0.965352, 0.00273929, 0.96036, 2.58263
7285.36, 0.972733, 0.00275494, 0.96929, 2.2856
7285.37, 0.978523, 0.00276743, 0.97687, 1.98231
7285.38, 0.983112, 0.00277727, 0.98301, 1.68371
7285.39, 0.986664, 0.00278471, 0.98778, 1.39762
7285.4, 0.989256, 0.00278991, 0.99132, 1.13342
7285.41, 0.991093, 0.00279335, 0.99385, 0.897354
7285.42, 0.992532, 0.00279595, 0.9956, 0.697247
7285.43, 0.9939, 0.00279855, 0.99678, 0.528407
7285.44, 0.995341, 0.00280149, 0.99756, 0.39396
7285.45, 0.996943, 0.00280493, 0.99807, 0.29078
7285.46, 0.998556, 0.00280847, 0.99842, 0.212614
7285.47, 0.999819, 0.00281122, 0.99865, 0.156333
7285.48, 1.00053, 0.0028127, 0.99883, 0.11725
7285.49, 1.00101, 0.00281364, 0.99895, 0.0891101
7285.5, 1.00161, 0.00281492, 0.99905, 0.0703501
7285.51, 1.00228, 0.00281634, 0.99913, 0.0578434
7285.52, 1.00269, 0.00281706, 0.9992, 0.0484634
7285.53, 1.00273, 0.00281673, 0.99925, 0.0406467
7285.54, 1.00266, 0.00281609, 0.99929, 0.0343934
7285.55, 1.00275, 0.0028159, 0.99933, 0.0297034
7285.56, 1.00288, 0.00281602, 0.99936, 0.02345
7285.57, 1.00272, 0.00281589, 0.99939, 0.01876
7285.58, 1.00229, 0.00281539, 0.99942, 0.01407
7285.59, 1.00202, 0.00281501, 1, 0
7285.6, 1.00227, 0.00281517, 1, 0
7285.61, 1.00282, 0.0028157, 1, 0
7285.62, 1.00327, 0.00281624, 1, 0
7285.63, 1.00348, 0.00281665, 1, 0
7285.64, 1.00362, 0.00281702, 1, 0
7285.65, 1.0038, 0.00281741, 1, 0
7285.66, 1.00402, 0.00281783, 1, 0
7285.67, 1.00424, 0.00281825, 1, 0
