wav, obs, sigma_obs, syn, weight
7351.09, 0.842143, 0.00432586, 1, 0
7351.1, 0.832652, 0.00429216, 1, 0
7351.11, 0.827799, 0.00427543, 1, 0
7351.12, 0.829836, 0.00428406, 1, 0
7351.13, 0.839193, 0.00431981, 1, 0
7351.14, 0.853258, 0.00437277, 1, 0
7351.15, 0.868591, 0.00443, 1, 0
7351.16, 0.884833, 0.00449112, 0.98703, 0.0281397
7351.17, 0.901864, 0.00455568, 0.98842, 0.0547162
7351.18, 0.91846, 0.00461672, 0.99025, 0.0937991
7351.19, 0.933685, 0.0046711, 0.99212, 0.140699
7351.2, 0.946993, 0.00471999, 0.99378, 0.185253
7351.21, 0.957386, 0.00476057, 0.99514, 0.218083
7351.22, 0.964425, 0.00479011, 0.99614, 0.232153
7351.23, 0.971052, 0.00481548, 0.99681, 0.23059
7351.24, 0.978837, 0.00484149, 0.9972, 0.215738
7351.25, 0.984864, 0.00486373, 0.99738, 0.196197
7351.26, 0.988123, 0.00487969, 0.99739, 0.179782
7351.27, 0.99003, 0.00488989, 0.99724, 0.168838
7351.28, 0.990894, 0.00489401, 0.99697, 0.168057
7351.29, 0.990703, 0.00489283, 0.99657, 0.179
7351.3, 0.990861, 0.00489395, 0.99605, 0.203231
7351.31, 0.99199, 0.00490089, 0.99539, 0.243878
7351.32, 0.992441, 0.00490555, 0.99458, 0.304847
7351.33, 0.991722, 0.00490478, 0.99359, 0.390048
7351.34, 0.990684, 0.00490157, 0.99234, 0.500262
7351.35, 0.988878, 0.00489514, 0.99072, 0.637052
7351.36, 0.985674, 0.00488413, 0.98852, 0.801983
7351.37, 0.982687, 0.00487385, 0.98543, 0.993489
7351.38, 0.980412, 0.00486589, 0.98102, 1.20688
7351.39, 0.976017, 0.00485108, 0.97477, 1.4406
7351.4, 0.968418, 0.00482488, 0.96612, 1.68838
7351.41, 0.958644, 0.00478896, 0.95456, 1.9479
7351.42, 0.946965, 0.00474622, 0.93977, 2.21131
7351.43, 0.933145, 0.00469846, 0.92171, 2.47552
7351.44, 0.916703, 0.00464087, 0.90074, 2.73112
7351.45, 0.897014, 0.00456863, 0.87764, 2.97421
7351.46, 0.873431, 0.00448069, 0.85362, 3.19542
7351.47, 0.848444, 0.00438889, 0.83021, 3.38771
7351.48, 0.827242, 0.00431501, 0.80913, 3.54639
7351.49, 0.811182, 0.00425933, 0.79211, 3.6652
7351.5, 0.79991, 0.0042151, 0.78062, 3.7418
7351.51, 0.794304, 0.00419192, 0.77573, 3.77463
7351.52, 0.795493, 0.00419883, 0.77792, 3.76135
7351.53, 0.804438, 0.00423599, 0.78698, 3.70272
7351.54, 0.820703, 0.00429859, 0.8021, 3.60111
7351.55, 0.842356, 0.00437794, 0.82195, 3.45806
7351.56, 0.866084, 0.00446475, 0.8449, 3.27984
7351.57, 0.888787, 0.00455102, 0.86921, 3.06958
7351.58, 0.910623, 0.00463465, 0.89323, 2.83508
7351.59, 0.931354, 0.00471245, 0.9156, 2.58338
7351.6, 0.948708, 0.00477709, 0.93532, 2.32153
7351.61, 0.962032, 0.00482655, 0.95186, 2.05733
7351.62, 0.972246, 0.00486382, 0.96504, 1.79547
7351.63, 0.979262, 0.00488867, 0.97507, 1.54221
7351.64, 0.983282, 0.0049026, 0.98237, 1.30146
7351.65, 0.987298, 0.00491914, 0.98747, 1.07947
7351.66, 0.992367, 0.00494227, 0.99093, 0.877804
7351.67, 0.995291, 0.00495575, 0.99321, 0.701149
7351.68, 0.996021, 0.00495815, 0.99471, 0.55107
7351.69, 0.997217, 0.00496124, 0.99571, 0.427568
7351.7, 0.998303, 0.00496461, 0.99638, 0.330642
7351.71, 0.99785, 0.00496386, 0.99686, 0.255603
7351.72, 0.996545, 0.00496015, 0.99721, 0.200886
7351.73, 0.995685, 0.00495713, 0.99748, 0.16024
7351.74, 0.996691, 0.00496006, 0.99771, 0.1321
7351.75, 0.99857, 0.00496594, 0.99789, 0.111777
7351.76, 0.998873, 0.00496685, 0.99806, 0.0969258
7351.77, 0.998963, 0.00496908, 0.99821, 0.0844192
7351.78, 1.00072, 0.00497959, 0.99835, 0.0750393
7351.79, 1.00265, 0.00498906, 0.99847, 0.0656594
7351.8, 1.00357, 0.00499211, 0.99859, 0.0562795
7351.81, 1.00375, 0.00499386, 0.9987, 0.0453363
7351.82, 1.00373, 0.00499561, 0.9988, 0.034393
7351.83, 1.00402, 0.00499575, 0.9989, 0.0242314
7351.84, 1.00476, 0.00499709, 0.99898, 0.0148515
7351.85, 1.00576, 0.00500215, 0.99907, 0.00859825
7351.86, 1.00649, 0.00500758, 0.99916, 0.0039083
7351.87, 1.00636, 0.00500909, 1, 0
7351.88, 1.00487, 0.00500331, 1, 0
7351.89, 1.00359, 0.0049977, 1, 0
7351.9, 1.00475, 0.00500363, 1, 0
7351.91, 1.00621, 0.00501144, 1, 0
7351.92, 1.00559, 0.00501013, 1, 0
7351.93, 1.00431, 0.00500587, 1, 0
