wav, obs, sigma_obs, syn, weight
7380.97, 1.00552, 0.00275245, 1, 0
7380.98, 1.00465, 0.00275036, 1, 0
7380.99, 1.00378, 0.00274827, 1, 0
7381, 1.00291, 0.00274618, 1, 0
7381.01, 1.00204, 0.00274409, 1, 0
7381.02, 1.00117, 0.002742, 1, 0
7381.03, 1.00025, 0.0027396, 1, 0
7381.04, 0.999373, 0.00273745, 1, 0
7381.05, 0.998602, 0.00273611, 1, 0
7381.06, 0.998017, 0.00273565, 0.99966, 0.0183817
7381.07, 0.99772, 0.00273547, 0.9996, 0.024509
7381.08, 0.997738, 0.00273501, 0.99955, 0.0367635
7381.09, 0.99775, 0.00273406, 0.99949, 0.0520816
7381.1, 0.997364, 0.00273254, 0.99943, 0.0673997
7381.11, 0.996688, 0.00273099, 0.99935, 0.0888451
7381.12, 0.996254, 0.00273048, 0.99925, 0.11029
7381.13, 0.996394, 0.00273153, 0.99911, 0.147054
7381.14, 0.99691, 0.00273313, 0.99893, 0.193008
7381.15, 0.997527, 0.00273419, 0.99866, 0.257344
7381.16, 0.998004, 0.00273451, 0.99827, 0.340062
7381.17, 0.998123, 0.00273436, 0.99773, 0.450353
7381.18, 0.997801, 0.00273379, 0.99696, 0.585152
7381.19, 0.997154, 0.0027325, 0.99592, 0.750588
7381.2, 0.996244, 0.00273023, 0.99455, 0.946659
7381.21, 0.994868, 0.00272703, 0.99278, 1.1703
7381.22, 0.99276, 0.00272298, 0.99059, 1.41539
7381.23, 0.989882, 0.00271782, 0.98798, 1.67274
7381.24, 0.986372, 0.00271099, 0.98499, 1.93927
7381.25, 0.982351, 0.0027023, 0.98168, 2.20887
7381.26, 0.977877, 0.00269248, 0.97817, 2.46315
7381.27, 0.973062, 0.00268238, 0.97462, 2.70212
7381.28, 0.968483, 0.00267306, 0.97118, 2.91351
7381.29, 0.964925, 0.0026657, 0.96803, 3.09732
7381.3, 0.962779, 0.00266104, 0.96534, 3.24131
7381.31, 0.961924, 0.00265931, 0.96322, 3.3516
7381.32, 0.962148, 0.00266042, 0.96181, 3.42513
7381.33, 0.963012, 0.00266315, 0.96116, 3.45577
7381.34, 0.964047, 0.00266603, 0.96132, 3.44658
7381.35, 0.965095, 0.00266853, 0.96226, 3.40062
7381.36, 0.966236, 0.00267081, 0.96395, 3.31484
7381.37, 0.967603, 0.00267323, 0.96629, 3.18923
7381.38, 0.969433, 0.00267659, 0.96917, 3.02992
7381.39, 0.971924, 0.00268155, 0.97244, 2.83385
7381.4, 0.97493, 0.00268769, 0.97593, 2.61327
7381.41, 0.978161, 0.00269411, 0.97947, 2.36512
7381.42, 0.98141, 0.00270038, 0.9829, 2.10471
7381.43, 0.984564, 0.00270663, 0.98608, 1.83817
7381.44, 0.987512, 0.00271289, 0.98892, 1.57164
7381.45, 0.990117, 0.00271863, 0.99135, 1.31736
7381.46, 0.992247, 0.00272325, 0.99335, 1.08452
7381.47, 0.993918, 0.00272663, 0.99495, 0.873132
7381.48, 0.995242, 0.00272894, 0.99617, 0.689315
7381.49, 0.996285, 0.00273042, 0.99707, 0.536134
7381.5, 0.997023, 0.00273135, 0.99773, 0.413589
7381.51, 0.997446, 0.00273204, 0.99819, 0.315553
7381.52, 0.997725, 0.00273285, 0.9985, 0.238963
7381.53, 0.998092, 0.00273414, 0.99872, 0.183817
7381.54, 0.998639, 0.00273587, 0.99886, 0.14399
7381.55, 0.999303, 0.00273758, 0.99897, 0.11029
7381.56, 0.999974, 0.00273884, 0.99904, 0.0857814
7381.57, 1.00042, 0.00273944, 0.9991, 0.0643361
7381.58, 1.00041, 0.00273927, 0.99916, 0.049018
7381.59, 1.00011, 0.00273872, 0.99923, 0.0367635
7381.6, 0.999941, 0.00273846, 0.99931, 0.024509
7381.61, 1.00008, 0.00273881, 1, 0
7381.62, 1.0003, 0.00273941, 1, 0
7381.63, 1.00038, 0.00273986, 1, 0
7381.64, 1.00023, 0.00273979, 1, 0
7381.65, 0.999829, 0.00273889, 1, 0
7381.66, 0.999307, 0.00273746, 1, 0
7381.67, 0.998955, 0.00273638, 1, 0
7381.68, 0.998977, 0.00273633, 1, 0
7381.69, 0.999319, 0.00273713, 1, 0
