wav, obs, sigma_obs, syn, weight
7418.26, 0.994649, 0.00344714, 1, 0
7418.27, 0.992135, 0.0034406, 1, 0
7418.28, 0.989834, 0.00343462, 1, 0
7418.29, 0.987839, 0.00342951, 1, 0
7418.3, 0.986156, 0.0034254, 1, 0
7418.31, 0.984917, 0.00342284, 1, 0
7418.32, 0.984461, 0.00342308, 1, 0
7418.33, 0.984985, 0.00342633, 1, 0
7418.34, 0.986426, 0.00343105, 0.97982, 0.0660891
7418.35, 0.988514, 0.00343603, 0.98139, 0.110148
7418.36, 0.990658, 0.00344095, 0.98355, 0.162862
7418.37, 0.992519, 0.00344581, 0.98602, 0.216363
7418.38, 0.994298, 0.00345099, 0.98853, 0.259636
7418.39, 0.996044, 0.00345634, 0.99087, 0.286386
7418.4, 0.997361, 0.00346046, 0.99289, 0.293467
7418.41, 0.997992, 0.00346246, 0.99452, 0.284026
7418.42, 0.998099, 0.00346275, 0.99574, 0.266717
7418.43, 0.99795, 0.00346231, 0.99659, 0.247047
7418.44, 0.997945, 0.00346307, 0.99713, 0.229738
7418.45, 0.998286, 0.00346579, 0.99742, 0.224231
7418.46, 0.998632, 0.00346797, 0.9975, 0.232099
7418.47, 0.99859, 0.00346762, 0.99741, 0.261209
7418.48, 0.997862, 0.00346554, 0.99715, 0.313923
7418.49, 0.996502, 0.00346304, 0.99669, 0.394961
7418.5, 0.99556, 0.00346177, 0.99591, 0.50747
7418.51, 0.995517, 0.00346198, 0.99463, 0.650663
7418.52, 0.994539, 0.00345947, 0.99254, 0.825327
7418.53, 0.99089, 0.00345039, 0.9892, 1.02753
7418.54, 0.984694, 0.00343505, 0.98399, 1.25333
7418.55, 0.976347, 0.00341433, 0.97621, 1.49959
7418.56, 0.965839, 0.00338816, 0.96507, 1.7608
7418.57, 0.95267, 0.00335516, 0.94991, 2.03067
7418.58, 0.934812, 0.00330981, 0.93036, 2.30289
7418.59, 0.910671, 0.00324771, 0.90648, 2.57197
7418.6, 0.88196, 0.00317334, 0.87896, 2.82924
7418.61, 0.851029, 0.00309288, 0.84908, 3.06763
7418.62, 0.819238, 0.00300977, 0.8187, 3.28006
7418.63, 0.78798, 0.00292765, 0.79005, 3.45945
7418.64, 0.760125, 0.00285454, 0.76544, 3.60028
7418.65, 0.738808, 0.00279914, 0.747, 3.69941
7418.66, 0.726275, 0.00276685, 0.73639, 3.7537
7418.67, 0.724217, 0.00276151, 0.73458, 3.76236
7418.68, 0.732841, 0.00278428, 0.74174, 3.72616
7418.69, 0.751476, 0.00283423, 0.75721, 3.64434
7418.7, 0.777274, 0.00290346, 0.77959, 3.52003
7418.71, 0.806816, 0.00298225, 0.8069, 3.35559
7418.72, 0.838033, 0.00306516, 0.83686, 3.15497
7418.73, 0.869264, 0.00314802, 0.86718, 2.92601
7418.74, 0.898121, 0.00322392, 0.89583, 2.67503
7418.75, 0.922258, 0.00328602, 0.92126, 2.40989
7418.76, 0.941795, 0.00333587, 0.94256, 2.13767
7418.77, 0.957765, 0.00337799, 0.95942, 1.86466
7418.78, 0.970035, 0.00341145, 0.97206, 1.6003
7418.79, 0.978169, 0.00343359, 0.98105, 1.34538
7418.8, 0.983732, 0.00344833, 0.98715, 1.10857
7418.81, 0.988991, 0.00346208, 0.99111, 0.893776
7418.82, 0.993692, 0.00347431, 0.9936, 0.704163
7418.83, 0.996442, 0.00348139, 0.99514, 0.540514
7418.84, 0.99741, 0.0034843, 0.9961, 0.407549
7418.85, 0.99761, 0.0034864, 0.99673, 0.301335
7418.86, 0.997872, 0.00348898, 0.99716, 0.220297
7418.87, 0.998814, 0.00349208, 0.99749, 0.161289
7418.88, 1.00004, 0.0034951, 0.99777, 0.11959
7418.89, 1.0006, 0.00349717, 0.998, 0.0912659
7418.9, 1.00064, 0.00349848, 0.99821, 0.0715965
7418.91, 1.0009, 0.00349986, 0.99839, 0.0590081
7418.92, 1.00129, 0.0035009, 0.99855, 0.0495668
7418.93, 1.00123, 0.0035005, 0.99868, 0.0424858
7418.94, 1.00095, 0.00349975, 0.99879, 0.0361916
7418.95, 1.00121, 0.00350111, 0.99889, 0.0306842
7418.96, 1.00181, 0.003504, 0.99896, 0.0251768
7418.97, 1.00181, 0.00350567, 0.99902, 0.0188826
7418.98, 1.00118, 0.00350542, 0.99907, 0.0133752
7418.99, 1.0006, 0.00350425, 0.99911, 0.00865452
7419, 1.00041, 0.0035036, 0.99914, 0.00472065
7419.01, 1.00068, 0.00350517, 1, 0
7419.02, 1.00136, 0.00350849, 1, 0
7419.03, 1.00228, 0.00351127, 1, 0
7419.04, 1.00298, 0.00351225, 1, 0
7419.05, 1.00271, 0.0035112, 1, 0
7419.06, 1.00145, 0.00350857, 1, 0
7419.07, 1.00006, 0.00350574, 1, 0
7419.08, 0.998887, 0.00350325, 1, 0
