wav, obs, sigma_obs, syn, weight
7421.19, 1.00152, 0.0036264, 1, 0
7421.2, 1.00198, 0.00362779, 1, 0
7421.21, 1.00229, 0.00362887, 1, 0
7421.22, 1.00178, 0.00362832, 1, 0
7421.23, 1.00103, 0.00362747, 1, 0
7421.24, 1.00145, 0.00362941, 1, 0
7421.25, 1.00267, 0.003633, 1, 0
7421.26, 1.0029, 0.00363376, 1, 0
7421.27, 1.00206, 0.00363168, 0.99873, 0.00958936
7421.28, 1.00145, 0.0036303, 0.99856, 0.0159823
7421.29, 1.00102, 0.00362962, 0.99846, 0.0239734
7421.3, 0.999742, 0.00362698, 0.9984, 0.0319645
7421.31, 0.99825, 0.003624, 0.99837, 0.0415539
7421.32, 0.998399, 0.0036253, 0.99834, 0.0527415
7421.33, 0.999625, 0.00362914, 0.9983, 0.0607326
7421.34, 0.999612, 0.00362915, 0.99824, 0.0735184
7421.35, 0.998516, 0.0036263, 0.99813, 0.0895007
7421.36, 0.99831, 0.00362682, 0.99798, 0.115072
7421.37, 0.999074, 0.00363061, 0.99773, 0.150233
7421.38, 0.999494, 0.00363285, 0.99735, 0.204573
7421.39, 0.99925, 0.0036324, 0.99676, 0.27969
7421.4, 0.998753, 0.0036308, 0.99586, 0.380378
7421.41, 0.998035, 0.00362873, 0.99453, 0.508236
7421.42, 0.996862, 0.00362619, 0.99262, 0.668059
7421.43, 0.995307, 0.0036231, 0.98999, 0.855051
7421.44, 0.993626, 0.00361931, 0.98652, 1.06921
7421.45, 0.991595, 0.00361414, 0.98212, 1.30256
7421.46, 0.988672, 0.00360661, 0.9768, 1.55028
7421.47, 0.984563, 0.0035961, 0.97064, 1.7996
7421.48, 0.979132, 0.0035822, 0.96384, 2.04733
7421.49, 0.972084, 0.00356394, 0.95667, 2.28067
7421.5, 0.963119, 0.00354031, 0.94948, 2.49164
7421.51, 0.953142, 0.00351387, 0.94262, 2.67703
7421.52, 0.943771, 0.00348928, 0.93647, 2.83366
7421.53, 0.935884, 0.00346883, 0.93136, 2.95352
7421.54, 0.929887, 0.0034533, 0.92755, 3.03983
7421.55, 0.926224, 0.0034438, 0.92523, 3.09097
7421.56, 0.925329, 0.00344158, 0.92453, 3.10536
7421.57, 0.927276, 0.00344716, 0.92547, 3.08618
7421.58, 0.931877, 0.00346043, 0.928, 3.03024
7421.59, 0.938514, 0.00347939, 0.932, 2.94074
7421.6, 0.94633, 0.00350105, 0.93724, 2.81608
7421.61, 0.954587, 0.00352344, 0.94345, 2.66105
7421.62, 0.962648, 0.00354523, 0.95029, 2.47406
7421.63, 0.97014, 0.00356559, 0.95739, 2.26309
7421.64, 0.976822, 0.00358394, 0.96436, 2.03614
7421.65, 0.982328, 0.00359942, 0.97088, 1.8012
7421.66, 0.986255, 0.00361103, 0.97668, 1.56626
7421.67, 0.988456, 0.00361794, 0.98157, 1.34411
7421.68, 0.988969, 0.00361962, 0.98545, 1.14433
7421.69, 0.988256, 0.00361757, 0.98831, 0.978115
7421.7, 0.986984, 0.00361418, 0.99019, 0.850257
7421.71, 0.985705, 0.00361124, 0.99117, 0.763953
7421.72, 0.984693, 0.00360956, 0.99133, 0.725595
7421.73, 0.982464, 0.00360479, 0.99075, 0.727193
7421.74, 0.97712, 0.00359133, 0.98948, 0.768747
7421.75, 0.969944, 0.00357241, 0.98758, 0.837471
7421.76, 0.963371, 0.00355456, 0.98512, 0.925373
7421.77, 0.957561, 0.0035385, 0.98218, 1.01807
7421.78, 0.951889, 0.00352295, 0.97888, 1.09319
7421.79, 0.94736, 0.00351088, 0.9754, 1.12995
7421.8, 0.945557, 0.00350665, 0.97197, 1.10278
7421.81, 0.947189, 0.0035118, 0.96894, 1.00049
7421.82, 0.95231, 0.003526, 0.96678, 0.82948
7421.83, 0.959044, 0.00354482, 0.96606, 0.62171
7421.84, 0.965095, 0.00356282, 0.96731, 0.415539
7421.85, 0.970367, 0.00357872, 0.97072, 0.246127
7421.86, 0.97545, 0.00359273, 1, 0
7421.87, 0.979927, 0.00360453, 1, 0
7421.88, 0.983116, 0.00361361, 1, 0
7421.89, 0.984939, 0.00361942, 1, 0
7421.9, 0.98559, 0.00362171, 1, 0
7421.91, 0.985573, 0.00362186, 1, 0
7421.92, 0.985787, 0.00362275, 1, 0
7421.93, 0.986038, 0.00362376, 1, 0
