wav, obs, sigma_obs, syn, weight
7430.44, 0.991929, 0.00411259, 1, 0
7430.45, 0.987989, 0.00410122, 1, 0
7430.46, 0.982035, 0.00408347, 1, 0
7430.47, 0.973646, 0.00405799, 1, 0
7430.48, 0.96402, 0.00402851, 1, 0
7430.49, 0.95375, 0.00399714, 1, 0
7430.5, 0.942739, 0.00396411, 1, 0
7430.51, 0.931834, 0.00393167, 0.93254, 0.167586
7430.52, 0.92259, 0.00390369, 0.92043, 0.344426
7430.53, 0.915956, 0.00388344, 0.91249, 0.612769
7430.54, 0.912534, 0.00387368, 0.90893, 0.95411
7430.55, 0.912969, 0.00387626, 0.90929, 1.31396
7430.56, 0.917616, 0.00389173, 0.91287, 1.62446
7430.57, 0.925342, 0.00391627, 0.91897, 1.83317
7430.58, 0.934778, 0.00394565, 0.92699, 1.92261
7430.59, 0.945286, 0.00397859, 0.93619, 1.90822
7430.6, 0.956248, 0.00401359, 0.94594, 1.8198
7430.61, 0.966715, 0.0040469, 0.95561, 1.68614
7430.62, 0.975787, 0.00407519, 0.96466, 1.52987
7430.63, 0.982758, 0.00409655, 0.97262, 1.36536
7430.64, 0.987418, 0.00411093, 0.97921, 1.20703
7430.65, 0.9902, 0.00412049, 0.98428, 1.06412
7430.66, 0.991665, 0.00412661, 0.98779, 0.944857
7430.67, 0.99241, 0.0041297, 0.98982, 0.858494
7430.68, 0.992371, 0.00412969, 0.99048, 0.808115
7430.69, 0.991156, 0.00412653, 0.98989, 0.798862
7430.7, 0.989778, 0.00412331, 0.98817, 0.829706
7430.71, 0.989495, 0.0041233, 0.98538, 0.895507
7430.72, 0.988353, 0.00412037, 0.98157, 0.996264
7430.73, 0.984023, 0.00410747, 0.9768, 1.12375
7430.74, 0.977994, 0.00408961, 0.97112, 1.26975
7430.75, 0.972092, 0.00407258, 0.9646, 1.42808
7430.76, 0.965903, 0.00405406, 0.95738, 1.5895
7430.77, 0.958928, 0.00403204, 0.94968, 1.74783
7430.78, 0.951438, 0.00400862, 0.94175, 1.89383
7430.79, 0.943359, 0.00398431, 0.93394, 2.02543
7430.8, 0.93392, 0.00395622, 0.92664, 2.13647
7430.81, 0.923613, 0.00392527, 0.92025, 2.22283
7430.82, 0.914473, 0.00389721, 0.91516, 2.28452
7430.83, 0.90773, 0.00387603, 0.91168, 2.31845
7430.84, 0.903782, 0.00386378, 0.91003, 2.32462
7430.85, 0.902486, 0.0038605, 0.91031, 2.30405
7430.86, 0.90345, 0.00386509, 0.91248, 2.25779
7430.87, 0.906905, 0.00387724, 0.9164, 2.18685
7430.88, 0.913326, 0.00389721, 0.92183, 2.09226
7430.89, 0.922895, 0.00392651, 0.92844, 1.97813
7430.9, 0.935149, 0.00396488, 0.93587, 1.84345
7430.91, 0.94755, 0.00400393, 0.94373, 1.6954
7430.92, 0.958022, 0.00403666, 0.95164, 1.53501
7430.93, 0.967051, 0.00406497, 0.95925, 1.36639
7430.94, 0.974948, 0.00409012, 0.96626, 1.19675
7430.95, 0.980898, 0.00410938, 0.97249, 1.02711
7430.96, 0.985006, 0.0041229, 0.97781, 0.863634
7430.97, 0.988789, 0.00413533, 0.98221, 0.712498
7430.98, 0.992393, 0.00414736, 0.98575, 0.5737
7430.99, 0.994541, 0.00415544, 0.98855, 0.451352
7431, 0.995391, 0.00415944, 0.99073, 0.345454
7431.01, 0.996158, 0.0041619, 0.99243, 0.257034
7431.02, 0.997394, 0.00416538, 0.99378, 0.184036
7431.03, 0.999092, 0.00417147, 0.99486, 0.123376
7431.04, 1.00012, 0.00417611, 0.99575, 0.0781383
7431.05, 0.999391, 0.00417479, 0.99652, 0.0442099
7431.06, 0.997941, 0.00417087, 0.99721, 0.022619
7431.07, 0.996991, 0.00416861, 0.99785, 0.0102814
7431.08, 0.996457, 0.00416819, 1, 0
7431.09, 0.995796, 0.00416776, 1, 0
7431.1, 0.994036, 0.0041628, 1, 0
7431.11, 0.991401, 0.00415374, 1, 0
7431.12, 0.990063, 0.00414921, 1, 0
7431.13, 0.990668, 0.00415193, 1, 0
7431.14, 0.991462, 0.00415535, 1, 0
