wav, obs, sigma_obs, syn, weight
7435.2, 1.00131, 0.00447278, 1, 0
7435.21, 1.0009, 0.00447387, 1, 0
7435.22, 1.00049, 0.00447497, 1, 0
7435.23, 0.999881, 0.00447576, 1, 0
7435.24, 0.999546, 0.00447696, 1, 0
7435.25, 1.0001, 0.00447947, 1, 0
7435.26, 1.00053, 0.00448138, 1, 0
7435.27, 0.999715, 0.00448074, 0.9995, 0.00161945
7435.28, 0.999044, 0.00448055, 0.99941, 0.0064778
7435.29, 0.99958, 0.00448279, 0.99933, 0.0113361
7435.3, 0.99959, 0.00448292, 0.99924, 0.0194334
7435.31, 0.998532, 0.00447994, 0.99916, 0.0275306
7435.32, 0.998583, 0.00448045, 0.99907, 0.0388668
7435.33, 0.999801, 0.00448504, 0.99898, 0.046964
7435.34, 0.999869, 0.00448749, 0.99888, 0.0566807
7435.35, 0.998816, 0.0044867, 0.99879, 0.0680169
7435.36, 0.998134, 0.00448514, 0.99869, 0.079353
7435.37, 0.997722, 0.00448343, 0.99858, 0.0955475
7435.38, 0.997023, 0.00448174, 0.99846, 0.11822
7435.39, 0.996463, 0.00448155, 0.99831, 0.152228
7435.4, 0.996238, 0.00448288, 0.99811, 0.199192
7435.41, 0.995335, 0.00448126, 0.99783, 0.26559
7435.42, 0.993603, 0.00447579, 0.99742, 0.35304
7435.43, 0.992455, 0.00447196, 0.9968, 0.47126
7435.44, 0.991803, 0.00447028, 0.99586, 0.620249
7435.45, 0.990108, 0.00446622, 0.99446, 0.804867
7435.46, 0.987764, 0.00446094, 0.99241, 1.02025
7435.47, 0.986038, 0.00445794, 0.98949, 1.26965
7435.48, 0.983763, 0.0044521, 0.98549, 1.54172
7435.49, 0.979422, 0.00443756, 0.98022, 1.83322
7435.5, 0.973751, 0.00441843, 0.97358, 2.12958
7435.51, 0.967377, 0.00439837, 0.9656, 2.42432
7435.52, 0.959497, 0.00437483, 0.95646, 2.7061
7435.53, 0.949847, 0.00434551, 0.94652, 2.96683
7435.54, 0.939217, 0.00430992, 0.93631, 3.19517
7435.55, 0.928659, 0.0042725, 0.92646, 3.38951
7435.56, 0.919304, 0.00424126, 0.91768, 3.5466
7435.57, 0.911463, 0.00421699, 0.91063, 3.66158
7435.58, 0.905281, 0.00419775, 0.9059, 3.73283
7435.59, 0.902607, 0.0041895, 0.90388, 3.76198
7435.6, 0.904828, 0.00419747, 0.90475, 3.74903
7435.61, 0.909872, 0.00421531, 0.90843, 3.69396
7435.62, 0.916277, 0.0042381, 0.91461, 3.59842
7435.63, 0.92519, 0.00426831, 0.92277, 3.45914
7435.64, 0.936411, 0.00430565, 0.93228, 3.27777
7435.65, 0.947731, 0.00434523, 0.94242, 3.06238
7435.66, 0.957851, 0.00438226, 0.95254, 2.81298
7435.67, 0.966392, 0.00441284, 0.96205, 2.5393
7435.68, 0.973737, 0.00443788, 0.97053, 2.24942
7435.69, 0.980411, 0.00445997, 0.97773, 1.95144
7435.7, 0.985862, 0.00447825, 0.98355, 1.65832
7435.71, 0.989581, 0.00449178, 0.98805, 1.37815
7435.72, 0.992092, 0.00450237, 0.9914, 1.11904
7435.73, 0.993903, 0.00451104, 0.9938, 0.889078
7435.74, 0.995179, 0.00451675, 0.99546, 0.691505
7435.75, 0.996206, 0.00452025, 0.9966, 0.52956
7435.76, 0.997404, 0.00452433, 0.99737, 0.400004
7435.77, 0.998796, 0.00452956, 0.99789, 0.299598
7435.78, 1.00012, 0.00453498, 0.99825, 0.225104
7435.79, 1.00108, 0.00453957, 0.99852, 0.171662
7435.8, 1.00147, 0.00454266, 0.99871, 0.134414
7435.81, 1.00167, 0.00454499, 0.99886, 0.105264
7435.82, 1.00194, 0.00454698, 0.99899, 0.0874503
7435.83, 1.00195, 0.00454759, 0.99909, 0.0728752
7435.84, 1.00163, 0.00454685, 0.99917, 0.0615391
7435.85, 1.00138, 0.00454668, 0.99924, 0.0518224
7435.86, 1.00129, 0.00454741, 0.99931, 0.0404862
7435.87, 1.00124, 0.00454793, 0.99936, 0.0307695
7435.88, 1.0014, 0.0045493, 0.99941, 0.0210528
7435.89, 1.00203, 0.00455307, 0.99946, 0.0129556
7435.9, 1.00274, 0.00455679, 0.99951, 0.0064778
7435.91, 1.00306, 0.00455782, 0.99957, 0.0032389
7435.92, 1.00292, 0.00455758, 1, 0
7435.93, 1.00243, 0.00455756, 1, 0
7435.94, 1.00189, 0.00455768, 1, 0
7435.95, 1.00141, 0.00455723, 1, 0
7435.96, 1.00084, 0.00455511, 1, 0
7435.97, 1.00017, 0.00455149, 1, 0
7435.98, 0.999515, 0.00454804, 1, 0
