wav, obs, sigma_obs, syn, weight
7440.48, 0.992511, 0.00494683, 1, 0
7440.49, 0.990106, 0.00494061, 1, 0
7440.5, 0.985114, 0.00492268, 1, 0
7440.51, 0.977604, 0.00489381, 1, 0
7440.52, 0.970059, 0.00486605, 1, 0
7440.53, 0.962614, 0.0048395, 1, 0
7440.54, 0.954167, 0.00480817, 1, 0
7440.55, 0.94545, 0.00477611, 0.95156, 0.00386135
7440.56, 0.937894, 0.00474981, 0.94661, 0.00772269
7440.57, 0.933136, 0.00473337, 0.94381, 0.0139008
7440.58, 0.932009, 0.00472932, 0.94324, 0.0231681
7440.59, 0.934184, 0.00473832, 0.94483, 0.0324353
7440.6, 0.939043, 0.00475798, 0.94835, 0.0432471
7440.61, 0.945804, 0.00478397, 0.95337, 0.0525143
7440.62, 0.953578, 0.00481358, 0.95939, 0.0617815
7440.63, 0.961484, 0.0048444, 0.96585, 0.0702765
7440.64, 0.968781, 0.00487314, 0.97224, 0.0787715
7440.65, 0.975358, 0.00489868, 0.9781, 0.088811
7440.66, 0.981939, 0.00492326, 0.98314, 0.10194
7440.67, 0.987736, 0.00494441, 0.98721, 0.118157
7440.68, 0.990995, 0.00495674, 0.99027, 0.139781
7440.69, 0.992499, 0.00496395, 0.99241, 0.169899
7440.7, 0.993772, 0.00497145, 0.99374, 0.21083
7440.71, 0.994975, 0.00497672, 0.99441, 0.267205
7440.72, 0.995638, 0.00497713, 0.99454, 0.34366
7440.73, 0.994791, 0.0049731, 0.99417, 0.44251
7440.74, 0.993207, 0.00496885, 0.99329, 0.566846
7440.75, 0.992813, 0.00496993, 0.99175, 0.716666
7440.76, 0.991173, 0.00496556, 0.98931, 0.892743
7440.77, 0.985315, 0.00494351, 0.98557, 1.09122
7440.78, 0.978758, 0.00491779, 0.98001, 1.30822
7440.79, 0.973317, 0.00489653, 0.97202, 1.54222
7440.8, 0.964426, 0.00486387, 0.96098, 1.7878
7440.81, 0.950537, 0.00481423, 0.94638, 2.04111
7440.82, 0.93384, 0.00475484, 0.92796, 2.29827
7440.83, 0.914809, 0.00468559, 0.90582, 2.55467
7440.84, 0.892839, 0.00460289, 0.88051, 2.80565
7440.85, 0.86717, 0.00450744, 0.85305, 3.04351
7440.86, 0.838132, 0.00440228, 0.82489, 3.26129
7440.87, 0.808532, 0.00429305, 0.79777, 3.45282
7440.88, 0.781489, 0.00418965, 0.77359, 3.61036
7440.89, 0.759939, 0.0041058, 0.7542, 3.72929
7440.9, 0.745039, 0.00404816, 0.74117, 3.80652
7440.91, 0.737304, 0.00402003, 0.73562, 3.83895
7440.92, 0.739407, 0.00402976, 0.73803, 3.82505
7440.93, 0.752505, 0.00408032, 0.74818, 3.76636
7440.94, 0.772502, 0.00415785, 0.76522, 3.66365
7440.95, 0.796688, 0.00425184, 0.78772, 3.52078
7440.96, 0.824855, 0.00435867, 0.81392, 3.34315
7440.97, 0.854108, 0.0044679, 0.84192, 3.13464
7440.98, 0.880441, 0.00456673, 0.86988, 2.9045
7440.99, 0.904139, 0.00465567, 0.89622, 2.65815
7441, 0.925773, 0.00473623, 0.91975, 2.4033
7441.01, 0.942851, 0.00480073, 0.93971, 2.14536
7441.02, 0.955065, 0.00484788, 0.95584, 1.89052
7441.03, 0.965561, 0.00488675, 0.96827, 1.64184
7441.04, 0.974648, 0.00492041, 0.97742, 1.40244
7441.05, 0.98068, 0.00494662, 0.9839, 1.17771
7441.06, 0.983645, 0.0049603, 0.98833, 0.971515
7441.07, 0.984558, 0.0049607, 0.99129, 0.786942
7441.08, 0.985586, 0.00496228, 0.99326, 0.625538
7441.09, 0.987841, 0.004973, 0.99458, 0.491163
7441.1, 0.990598, 0.00498736, 0.99548, 0.382273
7441.11, 0.99317, 0.00499874, 0.99613, 0.298096
7441.12, 0.995106, 0.00500237, 0.99662, 0.233998
7441.13, 0.996563, 0.00500539, 0.997, 0.187661
7441.14, 0.99789, 0.00501455, 0.9973, 0.153682
7441.15, 0.999282, 0.00502123, 0.99756, 0.129741
7441.16, 1.00063, 0.00502209, 0.99778, 0.111979
7441.17, 1.00142, 0.00502598, 0.99797, 0.0988505
7441.18, 1.00147, 0.00503162, 0.99813, 0.0872664
7441.19, 1.00104, 0.00503073, 0.99827, 0.0779992
7441.2, 1.00144, 0.00503025, 0.9984, 0.068732
7441.21, 1.00337, 0.00503784, 0.99851, 0.0594647
7441.22, 1.00421, 0.00504228, 0.99861, 0.0478807
7441.23, 1.00305, 0.00503848, 0.9987, 0.0362967
7441.24, 1.00277, 0.00503725, 0.99878, 0.0254849
7441.25, 1.00372, 0.0050405, 0.99886, 0.0162177
7441.26, 1.004, 0.00504198, 0.99894, 0.00849496
7441.27, 1.00369, 0.00504099, 0.99903, 0.00463362
7441.28, 1.00363, 0.00503986, 1, 0
7441.29, 1.00411, 0.00504243, 1, 0
7441.3, 1.005, 0.0050488, 1, 0
7441.31, 1.00567, 0.00505235, 1, 0
7441.32, 1.00597, 0.00505153, 1, 0
7441.33, 1.00631, 0.00505113, 1, 0
7441.34, 1.00669, 0.00505113, 1, 0
