wav, obs, sigma_obs, syn, weight
7442.6, 0.997882, 0.00318637, 1, 0
7442.61, 0.99729, 0.00318487, 1, 0
7442.62, 0.996699, 0.00318337, 1, 0
7442.63, 0.995861, 0.00318136, 1, 0
7442.64, 0.995263, 0.00317984, 1, 0
7442.65, 0.995146, 0.00317931, 1, 0
7442.66, 0.995542, 0.00317985, 1, 0
7442.67, 0.996155, 0.00318095, 1, 0
7442.68, 0.996682, 0.00318206, 1, 0
7442.69, 0.997035, 0.00318288, 1, 0
7442.7, 0.997274, 0.00318335, 0.99486, 0.0836832
7442.71, 0.997455, 0.00318344, 0.99481, 0.106578
7442.72, 0.997621, 0.00318336, 0.9949, 0.127893
7442.73, 0.99781, 0.00318339, 0.99511, 0.145261
7442.74, 0.998035, 0.00318368, 0.99541, 0.157893
7442.75, 0.99827, 0.00318416, 0.99578, 0.166577
7442.76, 0.998486, 0.00318476, 0.99618, 0.170524
7442.77, 0.998631, 0.00318526, 0.99657, 0.172893
7442.78, 0.998637, 0.00318536, 0.99694, 0.17605
7442.79, 0.998468, 0.00318486, 0.99725, 0.180787
7442.8, 0.99821, 0.00318398, 0.99748, 0.192629
7442.81, 0.997974, 0.00318304, 0.99762, 0.213945
7442.82, 0.997756, 0.00318211, 0.99764, 0.247102
7442.83, 0.997367, 0.00318087, 0.99751, 0.297628
7442.84, 0.996613, 0.00317897, 0.99716, 0.36789
7442.85, 0.995364, 0.00317595, 0.99651, 0.462626
7442.86, 0.993531, 0.00317125, 0.99542, 0.581835
7442.87, 0.991, 0.00316444, 0.99367, 0.727096
7442.88, 0.987558, 0.00315538, 0.99102, 0.899199
7442.89, 0.982968, 0.00314405, 0.98712, 1.0942
7442.9, 0.97712, 0.00313031, 0.98164, 1.31051
7442.91, 0.970086, 0.00311392, 0.9742, 1.54182
7442.92, 0.961913, 0.00309453, 0.96454, 1.78577
7442.93, 0.952166, 0.00307113, 0.9525, 2.03445
7442.94, 0.940123, 0.00304229, 0.93814, 2.28234
7442.95, 0.925327, 0.0030071, 0.9218, 2.52155
7442.96, 0.908337, 0.00296667, 0.90409, 2.74497
7442.97, 0.889956, 0.0029226, 0.88592, 2.94707
7442.98, 0.87128, 0.00287746, 0.86839, 3.12312
7442.99, 0.853827, 0.00283518, 0.85275, 3.2668
7443, 0.839143, 0.00279974, 0.84018, 3.37496
7443.01, 0.828689, 0.00277471, 0.83172, 3.44443
7443.02, 0.82388, 0.00276338, 0.8281, 3.47443
7443.03, 0.825732, 0.00276806, 0.82962, 3.46417
7443.04, 0.833845, 0.00278765, 0.83614, 3.41522
7443.05, 0.847494, 0.00282022, 0.8471, 3.32759
7443.06, 0.86539, 0.00286263, 0.86156, 3.20522
7443.07, 0.885472, 0.00291004, 0.87837, 3.05128
7443.08, 0.905686, 0.00295764, 0.89627, 2.87128
7443.09, 0.92464, 0.00300233, 0.91408, 2.66997
7443.1, 0.941315, 0.00304197, 0.93078, 2.45523
7443.11, 0.955005, 0.00307499, 0.94561, 2.23339
7443.12, 0.966067, 0.00310171, 0.9581, 2.01076
7443.13, 0.975073, 0.00312286, 0.96805, 1.79287
7443.14, 0.982218, 0.0031388, 0.97552, 1.58603
7443.15, 0.987199, 0.00314937, 0.9807, 1.39498
7443.16, 0.989746, 0.00315452, 0.98394, 1.22209
7443.17, 0.990259, 0.00315524, 0.98561, 1.07051
7443.18, 0.989502, 0.00315309, 0.98609, 0.941041
7443.19, 0.988181, 0.00314957, 0.98574, 0.833674
7443.2, 0.986799, 0.00314596, 0.98489, 0.747622
7443.21, 0.985813, 0.00314345, 0.98383, 0.679728
7443.22, 0.985325, 0.0031423, 0.98278, 0.627624
7443.23, 0.984991, 0.00314153, 0.98196, 0.58894
7443.24, 0.984493, 0.00314025, 0.98149, 0.55894
7443.25, 0.983991, 0.00313882, 0.98145, 0.533678
7443.26, 0.983894, 0.00313828, 0.9819, 0.510783
7443.27, 0.984498, 0.00313938, 0.98279, 0.48631
7443.28, 0.985737, 0.00314209, 0.98406, 0.459468
7443.29, 0.987476, 0.00314617, 0.98561, 0.425521
7443.3, 0.989468, 0.00315101, 0.98732, 0.385258
7443.31, 0.991333, 0.00315545, 0.98908, 0.337891
7443.32, 0.992732, 0.00315847, 0.99078, 0.284996
7443.33, 0.993715, 0.00316022, 0.99234, 0.228945
7443.34, 0.994524, 0.00316144, 0.99372, 0.174472
7443.35, 0.995353, 0.00316273, 1, 0
7443.36, 0.996251, 0.00316429, 1, 0
7443.37, 0.997236, 0.00316624, 1, 0
7443.38, 0.998153, 0.00316822, 1, 0
7443.39, 0.998655, 0.0031693, 1, 0
7443.4, 0.998438, 0.00316869, 1, 0
7443.41, 0.997622, 0.00316665, 1, 0
7443.42, 0.996577, 0.00316407, 1, 0
7443.43, 0.995824, 0.00316219, 1, 0
7443.44, 0.995072, 0.0031603, 1, 0
