wav, obs, sigma_obs, syn, weight
7446.99, 0.998753, 0.00306712, 1, 0
7447, 0.998672, 0.00306687, 1, 0
7447.01, 0.998733, 0.00306684, 1, 0
7447.02, 0.999131, 0.00306732, 1, 0
7447.03, 0.999833, 0.00306827, 1, 0
7447.04, 1.00043, 0.00306903, 1, 0
7447.05, 1.00053, 0.00306898, 1, 0
7447.06, 1.00028, 0.00306839, 1, 0
7447.07, 1.00023, 0.00306813, 1, 0
7447.08, 1.00075, 0.00306879, 1, 0
7447.09, 1.00143, 0.00306976, 0.99836, 0.0344138
7447.1, 1.00172, 0.00307018, 0.99831, 0.043336
7447.11, 1.00148, 0.0030698, 0.99827, 0.0548072
7447.12, 1.00113, 0.00306922, 0.99822, 0.0637293
7447.13, 1.00104, 0.003069, 0.99816, 0.0752006
7447.14, 1.00108, 0.00306882, 0.9981, 0.0853973
7447.15, 1.00082, 0.00306795, 0.99801, 0.0981432
7447.16, 1.00009, 0.00306612, 0.99791, 0.112164
7447.17, 0.999367, 0.00306446, 0.99778, 0.133832
7447.18, 0.999245, 0.00306426, 0.9976, 0.161873
7447.19, 0.999702, 0.00306536, 0.99737, 0.20011
7447.2, 1.00012, 0.00306613, 0.99704, 0.253643
7447.21, 0.999914, 0.0030651, 0.99656, 0.326294
7447.22, 0.998865, 0.00306191, 0.99585, 0.419339
7447.23, 0.996881, 0.00305663, 0.9948, 0.537876
7447.24, 0.994035, 0.00304965, 0.99326, 0.683179
7447.25, 0.990734, 0.00304198, 0.99101, 0.855248
7447.26, 0.987369, 0.00303455, 0.98783, 1.05663
7447.27, 0.983611, 0.00302641, 0.98344, 1.28223
7447.28, 0.978594, 0.00301519, 0.97758, 1.52823
7447.29, 0.971639, 0.0029991, 0.97003, 1.79079
7447.3, 0.962873, 0.00297869, 0.96067, 2.05973
7447.31, 0.952631, 0.00295518, 0.94952, 2.32994
7447.32, 0.941002, 0.00292884, 0.9368, 2.59251
7447.33, 0.927724, 0.00289867, 0.92293, 2.83978
7447.34, 0.912643, 0.00286392, 0.90855, 3.06411
7447.35, 0.896891, 0.00282728, 0.89448, 3.26039
7447.36, 0.882294, 0.0027933, 0.88163, 3.42482
7447.37, 0.870372, 0.0027657, 0.87092, 3.551
7447.38, 0.861725, 0.00274567, 0.86318, 3.63895
7447.39, 0.856787, 0.00273399, 0.85903, 3.68483
7447.4, 0.855998, 0.0027317, 0.8588, 3.68865
7447.41, 0.859808, 0.00274019, 0.8625, 3.65169
7447.42, 0.86845, 0.00276024, 0.86981, 3.57139
7447.43, 0.880812, 0.002789, 0.88013, 3.45286
7447.44, 0.895256, 0.00282219, 0.89265, 3.29481
7447.45, 0.910383, 0.00285636, 0.90647, 3.10362
7447.46, 0.925298, 0.00288982, 0.92067, 2.88312
7447.47, 0.939188, 0.00292115, 0.93446, 2.63839
7447.48, 0.951553, 0.00294925, 0.94718, 2.3771
7447.49, 0.962132, 0.00297329, 0.95841, 2.10817
7447.5, 0.970752, 0.00299269, 0.96792, 1.83795
7447.51, 0.977608, 0.00300792, 0.97565, 1.57411
7447.52, 0.98299, 0.00301975, 0.98171, 1.32557
7447.53, 0.987159, 0.0030288, 0.9863, 1.09742
7447.54, 0.990322, 0.00303553, 0.98966, 0.890936
7447.55, 0.992674, 0.00304034, 0.99205, 0.713769
7447.56, 0.994297, 0.00304349, 0.99371, 0.563367
7447.57, 0.995211, 0.00304518, 0.99484, 0.439732
7447.58, 0.995552, 0.00304579, 0.9956, 0.341589
7447.59, 0.995819, 0.00304637, 0.99611, 0.263839
7447.6, 0.996558, 0.00304806, 0.99646, 0.205208
7447.61, 0.997756, 0.00305073, 0.99672, 0.161873
7447.62, 0.998794, 0.0030529, 0.99692, 0.130008
7447.63, 0.999123, 0.00305327, 0.99709, 0.105791
7447.64, 0.998868, 0.00305222, 0.99724, 0.0879465
7447.65, 0.998419, 0.00305081, 0.99739, 0.0726515
7447.66, 0.998083, 0.00304977, 0.99753, 0.0599056
7447.67, 0.997985, 0.00304919, 0.99768, 0.0484343
7447.68, 0.998212, 0.00304905, 0.99784, 0.0382376
7447.69, 0.998617, 0.00304913, 0.99799, 0.0293155
7447.7, 0.99887, 0.00304909, 1, 0
7447.71, 0.998735, 0.00304871, 1, 0
7447.72, 0.998413, 0.00304824, 1, 0
7447.73, 0.998218, 0.00304809, 1, 0
7447.74, 0.998151, 0.00304801, 1, 0
7447.75, 0.997742, 0.0030468, 1, 0
7447.76, 0.996533, 0.00304333, 1, 0
7447.77, 0.994602, 0.00303786, 1, 0
7447.78, 0.992367, 0.00303155, 1, 0
7447.79, 0.990481, 0.0030262, 1, 0
