wav, obs, sigma_obs, syn, weight
7449.01, 0.996134, 0.00302081, 1, 0
7449.02, 0.996323, 0.00302052, 1, 0
7449.03, 0.996699, 0.00302082, 1, 0
7449.04, 0.99735, 0.00302201, 1, 0
7449.05, 0.998017, 0.00302343, 1, 0
7449.06, 0.998286, 0.00302399, 1, 0
7449.07, 0.997994, 0.00302324, 1, 0
7449.08, 0.997591, 0.00302221, 1, 0
7449.09, 0.997583, 0.00302209, 1, 0
7449.1, 0.997944, 0.00302276, 1, 0
7449.11, 0.998199, 0.00302302, 0.99966, 0.0302385
7449.12, 0.997985, 0.003022, 0.99959, 0.0496775
7449.13, 0.997537, 0.00302055, 0.99949, 0.0755961
7449.14, 0.997254, 0.00301998, 0.99934, 0.112314
7449.15, 0.997326, 0.00302073, 0.9991, 0.166311
7449.16, 0.997617, 0.0030218, 0.99874, 0.237588
7449.17, 0.997952, 0.00302216, 0.9982, 0.330463
7449.18, 0.998072, 0.00302148, 0.99743, 0.447097
7449.19, 0.997666, 0.00301975, 0.99635, 0.59181
7449.2, 0.996558, 0.00301708, 0.99493, 0.764601
7449.21, 0.994944, 0.00301377, 0.99312, 0.961151
7449.22, 0.993082, 0.00301017, 0.99089, 1.17714
7449.23, 0.991019, 0.00300606, 0.98826, 1.40825
7449.24, 0.9886, 0.0030007, 0.98527, 1.65016
7449.25, 0.985683, 0.00299351, 0.982, 1.89206
7449.26, 0.98226, 0.00298483, 0.97857, 2.12749
7449.27, 0.978368, 0.00297532, 0.9751, 2.3478
7449.28, 0.974144, 0.00296559, 0.97176, 2.55083
7449.29, 0.9699, 0.00295607, 0.96869, 2.72362
7449.3, 0.965973, 0.00294721, 0.96603, 2.87049
7449.31, 0.962752, 0.00293979, 0.9639, 2.98281
7449.32, 0.960659, 0.00293481, 0.96239, 3.06488
7449.33, 0.959993, 0.002933, 0.96157, 3.11024
7449.34, 0.960643, 0.00293418, 0.96146, 3.1232
7449.35, 0.962404, 0.00293798, 0.96207, 3.1016
7449.36, 0.965013, 0.00294381, 0.96335, 3.04976
7449.37, 0.968135, 0.00295078, 0.96524, 2.96769
7449.38, 0.971441, 0.00295804, 0.96764, 2.85321
7449.39, 0.974664, 0.00296503, 0.97042, 2.71498
7449.4, 0.977562, 0.0029713, 0.97344, 2.55299
7449.41, 0.979958, 0.00297654, 0.97654, 2.37588
7449.42, 0.981804, 0.00298069, 0.97957, 2.18365
7449.43, 0.983085, 0.00298373, 0.98241, 1.98494
7449.44, 0.983997, 0.00298598, 0.98493, 1.78839
7449.45, 0.98489, 0.002988, 0.98708, 1.59616
7449.46, 0.986031, 0.00299023, 0.98883, 1.41905
7449.47, 0.987335, 0.00299259, 0.99018, 1.2549
7449.48, 0.988635, 0.00299487, 0.99118, 1.1145
7449.49, 0.989847, 0.00299707, 0.99188, 0.993549
7449.5, 0.991008, 0.00299943, 0.99236, 0.894194
7449.51, 0.992151, 0.00300215, 0.99269, 0.814278
7449.52, 0.993239, 0.00300495, 0.99294, 0.749482
7449.53, 0.994198, 0.00300736, 0.99316, 0.697644
7449.54, 0.994998, 0.0030091, 0.9934, 0.654446
7449.55, 0.995719, 0.00301044, 0.99368, 0.617728
7449.56, 0.996452, 0.00301174, 0.99403, 0.58101
7449.57, 0.997244, 0.0030132, 0.99444, 0.546452
7449.58, 0.998101, 0.00301491, 0.9949, 0.509734
7449.59, 0.998999, 0.00301685, 0.99541, 0.468696
7449.6, 0.999761, 0.00301846, 0.99595, 0.421178
7449.61, 1.00017, 0.00301905, 0.9965, 0.371501
7449.62, 1.00016, 0.00301845, 0.99703, 0.315344
7449.63, 0.999836, 0.00301731, 0.99754, 0.257027
7449.64, 0.999365, 0.00301629, 0.99802, 0.20303
7449.65, 0.99897, 0.00301579, 0.99844, 0.151192
7449.66, 0.998917, 0.00301609, 1, 0
7449.67, 0.999295, 0.00301711, 1, 0
7449.68, 0.9997, 0.00301796, 1, 0
7449.69, 0.999666, 0.00301764, 1, 0
7449.7, 0.999222, 0.00301627, 1, 0
7449.71, 0.998877, 0.00301506, 1, 0
7449.72, 0.999056, 0.00301504, 1, 0
7449.73, 0.999673, 0.00301603, 1, 0
7449.74, 1.00038, 0.00301723, 1, 0
7449.75, 1.00091, 0.003018, 1, 0
