wav, obs, sigma_obs, syn, weight
7461.12, 0.997211, 0.00283508, 1, 0
7461.13, 0.997767, 0.00283628, 1, 0
7461.14, 0.998636, 0.00283803, 1, 0
7461.15, 0.999244, 0.00283932, 1, 0
7461.16, 0.999121, 0.00283931, 1, 0
7461.17, 0.998296, 0.00283802, 1, 0
7461.18, 0.997477, 0.00283665, 1, 0
7461.19, 0.99732, 0.00283629, 1, 0
7461.2, 0.99761, 0.00283653, 1, 0
7461.21, 0.997754, 0.00283632, 0.99893, 0.0143748
7461.22, 0.997469, 0.0028352, 0.99879, 0.0210094
7461.23, 0.997008, 0.00283376, 0.99866, 0.0265382
7461.24, 0.996661, 0.00283266, 0.99855, 0.0342785
7461.25, 0.996574, 0.00283224, 0.99847, 0.0398072
7461.26, 0.996818, 0.00283269, 0.99842, 0.0464418
7461.27, 0.997356, 0.00283391, 0.9984, 0.0519706
7461.28, 0.997943, 0.00283523, 0.99841, 0.0608166
7461.29, 0.998332, 0.00283597, 0.99845, 0.0718742
7461.3, 0.998457, 0.00283595, 0.9985, 0.0873548
7461.31, 0.998339, 0.00283525, 0.99855, 0.112787
7461.32, 0.998058, 0.00283419, 0.99858, 0.150383
7461.33, 0.997799, 0.0028335, 0.99855, 0.205671
7461.34, 0.997718, 0.00283379, 0.99842, 0.283074
7461.35, 0.997587, 0.00283418, 0.9981, 0.387015
7461.36, 0.99697, 0.00283298, 0.99748, 0.520811
7461.37, 0.995605, 0.00282931, 0.99636, 0.686675
7461.38, 0.993588, 0.00282407, 0.9945, 0.886817
7461.39, 0.991003, 0.00281816, 0.99156, 1.11792
7461.4, 0.987403, 0.00281069, 0.98716, 1.37667
7461.41, 0.982037, 0.00279976, 0.98086, 1.65753
7461.42, 0.974365, 0.00278392, 0.97228, 1.95277
7461.43, 0.964317, 0.00276277, 0.96116, 2.25353
7461.44, 0.951879, 0.00273607, 0.94747, 2.55098
7461.45, 0.937015, 0.00270394, 0.93145, 2.83405
7461.46, 0.919676, 0.0026667, 0.91372, 3.09722
7461.47, 0.900315, 0.00262554, 0.89525, 3.32943
7461.48, 0.880556, 0.00258375, 0.8773, 3.52736
7461.49, 0.862198, 0.0025449, 0.8613, 3.68328
7461.5, 0.847143, 0.00251291, 0.84864, 3.79827
7461.51, 0.837358, 0.00249188, 0.84051, 3.86794
7461.52, 0.834224, 0.00248479, 0.8377, 3.89005
7461.53, 0.837689, 0.00249185, 0.84049, 3.86794
7461.54, 0.847421, 0.00251268, 0.84861, 3.79827
7461.55, 0.862307, 0.00254469, 0.86125, 3.68438
7461.56, 0.88072, 0.00258386, 0.87724, 3.52736
7461.57, 0.900924, 0.0026262, 0.89517, 3.33165
7461.58, 0.920932, 0.00266792, 0.91363, 3.09722
7461.59, 0.938811, 0.00270541, 0.93134, 2.83627
7461.6, 0.953846, 0.00273724, 0.94735, 2.55098
7461.61, 0.966163, 0.0027634, 0.96103, 2.25353
7461.62, 0.975939, 0.00278406, 0.97213, 1.95166
7461.63, 0.983434, 0.0027997, 0.9807, 1.65421
7461.64, 0.988925, 0.00281086, 0.987, 1.37224
7461.65, 0.992717, 0.00281827, 0.99142, 1.11129
7461.66, 0.995131, 0.00282286, 0.99437, 0.877971
7461.67, 0.996504, 0.0028255, 0.99625, 0.675617
7461.68, 0.997206, 0.00282701, 0.99741, 0.506437
7461.69, 0.99761, 0.00282814, 0.99808, 0.370429
7461.7, 0.99802, 0.0028293, 0.99846, 0.264276
7461.71, 0.998687, 0.00283061, 0.99867, 0.184661
7461.72, 0.999701, 0.00283205, 0.99878, 0.128268
7461.73, 1.00067, 0.0028332, 0.99884, 0.0884605
7461.74, 1.00114, 0.0028336, 0.99887, 0.0608166
7461.75, 1.00105, 0.00283321, 0.99889, 0.045336
7461.76, 1.00068, 0.00283239, 0.99889, 0.0331727
7461.77, 1.00027, 0.00283154, 0.9989, 0.0265382
7461.78, 1.00012, 0.00283126, 0.9989, 0.0210094
7461.79, 1.00046, 0.00283213, 0.9989, 0.0165864
7461.8, 1.00111, 0.00283365, 0.9989, 0.0132691
7461.81, 1.0015, 0.00283449, 0.9989, 0.0110576
7461.82, 1.00128, 0.00283374, 0.9989, 0.00884605
7461.83, 1.00078, 0.00283216, 0.9989, 0.00552878
7461.84, 1.00044, 0.00283073, 1, 0
7461.85, 1.00035, 0.00282987, 1, 0
7461.86, 1.00034, 0.00282945, 1, 0
7461.87, 1.00025, 0.00282934, 1, 0
7461.88, 1.00011, 0.00282941, 1, 0
7461.89, 0.999962, 0.00282946, 1, 0
7461.9, 0.999838, 0.00282946, 1, 0
7461.91, 0.999714, 0.00282946, 1, 0
7461.92, 0.99959, 0.00282946, 1, 0
