wav, obs, sigma_obs, syn, weight
7463.02, 0.999854, 0.00281001, 1, 0
7463.03, 1.00006, 0.00281041, 1, 0
7463.04, 1.00032, 0.00281088, 1, 0
7463.05, 1.00057, 0.00281134, 1, 0
7463.06, 1.00066, 0.00281161, 1, 0
7463.07, 1.00052, 0.00281158, 1, 0
7463.08, 1.00018, 0.00281107, 1, 0
7463.09, 0.999736, 0.00280994, 1, 0
7463.1, 0.99922, 0.00280831, 1, 0
7463.11, 0.998655, 0.00280656, 0.99898, 0.014652
7463.12, 0.998077, 0.00280505, 0.99903, 0.021978
7463.13, 0.997599, 0.00280394, 0.99908, 0.032967
7463.14, 0.997339, 0.00280335, 0.99913, 0.043956
7463.15, 0.99723, 0.00280308, 0.99917, 0.0586081
7463.16, 0.997026, 0.00280257, 0.9992, 0.0769231
7463.17, 0.996565, 0.00280147, 0.99922, 0.0989011
7463.18, 0.996007, 0.00280014, 0.99921, 0.131868
7463.19, 0.995577, 0.00279906, 0.99919, 0.175824
7463.2, 0.995387, 0.00279852, 0.99915, 0.238095
7463.21, 0.99545, 0.00279861, 0.99907, 0.318681
7463.22, 0.995783, 0.00279938, 0.99893, 0.428571
7463.23, 0.996424, 0.00280079, 0.99872, 0.564103
7463.24, 0.997402, 0.00280269, 0.9984, 0.732601
7463.25, 0.998454, 0.00280459, 0.99791, 0.92674
7463.26, 0.999067, 0.00280562, 0.9972, 1.14652
7463.27, 0.998806, 0.00280502, 0.99618, 1.3956
7463.28, 0.997526, 0.00280242, 0.9948, 1.65568
7463.29, 0.995165, 0.00279758, 0.99299, 1.92674
7463.3, 0.992035, 0.00279106, 0.99072, 2.1978
7463.31, 0.988762, 0.00278408, 0.988, 2.45421
7463.32, 0.985786, 0.00277756, 0.98491, 2.69597
7463.33, 0.982904, 0.00277125, 0.98159, 2.90842
7463.34, 0.979806, 0.00276471, 0.97824, 3.0989
7463.35, 0.976559, 0.0027581, 0.97512, 3.24542
7463.36, 0.973533, 0.00275203, 0.9725, 3.36264
7463.37, 0.971147, 0.00274722, 0.97062, 3.43956
7463.38, 0.969932, 0.00274465, 0.96968, 3.47253
7463.39, 0.970393, 0.00274524, 0.96976, 3.46886
7463.4, 0.972238, 0.00274852, 0.97086, 3.42491
7463.41, 0.974547, 0.00275293, 0.97285, 3.34432
7463.42, 0.97673, 0.00275745, 0.97555, 3.22344
7463.43, 0.979235, 0.00276288, 0.97869, 3.06227
7463.44, 0.982641, 0.0027702, 0.982, 2.87179
7463.45, 0.986568, 0.00277844, 0.98524, 2.65201
7463.46, 0.989912, 0.00278516, 0.98821, 2.40659
7463.47, 0.991997, 0.00278894, 0.9908, 2.14286
7463.48, 0.993437, 0.00279147, 0.99294, 1.87546
7463.49, 0.995024, 0.00279486, 0.99463, 1.6044
7463.5, 0.996863, 0.00279918, 0.99591, 1.34432
7463.51, 0.998559, 0.00280301, 0.99686, 1.10256
7463.52, 0.99979, 0.00280535, 0.99753, 0.882784
7463.53, 1.00046, 0.00280643, 0.99801, 0.695971
7463.54, 1.00055, 0.0028067, 0.99834, 0.534799
7463.55, 1.00031, 0.00280661, 0.99858, 0.40293
7463.56, 1.00024, 0.00280663, 0.99876, 0.304029
7463.57, 1.00056, 0.00280691, 0.9989, 0.21978
7463.58, 1.00085, 0.00280685, 0.99901, 0.164835
7463.59, 1.0006, 0.00280575, 0.9991, 0.120879
7463.6, 0.99986, 0.00280394, 0.99918, 0.0879121
7463.61, 0.999061, 0.0028024, 0.99924, 0.0659341
7463.62, 0.998555, 0.00280183, 0.99929, 0.0512821
7463.63, 0.998525, 0.00280225, 0.99934, 0.03663
7463.64, 0.999085, 0.00280354, 0.99937, 0.025641
7463.65, 0.99991, 0.002805, 0.99941, 0.018315
7463.66, 1.00039, 0.0028056, 1, 0
7463.67, 1.00023, 0.00280489, 1, 0
7463.68, 0.999828, 0.00280382, 1, 0
7463.69, 0.999658, 0.00280346, 1, 0
7463.7, 0.999795, 0.00280393, 1, 0
7463.71, 1.00003, 0.00280468, 1, 0
7463.72, 1.00014, 0.00280508, 1, 0
7463.73, 1.00026, 0.00280548, 1, 0
7463.74, 1.00037, 0.00280589, 1, 0
