wav, obs, sigma_obs, syn, weight
7463.93, 0.995326, 0.00279428, 1, 0
7463.94, 0.994731, 0.00279307, 1, 0
7463.95, 0.994135, 0.00279186, 1, 0
7463.96, 0.993539, 0.00279065, 1, 0
7463.97, 0.99273, 0.00278899, 1, 0
7463.98, 0.99207, 0.00278765, 1, 0
7463.99, 0.99194, 0.00278742, 1, 0
7464, 0.992408, 0.00278845, 1, 0
7464.01, 0.993101, 0.00279001, 1, 0
7464.02, 0.99365, 0.00279133, 0.99961, 0.0225458
7464.03, 0.994114, 0.00279245, 0.99959, 0.0322083
7464.04, 0.994757, 0.00279377, 0.99956, 0.0418707
7464.05, 0.995663, 0.00279542, 0.99953, 0.0579749
7464.06, 0.996598, 0.00279707, 0.9995, 0.0772998
7464.07, 0.997332, 0.00279839, 0.99946, 0.0966248
7464.08, 0.997922, 0.00279953, 0.99941, 0.125612
7464.09, 0.998554, 0.00280081, 0.99935, 0.161041
7464.1, 0.99925, 0.00280224, 0.99926, 0.209354
7464.11, 0.999765, 0.00280329, 0.99915, 0.27377
7464.12, 0.999874, 0.00280345, 0.99898, 0.360732
7464.13, 0.999661, 0.00280291, 0.99874, 0.46702
7464.14, 0.999334, 0.00280211, 0.9984, 0.602294
7464.15, 0.998934, 0.00280117, 0.9979, 0.763336
7464.16, 0.998238, 0.00279967, 0.99719, 0.956585
7464.17, 0.99704, 0.00279723, 0.99621, 1.17238
7464.18, 0.995371, 0.00279387, 0.99489, 1.41072
7464.19, 0.993356, 0.0027898, 0.99316, 1.66195
7464.2, 0.991078, 0.00278515, 0.99099, 1.91961
7464.21, 0.988562, 0.00277998, 0.98838, 2.17728
7464.22, 0.985811, 0.00277428, 0.98535, 2.42528
7464.23, 0.98271, 0.00276777, 0.98202, 2.65718
7464.24, 0.979113, 0.00276011, 0.97853, 2.86653
7464.25, 0.975262, 0.00275185, 0.9751, 3.04368
7464.26, 0.971916, 0.00274475, 0.97197, 3.18862
7464.27, 0.9697, 0.00274022, 0.96937, 3.29812
7464.28, 0.968355, 0.0027375, 0.96754, 3.3722
7464.29, 0.967345, 0.00273519, 0.96664, 3.40763
7464.3, 0.966782, 0.00273354, 0.96674, 3.40119
7464.31, 0.96757, 0.00273493, 0.96784, 3.35932
7464.32, 0.970351, 0.00274104, 0.96983, 3.2788
7464.33, 0.974276, 0.00274966, 0.97255, 3.16285
7464.34, 0.978071, 0.00275749, 0.97577, 3.00825
7464.35, 0.981338, 0.00276366, 0.97923, 2.82466
7464.36, 0.984675, 0.00277004, 0.9827, 2.61209
7464.37, 0.988473, 0.00277796, 0.98599, 2.37697
7464.38, 0.99196, 0.0027855, 0.98894, 2.12574
7464.39, 0.994087, 0.00278998, 0.99147, 1.86808
7464.4, 0.99487, 0.00279137, 0.99355, 1.61041
7464.41, 0.995445, 0.00279235, 0.9952, 1.36241
7464.42, 0.99667, 0.00279499, 0.99645, 1.12729
7464.43, 0.998082, 0.00279818, 0.99737, 0.917935
7464.44, 0.998912, 0.00280011, 0.99803, 0.731127
7464.45, 0.999069, 0.00280046, 0.9985, 0.576528
7464.46, 0.999109, 0.00280038, 0.99882, 0.447695
7464.47, 0.999442, 0.00280076, 0.99905, 0.341407
7464.48, 0.999827, 0.00280127, 0.9992, 0.264108
7464.49, 0.999901, 0.00280134, 0.99932, 0.199691
7464.5, 0.999747, 0.00280113, 0.9994, 0.1546
7464.51, 0.99985, 0.00280143, 0.99946, 0.119171
7464.52, 1.00051, 0.00280276, 0.99951, 0.0934039
7464.53, 1.00141, 0.00280462, 0.99955, 0.0676373
7464.54, 1.00209, 0.00280632, 0.99959, 0.054754
7464.55, 1.00249, 0.00280759, 0.99962, 0.0386499
7464.56, 1.00288, 0.00280847, 0.99965, 0.0257666
7464.57, 1.00339, 0.00280902, 1, 0
7464.58, 1.00383, 0.00280933, 1, 0
7464.59, 1.00396, 0.00280947, 1, 0
7464.6, 1.00383, 0.00280948, 1, 0
7464.61, 1.00367, 0.00280938, 1, 0
7464.62, 1.00365, 0.00280916, 1, 0
7464.63, 1.00362, 0.00280866, 1, 0
7464.64, 1.00341, 0.00280777, 1, 0
7464.65, 1.00299, 0.00280654, 1, 0
