wav, obs, sigma_obs, syn, weight
7481.83, 0.988007, 0.00278121, 1, 0
7481.84, 0.985768, 0.00277733, 1, 0
7481.85, 0.983529, 0.00277346, 1, 0
7481.86, 0.982014, 0.00277138, 1, 0
7481.87, 0.979757, 0.00276746, 1, 0
7481.88, 0.975521, 0.00275863, 1, 0
7481.89, 0.969501, 0.0027454, 1, 0
7481.9, 0.963155, 0.00273143, 1, 0
7481.91, 0.957603, 0.00271949, 1, 0
7481.92, 0.953002, 0.00270995, 0.95432, 0.802449
7481.93, 0.949436, 0.00270289, 0.95183, 1.12486
7481.94, 0.947413, 0.00269908, 0.95117, 1.45444
7481.95, 0.947566, 0.00269947, 0.95216, 1.7464
7481.96, 0.949756, 0.00270395, 0.9545, 1.96492
7481.97, 0.953121, 0.00271136, 0.95788, 2.08852
7481.98, 0.957086, 0.00272069, 0.96199, 2.12076
7481.99, 0.961788, 0.00273133, 0.96651, 2.0724
7482, 0.967307, 0.00274266, 0.97113, 1.96672
7482.01, 0.972832, 0.00275346, 0.97558, 1.82163
7482.02, 0.977284, 0.00276237, 0.97962, 1.66042
7482.03, 0.980509, 0.00276926, 0.98309, 1.49743
7482.04, 0.983167, 0.00277504, 0.98586, 1.34518
7482.05, 0.985643, 0.00278023, 0.98785, 1.21979
7482.06, 0.98769, 0.00278445, 0.98903, 1.12307
7482.07, 0.989052, 0.00278733, 0.98937, 1.06754
7482.08, 0.989828, 0.00278919, 0.98888, 1.05321
7482.09, 0.990212, 0.00279047, 0.98755, 1.08366
7482.1, 0.989972, 0.0027905, 0.98537, 1.15352
7482.11, 0.988538, 0.00278772, 0.98236, 1.26099
7482.12, 0.985809, 0.00278187, 0.97855, 1.39533
7482.13, 0.982603, 0.00277517, 0.97401, 1.54937
7482.14, 0.979579, 0.00276944, 0.96889, 1.71237
7482.15, 0.976149, 0.00276301, 0.96338, 1.87716
7482.16, 0.971417, 0.00275339, 0.95773, 2.0312
7482.17, 0.965546, 0.00274093, 0.95225, 2.17449
7482.18, 0.95948, 0.00272811, 0.94725, 2.29808
7482.19, 0.953958, 0.00271666, 0.94304, 2.3966
7482.2, 0.949324, 0.00270698, 0.9399, 2.47183
7482.21, 0.945861, 0.00269941, 0.93803, 2.52019
7482.22, 0.94375, 0.0026946, 0.93759, 2.53989
7482.23, 0.943156, 0.00269327, 0.93859, 2.53452
7482.24, 0.944372, 0.0026961, 0.94098, 2.4987
7482.25, 0.947769, 0.00270373, 0.94462, 2.43421
7482.26, 0.953052, 0.00271533, 0.94928, 2.34465
7482.27, 0.958866, 0.00272777, 0.95468, 2.22823
7482.28, 0.964142, 0.00273862, 0.96051, 2.08852
7482.29, 0.969308, 0.00274914, 0.96644, 1.92731
7482.3, 0.975061, 0.00276118, 0.97219, 1.74819
7482.31, 0.980938, 0.00277375, 0.97753, 1.55654
7482.32, 0.985779, 0.00278411, 0.98227, 1.35951
7482.33, 0.989117, 0.00279111, 0.98632, 1.16427
7482.34, 0.991502, 0.00279597, 0.98964, 0.974402
7482.35, 0.993449, 0.00279982, 0.99228, 0.800658
7482.36, 0.995071, 0.00280301, 0.99429, 0.641242
7482.37, 0.996401, 0.00280568, 0.99578, 0.505113
7482.38, 0.997596, 0.00280819, 0.99685, 0.388686
7482.39, 0.998872, 0.00281097, 0.9976, 0.293754
7482.4, 1.00015, 0.00281386, 0.99813, 0.222106
7482.41, 1.00094, 0.00281592, 0.99849, 0.164789
7482.42, 1.00101, 0.0028166, 0.99874, 0.123591
7482.43, 1.00092, 0.00281674, 0.99892, 0.0931414
7482.44, 1.0013, 0.00281733, 0.99905, 0.0734384
7482.45, 1.00196, 0.00281831, 0.99915, 0.0573178
7482.46, 1.00231, 0.00281912, 0.99923, 0.0465707
7482.47, 1.00223, 0.00281956, 0.9993, 0.0376148
7482.48, 1.0021, 0.00281985, 0.99935, 0.0304501
7482.49, 1.00218, 0.00282021, 0.9994, 0.0250765
7482.5, 1.00232, 0.0028207, 0.99945, 0.019703
7482.51, 1.00232, 0.00282128, 0.99949, 0.0143294
7482.52, 1.00213, 0.00282131, 0.99954, 0.0089559
7482.53, 1.00173, 0.00281996, 1, 0
7482.54, 1.00127, 0.00281779, 1, 0
7482.55, 1.00107, 0.00281682, 1, 0
7482.56, 1.00125, 0.00281805, 1, 0
7482.57, 1.00148, 0.00281967, 1, 0
7482.58, 1.00139, 0.00281981, 1, 0
7482.59, 1.00103, 0.0028186, 1, 0
7482.6, 1.00066, 0.00281736, 1, 0
7482.61, 1.00037, 0.0028165, 1, 0
