wav, obs, sigma_obs, syn, weight
7483.94, 1.00388, 0.0028409, 1, 0
7483.95, 1.00296, 0.00283884, 1, 0
7483.96, 1.00199, 0.00283667, 1, 0
7483.97, 1.00168, 0.00283584, 1, 0
7483.98, 1.00221, 0.0028367, 1, 0
7483.99, 1.0028, 0.00283776, 1, 0
7484, 1.00266, 0.00283743, 1, 0
7484.01, 1.00206, 0.00283625, 1, 0
7484.02, 1.00179, 0.00283577, 1, 0
7484.03, 1.0019, 0.00283606, 0.99958, 0.0160482
7484.04, 1.0017, 0.00283565, 0.99958, 0.0256771
7484.05, 1.0008, 0.00283386, 0.99958, 0.035306
7484.06, 0.999821, 0.002832, 0.99958, 0.0449349
7484.07, 0.999349, 0.00283137, 0.99957, 0.0609831
7484.08, 0.999125, 0.00283118, 0.99955, 0.0802409
7484.09, 0.998599, 0.00282995, 0.99953, 0.105918
7484.1, 0.997797, 0.00282791, 0.99949, 0.141224
7484.11, 0.997242, 0.00282667, 0.99944, 0.192578
7484.12, 0.997186, 0.00282699, 0.99935, 0.259981
7484.13, 0.997345, 0.0028278, 0.99922, 0.349851
7484.14, 0.997415, 0.00282807, 0.99902, 0.465397
7484.15, 0.997283, 0.00282791, 0.99871, 0.609831
7484.16, 0.996908, 0.00282769, 0.99826, 0.786361
7484.17, 0.996406, 0.00282733, 0.9976, 0.994988
7484.18, 0.995997, 0.00282642, 0.99665, 1.2325
7484.19, 0.995579, 0.00282461, 0.99536, 1.48927
7484.2, 0.994559, 0.00282166, 0.99365, 1.75567
7484.21, 0.992562, 0.00281756, 0.99148, 2.02849
7484.22, 0.990108, 0.00281297, 0.98886, 2.2981
7484.23, 0.987807, 0.00280858, 0.98583, 2.55487
7484.24, 0.985324, 0.00280353, 0.98251, 2.78918
7484.25, 0.981852, 0.00279626, 0.97907, 2.9978
7484.26, 0.977515, 0.00278713, 0.97576, 3.16791
7484.27, 0.973529, 0.00277879, 0.97281, 3.30593
7484.28, 0.970792, 0.00277319, 0.97048, 3.40864
7484.29, 0.969173, 0.00277008, 0.96898, 3.46962
7484.3, 0.968443, 0.00276898, 0.96845, 3.48567
7484.31, 0.968841, 0.00277021, 0.96895, 3.46641
7484.32, 0.970764, 0.00277437, 0.97042, 3.40864
7484.33, 0.973971, 0.00278097, 0.97273, 3.31235
7484.34, 0.977631, 0.00278854, 0.97566, 3.18075
7484.35, 0.981153, 0.00279602, 0.97897, 3.00743
7484.36, 0.984474, 0.0028033, 0.9824, 2.80201
7484.37, 0.987561, 0.00281026, 0.98573, 2.56771
7484.38, 0.990192, 0.00281612, 0.98877, 2.31415
7484.39, 0.992114, 0.00281999, 0.99141, 2.04133
7484.4, 0.993426, 0.00282235, 0.99359, 1.76851
7484.41, 0.994472, 0.00282466, 0.99532, 1.4989
7484.42, 0.995537, 0.00282766, 0.99662, 1.24213
7484.43, 0.996795, 0.00283092, 0.99758, 1.00783
7484.44, 0.998259, 0.00283384, 0.99826, 0.7992
7484.45, 0.999365, 0.00283565, 0.99872, 0.61946
7484.46, 0.99951, 0.00283563, 0.99903, 0.471817
7484.47, 0.998958, 0.00283447, 0.99924, 0.35306
7484.48, 0.99843, 0.00283354, 0.99938, 0.26319
7484.49, 0.998183, 0.00283323, 0.99948, 0.195788
7484.5, 0.997904, 0.00283272, 0.99955, 0.144434
7484.51, 0.997372, 0.00283149, 0.99959, 0.109128
7484.52, 0.996728, 0.00283005, 0.99963, 0.0834506
7484.53, 0.996173, 0.00282903, 0.99965, 0.0641928
7484.54, 0.995893, 0.00282871, 0.99967, 0.0481446
7484.55, 0.996048, 0.00282915, 0.99968, 0.035306
7484.56, 0.996373, 0.00282983, 0.99968, 0.0256771
7484.57, 0.996213, 0.00282966, 0.99969, 0.0160482
7484.58, 0.995352, 0.00282829, 1, 0
7484.59, 0.994519, 0.00282689, 1, 0
7484.6, 0.994363, 0.00282653, 1, 0
7484.61, 0.994566, 0.00282677, 1, 0
7484.62, 0.994547, 0.00282674, 1, 0
7484.63, 0.994185, 0.00282627, 1, 0
7484.64, 0.993743, 0.00282568, 1, 0
7484.65, 0.993413, 0.00282524, 1, 0
7484.66, 0.993084, 0.00282481, 1, 0
