wav, obs, sigma_obs, syn, weight
7498.16, 0.998922, 0.00312557, 1, 0
7498.17, 0.998961, 0.00312608, 1, 0
7498.18, 0.998934, 0.00312648, 1, 0
7498.19, 0.998843, 0.00312678, 1, 0
7498.2, 0.998868, 0.00312737, 1, 0
7498.21, 0.999139, 0.00312848, 1, 0
7498.22, 0.999319, 0.00312939, 1, 0
7498.23, 0.998997, 0.00312921, 1, 0
7498.24, 0.998563, 0.00312854, 0.99982, 0.00510424
7498.25, 0.998783, 0.00312876, 0.9998, 0.00680565
7498.26, 0.999531, 0.00312986, 0.99978, 0.0119099
7498.27, 0.999957, 0.00313074, 0.99976, 0.0153127
7498.28, 0.999799, 0.0031311, 0.99974, 0.0221184
7498.29, 0.999562, 0.00313168, 0.99971, 0.028924
7498.3, 0.999579, 0.00313275, 0.99968, 0.0408339
7498.31, 0.999747, 0.00313351, 0.99963, 0.0544452
7498.32, 0.999883, 0.00313335, 0.99958, 0.0765636
7498.33, 0.999716, 0.00313255, 0.99951, 0.107189
7498.34, 0.999091, 0.00313166, 0.99941, 0.154829
7498.35, 0.998533, 0.00313137, 0.99926, 0.221184
7498.36, 0.998653, 0.00313226, 0.99901, 0.31306
7498.37, 0.999015, 0.00313337, 0.99862, 0.43386
7498.38, 0.998712, 0.00313305, 0.99799, 0.586988
7498.39, 0.997642, 0.00313105, 0.99699, 0.775844
7498.4, 0.996311, 0.0031281, 0.99545, 0.997028
7498.41, 0.994713, 0.00312425, 0.99317, 1.24714
7498.42, 0.992229, 0.00311865, 0.98991, 1.52276
7498.43, 0.988385, 0.00311044, 0.98548, 1.81201
7498.44, 0.983027, 0.00309879, 0.97971, 2.10635
7498.45, 0.976108, 0.00308322, 0.97258, 2.39559
7498.46, 0.967785, 0.00306412, 0.9642, 2.66952
7498.47, 0.958302, 0.0030422, 0.95489, 2.91963
7498.48, 0.948153, 0.00301882, 0.94517, 3.14081
7498.49, 0.937925, 0.00299556, 0.93569, 3.32456
7498.5, 0.928388, 0.00297396, 0.92721, 3.47088
7498.51, 0.920407, 0.00295569, 0.9205, 3.57637
7498.52, 0.91501, 0.00294309, 0.91618, 3.63762
7498.53, 0.913304, 0.00293895, 0.9147, 3.65974
7498.54, 0.915443, 0.00294393, 0.9162, 3.63932
7498.55, 0.920568, 0.0029564, 0.92052, 3.57637
7498.56, 0.928027, 0.00297478, 0.92725, 3.47088
7498.57, 0.937582, 0.00299777, 0.93574, 3.32456
7498.58, 0.948641, 0.00302358, 0.94522, 3.14081
7498.59, 0.959632, 0.00304908, 0.95496, 2.92133
7498.6, 0.969114, 0.00307141, 0.96426, 2.66952
7498.61, 0.97679, 0.00308975, 0.97264, 2.39389
7498.62, 0.982685, 0.0031039, 0.97977, 2.10465
7498.63, 0.987047, 0.00311457, 0.98554, 1.81201
7498.64, 0.99022, 0.00312275, 0.98997, 1.52276
7498.65, 0.992574, 0.00312903, 0.99321, 1.24714
7498.66, 0.994492, 0.00313377, 0.99549, 0.995327
7498.67, 0.996143, 0.00313744, 0.99702, 0.774143
7498.68, 0.997495, 0.00314065, 0.99801, 0.586988
7498.69, 0.998436, 0.00314336, 0.99863, 0.432159
7498.7, 0.998754, 0.00314462, 0.99901, 0.311359
7498.71, 0.998528, 0.00314434, 0.99925, 0.219482
7498.72, 0.9985, 0.00314458, 0.9994, 0.154829
7498.73, 0.999193, 0.0031468, 0.9995, 0.107189
7498.74, 1.00006, 0.00314934, 0.99957, 0.0748622
7498.75, 1.00042, 0.00315028, 0.99962, 0.0544452
7498.76, 1.00024, 0.0031498, 0.99966, 0.0408339
7498.77, 0.999729, 0.00314883, 0.99969, 0.028924
7498.78, 0.999328, 0.00314835, 0.99972, 0.0221184
7498.79, 0.99956, 0.00314929, 0.99975, 0.0153127
7498.8, 1.00013, 0.00315099, 0.99977, 0.0119099
7498.81, 1.00012, 0.00315155, 0.99979, 0.00680565
7498.82, 0.999479, 0.00315078, 0.99981, 0.00510424
7498.83, 0.999296, 0.00315071, 1, 0
7498.84, 1.00001, 0.00315219, 1, 0
7498.85, 1.00069, 0.00315366, 1, 0
7498.86, 1.00063, 0.00315392, 1, 0
7498.87, 1.00023, 0.00315358, 1, 0
7498.88, 0.99998, 0.00315344, 1, 0
7498.89, 0.999897, 0.00315353, 1, 0
7498.9, 0.999771, 0.00315356, 1, 0
