wav, obs, sigma_obs, syn, weight
7513.81, 0.999425, 0.00373607, 1, 0
7513.82, 1.00012, 0.00373908, 1, 0
7513.83, 1.00119, 0.00374338, 1, 0
7513.84, 1.00164, 0.00374551, 1, 0
7513.85, 1.00089, 0.00374351, 1, 0
7513.86, 1.00024, 0.00374143, 1, 0
7513.87, 1.00111, 0.00374394, 1, 0
7513.88, 1.00218, 0.00374734, 1, 0
7513.89, 1.00169, 0.0037465, 0.99966, 0.00622795
7513.9, 1.0008, 0.00374451, 0.99962, 0.0140129
7513.91, 1.00118, 0.00374595, 0.99959, 0.0202408
7513.92, 1.00197, 0.00374838, 0.99956, 0.0295828
7513.93, 1.00182, 0.00374808, 0.99953, 0.0404817
7513.94, 1.00146, 0.00374741, 0.99949, 0.0498236
7513.95, 1.00196, 0.00374964, 0.99945, 0.0591655
7513.96, 1.00265, 0.00375237, 0.99939, 0.0731784
7513.97, 1.00255, 0.00375229, 0.99933, 0.0887483
7513.98, 1.00196, 0.0037506, 0.99924, 0.108989
7513.99, 1.0015, 0.00374956, 0.99913, 0.138572
7514, 1.00139, 0.00374946, 0.99898, 0.179054
7514.01, 1.00159, 0.00374976, 0.99879, 0.235105
7514.02, 1.00123, 0.00374864, 0.99851, 0.312955
7514.03, 0.999642, 0.00374485, 0.99812, 0.414159
7514.04, 0.99814, 0.00374154, 0.99756, 0.544946
7514.05, 0.997993, 0.0037416, 0.99675, 0.706872
7514.06, 0.997549, 0.00374062, 0.9956, 0.899939
7514.07, 0.995016, 0.003734, 0.99399, 1.12415
7514.08, 0.991822, 0.00372567, 0.99182, 1.37482
7514.09, 0.989689, 0.00372024, 0.989, 1.64729
7514.1, 0.98761, 0.0037146, 0.98547, 1.93222
7514.11, 0.984231, 0.00370478, 0.98124, 2.22026
7514.12, 0.979928, 0.00369256, 0.97638, 2.50052
7514.13, 0.975278, 0.00368016, 0.97107, 2.76677
7514.14, 0.969724, 0.00366542, 0.96553, 3.01121
7514.15, 0.962884, 0.00364655, 0.96007, 3.22296
7514.16, 0.956275, 0.00362819, 0.95502, 3.40046
7514.17, 0.951429, 0.00361508, 0.95072, 3.54059
7514.18, 0.947999, 0.0036061, 0.94745, 3.63868
7514.19, 0.945481, 0.00359952, 0.94545, 3.69785
7514.2, 0.944538, 0.00359719, 0.94487, 3.71342
7514.21, 0.945875, 0.00360109, 0.94575, 3.6885
7514.22, 0.949288, 0.0036106, 0.94801, 3.62311
7514.23, 0.954214, 0.00362416, 0.95151, 3.51412
7514.24, 0.959545, 0.00363888, 0.956, 3.36776
7514.25, 0.964458, 0.00365266, 0.96115, 3.18248
7514.26, 0.969564, 0.00366716, 0.96666, 2.9645
7514.27, 0.975281, 0.0036835, 0.97217, 2.71539
7514.28, 0.980296, 0.0036982, 0.97741, 2.44603
7514.29, 0.983573, 0.00370831, 0.98214, 2.16266
7514.3, 0.986197, 0.00371598, 0.98623, 1.87461
7514.31, 0.989129, 0.00372346, 0.9896, 1.5928
7514.32, 0.991526, 0.00372993, 0.99226, 1.32344
7514.33, 0.992619, 0.00373434, 0.99429, 1.07744
7514.34, 0.992944, 0.00373659, 0.99577, 0.859457
7514.35, 0.993216, 0.00373731, 0.99683, 0.671062
7514.36, 0.99392, 0.00373873, 0.99757, 0.51692
7514.37, 0.995257, 0.00374237, 0.99808, 0.392361
7514.38, 0.996717, 0.00374705, 0.99843, 0.297385
7514.39, 0.997741, 0.00375102, 0.99869, 0.224206
7514.4, 0.997986, 0.00375248, 0.99888, 0.171269
7514.41, 0.997525, 0.0037511, 0.99903, 0.133901
7514.42, 0.997455, 0.00375064, 0.99916, 0.107432
7514.43, 0.998357, 0.00375333, 0.99926, 0.0871913
7514.44, 0.999032, 0.00375567, 0.99935, 0.0716214
7514.45, 0.998625, 0.00375502, 0.99943, 0.0607225
7514.46, 0.997859, 0.0037532, 0.9995, 0.0498236
7514.47, 0.997486, 0.00375218, 0.99956, 0.0404817
7514.48, 0.997751, 0.00375274, 0.99961, 0.0295828
7514.49, 0.998401, 0.00375439, 0.99965, 0.0202408
7514.5, 0.998202, 0.00375414, 0.9997, 0.0124559
7514.51, 0.996717, 0.00375083, 0.99974, 0.00778494
7514.52, 0.995597, 0.00374819, 1, 0
7514.53, 0.995736, 0.00374829, 1, 0
7514.54, 0.995777, 0.0037483, 1, 0
7514.55, 0.994951, 0.00374658, 1, 0
7514.56, 0.994311, 0.00374538, 1, 0
7514.57, 0.99456, 0.00374617, 1, 0
7514.58, 0.99515, 0.00374774, 1, 0
7514.59, 0.995493, 0.00374875, 1, 0
