wav, obs, sigma_obs, syn, weight
7540.06, 1.00152, 0.00307981, 1, 0
7540.07, 1.00072, 0.0030779, 1, 0
7540.08, 0.999886, 0.00307588, 1, 0
7540.09, 0.999484, 0.00307498, 1, 0
7540.1, 0.999751, 0.00307579, 1, 0
7540.11, 1.00046, 0.00307761, 1, 0
7540.12, 1.00119, 0.00307919, 1, 0
7540.13, 1.00167, 0.00307978, 1, 0
7540.14, 1.00198, 0.0030799, 1, 0
7540.15, 1.00229, 0.00308023, 1, 0
7540.16, 1.00256, 0.0030808, 0.99981, 0.00646682
7540.17, 1.00261, 0.00308103, 0.9998, 0.010778
7540.18, 1.00227, 0.00308042, 0.99979, 0.0172448
7540.19, 1.00175, 0.00307916, 0.99978, 0.0237117
7540.2, 1.00139, 0.00307771, 0.99977, 0.0323341
7540.21, 1.00134, 0.00307642, 0.99975, 0.0495789
7540.22, 1.00135, 0.00307537, 0.99972, 0.0732906
7540.23, 1.00116, 0.00307463, 0.99969, 0.109936
7540.24, 1.00079, 0.00307418, 0.99962, 0.16167
7540.25, 1.00053, 0.003074, 0.99952, 0.234961
7540.26, 1.0006, 0.00307399, 0.99934, 0.334119
7540.27, 1.00076, 0.00307371, 0.99905, 0.459144
7540.28, 1.00059, 0.00307262, 0.99856, 0.616503
7540.29, 0.999846, 0.00307043, 0.99779, 0.806197
7540.3, 0.998577, 0.00306739, 0.99661, 1.02822
7540.31, 0.996851, 0.00306373, 0.99487, 1.27612
7540.32, 0.994665, 0.00305924, 0.99241, 1.54341
7540.33, 0.99196, 0.00305333, 0.9891, 1.8258
7540.34, 0.988617, 0.00304537, 0.98483, 2.11249
7540.35, 0.984232, 0.0030346, 0.97957, 2.39488
7540.36, 0.978328, 0.00302024, 0.97343, 2.66217
7540.37, 0.970919, 0.00300254, 0.96662, 2.90576
7540.38, 0.962845, 0.00298352, 0.95952, 3.12132
7540.39, 0.955013, 0.00296531, 0.9526, 3.30239
7540.4, 0.948184, 0.00294965, 0.94642, 3.44681
7540.41, 0.943024, 0.00293797, 0.94151, 3.55028
7540.42, 0.940057, 0.00293138, 0.93835, 3.61495
7540.43, 0.939262, 0.0029297, 0.93726, 3.63435
7540.44, 0.940485, 0.00293245, 0.93834, 3.6128
7540.45, 0.943617, 0.00293928, 0.94148, 3.54813
7540.46, 0.948616, 0.00295007, 0.94637, 3.44681
7540.47, 0.955381, 0.0029646, 0.95255, 3.30023
7540.48, 0.963167, 0.00298155, 0.95946, 3.11701
7540.49, 0.970848, 0.00299895, 0.96656, 2.90145
7540.5, 0.977519, 0.00301502, 0.97336, 2.65786
7540.51, 0.983018, 0.00302857, 0.97951, 2.38841
7540.52, 0.987351, 0.00303861, 0.98476, 2.10818
7540.53, 0.990673, 0.00304523, 0.98903, 1.81933
7540.54, 0.993335, 0.00304996, 0.99235, 1.5391
7540.55, 0.995652, 0.00305424, 0.9948, 1.26965
7540.56, 0.99754, 0.00305793, 0.99653, 1.02391
7540.57, 0.998713, 0.00306014, 0.99771, 0.804041
7540.58, 0.999031, 0.0030604, 0.99847, 0.612192
7540.59, 0.998782, 0.00305955, 0.99894, 0.456988
7540.6, 0.998328, 0.00305863, 0.99922, 0.329808
7540.61, 0.997995, 0.00305831, 0.99937, 0.232805
7540.62, 0.998066, 0.0030588, 0.99946, 0.16167
7540.63, 0.998735, 0.00306018, 0.9995, 0.109936
7540.64, 0.999582, 0.00306162, 0.99952, 0.0732906
7540.65, 0.99992, 0.00306192, 0.99953, 0.0474233
7540.66, 0.999416, 0.00306055, 0.99954, 0.0323341
7540.67, 0.998603, 0.00305867, 0.99954, 0.0215561
7540.68, 0.99812, 0.00305764, 0.99955, 0.0129336
7540.69, 0.998127, 0.00305769, 0.99957, 0.010778
7540.7, 0.998329, 0.00305799, 0.99959, 0.00646682
7540.71, 0.998456, 0.00305782, 1, 0
7540.72, 0.998484, 0.00305732, 1, 0
7540.73, 0.998478, 0.00305695, 1, 0
7540.74, 0.998479, 0.00305693, 1, 0
7540.75, 0.998477, 0.00305701, 1, 0
7540.76, 0.998456, 0.0030569, 1, 0
7540.77, 0.998416, 0.00305654, 1, 0
7540.78, 0.998366, 0.00305604, 1, 0
7540.79, 0.998324, 0.00305565, 1, 0
7540.8, 0.998282, 0.00305527, 1, 0
