wav, obs, sigma_obs, syn, weight
7547.52, 0.995233, 0.00292464, 1, 0
7547.53, 0.995092, 0.00292439, 1, 0
7547.54, 0.995147, 0.00292472, 1, 0
7547.55, 0.995488, 0.00292588, 1, 0
7547.56, 0.995918, 0.00292726, 1, 0
7547.57, 0.996136, 0.00292788, 1, 0
7547.58, 0.996012, 0.00292734, 1, 0
7547.59, 0.995753, 0.00292621, 1, 0
7547.6, 0.995579, 0.00292518, 1, 0
7547.61, 0.995506, 0.00292441, 1, 0
7547.62, 0.995417, 0.00292379, 0.99313, 0.0193808
7547.63, 0.995205, 0.00292317, 0.99312, 0.0266486
7547.64, 0.994805, 0.00292237, 0.99312, 0.036339
7547.65, 0.994172, 0.00292122, 0.99311, 0.0460294
7547.66, 0.993498, 0.00292005, 0.99308, 0.0605651
7547.67, 0.993219, 0.00291977, 0.99304, 0.0775233
7547.68, 0.993639, 0.00292097, 0.99298, 0.101749
7547.69, 0.994292, 0.00292249, 0.9929, 0.135666
7547.7, 0.994457, 0.00292264, 0.99281, 0.184118
7547.71, 0.993841, 0.00292084, 0.99269, 0.247105
7547.72, 0.992864, 0.00291841, 0.99251, 0.334319
7547.73, 0.991969, 0.00291671, 0.99221, 0.443336
7547.74, 0.991254, 0.00291571, 0.99172, 0.581425
7547.75, 0.990619, 0.00291465, 0.99092, 0.748584
7547.76, 0.989857, 0.00291272, 0.98969, 0.944815
7547.77, 0.988471, 0.00290917, 0.98786, 1.16769
7547.78, 0.985936, 0.00290328, 0.98527, 1.4148
7547.79, 0.982129, 0.00289488, 0.98177, 1.67644
7547.8, 0.977294, 0.0028843, 0.97726, 1.9502
7547.81, 0.971661, 0.00287193, 0.9717, 2.22395
7547.82, 0.965367, 0.00285809, 0.96517, 2.49044
7547.83, 0.958517, 0.00284314, 0.95786, 2.74239
7547.84, 0.951188, 0.00282728, 0.95011, 2.97011
7547.85, 0.943419, 0.0028105, 0.94235, 3.16634
7547.86, 0.935344, 0.00279303, 0.93512, 3.33108
7547.87, 0.927891, 0.00277682, 0.92896, 3.45948
7547.88, 0.922371, 0.0027647, 0.92439, 3.54911
7547.89, 0.919695, 0.00275865, 0.92179, 3.59756
7547.9, 0.919838, 0.00275877, 0.92141, 3.60726
7547.91, 0.922625, 0.00276481, 0.92329, 3.57334
7547.92, 0.927576, 0.00277571, 0.92727, 3.50308
7547.93, 0.933974, 0.00278972, 0.93301, 3.39164
7547.94, 0.941182, 0.00280531, 0.94003, 3.24144
7547.95, 0.948902, 0.00282185, 0.94779, 3.0549
7547.96, 0.956908, 0.00283885, 0.95574, 2.83929
7547.97, 0.964767, 0.00285551, 0.9634, 2.59703
7547.98, 0.971787, 0.0028705, 0.97037, 2.33539
7547.99, 0.977364, 0.0028827, 0.97639, 2.06406
7548, 0.981597, 0.00289215, 0.98132, 1.7903
7548.01, 0.984868, 0.0028994, 0.98513, 1.52139
7548.02, 0.987485, 0.00290498, 0.98788, 1.26702
7548.03, 0.989605, 0.00290945, 0.98969, 1.03445
7548.04, 0.99136, 0.00291331, 0.99073, 0.826107
7548.05, 0.992798, 0.00291658, 0.99116, 0.646835
7548.06, 0.993908, 0.00291896, 0.99116, 0.499056
7548.07, 0.994708, 0.00292036, 0.99089, 0.377926
7548.08, 0.995311, 0.0029213, 0.9905, 0.283445
7548.09, 0.995844, 0.00292244, 0.9901, 0.210766
7548.1, 0.996326, 0.00292381, 0.98981, 0.155047
7548.11, 0.996656, 0.00292479, 0.98969, 0.116285
7548.12, 0.996781, 0.00292492, 0.98979, 0.0920589
7548.13, 0.996897, 0.00292473, 0.99013, 0.0702555
7548.14, 0.997288, 0.00292503, 0.99068, 0.0532973
7548.15, 0.997952, 0.00292601, 0.99142, 0.0411842
7548.16, 0.99843, 0.00292679, 0.99229, 0.0339164
7548.17, 0.998287, 0.00292652, 0.99324, 0.0266486
7548.18, 0.997737, 0.00292552, 0.9942, 0.0193808
7548.19, 0.997353, 0.00292479, 1, 0
7548.2, 0.997491, 0.00292494, 1, 0
7548.21, 0.997939, 0.00292556, 1, 0
7548.22, 0.998395, 0.00292609, 1, 0
7548.23, 0.998666, 0.00292622, 1, 0
7548.24, 0.998647, 0.00292586, 1, 0
7548.25, 0.998279, 0.00292496, 1, 0
7548.26, 0.997666, 0.0029237, 1, 0
7548.27, 0.997023, 0.00292239, 1, 0
7548.28, 0.996478, 0.00292122, 1, 0
