wav, obs, sigma_obs, syn, weight
7562.65, 0.99741, 0.00277875, 1, 0
7562.66, 0.998394, 0.00278059, 1, 0
7562.67, 0.999278, 0.00278213, 1, 0
7562.68, 0.999983, 0.00278314, 1, 0
7562.69, 1.00051, 0.00278385, 1, 0
7562.7, 1.00093, 0.00278477, 1, 0
7562.71, 1.00131, 0.00278612, 1, 0
7562.72, 1.00172, 0.00278734, 1, 0
7562.73, 1.00218, 0.00278785, 1, 0
7562.74, 1.00251, 0.00278775, 0.9988, 0.0109396
7562.75, 1.00238, 0.00278752, 0.99877, 0.0182327
7562.76, 1.00172, 0.00278732, 0.99875, 0.0255258
7562.77, 1.00097, 0.00278676, 0.99872, 0.0328188
7562.78, 1.00058, 0.00278547, 0.99868, 0.047405
7562.79, 1.00057, 0.00278406, 0.99863, 0.0656376
7562.8, 1.00077, 0.00278353, 0.99857, 0.0948099
7562.81, 1.00098, 0.00278405, 0.99848, 0.131275
7562.82, 1.00093, 0.00278455, 0.99837, 0.185973
7562.83, 1.00039, 0.00278406, 0.9982, 0.255258
7562.84, 0.999532, 0.00278263, 0.99797, 0.346421
7562.85, 0.998638, 0.00278069, 0.99762, 0.466757
7562.86, 0.997832, 0.00277858, 0.99709, 0.619911
7562.87, 0.99704, 0.0027766, 0.99631, 0.798591
7562.88, 0.996125, 0.0027748, 0.99515, 1.01009
7562.89, 0.994732, 0.00277233, 0.99348, 1.24712
7562.9, 0.992457, 0.00276809, 0.99117, 1.50237
7562.91, 0.989153, 0.00276162, 0.98808, 1.77222
7562.92, 0.984921, 0.00275301, 0.98411, 2.04206
7562.93, 0.979886, 0.00274249, 0.97924, 2.3119
7562.94, 0.974216, 0.00273057, 0.97356, 2.56716
7562.95, 0.968083, 0.00271779, 0.96726, 2.79689
7562.96, 0.961608, 0.00270442, 0.96068, 3.0011
7562.97, 0.95487, 0.00269046, 0.95426, 3.17613
7562.98, 0.948208, 0.00267657, 0.94851, 3.31105
7562.99, 0.942656, 0.00266508, 0.94393, 3.40586
7563, 0.939296, 0.00265843, 0.94095, 3.46786
7563.01, 0.938453, 0.00265711, 0.93986, 3.48244
7563.02, 0.939974, 0.00266038, 0.94076, 3.46421
7563.03, 0.943502, 0.00266734, 0.94354, 3.40586
7563.04, 0.948259, 0.00267684, 0.9479, 3.30741
7563.05, 0.95349, 0.00268778, 0.9534, 3.17249
7563.06, 0.959065, 0.00269967, 0.95956, 3.00475
7563.07, 0.965156, 0.00271233, 0.96585, 2.79689
7563.08, 0.9715, 0.00272502, 0.97186, 2.56716
7563.09, 0.977089, 0.00273605, 0.97725, 2.31555
7563.1, 0.981042, 0.00274397, 0.98183, 2.04571
7563.11, 0.983706, 0.00274955, 0.98551, 1.77222
7563.12, 0.985895, 0.0027544, 0.98832, 1.50602
7563.13, 0.987887, 0.002759, 0.99034, 1.25076
7563.14, 0.989251, 0.00276236, 0.99171, 1.01374
7563.15, 0.989678, 0.00276375, 0.99257, 0.805884
7563.16, 0.989703, 0.00276417, 0.99305, 0.627204
7563.17, 0.990099, 0.00276511, 0.99328, 0.47405
7563.18, 0.991016, 0.00276688, 0.99337, 0.353714
7563.19, 0.991958, 0.00276856, 0.9934, 0.258904
7563.2, 0.992512, 0.0027694, 0.99343, 0.18962
7563.21, 0.99271, 0.00276957, 0.9935, 0.138568
7563.22, 0.992696, 0.00276945, 0.99364, 0.102103
7563.23, 0.992755, 0.00276961, 0.99387, 0.0729307
7563.24, 0.993297, 0.00277072, 0.99419, 0.054698
7563.25, 0.9945, 0.00277307, 0.99457, 0.0401119
7563.26, 0.995872, 0.00277575, 0.99501, 0.0328188
7563.27, 0.996835, 0.00277769, 0.99549, 0.0182327
7563.28, 0.99725, 0.00277854, 0.99598, 0.0145861
7563.29, 0.997264, 0.00277846, 1, 0
7563.3, 0.997024, 0.0027777, 1, 0
7563.31, 0.996665, 0.00277675, 1, 0
7563.32, 0.996308, 0.00277607, 1, 0
7563.33, 0.995983, 0.00277571, 1, 0
7563.34, 0.995666, 0.00277542, 1, 0
7563.35, 0.995336, 0.00277501, 1, 0
7563.36, 0.995007, 0.0027746, 1, 0
7563.37, 0.994677, 0.0027742, 1, 0
