wav, obs, sigma_obs, syn, weight
7718.66, 1.00523, 0.004869, 1, 0
7718.67, 1.00445, 0.00486687, 1, 0
7718.68, 1.00375, 0.00486463, 1, 0
7718.69, 1.00322, 0.00486244, 1, 0
7718.7, 1.00277, 0.00486248, 1, 0
7718.71, 1.00232, 0.00486579, 1, 0
7718.72, 1.002, 0.00486727, 1, 0
7718.73, 1.00181, 0.00486426, 0.99951, 0.00295382
7718.74, 1.00149, 0.00486194, 0.99945, 0.00443073
7718.75, 1.00104, 0.00486313, 0.99941, 0.0103384
7718.76, 1.00095, 0.00486593, 0.99936, 0.016246
7718.77, 1.00078, 0.00486648, 0.99931, 0.0251075
7718.78, 0.999448, 0.0048605, 0.99925, 0.0324921
7718.79, 0.998076, 0.00485443, 0.99918, 0.0428304
7718.8, 0.998587, 0.00485837, 0.99911, 0.0516919
7718.81, 0.999665, 0.00486547, 0.99902, 0.0605534
7718.82, 0.999417, 0.00486584, 0.99892, 0.0753225
7718.83, 0.99846, 0.0048629, 0.9988, 0.0930454
7718.84, 0.997797, 0.00486139, 0.99865, 0.11963
7718.85, 0.997905, 0.0048616, 0.99845, 0.159506
7718.86, 0.998583, 0.00486242, 0.99819, 0.214152
7718.87, 0.998742, 0.00486171, 0.99783, 0.290952
7718.88, 0.99793, 0.00485924, 0.9973, 0.394335
7718.89, 0.996391, 0.00485657, 0.99653, 0.525781
7718.9, 0.994041, 0.00485168, 0.99535, 0.691195
7718.91, 0.99078, 0.00484145, 0.99359, 0.889101
7718.92, 0.987981, 0.0048312, 0.99097, 1.1195
7718.93, 0.986783, 0.00482654, 0.98719, 1.375
7718.94, 0.984773, 0.00481933, 0.98194, 1.64971
7718.95, 0.979504, 0.00480077, 0.97492, 1.93918
7718.96, 0.970851, 0.00476968, 0.96596, 2.23014
7718.97, 0.959664, 0.0047289, 0.95505, 2.51223
7718.98, 0.947718, 0.00468554, 0.94245, 2.77955
7718.99, 0.935056, 0.00463988, 0.92865, 3.02324
7719, 0.919994, 0.0045853, 0.91442, 3.23296
7719.01, 0.90386, 0.00452716, 0.90073, 3.41019
7719.02, 0.889903, 0.00447824, 0.88865, 3.54606
7719.03, 0.879534, 0.00444269, 0.87923, 3.64649
7719.04, 0.873213, 0.00442079, 0.87333, 3.70409
7719.05, 0.870933, 0.00441323, 0.87153, 3.72182
7719.06, 0.872911, 0.00442146, 0.87398, 3.69819
7719.07, 0.880332, 0.00444856, 0.88047, 3.63616
7719.08, 0.892839, 0.0044931, 0.89035, 3.53277
7719.09, 0.907166, 0.00454546, 0.90273, 3.38804
7719.1, 0.921398, 0.00459898, 0.91656, 3.20785
7719.11, 0.935433, 0.00465123, 0.93076, 2.99222
7719.12, 0.948489, 0.00469874, 0.9444, 2.74558
7719.13, 0.959385, 0.0047378, 0.95676, 2.4753
7719.14, 0.968262, 0.00476999, 0.96736, 2.19026
7719.15, 0.975723, 0.0047984, 0.97602, 1.90079
7719.16, 0.981589, 0.00482117, 0.98275, 1.61426
7719.17, 0.985614, 0.00483582, 0.98776, 1.33956
7719.18, 0.988024, 0.00484215, 0.99134, 1.08848
7719.19, 0.989738, 0.0048448, 0.99382, 0.863993
7719.2, 0.992691, 0.00485584, 0.99548, 0.670518
7719.21, 0.99647, 0.00487366, 0.99659, 0.509534
7719.22, 0.998042, 0.00488108, 0.99733, 0.381043
7719.23, 0.997586, 0.00487884, 0.99783, 0.28209
7719.24, 0.997541, 0.00488009, 0.99818, 0.208245
7719.25, 0.998238, 0.00488438, 0.99843, 0.155076
7719.26, 0.999049, 0.00488607, 0.99862, 0.118153
7719.27, 0.999713, 0.00488672, 0.99877, 0.0915685
7719.28, 1.00005, 0.00488833, 0.99889, 0.0738456
7719.29, 0.999824, 0.00488821, 0.99899, 0.0605534
7719.3, 0.999157, 0.00488558, 0.99907, 0.050215
7719.31, 0.998867, 0.0048846, 0.99914, 0.0413535
7719.32, 0.999215, 0.00488659, 0.9992, 0.033969
7719.33, 0.999745, 0.00488895, 0.99926, 0.0251075
7719.34, 1.00014, 0.00489043, 0.9993, 0.016246
7719.35, 1.00024, 0.00489093, 0.99935, 0.0103384
7719.36, 1.00015, 0.00489065, 0.99939, 0.00590765
7719.37, 1.00001, 0.00488985, 0.99944, 0.00295382
7719.38, 0.999657, 0.0048884, 1, 0
7719.39, 0.998977, 0.00488627, 1, 0
7719.4, 0.998268, 0.00488392, 1, 0
7719.41, 0.997729, 0.00488172, 1, 0
7719.42, 0.997231, 0.00487955, 1, 0
7719.43, 0.996697, 0.00487734, 1, 0
7719.44, 0.996162, 0.00487514, 1, 0
