wav, obs, sigma_obs, syn, weight
7742.05, 1.00213, 0.00291323, 1, 0
7742.06, 1.00205, 0.0029127, 1, 0
7742.07, 1.00175, 0.00291173, 1, 0
7742.08, 1.0011, 0.00291006, 1, 0
7742.09, 1.00023, 0.002908, 1, 0
7742.1, 0.999445, 0.00290616, 1, 0
7742.11, 0.998936, 0.00290499, 1, 0
7742.12, 0.998653, 0.00290443, 1, 0
7742.13, 0.998496, 0.00290431, 1, 0
7742.14, 0.998414, 0.0029044, 1, 0
7742.15, 0.9984, 0.00290436, 0.99681, 0.0291291
7742.16, 0.998435, 0.00290391, 0.99651, 0.0388388
7742.17, 0.998426, 0.00290309, 0.99626, 0.0453119
7742.18, 0.998246, 0.00290206, 0.99605, 0.0517851
7742.19, 0.99788, 0.00290102, 0.99586, 0.0582582
7742.2, 0.997536, 0.00290037, 0.99568, 0.0647313
7742.21, 0.997426, 0.00290043, 0.99551, 0.0679679
7742.22, 0.997448, 0.00290075, 0.99532, 0.0679679
7742.23, 0.997262, 0.00290032, 0.99513, 0.0712044
7742.24, 0.996668, 0.00289852, 0.99493, 0.0776776
7742.25, 0.996078, 0.00289666, 0.99471, 0.0776776
7742.26, 0.996059, 0.00289651, 0.99447, 0.0809141
7742.27, 0.996676, 0.00289832, 0.99422, 0.0841507
7742.28, 0.997276, 0.0029001, 0.99395, 0.0873873
7742.29, 0.997212, 0.00289992, 0.99366, 0.0906238
7742.3, 0.996483, 0.00289784, 0.99334, 0.0938604
7742.31, 0.995429, 0.00289495, 0.993, 0.100334
7742.32, 0.994312, 0.00289214, 0.99262, 0.106807
7742.33, 0.993149, 0.00288952, 0.99222, 0.11328
7742.34, 0.991917, 0.00288706, 0.99177, 0.119753
7742.35, 0.990755, 0.0028849, 0.99129, 0.129463
7742.36, 0.98997, 0.00288335, 0.99076, 0.139172
7742.37, 0.989758, 0.00288254, 0.99018, 0.152119
7742.38, 0.98961, 0.00288166, 0.98954, 0.161828
7742.39, 0.988749, 0.0028795, 0.98882, 0.178011
7742.4, 0.986854, 0.00287558, 0.98804, 0.190957
7742.41, 0.984521, 0.0028709, 0.98716, 0.20714
7742.42, 0.982424, 0.00286653, 0.98617, 0.229796
7742.43, 0.980682, 0.00286272, 0.98507, 0.252452
7742.44, 0.979, 0.0028591, 0.98381, 0.278345
7742.45, 0.97714, 0.00285528, 0.98238, 0.313947
7742.46, 0.975115, 0.00285102, 0.98072, 0.356022
7742.47, 0.973007, 0.00284611, 0.9788, 0.411044
7742.48, 0.970789, 0.00284054, 0.97653, 0.479012
7742.49, 0.968283, 0.0028345, 0.97384, 0.566399
7742.5, 0.965311, 0.00282818, 0.9706, 0.679679
7742.51, 0.961806, 0.00282115, 0.96669, 0.815615
7742.52, 0.957759, 0.00281268, 0.96195, 0.983916
7742.53, 0.953119, 0.0028023, 0.9562, 1.18458
7742.54, 0.947713, 0.00279023, 0.94927, 1.41438
7742.55, 0.941351, 0.00277677, 0.94096, 1.6733
7742.56, 0.933902, 0.00276162, 0.93114, 1.95812
7742.57, 0.925303, 0.00274384, 0.91969, 2.26236
7742.58, 0.915445, 0.00272252, 0.90656, 2.57954
7742.59, 0.903966, 0.00269704, 0.89179, 2.9032
7742.6, 0.890411, 0.00266692, 0.87551, 3.23009
7742.61, 0.874493, 0.0026319, 0.85796, 3.55051
7742.62, 0.85625, 0.00259221, 0.83945, 3.85475
7742.63, 0.835787, 0.00254817, 0.82041, 4.13957
7742.64, 0.8136, 0.00250049, 0.80135, 4.39849
7742.65, 0.790463, 0.00245023, 0.78283, 4.61858
7742.66, 0.767244, 0.00239885, 0.76542, 4.8063
7742.67, 0.745155, 0.00234955, 0.74973, 4.94871
7742.68, 0.725488, 0.00230589, 0.73632, 5.04904
7742.69, 0.709347, 0.00227053, 0.7257, 5.09435
7742.7, 0.697591, 0.00224486, 0.71829, 5.09112
7742.71, 0.69102, 0.00223016, 0.71437, 5.03286
7742.72, 0.690107, 0.00222772, 0.7141, 4.92282
7742.73, 0.695167, 0.00223881, 0.71746, 4.76746
7742.74, 0.706094, 0.00226345, 0.72431, 4.56356
7742.75, 0.721689, 0.0022985, 0.73435, 4.32082
7742.76, 0.740583, 0.00234031, 0.74715, 4.04571
7742.77, 0.761579, 0.00238608, 0.76223, 3.74794
7742.78, 0.783636, 0.00243383, 0.77902, 3.43076
7742.79, 0.80576, 0.00248164, 0.79695, 3.10387
7742.8, 0.827173, 0.00252788, 0.81546, 2.78345
7742.81, 0.84717, 0.00257101, 0.83401, 2.4695
7742.82, 0.865262, 0.00261005, 0.85213, 2.1685
7742.83, 0.881343, 0.00264495, 0.86943, 1.88692
7742.84, 0.89537, 0.00267579, 0.8856, 1.62476
7742.85, 0.907579, 0.00270276, 0.9004, 1.39172
7742.86, 0.918388, 0.00272616, 0.91371, 1.18135
7742.87, 0.928072, 0.00274622, 0.92547, 1.0001
7742.88, 0.936385, 0.00276313, 0.93571, 0.841507
7742.89, 0.942986, 0.00277705, 0.94449, 0.712044
7742.9, 0.948089, 0.00278855, 0.95193, 0.602001
7742.91, 0.952593, 0.00279874, 0.95819, 0.517851
7742.92, 0.957307, 0.00280861, 0.96342, 0.44341
7742.93, 0.962074, 0.002818, 0.96778, 0.388388
7742.94, 0.966311, 0.00282624, 0.97141, 0.346313
7742.95, 0.96968, 0.002833, 0.97444, 0.307474
7742.96, 0.972424, 0.00283868, 0.97699, 0.281581
7742.97, 0.974861, 0.00284376, 0.97914, 0.258925
7742.98, 0.977128, 0.00284848, 0.98098, 0.239506
7742.99, 0.979207, 0.00285279, 0.98257, 0.220086
7743, 0.981073, 0.00285668, 0.98394, 0.203904
7743.01, 0.982672, 0.00286008, 0.98515, 0.190957
7743.02, 0.983945, 0.00286294, 0.9862, 0.178011
7743.03, 0.984955, 0.00286532, 0.98712, 0.168301
7743.04, 0.985962, 0.00286748, 0.98792, 0.155355
7743.05, 0.987207, 0.00286967, 0.98861, 0.145645
7743.06, 0.988585, 0.00287198, 0.98918, 0.135936
7743.07, 0.989788, 0.00287436, 0.98964, 0.126226
7743.08, 0.990611, 0.00287668, 0.98998, 0.116516
7743.09, 0.991168, 0.00287854, 0.9902, 0.110043
7743.1, 0.991626, 0.00287948, 0.9903, 0.10357
7743.11, 0.992025, 0.00287952, 0.99027, 0.097097
7743.12, 0.992261, 0.00287921, 0.99014, 0.0938604
7743.13, 0.992262, 0.00287906, 0.98991, 0.0873873
7743.14, 0.992184, 0.00287909, 0.98961, 0.0841507
7743.15, 0.992273, 0.00287919, 0.98927, 0.0776776
7743.16, 0.992557, 0.00287915, 0.98892, 0.074441
7743.17, 0.992635, 0.00287859, 0.98859, 0.0712044
7743.18, 0.992102, 0.00287721, 0.98833, 0.0647313
7743.19, 0.991234, 0.00287563, 0.98817, 0.0582582
7743.2, 0.990808, 0.00287515, 0.98813, 0.0550216
7743.21, 0.991313, 0.00287649, 0.98825, 0.0517851
7743.22, 0.992069, 0.00287805, 0.98854, 0.0453119
7743.23, 0.992123, 0.00287768, 0.98904, 0.0388388
7743.24, 0.991394, 0.00287539, 0.98975, 0.0291291
7743.25, 0.990982, 0.00287401, 0.99068, 0.0258925
7743.26, 0.9919, 0.00287615, 1, 0
7743.27, 0.993791, 0.00288068, 1, 0
7743.28, 0.99563, 0.00288466, 1, 0
7743.29, 0.996757, 0.0028863, 1, 0
7743.3, 0.99746, 0.00288685, 1, 0
7743.31, 0.998162, 0.00288798, 1, 0
7743.32, 0.999026, 0.00289021, 1, 0
7743.33, 0.999978, 0.00289302, 1, 0
7743.34, 1.00086, 0.00289538, 1, 0
7743.35, 1.00174, 0.00289769, 1, 0
