wav, obs, sigma_obs, syn, weight
7745.11, 0.998059, 0.00287412, 1, 0
7745.12, 0.998317, 0.00287451, 1, 0
7745.13, 0.998628, 0.0028751, 1, 0
7745.14, 0.998966, 0.00287578, 1, 0
7745.15, 0.999135, 0.00287584, 1, 0
7745.16, 0.999033, 0.00287491, 1, 0
7745.17, 0.998684, 0.00287324, 1, 0
7745.18, 0.998171, 0.00287134, 1, 0
7745.19, 0.997619, 0.00286972, 1, 0
7745.2, 0.997242, 0.0028688, 1, 0
7745.21, 0.997249, 0.00286897, 0.99271, 0.0181633
7745.22, 0.997576, 0.0028699, 0.99362, 0.0247681
7745.23, 0.997949, 0.00287073, 0.99446, 0.0313729
7745.24, 0.998161, 0.00287087, 0.99516, 0.039629
7745.25, 0.998289, 0.00287071, 0.99572, 0.047885
7745.26, 0.998473, 0.00287087, 0.99615, 0.0594435
7745.27, 0.9987, 0.00287142, 0.99645, 0.0710019
7745.28, 0.998761, 0.00287175, 0.99665, 0.0891652
7745.29, 0.99848, 0.0028713, 0.99678, 0.112282
7745.3, 0.998014, 0.00287036, 0.99685, 0.145306
7745.31, 0.997661, 0.00286962, 0.99685, 0.19154
7745.32, 0.997587, 0.00286946, 0.99679, 0.252635
7745.33, 0.99767, 0.00286964, 0.99663, 0.333544
7745.34, 0.997743, 0.00286982, 0.99632, 0.439221
7745.35, 0.997564, 0.00286943, 0.9958, 0.569667
7745.36, 0.996828, 0.00286769, 0.99496, 0.728183
7745.37, 0.995322, 0.00286408, 0.99368, 0.91642
7745.38, 0.993174, 0.00285904, 0.99183, 1.12943
7745.39, 0.990588, 0.00285322, 0.98924, 1.3672
7745.4, 0.987534, 0.00284662, 0.98578, 1.62479
7745.41, 0.983688, 0.0028384, 0.98131, 1.89394
7745.42, 0.978746, 0.00282779, 0.9758, 2.16804
7745.43, 0.972648, 0.00281461, 0.96926, 2.43718
7745.44, 0.965442, 0.00279894, 0.96185, 2.69642
7745.45, 0.957309, 0.00278121, 0.95384, 2.9342
7745.46, 0.948712, 0.00276254, 0.94562, 3.14885
7745.47, 0.940162, 0.00274417, 0.93767, 3.33214
7745.48, 0.93233, 0.00272752, 0.93054, 3.48075
7745.49, 0.926001, 0.00271414, 0.92476, 3.59303
7745.5, 0.921852, 0.00270538, 0.92078, 3.66568
7745.51, 0.920153, 0.00270187, 0.91894, 3.69871
7745.52, 0.921067, 0.00270402, 0.9194, 3.69045
7745.53, 0.924398, 0.00271135, 0.92211, 3.64256
7745.54, 0.929511, 0.00272233, 0.92685, 3.5534
7745.55, 0.935804, 0.00273552, 0.93322, 3.42791
7745.56, 0.94307, 0.0027506, 0.94073, 3.26609
7745.57, 0.951256, 0.0027677, 0.94884, 3.0696
7745.58, 0.960006, 0.00278618, 0.95703, 2.84503
7745.59, 0.968336, 0.00280386, 0.96484, 2.5957
7745.6, 0.975249, 0.00281849, 0.97192, 2.33151
7745.61, 0.980534, 0.0028296, 0.97807, 2.05906
7745.62, 0.984528, 0.00283796, 0.98319, 1.78661
7745.63, 0.98757, 0.00284433, 0.98728, 1.52076
7745.64, 0.989962, 0.00284931, 0.99043, 1.27143
7745.65, 0.991993, 0.00285348, 0.99277, 1.04191
7745.66, 0.99373, 0.00285697, 0.99446, 0.837162
7745.67, 0.994985, 0.00285945, 0.99565, 0.662134
7745.68, 0.995618, 0.00286067, 0.99647, 0.515177
7745.69, 0.99587, 0.00286122, 0.99703, 0.392987
7745.7, 0.99613, 0.00286197, 0.99741, 0.298869
7745.71, 0.996589, 0.00286328, 0.99767, 0.226215
7745.72, 0.997053, 0.00286448, 0.99785, 0.170074
7745.73, 0.997302, 0.00286483, 0.99799, 0.130445
7745.74, 0.997327, 0.00286437, 0.99809, 0.102375
7745.75, 0.997256, 0.00286368, 0.99816, 0.0809092
7745.76, 0.997217, 0.00286324, 0.99822, 0.0660483
7745.77, 0.997337, 0.00286335, 0.99826, 0.0528387
7745.78, 0.99773, 0.00286424, 0.99828, 0.0412802
7745.79, 0.998317, 0.00286562, 0.9983, 0.0346754
7745.8, 0.998802, 0.00286666, 0.99832, 0.0264193
7745.81, 0.998935, 0.00286668, 0.99833, 0.0198145
7745.82, 0.998785, 0.00286608, 1, 0
7745.83, 0.998538, 0.00286567, 1, 0
7745.84, 0.998299, 0.00286576, 1, 0
7745.85, 0.998033, 0.00286581, 1, 0
7745.86, 0.997696, 0.00286525, 1, 0
7745.87, 0.997291, 0.00286406, 1, 0
7745.88, 0.996858, 0.00286261, 1, 0
7745.89, 0.996457, 0.00286145, 1, 0
7745.9, 0.996056, 0.00286029, 1, 0
7745.91, 0.995654, 0.00285913, 1, 0
