wav, obs, sigma_obs, syn, weight
7802.11, 1.00004, 0.00386486, 1, 0
7802.12, 0.999498, 0.00386486, 1, 0
7802.13, 0.998798, 0.00386477, 1, 0
7802.14, 0.998351, 0.00386483, 1, 0
7802.15, 0.998392, 0.00386512, 1, 0
7802.16, 0.998466, 0.003865, 1, 0
7802.17, 0.998026, 0.0038639, 1, 0
7802.18, 0.99769, 0.00386356, 1, 0
7802.19, 0.998358, 0.00386618, 0.99934, 0.0109923
7802.2, 0.99919, 0.00386946, 0.99933, 0.0192366
7802.21, 0.998787, 0.00386964, 0.99934, 0.0302289
7802.22, 0.998061, 0.00386867, 0.99935, 0.0439693
7802.23, 0.998853, 0.00387083, 0.99936, 0.0549616
7802.24, 1.00027, 0.00387433, 0.99935, 0.068702
7802.25, 1.00012, 0.00387446, 0.99933, 0.0879386
7802.26, 0.999027, 0.00387282, 0.99929, 0.107175
7802.27, 0.999213, 0.00387449, 0.99922, 0.137404
7802.28, 1.00028, 0.00387814, 0.99912, 0.181373
7802.29, 1.00018, 0.00387848, 0.99896, 0.241831
7802.3, 0.998993, 0.00387581, 0.99871, 0.324273
7802.31, 0.998313, 0.0038744, 0.99834, 0.436945
7802.32, 0.998288, 0.00387479, 0.99778, 0.577097
7802.33, 0.997926, 0.00387448, 0.99695, 0.750226
7802.34, 0.996889, 0.0038724, 0.99574, 0.950836
7802.35, 0.99544, 0.00386889, 0.99404, 1.18167
7802.36, 0.993566, 0.003864, 0.99173, 1.43175
7802.37, 0.990983, 0.00385748, 0.98872, 1.70106
7802.38, 0.98755, 0.0038488, 0.98495, 1.97037
7802.39, 0.98329, 0.00383716, 0.98042, 2.23969
7802.4, 0.978261, 0.00382246, 0.97525, 2.49251
7802.41, 0.972551, 0.00380538, 0.96962, 2.7261
7802.42, 0.966323, 0.00378701, 0.96382, 2.9322
7802.43, 0.959837, 0.00376879, 0.95821, 3.10258
7802.44, 0.953669, 0.00375239, 0.95316, 3.24273
7802.45, 0.948803, 0.00373976, 0.94907, 3.34441
7802.46, 0.945808, 0.00373206, 0.94625, 3.41037
7802.47, 0.944609, 0.00372941, 0.94496, 3.4406
7802.48, 0.94519, 0.00373187, 0.94528, 3.4351
7802.49, 0.947704, 0.00373957, 0.94721, 3.39113
7802.5, 0.951919, 0.0037519, 0.95057, 3.30869
7802.51, 0.956916, 0.00376692, 0.95509, 3.19327
7802.52, 0.96209, 0.00378308, 0.96041, 3.03938
7802.53, 0.967539, 0.00379975, 0.96615, 2.85251
7802.54, 0.973216, 0.0038163, 0.97192, 2.63816
7802.55, 0.978619, 0.00383195, 0.97739, 2.39358
7802.56, 0.983336, 0.00384596, 0.98232, 2.13526
7802.57, 0.98726, 0.00385776, 0.98656, 1.8632
7802.58, 0.990326, 0.00386698, 0.99002, 1.59389
7802.59, 0.992466, 0.00387371, 0.99275, 1.33282
7802.6, 0.993793, 0.00387842, 0.9948, 1.08824
7802.61, 0.994885, 0.00388235, 0.99629, 0.868393
7802.62, 0.996135, 0.0038864, 0.99734, 0.676028
7802.63, 0.997218, 0.0038902, 0.99806, 0.516639
7802.64, 0.997869, 0.00389333, 0.99854, 0.387479
7802.65, 0.9984, 0.00389605, 0.99887, 0.2858
7802.66, 0.999073, 0.00389849, 0.99908, 0.211602
7802.67, 0.999623, 0.00389992, 0.99923, 0.156641
7802.68, 0.999795, 0.00389991, 0.99934, 0.115419
7802.69, 0.99977, 0.0038999, 0.99942, 0.0879386
7802.7, 0.99977, 0.00390119, 0.99948, 0.0632058
7802.71, 0.999816, 0.00390287, 0.99953, 0.0467174
7802.72, 0.999867, 0.00390377, 0.99957, 0.032977
7802.73, 0.999843, 0.00390391, 0.99961, 0.0247327
7802.74, 0.999735, 0.00390379, 0.99964, 0.0137404
7802.75, 0.999897, 0.00390473, 0.99967, 0.00824424
7802.76, 1.00059, 0.00390762, 1, 0
7802.77, 1.00107, 0.00390986, 1, 0
7802.78, 1.00052, 0.00390865, 1, 0
7802.79, 0.999571, 0.00390613, 1, 0
7802.8, 0.999179, 0.00390554, 1, 0
7802.81, 0.999286, 0.00390666, 1, 0
7802.82, 0.999258, 0.00390732, 1, 0
7802.83, 0.999182, 0.00390781, 1, 0
