wav, obs, sigma_obs, syn, weight
7831.5, 1.00086, 0.0030582, 1, 0
7831.51, 1.00039, 0.00305703, 1, 0
7831.52, 0.999805, 0.0030555, 1, 0
7831.53, 0.999377, 0.00305445, 1, 0
7831.54, 0.999234, 0.0030543, 1, 0
7831.55, 0.999332, 0.00305488, 1, 0
7831.56, 0.999395, 0.0030553, 1, 0
7831.57, 0.999147, 0.00305468, 1, 0
7831.58, 0.998541, 0.00305292, 1, 0
7831.59, 0.997675, 0.00305043, 1, 0
7831.6, 0.996672, 0.00304768, 0.99568, 0.0771274
7831.61, 0.995747, 0.00304532, 0.99513, 0.0985958
7831.62, 0.995149, 0.00304405, 0.99466, 0.119269
7831.63, 0.994966, 0.00304407, 0.99426, 0.140738
7831.64, 0.994901, 0.00304435, 0.99392, 0.15823
7831.65, 0.994612, 0.0030437, 0.99362, 0.174133
7831.66, 0.994041, 0.00304201, 0.99334, 0.188445
7831.67, 0.993465, 0.00304042, 0.99306, 0.199577
7831.68, 0.993148, 0.00303998, 0.99277, 0.210709
7831.69, 0.993016, 0.00304032, 0.99248, 0.22025
7831.7, 0.992793, 0.00304017, 0.99216, 0.231382
7831.71, 0.992245, 0.00303853, 0.99182, 0.240924
7831.72, 0.991336, 0.0030357, 0.99146, 0.252851
7831.73, 0.990085, 0.00303234, 0.99106, 0.263982
7831.74, 0.988568, 0.00302894, 0.99064, 0.2775
7831.75, 0.986977, 0.00302565, 0.99018, 0.291017
7831.76, 0.985515, 0.00302258, 0.98969, 0.306124
7831.77, 0.98424, 0.00301967, 0.98916, 0.321232
7831.78, 0.98306, 0.00301675, 0.98858, 0.338724
7831.79, 0.981885, 0.00301365, 0.98796, 0.357012
7831.8, 0.980723, 0.00301058, 0.98729, 0.377686
7831.81, 0.979637, 0.0030079, 0.98657, 0.399154
7831.82, 0.978664, 0.00300587, 0.98578, 0.422213
7831.83, 0.977753, 0.00300417, 0.98493, 0.447657
7831.84, 0.976831, 0.00300236, 0.984, 0.475486
7831.85, 0.975822, 0.00300012, 0.98299, 0.506496
7831.86, 0.974645, 0.00299735, 0.98187, 0.539892
7831.87, 0.973217, 0.00299396, 0.98064, 0.578058
7831.88, 0.971471, 0.00298985, 0.97927, 0.6202
7831.89, 0.969348, 0.00298491, 0.97774, 0.667112
7831.9, 0.966809, 0.00297904, 0.97602, 0.721181
7831.91, 0.963918, 0.0029724, 0.97405, 0.781611
7831.92, 0.960791, 0.00296525, 0.97179, 0.850787
7831.93, 0.957496, 0.00295773, 0.96914, 0.928709
7831.94, 0.953938, 0.00294959, 0.96599, 1.01776
7831.95, 0.949984, 0.00294049, 0.9622, 1.11715
7831.96, 0.945482, 0.00293009, 0.95756, 1.22847
7831.97, 0.940244, 0.00291798, 0.95184, 1.34854
7831.98, 0.934085, 0.0029038, 0.94478, 1.47655
7831.99, 0.926866, 0.00288728, 0.93606, 1.60934
7832, 0.91849, 0.00286823, 0.92539, 1.74292
7832.01, 0.908854, 0.00284647, 0.9125, 1.87412
7832.02, 0.897827, 0.00282165, 0.89716, 1.99975
7832.03, 0.885261, 0.00279338, 0.87925, 2.11583
7832.04, 0.870999, 0.00276121, 0.85877, 2.22079
7832.05, 0.854842, 0.00272458, 0.83581, 2.31223
7832.06, 0.836584, 0.00268288, 0.81061, 2.39095
7832.07, 0.816011, 0.00263558, 0.78351, 2.45615
7832.08, 0.79289, 0.00258221, 0.75494, 2.50783
7832.09, 0.767008, 0.00252234, 0.7254, 2.54679
7832.1, 0.738405, 0.00245602, 0.69546, 2.57542
7832.11, 0.707304, 0.00238357, 0.66575, 2.59371
7832.12, 0.674035, 0.00230563, 0.6369, 2.60563
7832.13, 0.63951, 0.00222427, 0.6096, 2.6112
7832.14, 0.604837, 0.00214207, 0.5845, 2.61279
7832.15, 0.571352, 0.00206213, 0.56226, 2.6112
7832.16, 0.540952, 0.00198895, 0.54351, 2.6104
7832.17, 0.515612, 0.00192718, 0.52878, 2.60881
7832.18, 0.497008, 0.00188112, 0.51852, 2.60722
7832.19, 0.486442, 0.00185457, 0.51305, 2.60643
7832.2, 0.485082, 0.00185098, 0.51255, 2.60643
7832.21, 0.492883, 0.0018702, 0.51703, 2.60643
7832.22, 0.509056, 0.00190989, 0.52635, 2.60802
7832.23, 0.53266, 0.00196736, 0.54021, 2.6104
7832.24, 0.562099, 0.00203842, 0.5582, 2.6112
7832.25, 0.59559, 0.00211847, 0.57978, 2.61279
7832.26, 0.631426, 0.00220326, 0.60435, 2.61199
7832.27, 0.668058, 0.00228928, 0.63127, 2.60802
7832.28, 0.703978, 0.00237318, 0.65985, 2.59768
7832.29, 0.738074, 0.00245244, 0.68944, 2.58098
7832.3, 0.769656, 0.00252542, 0.71937, 2.55395
7832.31, 0.798096, 0.00259065, 0.74903, 2.51658
7832.32, 0.823137, 0.00264761, 0.77783, 2.46728
7832.33, 0.844718, 0.00269633, 0.80525, 2.40526
7832.34, 0.862937, 0.00273717, 0.83085, 2.33052
7832.35, 0.878505, 0.00277194, 0.85427, 2.24067
7832.36, 0.892278, 0.00280274, 0.87525, 2.13889
7832.37, 0.904718, 0.0028307, 0.89366, 2.0244
7832.38, 0.915579, 0.00285517, 0.90949, 1.90036
7832.39, 0.924568, 0.00287537, 0.92285, 1.77075
7832.4, 0.931889, 0.00289171, 0.93392, 1.63637
7832.41, 0.938189, 0.00290572, 0.94298, 1.50359
7832.42, 0.944059, 0.00291876, 0.95033, 1.37478
7832.43, 0.949585, 0.00293104, 0.95625, 1.25312
7832.44, 0.954636, 0.00294228, 0.96103, 1.14101
7832.45, 0.959106, 0.00295222, 0.96492, 1.03923
7832.46, 0.962979, 0.00296078, 0.9681, 0.949383
7832.47, 0.966259, 0.00296791, 0.97072, 0.872255
7832.48, 0.969014, 0.00297378, 0.97291, 0.803874
7832.49, 0.971415, 0.00297885, 0.97474, 0.745035
7832.5, 0.973628, 0.00298362, 0.97627, 0.695737
7832.51, 0.975641, 0.00298798, 0.97755, 0.6528
7832.52, 0.977307, 0.00299146, 0.97859, 0.617019
7832.53, 0.978525, 0.00299371, 0.97944, 0.586009
7832.54, 0.979482, 0.00299531, 0.98011, 0.55977
7832.55, 0.980469, 0.00299715, 0.98062, 0.538301
7832.56, 0.981641, 0.00299972, 0.98099, 0.520014
7832.57, 0.982803, 0.00300248, 0.98125, 0.504111
7832.58, 0.98371, 0.00300469, 0.98143, 0.489799
7832.59, 0.984225, 0.00300593, 0.98156, 0.476282
7832.6, 0.984348, 0.00300609, 0.98166, 0.464355
7832.61, 0.984102, 0.00300512, 0.98176, 0.454018
7832.62, 0.983645, 0.00300347, 0.98189, 0.443681
7832.63, 0.983216, 0.00300193, 0.98207, 0.432549
7832.64, 0.98304, 0.00300117, 0.98232, 0.421418
7832.65, 0.983263, 0.00300158, 0.98264, 0.411081
7832.66, 0.984003, 0.00300341, 0.98305, 0.399949
7832.67, 0.985244, 0.00300649, 0.98355, 0.388817
7832.68, 0.986685, 0.00300967, 0.98414, 0.376095
7832.69, 0.987995, 0.00301175, 0.9848, 0.363373
7832.7, 0.989107, 0.00301283, 0.98553, 0.349856
7832.71, 0.990218, 0.00301435, 0.9863, 0.334749
7832.72, 0.991507, 0.00301759, 0.98711, 0.318846
7832.73, 0.992873, 0.00302177, 0.98793, 0.300558
7832.74, 0.994076, 0.00302509, 0.98876, 0.279885
7832.75, 0.994929, 0.00302629, 0.98959, 0.257621
7832.76, 0.995459, 0.00302619, 0.99041, 0.231382
7832.77, 0.995742, 0.00302607, 0.99125, 0.201962
7832.78, 0.995915, 0.00302673, 0.9921, 0.170952
7832.79, 0.996215, 0.00302819, 0.99299, 0.138352
7832.8, 0.996869, 0.00303034, 0.99393, 0.107342
7832.81, 0.997724, 0.00303261, 1, 0
7832.82, 0.998309, 0.00303401, 1, 0
7832.83, 0.998235, 0.00303376, 1, 0
7832.84, 0.997729, 0.00303238, 1, 0
7832.85, 0.997268, 0.00303095, 1, 0
7832.86, 0.997185, 0.00303023, 1, 0
7832.87, 0.997384, 0.00303005, 1, 0
7832.88, 0.997612, 0.00302993, 1, 0
7832.89, 0.997713, 0.00302956, 1, 0
7832.9, 0.997814, 0.00302919, 1, 0
