wav, obs, sigma_obs, syn, weight
7854.99, 1.00369, 0.00285482, 1, 0
7855, 1.00267, 0.00285351, 1, 0
7855.01, 1.0016, 0.00285188, 1, 0
7855.02, 1.00041, 0.00284964, 1, 0
7855.03, 0.999047, 0.00284666, 1, 0
7855.04, 0.997468, 0.00284298, 1, 0
7855.05, 0.995637, 0.00283874, 1, 0
7855.06, 0.99359, 0.00283427, 1, 0
7855.07, 0.991384, 0.00283, 1, 0
7855.08, 0.989113, 0.00282605, 1, 0
7855.09, 0.986918, 0.00282215, 0.98355, 0.0193774
7855.1, 0.984922, 0.00281806, 0.98204, 0.0245447
7855.11, 0.983139, 0.00281403, 0.98097, 0.0310039
7855.12, 0.981542, 0.00281045, 0.98039, 0.0400467
7855.13, 0.980309, 0.00280791, 0.9803, 0.0490895
7855.14, 0.979934, 0.00280731, 0.98068, 0.0581323
7855.15, 0.980852, 0.00280941, 0.9815, 0.0697588
7855.16, 0.982833, 0.00281367, 0.98268, 0.0865525
7855.17, 0.985337, 0.00281894, 0.98412, 0.108514
7855.18, 0.987926, 0.00282433, 0.98571, 0.138226
7855.19, 0.990367, 0.00282936, 0.98732, 0.179564
7855.2, 0.992457, 0.00283362, 0.98881, 0.236405
7855.21, 0.994073, 0.00283689, 0.99005, 0.310039
7855.22, 0.995139, 0.00283902, 0.9909, 0.406926
7855.23, 0.995628, 0.00283996, 0.99122, 0.527066
7855.24, 0.995624, 0.00283994, 0.99088, 0.675626
7855.25, 0.995199, 0.00283913, 0.98973, 0.850023
7855.26, 0.994034, 0.0028369, 0.98764, 1.05284
7855.27, 0.991538, 0.00283205, 0.98448, 1.27891
7855.28, 0.987362, 0.00282384, 0.98013, 1.52565
7855.29, 0.981895, 0.00281291, 0.97456, 1.78789
7855.3, 0.975625, 0.00280011, 0.96776, 2.05918
7855.31, 0.968396, 0.00278514, 0.95986, 2.33046
7855.32, 0.959501, 0.0027667, 0.95104, 2.5927
7855.33, 0.948589, 0.00274415, 0.94162, 2.84202
7855.34, 0.936673, 0.00271944, 0.93201, 3.07068
7855.35, 0.925062, 0.00269507, 0.9227, 3.27091
7855.36, 0.914545, 0.00267273, 0.91418, 3.44014
7855.37, 0.905379, 0.00265326, 0.90698, 3.5732
7855.38, 0.897917, 0.00263767, 0.90155, 3.66879
7855.39, 0.893067, 0.00262769, 0.89824, 3.72434
7855.4, 0.891876, 0.00262527, 0.89727, 3.74114
7855.41, 0.894607, 0.00263094, 0.89872, 3.7153
7855.42, 0.900557, 0.0026435, 0.90247, 3.652
7855.43, 0.908923, 0.00266148, 0.90829, 3.54736
7855.44, 0.918667, 0.00268255, 0.91579, 3.40655
7855.45, 0.928679, 0.00270407, 0.92452, 3.23086
7855.46, 0.938124, 0.00272415, 0.93395, 3.02417
7855.47, 0.946586, 0.002742, 0.94359, 2.79293
7855.48, 0.953722, 0.00275699, 0.95297, 2.53844
7855.49, 0.959499, 0.00276913, 0.96171, 2.27233
7855.5, 0.964013, 0.00277868, 0.96954, 2.00104
7855.51, 0.967626, 0.00278645, 0.9763, 1.73234
7855.52, 0.971173, 0.00279419, 0.98192, 1.47139
7855.53, 0.975416, 0.00280352, 0.98643, 1.22853
7855.54, 0.980037, 0.00281357, 0.98994, 1.00504
7855.55, 0.984147, 0.00282214, 0.99259, 0.809977
7855.56, 0.98725, 0.00282818, 0.99452, 0.639455
7855.57, 0.989726, 0.00283306, 0.99591, 0.498646
7855.58, 0.992047, 0.00283837, 0.99689, 0.382381
7855.59, 0.994354, 0.00284415, 0.99756, 0.291953
7855.6, 0.996581, 0.00284946, 0.99803, 0.222195
7855.61, 0.998592, 0.00285357, 0.99835, 0.167938
7855.62, 1.00007, 0.00285623, 0.99858, 0.130475
7855.63, 1.00071, 0.00285737, 0.99873, 0.102054
7855.64, 1.00073, 0.00285756, 0.99883, 0.082677
7855.65, 1.00074, 0.00285792, 0.99889, 0.0671751
7855.66, 1.00113, 0.00285904, 0.99889, 0.0568405
7855.67, 1.00144, 0.00285992, 0.99884, 0.0465058
7855.68, 1.00111, 0.00285931, 0.99875, 0.0387549
7855.69, 1.00021, 0.00285742, 0.99861, 0.0322957
7855.7, 0.999378, 0.00285585, 0.99844, 0.0245447
7855.71, 0.999101, 0.00285571, 0.99827, 0.0180856
7855.72, 0.999013, 0.00285602, 1, 0
7855.73, 0.998563, 0.00285533, 1, 0
7855.74, 0.997625, 0.00285333, 1, 0
7855.75, 0.996543, 0.00285096, 1, 0
7855.76, 0.995618, 0.00284905, 1, 0
7855.77, 0.994847, 0.00284757, 1, 0
7855.78, 0.994093, 0.00284615, 1, 0
7855.79, 0.993281, 0.00284456, 1, 0
7855.8, 0.992469, 0.00284297, 1, 0
7855.81, 0.991657, 0.00284138, 1, 0
