wav, obs, sigma_obs, syn, weight
7869.17, 1.00369, 0.00295454, 1, 0
7869.18, 1.00362, 0.00295458, 1, 0
7869.19, 1.00355, 0.00295457, 1, 0
7869.2, 1.0035, 0.00295444, 1, 0
7869.21, 1.00344, 0.00295408, 1, 0
7869.22, 1.00324, 0.00295339, 1, 0
7869.23, 1.00288, 0.00295242, 1, 0
7869.24, 1.00254, 0.00295163, 1, 0
7869.25, 1.00239, 0.00295145, 1, 0
7869.26, 1.00247, 0.00295194, 0.99851, 0.0116501
7869.27, 1.00276, 0.00295291, 0.99849, 0.016643
7869.28, 1.00316, 0.00295399, 0.9985, 0.0233003
7869.29, 1.00347, 0.00295454, 0.99854, 0.0266289
7869.3, 1.00354, 0.00295407, 0.9986, 0.0332861
7869.31, 1.00337, 0.00295301, 0.99867, 0.038279
7869.32, 1.00303, 0.00295205, 0.99874, 0.0449362
7869.33, 1.00269, 0.00295154, 0.99881, 0.054922
7869.34, 1.00256, 0.00295155, 0.99886, 0.0649078
7869.35, 1.00274, 0.00295201, 0.99888, 0.0815509
7869.36, 1.00286, 0.00295247, 0.99887, 0.103187
7869.37, 1.00257, 0.00295244, 0.99882, 0.134809
7869.38, 1.00187, 0.00295162, 0.99871, 0.176416
7869.39, 1.00095, 0.00294979, 0.99852, 0.237995
7869.4, 0.999997, 0.00294717, 0.99823, 0.314553
7869.41, 0.999099, 0.00294463, 0.99777, 0.414412
7869.42, 0.998312, 0.00294286, 0.99707, 0.542563
7869.43, 0.997473, 0.00294134, 0.99602, 0.694015
7869.44, 0.996346, 0.00293918, 0.99449, 0.872095
7869.45, 0.994576, 0.00293552, 0.9923, 1.0768
7869.46, 0.991695, 0.00292953, 0.98925, 1.30315
7869.47, 0.987463, 0.00292074, 0.98515, 1.5478
7869.48, 0.982289, 0.0029097, 0.97982, 1.80577
7869.49, 0.976614, 0.00289703, 0.97318, 2.07206
7869.5, 0.970043, 0.00288217, 0.96522, 2.33502
7869.51, 0.961715, 0.00286389, 0.95607, 2.58966
7869.52, 0.951437, 0.002842, 0.94605, 2.83098
7869.53, 0.940137, 0.00281793, 0.9356, 3.049
7869.54, 0.928798, 0.00279332, 0.9253, 3.2404
7869.55, 0.91813, 0.00276989, 0.91583, 3.39851
7869.56, 0.908756, 0.00274937, 0.90783, 3.52333
7869.57, 0.901352, 0.00273335, 0.90193, 3.60987
7869.58, 0.896645, 0.00272324, 0.89857, 3.65648
7869.59, 0.89521, 0.00272015, 0.89804, 3.6648
7869.6, 0.897146, 0.00272427, 0.90036, 3.63151
7869.61, 0.902422, 0.00273552, 0.90535, 3.55995
7869.62, 0.910552, 0.00275297, 0.91261, 3.4501
7869.63, 0.920778, 0.00277513, 0.92158, 3.30364
7869.64, 0.932119, 0.00279992, 0.93161, 3.1239
7869.65, 0.943215, 0.00282417, 0.94205, 2.9142
7869.66, 0.952914, 0.00284517, 0.95228, 2.68119
7869.67, 0.961422, 0.00286331, 0.96179, 2.43155
7869.68, 0.969385, 0.00288, 0.97024, 2.16859
7869.69, 0.976655, 0.00289512, 0.97743, 1.90396
7869.7, 0.982265, 0.00290707, 0.98328, 1.641
7869.71, 0.985667, 0.00291489, 0.98786, 1.39136
7869.72, 0.987725, 0.00291998, 0.99132, 1.15503
7869.73, 0.989493, 0.00292405, 0.99384, 0.941996
7869.74, 0.991165, 0.0029275, 0.99561, 0.752265
7869.75, 0.992407, 0.00292992, 0.99682, 0.590828
7869.76, 0.992992, 0.00293097, 0.99762, 0.454355
7869.77, 0.992897, 0.00293053, 0.99815, 0.344511
7869.78, 0.992181, 0.00292863, 0.99848, 0.257967
7869.79, 0.991235, 0.00292628, 0.9987, 0.191395
7869.8, 0.990549, 0.00292478, 0.99884, 0.141466
7869.81, 0.990151, 0.00292417, 0.99893, 0.106515
7869.82, 0.989577, 0.0029232, 0.99899, 0.0798866
7869.83, 0.988616, 0.00292119, 0.99903, 0.0599149
7869.84, 0.987907, 0.00291949, 0.99907, 0.0449362
7869.85, 0.988191, 0.00291969, 0.99909, 0.0332861
7869.86, 0.98943, 0.00292192, 0.99911, 0.0249646
7869.87, 0.991104, 0.00292537, 0.99913, 0.0183073
7869.88, 0.992806, 0.00292928, 0.99915, 0.0116501
7869.89, 0.994339, 0.00293299, 1, 0
7869.9, 0.995564, 0.00293595, 1, 0
7869.91, 0.996557, 0.00293831, 1, 0
7869.92, 0.997538, 0.00294064, 1, 0
7869.93, 0.998591, 0.00294316, 1, 0
7869.94, 0.999645, 0.00294568, 1, 0
7869.95, 1.0007, 0.0029482, 1, 0
7869.96, 1.00175, 0.00295071, 1, 0
7869.97, 1.00281, 0.00295323, 1, 0
