wav, obs, sigma_obs, syn, weight
7879.39, 1.00363, 0.00313325, 1, 0
7879.4, 1.00344, 0.00313265, 1, 0
7879.41, 1.00347, 0.00313267, 1, 0
7879.42, 1.00403, 0.00313435, 1, 0
7879.43, 1.00478, 0.00313672, 1, 0
7879.44, 1.00473, 0.00313703, 1, 0
7879.45, 1.0036, 0.00313441, 1, 0
7879.46, 1.00265, 0.00313229, 1, 0
7879.47, 1.00304, 0.00313368, 1, 0
7879.48, 1.00398, 0.00313654, 0.99962, 0.0118507
7879.49, 1.00416, 0.00313734, 0.99959, 0.0207387
7879.5, 1.00356, 0.00313603, 0.99957, 0.0296267
7879.51, 1.00316, 0.00313523, 0.99954, 0.0414774
7879.52, 1.00328, 0.00313579, 0.99951, 0.0533281
7879.53, 1.00299, 0.00313529, 0.99947, 0.0711041
7879.54, 1.00162, 0.00313194, 0.99942, 0.0948055
7879.55, 1.00003, 0.00312805, 0.99936, 0.127395
7879.56, 0.99936, 0.00312671, 0.99927, 0.171835
7879.57, 0.999501, 0.00312762, 0.99915, 0.234051
7879.58, 0.999558, 0.00312835, 0.99896, 0.317006
7879.59, 0.9991, 0.00312769, 0.99869, 0.426625
7879.6, 0.998361, 0.00312612, 0.99829, 0.559945
7879.61, 0.997588, 0.00312423, 0.9977, 0.725854
7879.62, 0.996904, 0.00312255, 0.99687, 0.92139
7879.63, 0.996354, 0.00312141, 0.9957, 1.14655
7879.64, 0.995542, 0.00311984, 0.99415, 1.38949
7879.65, 0.993869, 0.00311624, 0.99213, 1.65021
7879.66, 0.991229, 0.00311027, 0.98961, 1.91981
7879.67, 0.988068, 0.00310306, 0.98659, 2.18941
7879.68, 0.984715, 0.00309546, 0.98313, 2.45013
7879.69, 0.98113, 0.00308743, 0.97934, 2.6901
7879.7, 0.977249, 0.00307887, 0.9754, 2.90342
7879.71, 0.973252, 0.00307008, 0.97152, 3.09303
7879.72, 0.969413, 0.00306151, 0.96794, 3.24709
7879.73, 0.966004, 0.00305382, 0.96492, 3.36559
7879.74, 0.963294, 0.00304785, 0.96269, 3.44559
7879.75, 0.961592, 0.00304437, 0.96141, 3.49003
7879.76, 0.961286, 0.00304398, 0.96119, 3.49891
7879.77, 0.962627, 0.00304702, 0.96205, 3.46929
7879.78, 0.965162, 0.00305263, 0.96392, 3.40411
7879.79, 0.968261, 0.0030597, 0.96665, 3.30041
7879.8, 0.971734, 0.00306789, 0.97002, 3.15821
7879.81, 0.975698, 0.00307747, 0.97381, 2.98341
7879.82, 0.979978, 0.00308789, 0.97775, 2.77898
7879.83, 0.983933, 0.00309742, 0.98162, 2.55086
7879.84, 0.987074, 0.00310476, 0.98521, 2.29607
7879.85, 0.989606, 0.00311067, 0.9884, 2.03239
7879.86, 0.991851, 0.00311625, 0.9911, 1.76279
7879.87, 0.993736, 0.00312116, 0.9933, 1.49615
7879.88, 0.994976, 0.00312427, 0.99501, 1.24136
7879.89, 0.995502, 0.00312534, 0.99629, 1.00731
7879.9, 0.995513, 0.00312518, 0.99721, 0.802884
7879.91, 0.995306, 0.00312473, 0.99785, 0.622161
7879.92, 0.995402, 0.00312502, 0.99829, 0.47699
7879.93, 0.996207, 0.00312684, 0.99858, 0.35552
7879.94, 0.997018, 0.00312886, 0.99876, 0.263678
7879.95, 0.996724, 0.00312895, 0.99889, 0.192574
7879.96, 0.995399, 0.00312701, 0.99898, 0.142208
7879.97, 0.994252, 0.00312485, 0.99905, 0.103693
7879.98, 0.993992, 0.00312367, 0.99911, 0.0799921
7879.99, 0.99416, 0.00312325, 0.99916, 0.0622161
7880, 0.994267, 0.00312323, 0.99921, 0.0444401
7880.01, 0.994429, 0.0031238, 0.99926, 0.0325894
7880.02, 0.994928, 0.00312521, 0.99932, 0.0237014
7880.03, 0.995646, 0.00312711, 0.99937, 0.017776
7880.04, 0.996165, 0.00312863, 0.99943, 0.0118507
7880.05, 0.996357, 0.00312947, 1, 0
7880.06, 0.996571, 0.00313026, 1, 0
7880.07, 0.997074, 0.00313149, 1, 0
7880.08, 0.997662, 0.00313289, 1, 0
7880.09, 0.998042, 0.00313402, 1, 0
7880.1, 0.998196, 0.00313484, 1, 0
7880.11, 0.998317, 0.00313562, 1, 0
7880.12, 0.998507, 0.00313649, 1, 0
7880.13, 0.998697, 0.00313736, 1, 0
