wav, obs, sigma_obs, syn, weight
7940.67, 1.00353, 0.00303146, 1, 0
7940.68, 1.00326, 0.00303099, 1, 0
7940.69, 1.00301, 0.00303057, 1, 0
7940.7, 1.0025, 0.00302947, 1, 0
7940.71, 1.00158, 0.00302733, 1, 0
7940.72, 1.00049, 0.00302479, 1, 0
7940.73, 0.999629, 0.00302298, 1, 0
7940.74, 0.999271, 0.0030226, 1, 0
7940.75, 0.999261, 0.00302293, 1, 0
7940.76, 0.999357, 0.00302297, 1, 0
7940.77, 0.999498, 0.00302251, 0.99929, 0.0112209
7940.78, 0.999902, 0.00302262, 0.99927, 0.0138103
7940.79, 1.00078, 0.00302434, 0.99924, 0.0181261
7940.8, 1.00186, 0.00302707, 0.99921, 0.0224418
7940.81, 1.00256, 0.003029, 0.99917, 0.0276207
7940.82, 1.00242, 0.00302878, 0.99913, 0.0327995
7940.83, 1.00194, 0.00302753, 0.99908, 0.041431
7940.84, 1.00189, 0.00302714, 0.99902, 0.0526519
7940.85, 1.00259, 0.00302845, 0.99895, 0.0699148
7940.86, 1.00336, 0.00302989, 0.99887, 0.094946
7940.87, 1.00339, 0.00302965, 0.99875, 0.129472
7940.88, 1.00254, 0.00302746, 0.99858, 0.178671
7940.89, 1.00136, 0.00302463, 0.99833, 0.245133
7940.9, 1.00037, 0.0030224, 0.99793, 0.332311
7940.91, 0.999455, 0.00302046, 0.99729, 0.443657
7940.92, 0.998244, 0.00301783, 0.99624, 0.580034
7940.93, 0.996375, 0.0030136, 0.99456, 0.742305
7940.94, 0.993593, 0.00300733, 0.99192, 0.929608
7940.95, 0.989662, 0.00299864, 0.98792, 1.14022
7940.96, 0.98421, 0.00298675, 0.98209, 1.3724
7940.97, 0.976661, 0.00297025, 0.9739, 1.62099
7940.98, 0.966443, 0.00294773, 0.9629, 1.88079
7940.99, 0.953197, 0.00291833, 0.94873, 2.14751
7941, 0.936719, 0.0028816, 0.93129, 2.41336
7941.01, 0.9169, 0.00283728, 0.91081, 2.67403
7941.02, 0.894108, 0.0027862, 0.88793, 2.92002
7941.03, 0.868864, 0.00272953, 0.86369, 3.14703
7941.04, 0.842256, 0.00266969, 0.83945, 3.34728
7941.05, 0.816611, 0.0026118, 0.81682, 3.51732
7941.06, 0.794392, 0.00256131, 0.79743, 3.65283
7941.07, 0.777617, 0.00252287, 0.7828, 3.74778
7941.08, 0.767851, 0.00250032, 0.7741, 3.80216
7941.09, 0.766429, 0.00249697, 0.77205, 3.81597
7941.1, 0.77304, 0.00251207, 0.77682, 3.78576
7941.11, 0.786613, 0.00254302, 0.78801, 3.71498
7941.12, 0.805892, 0.00258681, 0.80471, 3.60363
7941.13, 0.829055, 0.00263914, 0.82558, 3.45431
7941.14, 0.85417, 0.00269549, 0.84906, 3.27132
7941.15, 0.879473, 0.00275188, 0.87348, 3.05985
7941.16, 0.903434, 0.00280517, 0.89734, 2.82421
7941.17, 0.924617, 0.00285241, 0.91936, 2.57217
7941.18, 0.942496, 0.00289239, 0.93868, 2.30891
7941.19, 0.957153, 0.00292508, 0.95482, 2.04134
7941.2, 0.96872, 0.00295062, 0.96771, 1.77635
7941.21, 0.977522, 0.00296982, 0.97754, 1.52086
7941.22, 0.983944, 0.00298372, 0.98474, 1.27832
7941.23, 0.988389, 0.00299334, 0.98978, 1.0539
7941.24, 0.991312, 0.00299974, 0.99319, 0.851062
7941.25, 0.993167, 0.00300396, 0.99542, 0.674117
7941.26, 0.994355, 0.00300677, 0.99683, 0.522203
7941.27, 0.995223, 0.00300869, 0.9977, 0.396184
7941.28, 0.99607, 0.00301017, 0.99825, 0.294333
7941.29, 0.99687, 0.00301131, 0.99859, 0.215786
7941.3, 0.997451, 0.00301206, 0.99881, 0.157093
7941.31, 0.997732, 0.00301243, 0.99896, 0.113935
7941.32, 0.997886, 0.00301272, 0.99907, 0.082862
7941.33, 0.998129, 0.00301327, 0.99916, 0.0621465
7941.34, 0.998513, 0.0030141, 0.99923, 0.047473
7941.35, 0.998872, 0.00301485, 0.99928, 0.0371153
7941.36, 0.999041, 0.00301519, 0.99933, 0.0302101
7941.37, 0.999023, 0.00301515, 0.99938, 0.0241681
7941.38, 0.998922, 0.00301501, 0.99941, 0.0207155
7941.39, 0.998817, 0.00301495, 0.99945, 0.0163998
7941.4, 0.998671, 0.00301464, 0.99948, 0.0129472
7941.41, 0.998415, 0.00301365, 0.9995, 0.0094946
7941.42, 0.998087, 0.00301207, 1, 0
7941.43, 0.997917, 0.003011, 1, 0
7941.44, 0.99814, 0.00301156, 1, 0
7941.45, 0.998707, 0.00301359, 1, 0
7941.46, 0.999325, 0.00301576, 1, 0
7941.47, 0.999739, 0.00301695, 1, 0
7941.48, 0.999953, 0.00301718, 1, 0
7941.49, 1.00009, 0.00301707, 1, 0
7941.5, 1.00034, 0.00301744, 1, 0
7941.51, 1.00058, 0.00301782, 1, 0
