wav, obs, sigma_obs, syn, weight
7955.29, 0.998044, 0.00292927, 1, 0
7955.3, 0.997123, 0.00292704, 1, 0
7955.31, 0.996631, 0.00292579, 1, 0
7955.32, 0.996886, 0.00292626, 1, 0
7955.33, 0.997626, 0.00292779, 1, 0
7955.34, 0.998166, 0.00292876, 1, 0
7955.35, 0.998023, 0.00292805, 1, 0
7955.36, 0.997512, 0.0029265, 1, 0
7955.37, 0.997119, 0.00292539, 1, 0
7955.38, 0.99698, 0.00292508, 1, 0
7955.39, 0.996821, 0.00292483, 0.99814, 0.0213728
7955.4, 0.996399, 0.00292397, 0.99814, 0.029006
7955.41, 0.995809, 0.00292268, 0.99817, 0.0366391
7955.42, 0.995278, 0.00292144, 0.99823, 0.0457989
7955.43, 0.994938, 0.00292054, 0.9983, 0.0564854
7955.44, 0.994742, 0.0029199, 0.99837, 0.0671718
7955.45, 0.99464, 0.00291943, 0.99843, 0.0824381
7955.46, 0.99471, 0.00291929, 0.99846, 0.100758
7955.47, 0.995114, 0.00291982, 0.99845, 0.12671
7955.48, 0.995844, 0.00292101, 0.99839, 0.16335
7955.49, 0.996379, 0.00292184, 0.99826, 0.213728
7955.5, 0.996134, 0.00292115, 0.99802, 0.279374
7955.51, 0.995244, 0.00291923, 0.99763, 0.364865
7955.52, 0.994547, 0.00291777, 0.99703, 0.474782
7955.53, 0.994631, 0.00291795, 0.99612, 0.609126
7955.54, 0.994675, 0.00291802, 0.99482, 0.772475
7955.55, 0.993433, 0.00291538, 0.99298, 0.963304
7955.56, 0.990539, 0.00290923, 0.99046, 1.17703
7955.57, 0.986978, 0.00290155, 0.98714, 1.41366
7955.58, 0.983684, 0.00289423, 0.98288, 1.66708
7955.59, 0.980188, 0.00288633, 0.97762, 1.92814
7955.6, 0.975304, 0.00287548, 0.97135, 2.19377
7955.61, 0.968381, 0.00286036, 0.96417, 2.4533
7955.62, 0.960081, 0.00284239, 0.95628, 2.70214
7955.63, 0.951245, 0.00282329, 0.94799, 2.92961
7955.64, 0.942395, 0.00280412, 0.93969, 3.13265
7955.65, 0.933797, 0.00278535, 0.93185, 3.30516
7955.66, 0.925802, 0.00276769, 0.92497, 3.44561
7955.67, 0.91912, 0.00275283, 0.91951, 3.54789
7955.68, 0.914545, 0.00274269, 0.91587, 3.61354
7955.69, 0.912539, 0.00273828, 0.91432, 3.64102
7955.7, 0.913155, 0.00273946, 0.91496, 3.63033
7955.71, 0.916383, 0.00274601, 0.91776, 3.58148
7955.72, 0.921983, 0.00275755, 0.9225, 3.49446
7955.73, 0.929615, 0.00277366, 0.92884, 3.36928
7955.74, 0.938697, 0.0027932, 0.93633, 3.21203
7955.75, 0.948175, 0.00281375, 0.94448, 3.0212
7955.76, 0.956999, 0.00283286, 0.95282, 2.80289
7955.77, 0.96483, 0.00284975, 0.96091, 2.56474
7955.78, 0.971793, 0.0028647, 0.96841, 2.30827
7955.79, 0.97798, 0.00287795, 0.97506, 2.04416
7955.8, 0.983359, 0.00288951, 0.98075, 1.77853
7955.81, 0.987872, 0.00289931, 0.98543, 1.52205
7955.82, 0.991501, 0.00290728, 0.98915, 1.27779
7955.83, 0.994265, 0.0029133, 0.99202, 1.05338
7955.84, 0.996206, 0.00291731, 0.99416, 0.853387
7955.85, 0.997472, 0.00291973, 0.99571, 0.677824
7955.86, 0.998251, 0.00292111, 0.99681, 0.529741
7955.87, 0.998746, 0.00292192, 0.99759, 0.409137
7955.88, 0.999191, 0.00292256, 0.99812, 0.312959
7955.89, 0.999787, 0.00292337, 0.99849, 0.236628
7955.9, 1.00041, 0.00292423, 0.99876, 0.180142
7955.91, 1.00077, 0.00292481, 0.99894, 0.138923
7955.92, 1.00077, 0.00292504, 0.99908, 0.108391
7955.93, 1.00083, 0.00292541, 0.99919, 0.0854913
7955.94, 1.00136, 0.00292647, 0.99927, 0.0686984
7955.95, 1.00217, 0.00292769, 0.99934, 0.0549587
7955.96, 1.0025, 0.00292775, 0.99939, 0.0427457
7955.97, 1.00189, 0.00292585, 0.99944, 0.0351125
7955.98, 1.00096, 0.0029235, 0.99949, 0.0274794
7955.99, 1.00058, 0.00292271, 0.99953, 0.0198462
7956, 1.00098, 0.00292391, 1, 0
7956.01, 1.00161, 0.00292556, 1, 0
7956.02, 1.00198, 0.00292623, 1, 0
7956.03, 1.00204, 0.00292604, 1, 0
7956.04, 1.00199, 0.00292568, 1, 0
7956.05, 1.00195, 0.0029256, 1, 0
7956.06, 1.00191, 0.0029257, 1, 0
7956.07, 1.00187, 0.00292575, 1, 0
7956.08, 1.00183, 0.00292575, 1, 0
7956.09, 1.00179, 0.00292575, 1, 0
