wav, obs, sigma_obs, syn, weight
7996.05, 0.998919, 0.00367436, 1, 0
7996.06, 1.00003, 0.00367751, 1, 0
7996.07, 1.00101, 0.00368033, 1, 0
7996.08, 1.00145, 0.00368183, 1, 0
7996.09, 1.00131, 0.00368188, 1, 0
7996.1, 1.00083, 0.00368098, 1, 0
7996.11, 1.00029, 0.00367983, 1, 0
7996.12, 0.999931, 0.00367931, 1, 0
7996.13, 0.999869, 0.00367981, 0.99866, 0.103448
7996.14, 0.999838, 0.00368031, 0.99844, 0.206897
7996.15, 0.999607, 0.00367985, 0.99827, 0.258621
7996.16, 0.999464, 0.00367929, 0.99815, 0.362069
7996.17, 0.999778, 0.00367985, 0.99806, 0.413793
7996.18, 1.00025, 0.00368099, 0.998, 0.517241
7996.19, 1.00027, 0.00368138, 0.99794, 0.568966
7996.2, 0.999817, 0.00368081, 0.99788, 0.62069
7996.21, 0.999408, 0.00368005, 0.99781, 0.62069
7996.22, 0.999443, 0.00368003, 0.99771, 0.62069
7996.23, 1.00016, 0.00368188, 0.99756, 0.724138
7996.24, 1.00138, 0.0036854, 0.99736, 0.724138
7996.25, 1.00202, 0.00368734, 0.99706, 0.775862
7996.26, 1.00131, 0.00368531, 0.99662, 0.827586
7996.27, 1.00007, 0.00368179, 0.99598, 0.827586
7996.28, 0.99937, 0.00367998, 0.99507, 0.87931
7996.29, 0.999276, 0.00368005, 0.99381, 0.931034
7996.3, 0.999434, 0.00368087, 0.99212, 0.982759
7996.31, 0.999275, 0.00368104, 0.98993, 1.03448
7996.32, 0.998098, 0.00367895, 0.98719, 1.13793
7996.33, 0.995594, 0.00367349, 0.9839, 1.18966
7996.34, 0.991881, 0.00366413, 0.98007, 1.24138
7996.35, 0.987249, 0.00365142, 0.97582, 1.2931
7996.36, 0.982255, 0.00363767, 0.97126, 1.34483
7996.37, 0.977276, 0.00362453, 0.96658, 1.39655
7996.38, 0.972083, 0.00361103, 0.962, 1.44828
7996.39, 0.966506, 0.00359627, 0.95774, 1.5
7996.4, 0.961221, 0.00358205, 0.95402, 1.55172
7996.41, 0.957087, 0.00357075, 0.95104, 1.60345
7996.42, 0.954248, 0.00356303, 0.94895, 1.55172
7996.43, 0.952492, 0.00355864, 0.94787, 1.60345
7996.44, 0.951961, 0.00355793, 0.94786, 1.60345
7996.45, 0.953094, 0.00356176, 0.94891, 1.60345
7996.46, 0.956036, 0.00357026, 0.95096, 1.60345
7996.47, 0.960511, 0.00358257, 0.95391, 1.60345
7996.48, 0.966062, 0.00359751, 0.95759, 1.55172
7996.49, 0.971888, 0.00361334, 0.9618, 1.55172
7996.5, 0.97729, 0.00362846, 0.96633, 1.5
7996.51, 0.982125, 0.00364215, 0.97094, 1.44828
7996.52, 0.986349, 0.00365385, 0.97543, 1.44828
7996.53, 0.989749, 0.0036629, 0.97961, 1.44828
7996.54, 0.992087, 0.00366877, 0.98335, 1.34483
7996.55, 0.993633, 0.0036725, 0.98656, 1.34483
7996.56, 0.994957, 0.0036761, 0.9892, 1.34483
7996.57, 0.995861, 0.00367912, 0.99129, 1.34483
7996.58, 0.995359, 0.0036786, 0.99287, 1.39655
7996.59, 0.993093, 0.0036733, 0.99401, 1.39655
7996.6, 0.98982, 0.00366511, 0.99476, 1.44828
7996.61, 0.986209, 0.00365574, 0.99519, 1.60345
7996.62, 0.982395, 0.00364567, 0.99533, 1.81034
7996.63, 0.978545, 0.0036355, 0.9952, 2.06897
7996.64, 0.975396, 0.00362735, 0.99477, 2.27586
7996.65, 0.973761, 0.00362352, 0.99407, 2.48276
7996.66, 0.973719, 0.00362393, 0.99306, 2.53448
7996.67, 0.974995, 0.00362742, 0.99182, 2.48276
7996.68, 0.97733, 0.00363344, 0.99051, 2.17241
7996.69, 0.980473, 0.00364188, 0.9894, 1.7069
7996.7, 0.983987, 0.00365182, 0.98886, 1.24138
7996.71, 0.987215, 0.00366131, 0.98914, 0.775862
7996.72, 0.989792, 0.00366912, 1, 0
7996.73, 0.991983, 0.00367565, 1, 0
7996.74, 0.993927, 0.00368107, 1, 0
7996.75, 0.995093, 0.00368418, 1, 0
7996.76, 0.994968, 0.0036839, 1, 0
7996.77, 0.993934, 0.00368127, 1, 0
7996.78, 0.993044, 0.00367901, 1, 0
7996.79, 0.992314, 0.00367716, 1, 0
