wav, obs, sigma_obs, syn, weight
8074.73, 1.00624, 0.00301697, 1, 0
8074.74, 1.00634, 0.00301697, 1, 0
8074.75, 1.00643, 0.00301692, 1, 0
8074.76, 1.00651, 0.00301678, 1, 0
8074.77, 1.00663, 0.00301689, 1, 0
8074.78, 1.00681, 0.00301738, 1, 0
8074.79, 1.00695, 0.00301791, 1, 0
8074.8, 1.0069, 0.00301789, 1, 0
8074.81, 1.00661, 0.00301712, 1, 0
8074.82, 1.00623, 0.00301614, 0.99968, 0.00251737
8074.83, 1.00591, 0.00301549, 0.99967, 0.0033565
8074.84, 1.00565, 0.00301514, 0.99965, 0.00503475
8074.85, 1.00538, 0.00301486, 0.99964, 0.00755212
8074.86, 1.00513, 0.00301463, 0.99962, 0.00923037
8074.87, 1.00512, 0.00301484, 0.99961, 0.0125869
8074.88, 1.00553, 0.00301579, 0.99959, 0.0167825
8074.89, 1.00601, 0.0030168, 0.99957, 0.0226564
8074.9, 1.00604, 0.0030168, 0.99954, 0.0327259
8074.91, 1.00547, 0.00301556, 0.99951, 0.0478301
8074.92, 1.00476, 0.00301411, 0.99947, 0.0704865
8074.93, 1.00433, 0.00301337, 0.99942, 0.104051
8074.94, 1.00409, 0.00301313, 0.99936, 0.152721
8074.95, 1.00376, 0.00301274, 0.99927, 0.219012
8074.96, 1.00317, 0.00301176, 0.99912, 0.307959
8074.97, 1.00228, 0.00301013, 0.99886, 0.421241
8074.98, 1.00107, 0.00300774, 0.99841, 0.561375
8074.99, 0.999456, 0.00300438, 0.99759, 0.7292
8075, 0.997373, 0.00299977, 0.99616, 0.921359
8075.01, 0.994488, 0.00299321, 0.99372, 1.13785
8075.02, 0.990176, 0.0029835, 0.98976, 1.37533
8075.03, 0.983785, 0.00296936, 0.98365, 1.6279
8075.04, 0.974644, 0.00294933, 0.97467, 1.89139
8075.05, 0.962086, 0.00292194, 0.96215, 2.15991
8075.06, 0.945792, 0.00288645, 0.94562, 2.42591
8075.07, 0.925833, 0.00284296, 0.92497, 2.68436
8075.08, 0.902347, 0.00279167, 0.90058, 2.92771
8075.09, 0.875669, 0.00273304, 0.87347, 3.14924
8075.1, 0.846251, 0.00266776, 0.84518, 3.34475
8075.11, 0.816078, 0.00260027, 0.8177, 3.50922
8075.12, 0.788694, 0.00253885, 0.79316, 3.63928
8075.13, 0.767251, 0.00249087, 0.77359, 3.73243
8075.14, 0.753135, 0.00245943, 0.76063, 3.78781
8075.15, 0.747283, 0.0024466, 0.75534, 3.80291
8075.16, 0.750097, 0.00245324, 0.75804, 3.77858
8075.17, 0.761491, 0.00247915, 0.76833, 3.71565
8075.18, 0.780848, 0.00252291, 0.78515, 3.61411
8075.19, 0.805804, 0.00257908, 0.8069, 3.47566
8075.2, 0.833646, 0.00264142, 0.83165, 3.30363
8075.21, 0.86196, 0.0027045, 0.85744, 3.10141
8075.22, 0.888579, 0.0027636, 0.88248, 2.87316
8075.23, 0.911746, 0.00281489, 0.90534, 2.62478
8075.24, 0.930928, 0.00285726, 0.92512, 2.36381
8075.25, 0.945851, 0.00289017, 0.94138, 2.09613
8075.26, 0.956725, 0.00291407, 0.95414, 1.82761
8075.27, 0.964117, 0.00293018, 0.9637, 1.56665
8075.28, 0.968619, 0.00293984, 0.97054, 1.31743
8075.29, 0.970882, 0.00294465, 0.9752, 1.08583
8075.3, 0.971561, 0.00294627, 0.97821, 0.875207
8075.31, 0.97129, 0.00294609, 0.98003, 0.688922
8075.32, 0.970684, 0.00294535, 0.98108, 0.528649
8075.33, 0.970238, 0.00294499, 0.98168, 0.395228
8075.34, 0.970164, 0.00294525, 0.9821, 0.286981
8075.35, 0.970617, 0.00294631, 0.98254, 0.203907
8075.36, 0.971577, 0.00294828, 0.98312, 0.140134
8075.37, 0.972931, 0.00295129, 0.98392, 0.0948211
8075.38, 0.97461, 0.00295536, 0.98495, 0.0629344
8075.39, 0.976654, 0.00296026, 0.9862, 0.0419562
8075.4, 0.979079, 0.00296573, 0.98759, 0.0285302
8075.41, 0.98159, 0.00297117, 0.98907, 0.0192999
8075.42, 0.983735, 0.00297584, 0.99056, 0.013426
8075.43, 0.985423, 0.00297967, 0.99198, 0.0100695
8075.44, 0.987214, 0.00298377, 0.9933, 0.00755212
8075.45, 0.989599, 0.00298908, 0.99447, 0.00587387
8075.46, 0.992021, 0.00299438, 0.99547, 0.00419562
8075.47, 0.993461, 0.00299745, 0.99632, 0.00251737
8075.48, 0.993514, 0.00299751, 0.997, 0.00167825
8075.49, 0.992765, 0.00299607, 1, 0
8075.5, 0.991777, 0.00299453, 1, 0
8075.51, 0.990397, 0.00299225, 1, 0
8075.52, 0.988192, 0.00298783, 1, 0
8075.53, 0.985078, 0.0029809, 1, 0
8075.54, 0.981467, 0.00297259, 1, 0
8075.55, 0.978164, 0.00296513, 1, 0
8075.56, 0.974909, 0.00295781, 1, 0
8075.57, 0.971655, 0.00295049, 1, 0
