wav, obs, sigma_obs, syn, weight
8084.55, 0.995531, 0.00319062, 1, 0
8084.56, 0.995983, 0.00319231, 1, 0
8084.57, 0.996383, 0.00319387, 1, 0
8084.58, 0.996848, 0.00319559, 1, 0
8084.59, 0.997428, 0.0031976, 1, 0
8084.6, 0.997913, 0.00319922, 1, 0
8084.61, 0.997897, 0.00319918, 1, 0
8084.62, 0.997299, 0.00319725, 1, 0
8084.63, 0.996762, 0.00319548, 1, 0
8084.64, 0.996875, 0.00319579, 0.99249, 0.0305937
8084.65, 0.99723, 0.0031971, 0.99234, 0.0471309
8084.66, 0.997026, 0.00319709, 0.99213, 0.0669754
8084.67, 0.99623, 0.00319548, 0.99187, 0.0884737
8084.68, 0.995707, 0.00319434, 0.99158, 0.110799
8084.69, 0.996008, 0.00319505, 0.99125, 0.130643
8084.7, 0.996435, 0.00319622, 0.99089, 0.148834
8084.71, 0.996095, 0.003196, 0.9905, 0.163718
8084.72, 0.994987, 0.00319418, 0.99007, 0.176947
8084.73, 0.993682, 0.00319157, 0.98962, 0.187697
8084.74, 0.992682, 0.00318917, 0.98913, 0.198446
8084.75, 0.992354, 0.00318826, 0.9886, 0.209195
8084.76, 0.992847, 0.00318958, 0.98804, 0.221598
8084.77, 0.993207, 0.00319079, 0.98743, 0.234001
8084.78, 0.992172, 0.00318867, 0.98677, 0.24723
8084.79, 0.98997, 0.00318371, 0.98605, 0.262114
8084.8, 0.988283, 0.00317998, 0.98528, 0.278651
8084.81, 0.988026, 0.00317974, 0.98444, 0.296015
8084.82, 0.987836, 0.00317972, 0.98353, 0.31586
8084.83, 0.986168, 0.00317623, 0.98252, 0.337358
8084.84, 0.983336, 0.00317006, 0.98143, 0.362164
8084.85, 0.980624, 0.00316432, 0.98022, 0.38945
8084.86, 0.978701, 0.00316058, 0.97889, 0.421697
8084.87, 0.977327, 0.00315812, 0.97742, 0.456425
8084.88, 0.976143, 0.00315598, 0.97578, 0.498595
8084.89, 0.974583, 0.00315288, 0.97396, 0.548206
8084.9, 0.972063, 0.00314754, 0.97191, 0.606086
8084.91, 0.968588, 0.00313992, 0.96961, 0.674716
8084.92, 0.964627, 0.00313098, 0.967, 0.756575
8084.93, 0.960391, 0.00312119, 0.96403, 0.851663
8084.94, 0.955488, 0.00310991, 0.96062, 0.960808
8084.95, 0.949522, 0.00309642, 0.95664, 1.08236
8084.96, 0.942612, 0.00308086, 0.95191, 1.21548
8084.97, 0.935084, 0.00306367, 0.94617, 1.35687
8084.98, 0.926892, 0.00304463, 0.93905, 1.50157
8084.99, 0.917557, 0.00302271, 0.93002, 1.6471
8085, 0.906755, 0.00299729, 0.91838, 1.78767
8085.01, 0.89479, 0.00296914, 0.90331, 1.92162
8085.02, 0.882023, 0.00293917, 0.88392, 2.04647
8085.03, 0.867986, 0.00290629, 0.85943, 2.15975
8085.04, 0.851692, 0.00286814, 0.82944, 2.26311
8085.05, 0.832513, 0.00282315, 0.79411, 2.35572
8085.06, 0.810474, 0.00277115, 0.75436, 2.43758
8085.07, 0.785672, 0.00271215, 0.71181, 2.51199
8085.08, 0.758254, 0.00264633, 0.66855, 2.57897
8085.09, 0.728392, 0.00257395, 0.62681, 2.64016
8085.1, 0.69641, 0.0024958, 0.58852, 2.69721
8085.11, 0.662775, 0.00241321, 0.55506, 2.75178
8085.12, 0.62839, 0.00232845, 0.52716, 2.80305
8085.13, 0.595282, 0.00224631, 0.50496, 2.85018
8085.14, 0.565634, 0.00217199, 0.48819, 2.89235
8085.15, 0.541395, 0.00211069, 0.47643, 2.92542
8085.16, 0.524387, 0.0020676, 0.46926, 2.94775
8085.17, 0.515986, 0.00204651, 0.46635, 2.95767
8085.18, 0.516959, 0.00204925, 0.46758, 2.95271
8085.19, 0.527647, 0.0020766, 0.47301, 2.93369
8085.2, 0.546867, 0.00212552, 0.48287, 2.90475
8085.21, 0.573056, 0.00219201, 0.49757, 2.86506
8085.22, 0.604647, 0.00227173, 0.51754, 2.81876
8085.23, 0.640078, 0.00236008, 0.54313, 2.76832
8085.24, 0.677681, 0.00245264, 0.5744, 2.7154
8085.25, 0.715587, 0.00254529, 0.61087, 2.65917
8085.26, 0.751993, 0.00263409, 0.65142, 2.59881
8085.27, 0.785635, 0.00271586, 0.69432, 2.53514
8085.28, 0.815487, 0.00278782, 0.73742, 2.46321
8085.29, 0.841238, 0.00284927, 0.77853, 2.38548
8085.3, 0.863338, 0.00290174, 0.81579, 2.29618
8085.31, 0.882253, 0.00294667, 0.84799, 2.19779
8085.32, 0.89838, 0.00298501, 0.87468, 2.08781
8085.33, 0.912086, 0.00301759, 0.89604, 1.96792
8085.34, 0.923514, 0.00304492, 0.91275, 1.8381
8085.35, 0.932683, 0.00306733, 0.92567, 1.70085
8085.36, 0.93966, 0.00308489, 0.93566, 1.55697
8085.37, 0.944586, 0.0030972, 0.94349, 1.41227
8085.38, 0.94773, 0.00310435, 0.94973, 1.26923
8085.39, 0.949912, 0.00310884, 0.95483, 1.13279
8085.4, 0.952064, 0.00311367, 0.95909, 1.00629
8085.41, 0.954375, 0.00311943, 0.96272, 0.892179
8085.42, 0.956435, 0.00312476, 0.96586, 0.791303
8085.43, 0.958112, 0.00312911, 0.9686, 0.704483
8085.44, 0.959934, 0.00313387, 0.97101, 0.631719
8085.45, 0.96243, 0.00314043, 0.97315, 0.569705
8085.46, 0.965535, 0.0031484, 0.97505, 0.517613
8085.47, 0.968929, 0.00315666, 0.97676, 0.472136
8085.48, 0.972227, 0.00316427, 0.97829, 0.4341
8085.49, 0.974969, 0.00317052, 0.97967, 0.401853
8085.5, 0.976784, 0.00317484, 0.98092, 0.372086
8085.51, 0.977603, 0.003177, 0.98206, 0.34728
8085.52, 0.977411, 0.00317685, 0.9831, 0.324128
8085.53, 0.976087, 0.00317399, 0.98405, 0.303457
8085.54, 0.973447, 0.00316788, 0.98492, 0.285266
8085.55, 0.969334, 0.00315821, 0.98571, 0.267902
8085.56, 0.963631, 0.00314495, 0.98645, 0.253018
8085.57, 0.956502, 0.00312868, 0.98712, 0.238962
8085.58, 0.949449, 0.00311263, 0.98775, 0.224905
8085.59, 0.944313, 0.00310074, 0.98833, 0.212502
8085.6, 0.941636, 0.00309432, 0.98887, 0.198446
8085.61, 0.940846, 0.00309252, 0.98937, 0.184389
8085.62, 0.941621, 0.0030948, 0.98984, 0.166198
8085.63, 0.944315, 0.00310168, 0.99028, 0.146354
8085.64, 0.949252, 0.00311359, 0.9907, 0.124029
8085.65, 0.955828, 0.00312917, 0.99108, 0.0992229
8085.66, 0.963031, 0.00314627, 0.99145, 0.0744172
8085.67, 0.969973, 0.00316281, 0.99179, 0.052092
8085.68, 0.975918, 0.00317683, 0.99211, 0.0330743
8085.69, 0.980393, 0.00318711, 1, 0
8085.7, 0.983795, 0.003195, 1, 0
8085.71, 0.986668, 0.00320229, 1, 0
8085.72, 0.989067, 0.0032089, 1, 0
8085.73, 0.990742, 0.00321366, 1, 0
8085.74, 0.991662, 0.00321618, 1, 0
8085.75, 0.992172, 0.00321746, 1, 0
8085.76, 0.992934, 0.0032195, 1, 0
8085.77, 0.993724, 0.00322162, 1, 0
