wav, obs, sigma_obs, syn, weight
8111.77, 0.999006, 0.00408161, 1, 0
8111.78, 0.997232, 0.0040763, 1, 0
8111.79, 0.995335, 0.00407046, 1, 0
8111.8, 0.993547, 0.00406509, 1, 0
8111.81, 0.992214, 0.00406173, 1, 0
8111.82, 0.991154, 0.00405967, 1, 0
8111.83, 0.989786, 0.00405652, 1, 0
8111.84, 0.987784, 0.00405097, 1, 0
8111.85, 0.985144, 0.00404307, 0.9999, 0.00167097
8111.86, 0.982527, 0.00403499, 0.9999, 0.00167097
8111.87, 0.981532, 0.00403194, 0.99989, 0.00334193
8111.88, 0.982706, 0.00403585, 0.99989, 0.00668387
8111.89, 0.984459, 0.004042, 0.99988, 0.00835484
8111.9, 0.985744, 0.00404701, 0.99987, 0.0116968
8111.91, 0.987434, 0.00405264, 0.99985, 0.0183806
8111.92, 0.990215, 0.00406047, 0.99983, 0.0267355
8111.93, 0.993247, 0.00406915, 0.99981, 0.0401032
8111.94, 0.995623, 0.00407705, 0.99979, 0.0584839
8111.95, 0.997434, 0.00408378, 0.99976, 0.0902322
8111.96, 0.99901, 0.00408936, 0.99972, 0.133677
8111.97, 1.00056, 0.00409448, 0.99965, 0.197174
8111.98, 1.00213, 0.00409967, 0.99954, 0.284064
8111.99, 1.00292, 0.00410265, 0.99937, 0.396019
8112, 1.00193, 0.00410041, 0.99906, 0.539722
8112.01, 0.999997, 0.00409519, 0.99856, 0.713503
8112.02, 0.998877, 0.00409187, 0.99773, 0.920703
8112.03, 0.998341, 0.00409005, 0.99641, 1.15297
8112.04, 0.996763, 0.00408555, 0.99439, 1.40863
8112.05, 0.993777, 0.00407753, 0.99144, 1.68099
8112.06, 0.990185, 0.00406818, 0.98733, 1.96172
8112.07, 0.985731, 0.00405643, 0.98184, 2.2391
8112.08, 0.978885, 0.00403733, 0.97491, 2.50812
8112.09, 0.969508, 0.00401025, 0.96658, 2.7571
8112.1, 0.959646, 0.00398129, 0.95715, 2.98268
8112.11, 0.950361, 0.00395382, 0.9471, 3.17651
8112.12, 0.940514, 0.00392497, 0.93712, 3.34026
8112.13, 0.929949, 0.00389446, 0.92804, 3.46726
8112.14, 0.921515, 0.00387004, 0.9207, 3.5625
8112.15, 0.91741, 0.00385774, 0.91583, 3.61764
8112.16, 0.916362, 0.00385439, 0.91394, 3.63937
8112.17, 0.917013, 0.00385659, 0.91525, 3.62433
8112.18, 0.92046, 0.00386773, 0.91962, 3.5742
8112.19, 0.927947, 0.00389137, 0.92657, 3.48898
8112.2, 0.938076, 0.00392286, 0.93542, 3.36867
8112.21, 0.948751, 0.00395545, 0.94532, 3.21327
8112.22, 0.959203, 0.00398708, 0.95543, 3.02445
8112.23, 0.969195, 0.00401752, 0.96505, 2.80388
8112.24, 0.978075, 0.00404468, 0.97362, 2.55825
8112.25, 0.985044, 0.00406575, 0.98083, 2.29424
8112.26, 0.990372, 0.00408182, 0.98657, 2.01853
8112.27, 0.995018, 0.00409647, 0.99091, 1.73781
8112.28, 0.998759, 0.00410876, 0.99404, 1.46377
8112.29, 1.00037, 0.00411397, 0.99618, 1.20477
8112.3, 1.00029, 0.0041134, 0.99759, 0.96749
8112.31, 1.00078, 0.00411504, 0.99847, 0.753606
8112.32, 1.00256, 0.00412141, 0.999, 0.573142
8112.33, 1.00404, 0.00412696, 0.99931, 0.424426
8112.34, 1.00447, 0.00412887, 0.99949, 0.304116
8112.35, 1.00475, 0.00413024, 0.99958, 0.213884
8112.36, 1.0055, 0.00413317, 0.99963, 0.145374
8112.37, 1.00623, 0.00413617, 0.99965, 0.0985871
8112.38, 1.00648, 0.00413777, 0.99965, 0.0651677
8112.39, 1.00622, 0.0041379, 0.99962, 0.0451161
8112.4, 1.00562, 0.00413705, 0.99958, 0.0300774
8112.41, 1.00538, 0.00413685, 0.99951, 0.0200516
8112.42, 1.00605, 0.00413869, 0.99941, 0.0133677
8112.43, 1.00707, 0.00414155, 0.99929, 0.0100258
8112.44, 1.0076, 0.00414375, 0.99914, 0.00668387
8112.45, 1.00744, 0.0041442, 0.99897, 0.0050129
8112.46, 1.00666, 0.00414235, 0.99878, 0.00167097
8112.47, 1.00588, 0.00414017, 0.99861, 0
8112.48, 1.00586, 0.00414056, 1, 0
8112.49, 1.00642, 0.004143, 1, 0
8112.5, 1.00677, 0.00414497, 1, 0
8112.51, 1.00672, 0.00414578, 1, 0
8112.52, 1.00663, 0.00414648, 1, 0
8112.53, 1.00664, 0.00414745, 1, 0
8112.54, 1.00664, 0.00414841, 1, 0
8112.55, 1.00665, 0.00414938, 1, 0
