wav, obs, sigma_obs, syn, weight
8423.73, 1.00082, 0.00359931, 1, 0
8423.74, 1.00161, 0.00360148, 1, 0
8423.75, 1.00226, 0.00360321, 1, 0
8423.76, 1.00245, 0.00360367, 1, 0
8423.77, 1.0022, 0.00360287, 1, 0
8423.78, 1.0018, 0.00360168, 1, 0
8423.79, 1.00154, 0.00360091, 1, 0
8423.8, 1.00138, 0.00360064, 1, 0
8423.81, 1.00125, 0.00360076, 1, 0
8423.82, 1.00116, 0.00360118, 0.99926, 0.00988081
8423.83, 1.00124, 0.00360176, 0.99922, 0.0160563
8423.84, 1.00148, 0.00360224, 0.99918, 0.0234669
8423.85, 1.00157, 0.00360194, 0.99913, 0.0321126
8423.86, 1.00116, 0.00360028, 0.99909, 0.0419934
8423.87, 1.00045, 0.00359791, 0.99903, 0.0531093
8423.88, 0.999873, 0.00359616, 0.99897, 0.0654603
8423.89, 0.999628, 0.00359557, 0.99889, 0.0815166
8423.9, 0.999578, 0.00359559, 0.99879, 0.101278
8423.91, 0.999549, 0.00359559, 0.99868, 0.12845
8423.92, 0.999355, 0.00359511, 0.99853, 0.164268
8423.93, 0.99882, 0.00359376, 0.99835, 0.213672
8423.94, 0.998005, 0.00359163, 0.99809, 0.279133
8423.95, 0.99719, 0.00358929, 0.99774, 0.36312
8423.96, 0.996494, 0.00358704, 0.99724, 0.468103
8423.97, 0.995532, 0.00358442, 0.9965, 0.596554
8423.98, 0.993875, 0.00358085, 0.99542, 0.748471
8423.99, 0.991557, 0.00357589, 0.99383, 0.92509
8424, 0.98888, 0.0035692, 0.99153, 1.12271
8424.01, 0.985852, 0.0035605, 0.98831, 1.33761
8424.02, 0.981965, 0.00354955, 0.98389, 1.56858
8424.03, 0.976717, 0.00353604, 0.97805, 1.80942
8424.04, 0.969921, 0.0035192, 0.97058, 2.05397
8424.05, 0.96151, 0.00349814, 0.96142, 2.29482
8424.06, 0.951607, 0.00347282, 0.95064, 2.52825
8424.07, 0.940538, 0.00344407, 0.9385, 2.74563
8424.08, 0.928645, 0.00341286, 0.92549, 2.94324
8424.09, 0.916297, 0.00338043, 0.91226, 3.11739
8424.1, 0.903916, 0.00334816, 0.89964, 3.26314
8424.11, 0.892541, 0.00331873, 0.88851, 3.378
8424.12, 0.883605, 0.00329563, 0.87972, 3.46322
8424.13, 0.878083, 0.0032812, 0.87396, 3.5151
8424.14, 0.876046, 0.00327554, 0.87174, 3.53486
8424.15, 0.877451, 0.00327849, 0.87323, 3.52127
8424.16, 0.882161, 0.00329019, 0.87831, 3.47557
8424.17, 0.889995, 0.0033108, 0.88654, 3.39776
8424.18, 0.900462, 0.00333894, 0.89727, 3.2866
8424.19, 0.912713, 0.00337143, 0.90966, 3.1458
8424.2, 0.925862, 0.00340524, 0.92282, 2.97783
8424.21, 0.938967, 0.00343832, 0.93593, 2.78392
8424.22, 0.95111, 0.00346888, 0.94828, 2.56901
8424.23, 0.961821, 0.00349606, 0.95934, 2.33805
8424.24, 0.970957, 0.00351963, 0.96881, 2.09844
8424.25, 0.978473, 0.00353947, 0.97656, 1.85389
8424.26, 0.984519, 0.00355561, 0.98264, 1.61304
8424.27, 0.989265, 0.00356813, 0.9872, 1.37837
8424.28, 0.992838, 0.00357736, 0.99045, 1.15729
8424.29, 0.995343, 0.00358374, 0.99261, 0.955968
8424.3, 0.996908, 0.00358767, 0.9939, 0.775643
8424.31, 0.997682, 0.00358954, 0.99447, 0.618785
8424.32, 0.997776, 0.00358963, 0.99447, 0.485395
8424.33, 0.997129, 0.00358783, 0.99399, 0.375471
8424.34, 0.995658, 0.00358395, 0.9931, 0.287778
8424.35, 0.993534, 0.00357843, 0.9919, 0.218613
8424.36, 0.991125, 0.00357217, 0.99046, 0.166739
8424.37, 0.988704, 0.00356584, 0.98889, 0.12845
8424.38, 0.986316, 0.00355956, 0.98731, 0.100043
8424.39, 0.983985, 0.00355344, 0.98585, 0.0790464
8424.4, 0.981844, 0.00354793, 0.98466, 0.0629901
8424.41, 0.980077, 0.00354365, 0.98384, 0.0481689
8424.42, 0.978874, 0.00354099, 0.9835, 0.0382881
8424.43, 0.978427, 0.00354005, 0.98365, 0.0296424
8424.44, 0.978909, 0.00354102, 0.98431, 0.0209967
8424.45, 0.980393, 0.0035446, 0.98542, 0.0148212
8424.46, 0.982907, 0.00355149, 0.98687, 0.0086457
8424.47, 0.986163, 0.00356068, 1, 0
8424.48, 0.989618, 0.00356975, 1, 0
8424.49, 0.992865, 0.00357719, 1, 0
8424.5, 0.995863, 0.0035839, 1, 0
8424.51, 0.99863, 0.003591, 1, 0
8424.52, 1.00124, 0.00359866, 1, 0
8424.53, 1.00381, 0.00360642, 1, 0
8424.54, 1.00645, 0.00361398, 1, 0
8424.55, 1.00908, 0.00362155, 1, 0
