wav, obs, sigma_obs, syn, weight
8481.54, 0.983492, 0.00342848, 1, 0
8481.55, 0.983019, 0.00342606, 1, 0
8481.56, 0.982632, 0.00342411, 1, 0
8481.57, 0.982398, 0.00342297, 1, 0
8481.58, 0.982402, 0.0034229, 1, 0
8481.59, 0.982755, 0.00342396, 1, 0
8481.6, 0.983571, 0.0034262, 1, 0
8481.61, 0.984864, 0.00342952, 1, 0
8481.62, 0.986503, 0.00343359, 1, 0
8481.63, 0.988343, 0.00343807, 1, 0
8481.64, 0.990189, 0.00344255, 1, 0
8481.65, 0.991773, 0.00344653, 0.99949, 0.0174734
8481.66, 0.992828, 0.00344953, 0.99947, 0.0218418
8481.67, 0.993364, 0.00345147, 0.99945, 0.0279575
8481.68, 0.993767, 0.00345283, 0.99944, 0.0349468
8481.69, 0.99444, 0.00345412, 0.99943, 0.0428099
8481.7, 0.995507, 0.00345565, 0.99943, 0.0524203
8481.71, 0.996722, 0.00345745, 0.99942, 0.0646517
8481.72, 0.997822, 0.00345953, 0.99941, 0.0803777
8481.73, 0.998638, 0.00346165, 0.9994, 0.101346
8481.74, 0.999126, 0.00346324, 0.99938, 0.131051
8481.75, 0.99925, 0.00346374, 0.99935, 0.170366
8481.76, 0.999132, 0.00346327, 0.99929, 0.221039
8481.77, 0.999072, 0.00346269, 0.9992, 0.287438
8481.78, 0.999371, 0.00346293, 0.99905, 0.370437
8481.79, 0.999965, 0.00346396, 0.99883, 0.471782
8481.8, 1.00037, 0.00346475, 0.99847, 0.593223
8481.81, 1.00011, 0.00346423, 0.99792, 0.733884
8481.82, 0.999028, 0.00346194, 0.99708, 0.894639
8481.83, 0.997393, 0.0034581, 0.99585, 1.07374
8481.84, 0.995463, 0.00345297, 0.99407, 1.26944
8481.85, 0.993187, 0.00344647, 0.99158, 1.47825
8481.86, 0.990189, 0.00343825, 0.98821, 1.69842
8481.87, 0.986086, 0.00342789, 0.98381, 1.92382
8481.88, 0.980736, 0.00341508, 0.97827, 2.15185
8481.89, 0.974231, 0.00339949, 0.97154, 2.37726
8481.9, 0.966682, 0.00338088, 0.96371, 2.59568
8481.91, 0.958265, 0.00335955, 0.95496, 2.80274
8481.92, 0.949228, 0.00333636, 0.94564, 2.9932
8481.93, 0.939835, 0.00331222, 0.93623, 3.16094
8481.94, 0.930641, 0.00328861, 0.92728, 3.30597
8481.95, 0.922472, 0.00326754, 0.91941, 3.42217
8481.96, 0.916142, 0.00325098, 0.9132, 3.50866
8481.97, 0.912127, 0.00324023, 0.90915, 3.56196
8481.98, 0.910602, 0.00323592, 0.90758, 3.58293
8481.99, 0.91172, 0.00323865, 0.90863, 3.56982
8482, 0.915379, 0.00324808, 0.91221, 3.52264
8482.01, 0.921264, 0.00326307, 0.91802, 3.44401
8482.02, 0.929043, 0.00328248, 0.9256, 3.33393
8482.03, 0.938167, 0.00330493, 0.93438, 3.19502
8482.04, 0.94792, 0.00332886, 0.94375, 3.03077
8482.05, 0.957593, 0.00335275, 0.95312, 2.84555
8482.06, 0.966709, 0.00337543, 0.96201, 2.64286
8482.07, 0.97496, 0.00339604, 0.97004, 2.42618
8482.08, 0.982056, 0.00341372, 0.977, 2.20252
8482.09, 0.98787, 0.00342814, 0.98277, 1.97624
8482.1, 0.992397, 0.00343929, 0.98739, 1.74996
8482.11, 0.995653, 0.00344722, 0.99094, 1.53067
8482.12, 0.997937, 0.00345274, 0.99359, 1.32099
8482.13, 0.999735, 0.00345717, 0.99549, 1.12441
8482.14, 1.0015, 0.00346169, 0.99682, 0.944438
8482.15, 1.00322, 0.00346625, 0.99771, 0.782809
8482.16, 1.00457, 0.00346993, 0.99831, 0.641275
8482.17, 1.00527, 0.0034719, 0.99869, 0.521582
8482.18, 1.00543, 0.00347231, 0.99893, 0.422857
8482.19, 1.00538, 0.00347193, 0.99908, 0.344226
8482.2, 1.00546, 0.00347146, 0.99917, 0.284817
8482.21, 1.00566, 0.00347113, 0.99922, 0.242007
8482.22, 1.00581, 0.00347085, 0.99923, 0.213176
8482.23, 1.00575, 0.00347051, 0.99922, 0.195702
8482.24, 1.00546, 0.00346997, 0.99918, 0.185218
8482.25, 1.00498, 0.00346906, 0.9991, 0.18085
8482.26, 1.00439, 0.00346762, 0.99898, 0.177355
8482.27, 1.00376, 0.00346585, 0.99882, 0.17124
8482.28, 1.00318, 0.00346407, 0.9986, 0.162503
8482.29, 1.00275, 0.00346264, 0.99832, 0.149398
8482.3, 1.0026, 0.00346194, 0.99798, 0.131051
8482.31, 1.00286, 0.00346239, 0.99759, 0.109209
8482.32, 1.00364, 0.00346428, 1, 0
8482.33, 1.00469, 0.00346697, 1, 0
8482.34, 1.00564, 0.0034694, 1, 0
8482.35, 1.00615, 0.00347066, 1, 0
8482.36, 1.0063, 0.0034709, 1, 0
8482.37, 1.00635, 0.00347078, 1, 0
8482.38, 1.00651, 0.00347085, 1, 0
8482.39, 1.00681, 0.0034712, 1, 0
8482.4, 1.00719, 0.00347169, 1, 0
8482.41, 1.0075, 0.00347206, 1, 0
8482.42, 1.00779, 0.0034724, 1, 0
