wav, obs, sigma_obs, syn, weight
8571.39, 0.99044, 0.00504015, 1, 0
8571.4, 0.991167, 0.00504296, 1, 0
8571.41, 0.991824, 0.00504541, 1, 0
8571.42, 0.992189, 0.0050464, 1, 0
8571.43, 0.992501, 0.00504732, 1, 0
8571.44, 0.993358, 0.00505147, 1, 0
8571.45, 0.994649, 0.00505843, 1, 0
8571.46, 0.995423, 0.00506332, 1, 0
8571.47, 0.995567, 0.00506501, 0.99898, 0.00460766
8571.48, 0.99633, 0.00506852, 0.99886, 0.0080634
8571.49, 0.998284, 0.00507625, 0.9988, 0.013823
8571.5, 1.00042, 0.00508435, 0.99877, 0.0218864
8571.51, 1.00182, 0.00508943, 0.99877, 0.0299498
8571.52, 1.0023, 0.00509142, 0.99877, 0.040317
8571.53, 1.00202, 0.00509134, 0.99877, 0.0506842
8571.54, 1.00187, 0.00509227, 0.99874, 0.0633553
8571.55, 1.00262, 0.00509662, 0.99869, 0.0760263
8571.56, 1.00361, 0.00510187, 0.99861, 0.093305
8571.57, 1.00389, 0.00510443, 0.99849, 0.116343
8571.58, 1.00334, 0.00510329, 0.99833, 0.148597
8571.59, 1.00219, 0.0050989, 0.99808, 0.19237
8571.6, 1.00121, 0.00509537, 0.99773, 0.249965
8571.61, 1.00135, 0.00509799, 0.99722, 0.325992
8571.62, 1.00206, 0.00510394, 0.99648, 0.423904
8571.63, 1.00196, 0.00510544, 0.99542, 0.543703
8571.64, 1.00074, 0.00510135, 0.99391, 0.686541
8571.65, 0.99904, 0.00509594, 0.99182, 0.85472
8571.66, 0.996857, 0.00508955, 0.98901, 1.04479
8571.67, 0.993503, 0.00507822, 0.98534, 1.25443
8571.68, 0.988874, 0.00506103, 0.98072, 1.48136
8571.69, 0.98371, 0.00504148, 0.97508, 1.71635
8571.7, 0.978115, 0.00502077, 0.96843, 1.95825
8571.71, 0.970976, 0.00499537, 0.96087, 2.20016
8571.72, 0.961788, 0.0049634, 0.95259, 2.43399
8571.73, 0.95173, 0.00492776, 0.94384, 2.65631
8571.74, 0.941764, 0.00489101, 0.93495, 2.8602
8571.75, 0.931492, 0.00485259, 0.92631, 3.04105
8571.76, 0.920634, 0.00481252, 0.91832, 3.19656
8571.77, 0.910374, 0.0047752, 0.91135, 3.32097
8571.78, 0.902204, 0.00474598, 0.90578, 3.41658
8571.79, 0.897323, 0.00472925, 0.90188, 3.48108
8571.8, 0.896555, 0.00472802, 0.89986, 3.51219
8571.81, 0.898758, 0.00473752, 0.89983, 3.51334
8571.82, 0.902169, 0.00475062, 0.90179, 3.48108
8571.83, 0.907067, 0.0047689, 0.90563, 3.41658
8571.84, 0.914678, 0.00479799, 0.91115, 3.32212
8571.85, 0.923815, 0.004833, 0.91805, 3.19541
8571.86, 0.931699, 0.00486207, 0.926, 3.04105
8571.87, 0.937856, 0.00488358, 0.93459, 2.8602
8571.88, 0.943888, 0.00490509, 0.94343, 2.65516
8571.89, 0.950239, 0.00492916, 0.95215, 2.43399
8571.9, 0.955951, 0.00495224, 0.9604, 2.199
8571.91, 0.960456, 0.00497155, 0.96793, 1.95825
8571.92, 0.963881, 0.00498591, 0.97457, 1.7152
8571.93, 0.966764, 0.00499685, 0.9802, 1.48021
8571.94, 0.970321, 0.00501071, 0.98483, 1.25443
8571.95, 0.975004, 0.00502989, 0.98851, 1.04479
8571.96, 0.979269, 0.00504604, 0.99134, 0.85472
8571.97, 0.981938, 0.00505338, 0.99346, 0.687693
8571.98, 0.983913, 0.0050591, 0.99501, 0.543703
8571.99, 0.986254, 0.00507029, 0.99612, 0.423904
8572, 0.989, 0.00508322, 0.99691, 0.325992
8572.01, 0.991851, 0.00509238, 0.99747, 0.251117
8572.02, 0.994101, 0.00509772, 0.99787, 0.19237
8572.03, 0.995089, 0.00510091, 0.99817, 0.149749
8572.04, 0.995431, 0.00510299, 0.9984, 0.117495
8572.05, 0.996228, 0.005105, 0.99858, 0.093305
8572.06, 0.997936, 0.00511057, 0.99873, 0.0748744
8572.07, 1.00055, 0.00512395, 0.99886, 0.0598995
8572.08, 1.00276, 0.00513766, 0.99896, 0.0472285
8572.09, 1.00249, 0.00513685, 0.99906, 0.0345574
8572.1, 1.00036, 0.00512484, 0.99915, 0.0241902
8572.11, 0.999351, 0.00512083, 0.99925, 0.0161268
8572.12, 1.00007, 0.00512811, 0.99935, 0.00921531
8572.13, 1.00032, 0.00513159, 0.99946, 0.00460766
8572.14, 0.999444, 0.00512643, 1, 0
8572.15, 0.99913, 0.00512383, 1, 0
8572.16, 1.00019, 0.00512948, 1, 0
8572.17, 1.00148, 0.00513686, 1, 0
8572.18, 1.00217, 0.00514089, 1, 0
8572.19, 1.00251, 0.00514308, 1, 0
8572.2, 1.00308, 0.00514646, 1, 0
8572.21, 1.00364, 0.00514983, 1, 0
