wav, obs, sigma_obs, syn, weight
8615.78, 1.00093, 0.00345769, 1, 0
8615.79, 1.00053, 0.00345699, 1, 0
8615.8, 1.00014, 0.00345643, 1, 0
8615.81, 0.999772, 0.00345593, 1, 0
8615.82, 0.999347, 0.00345512, 1, 0
8615.83, 0.998837, 0.00345382, 1, 0
8615.84, 0.998289, 0.00345222, 1, 0
8615.85, 0.997816, 0.00345089, 1, 0
8615.86, 0.997529, 0.00345031, 1, 0
8615.87, 0.997475, 0.00345055, 1, 0
8615.88, 0.997656, 0.00345134, 1, 0
8615.89, 0.998056, 0.00345238, 0.99926, 0.0315363
8615.9, 0.998505, 0.00345329, 0.99919, 0.0402088
8615.91, 0.998755, 0.00345363, 0.99912, 0.0496697
8615.92, 0.998594, 0.00345301, 0.99905, 0.0591306
8615.93, 0.998051, 0.00345158, 0.99897, 0.0685915
8615.94, 0.997251, 0.00344968, 0.99889, 0.0780524
8615.95, 0.996339, 0.00344766, 0.9988, 0.0875133
8615.96, 0.995577, 0.00344609, 0.9987, 0.0977626
8615.97, 0.995256, 0.00344556, 0.99859, 0.108012
8615.98, 0.995515, 0.00344632, 0.99847, 0.120626
8615.99, 0.995962, 0.00344738, 0.99833, 0.135606
8616, 0.996089, 0.00344747, 0.99818, 0.154528
8616.01, 0.995622, 0.00344595, 0.998, 0.177392
8616.02, 0.994877, 0.00344381, 0.99779, 0.206563
8616.03, 0.994269, 0.00344227, 0.99753, 0.243618
8616.04, 0.994, 0.00344188, 0.99721, 0.290923
8616.05, 0.993874, 0.00344183, 0.99679, 0.349265
8616.06, 0.993645, 0.00344117, 0.99623, 0.42101
8616.07, 0.993153, 0.00343947, 0.99546, 0.507735
8616.08, 0.992359, 0.00343702, 0.9944, 0.610228
8616.09, 0.991235, 0.00343418, 0.99294, 0.728489
8616.1, 0.989704, 0.0034308, 0.99094, 0.862518
8616.11, 0.987643, 0.00342614, 0.98822, 1.01153
8616.12, 0.984918, 0.00341944, 0.98461, 1.17394
8616.13, 0.98136, 0.0034102, 0.97992, 1.3466
8616.14, 0.976759, 0.00339815, 0.97395, 1.52951
8616.15, 0.970919, 0.00338306, 0.96657, 1.71794
8616.16, 0.963781, 0.00336486, 0.95768, 1.91268
8616.17, 0.955379, 0.00334363, 0.94728, 2.10978
8616.18, 0.945734, 0.00331941, 0.93545, 2.30609
8616.19, 0.93472, 0.00329184, 0.92242, 2.49925
8616.2, 0.922137, 0.00326038, 0.90852, 2.68532
8616.21, 0.907888, 0.00322473, 0.89419, 2.86271
8616.22, 0.892513, 0.00318616, 0.87998, 3.02591
8616.23, 0.876797, 0.00314653, 0.8665, 3.17255
8616.24, 0.861583, 0.0031079, 0.85438, 3.29791
8616.25, 0.847984, 0.00307327, 0.84423, 3.39804
8616.26, 0.837187, 0.00304586, 0.83659, 3.47057
8616.27, 0.830193, 0.00302833, 0.83189, 3.51472
8616.28, 0.827373, 0.00302142, 0.83039, 3.52734
8616.29, 0.828966, 0.00302542, 0.83218, 3.5092
8616.3, 0.834986, 0.00304025, 0.83716, 3.46032
8616.31, 0.844897, 0.0030648, 0.84505, 3.38227
8616.32, 0.858072, 0.0030978, 0.85543, 3.27741
8616.33, 0.873625, 0.00313713, 0.86773, 3.14732
8616.34, 0.890179, 0.00317899, 0.88135, 2.99753
8616.35, 0.906317, 0.00321948, 0.89565, 2.83117
8616.36, 0.921181, 0.0032564, 0.91002, 2.65063
8616.37, 0.934721, 0.00329001, 0.92393, 2.46141
8616.38, 0.94694, 0.00332075, 0.93693, 2.26588
8616.39, 0.95772, 0.00334832, 0.94869, 2.06799
8616.4, 0.966807, 0.00337169, 0.95901, 1.86932
8616.41, 0.973962, 0.00338983, 0.96781, 1.67458
8616.42, 0.979324, 0.00340305, 0.97509, 1.48457
8616.43, 0.983345, 0.00341274, 0.98095, 1.30166
8616.44, 0.986476, 0.00342026, 0.98555, 1.129
8616.45, 0.989008, 0.00342638, 0.98906, 0.967377
8616.46, 0.991137, 0.00343145, 0.9917, 0.819944
8616.47, 0.99304, 0.00343582, 0.99363, 0.686703
8616.48, 0.994764, 0.00343967, 0.99503, 0.570019
8616.49, 0.996293, 0.00344315, 0.99604, 0.469891
8616.5, 0.997594, 0.00344628, 0.99675, 0.384743
8616.51, 0.998548, 0.00344864, 0.99727, 0.315363
8616.52, 0.999003, 0.00344957, 0.99765, 0.258598
8616.53, 0.998912, 0.00344883, 0.99794, 0.213659
8616.54, 0.998657, 0.00344765, 0.99816, 0.177392
8616.55, 0.998732, 0.00344765, 0.99834, 0.149009
8616.56, 0.999449, 0.00344982, 0.99848, 0.124568
8616.57, 1.00057, 0.00345312, 0.9986, 0.10407
8616.58, 1.00174, 0.0034561, 0.99871, 0.0867249
8616.59, 1.00272, 0.00345793, 0.99881, 0.0709567
8616.6, 1.00346, 0.00345901, 0.9989, 0.055977
8616.61, 1.00396, 0.00345993, 0.99899, 0.0433624
8616.62, 1.00425, 0.003461, 1, 0
8616.63, 1.00447, 0.00346209, 1, 0
8616.64, 1.00476, 0.00346298, 1, 0
8616.65, 1.00514, 0.00346354, 1, 0
8616.66, 1.0055, 0.00346373, 1, 0
8616.67, 1.00572, 0.00346347, 1, 0
8616.68, 1.00578, 0.00346285, 1, 0
8616.69, 1.00573, 0.003462, 1, 0
8616.7, 1.00572, 0.00346122, 1, 0
8616.71, 1.00574, 0.00346052, 1, 0
8616.72, 1.00576, 0.00345983, 1, 0
