wav, obs, sigma_obs, syn, weight
8679.22, 1.00536, 0.00450249, 1, 0
8679.23, 1.00676, 0.00450801, 1, 0
8679.24, 1.00665, 0.00450838, 1, 0
8679.25, 1.00515, 0.00450404, 1, 0
8679.26, 1.00354, 0.0044994, 1, 0
8679.27, 1.00272, 0.00449742, 1, 0
8679.28, 1.00247, 0.004497, 1, 0
8679.29, 1.00245, 0.00449675, 1, 0
8679.3, 1.00265, 0.00449727, 1, 0
8679.31, 1.00314, 0.00449975, 0.99696, 0.00402668
8679.32, 1.00377, 0.00450328, 0.99683, 0.00805337
8679.33, 1.00417, 0.00450538, 0.99676, 0.0140934
8679.34, 1.0042, 0.00450529, 0.99674, 0.0241601
8679.35, 1.00405, 0.00450501, 0.99676, 0.0342268
8679.36, 1.00387, 0.0045059, 0.99681, 0.0442935
8679.37, 1.00349, 0.00450624, 0.99686, 0.0583869
8679.38, 1.00273, 0.00450401, 0.9969, 0.0724803
8679.39, 1.00188, 0.00449999, 0.99693, 0.0926137
8679.4, 1.00145, 0.00449632, 0.99691, 0.1208
8679.41, 1.00148, 0.00449451, 0.99683, 0.155027
8679.42, 1.0016, 0.00449545, 0.99666, 0.201334
8679.43, 1.00142, 0.00449853, 0.99636, 0.265761
8679.44, 1.0007, 0.00450003, 0.99588, 0.344281
8679.45, 0.999246, 0.00449673, 0.99516, 0.442935
8679.46, 0.997222, 0.00448971, 0.99409, 0.563736
8679.47, 0.994868, 0.00448125, 0.99256, 0.706683
8679.48, 0.992295, 0.00447275, 0.99045, 0.869763
8679.49, 0.98952, 0.004465, 0.98758, 1.05499
8679.5, 0.98623, 0.00445653, 0.98381, 1.2523
8679.51, 0.98167, 0.00444288, 0.97899, 1.46571
8679.52, 0.975352, 0.00442138, 0.97302, 1.68315
8679.53, 0.967618, 0.00439512, 0.96585, 1.90462
8679.54, 0.958908, 0.00436757, 0.95753, 2.11804
8679.55, 0.949345, 0.00433834, 0.94823, 2.32541
8679.56, 0.938942, 0.00430565, 0.93823, 2.51668
8679.57, 0.928013, 0.00427007, 0.92791, 2.68781
8679.58, 0.917121, 0.00423416, 0.91776, 2.83881
8679.59, 0.9069, 0.00420057, 0.90834, 2.96565
8679.6, 0.898085, 0.00417192, 0.9002, 3.06632
8679.61, 0.891329, 0.00415042, 0.89387, 3.1388
8679.62, 0.886931, 0.00413657, 0.88978, 3.18712
8679.63, 0.8851, 0.00413058, 0.88822, 3.20725
8679.64, 0.885966, 0.00413352, 0.8893, 3.20121
8679.65, 0.889609, 0.00414684, 0.89294, 3.16699
8679.66, 0.895847, 0.00416958, 0.89891, 3.10659
8679.67, 0.904206, 0.00419819, 0.9068, 3.02001
8679.68, 0.914064, 0.00422987, 0.91609, 2.90727
8679.69, 0.924492, 0.00426373, 0.92623, 2.77036
8679.7, 0.934668, 0.00429898, 0.93664, 2.6113
8679.71, 0.944533, 0.00433384, 0.94683, 2.4301
8679.72, 0.954214, 0.00436623, 0.95637, 2.23481
8679.73, 0.96309, 0.00439426, 0.96495, 2.02945
8679.74, 0.97005, 0.00441618, 0.97237, 1.82006
8679.75, 0.974824, 0.00443197, 0.97858, 1.61269
8679.76, 0.97833, 0.00444398, 0.98358, 1.41135
8679.77, 0.98141, 0.00445449, 0.98747, 1.22612
8679.78, 0.984438, 0.00446501, 0.99038, 1.06103
8679.79, 0.987598, 0.0044765, 0.99246, 0.920097
8679.8, 0.990391, 0.00448721, 0.99385, 0.805337
8679.81, 0.99207, 0.00449439, 0.99465, 0.718763
8679.82, 0.9925, 0.0044975, 0.99494, 0.660376
8679.83, 0.992081, 0.00449789, 0.99479, 0.624136
8679.84, 0.991269, 0.00449677, 0.99421, 0.606016
8679.85, 0.990599, 0.00449495, 0.99324, 0.606016
8679.86, 0.990404, 0.0044931, 0.99188, 0.608029
8679.87, 0.990226, 0.00449138, 0.99019, 0.604002
8679.88, 0.989456, 0.00448967, 0.98821, 0.589909
8679.89, 0.987877, 0.00448628, 0.98604, 0.551656
8679.9, 0.985495, 0.00447886, 0.98379, 0.489242
8679.91, 0.982809, 0.00446889, 0.98161, 0.408708
8679.92, 0.980847, 0.00446208, 0.97968, 0.314081
8679.93, 0.980083, 0.00446117, 0.97817, 0.221468
8679.94, 0.979676, 0.00446193, 0.97728, 0.142947
8679.95, 0.97878, 0.00446005, 0.9772, 0.0845603
8679.96, 0.97738, 0.00445568, 1, 0
8679.97, 0.975713, 0.00445029, 1, 0
8679.98, 0.973891, 0.00444453, 1, 0
8679.99, 0.971944, 0.00443851, 1, 0
8680, 0.969911, 0.00443234, 1, 0
8680.01, 0.96784, 0.00442611, 1, 0
8680.02, 0.9658, 0.00441993, 1, 0
8680.03, 0.96376, 0.00441375, 1, 0
8680.04, 0.961719, 0.00440757, 1, 0
