4508.69 7.31826 2.81266 0.200425
4502.59 7.0372 2.13442 0.439135
4493.37 7.07412 3.2337 0.221008
4509.73 7.27034 2.61723 0.742168
4517.52 6.84168 1.71111 1.01908
4523.4 7.0794 3.38671 0.168163
4492.68 7.07895 4.09127 1.18176
4490.76 6.86 4.62583 1.2709
4531.63 6.97542 2.17542 0.473131
4543.86 6.99057 2.07467 1.02248
4527.78 7.2289 3.3042 0.86122
4541.94 7.147 3.3683 0.940135
4537.67 7.00911 4.67019 6.68027
4556.92 7.01284 3.59575 0.0505036
4536.49 7.75372 8.61096 2.78585
4525.86 6.92132 1.96446 0.241352
4561.2 6.61677 2.05765 2.8755
4607.09 7.00996 3.3026 0.990714
4574.22 6.9172 2.02301 0.102054
4603.34 7.55968 2.19679 68.3593
4612.56 6.88649 4.69508 0.643562
4577.67 7.54914 0.285863 0.366964
4616.6 6.23465 3.93166 6.82454
4561.44 6.59539 2.02969 3.2963
4633.7 6.86718 3.83557 0.277349
4620.13 7.15636 2.0889 0.677547
4631.49 7.00464 2.11572 0.102483
4630.12 6.8654 3.18909 0.966986
4635.85 6.98683 1.95294 1.37385
4624.52 7.30136 0.446285 0.64527
4642.59 7.40782 3.32647 0.259321
4623.58 7.59958 3.8994 1.03424
4638.54 6.78597 2.53501 0.179101
4658.29 7.05729 1.28887 0.123925
4661.32 7.0844 3.76321 2.13374
4650.31 7.12843 3.20249 4.56239
4664.72 6.37982 3.70479 0.616116
4661.54 7.07973 3.64259 0.128492
4663.18 6.95825 3.81318 1.39183
4661.97 6.94336 3.60935 1.53806
4665.26 7.01918 5.26892 1.31946
4685.02 7.01015 2.85679 6.2915
4681.44 6.85627 2.5335 0.265923
4688.18 7.09582 2.68949 15.1139
4705.46 7.05299 3.11793 0.253716
4701.05 6.97021 3.16818 4.70571
4680.84 7.43752 3.62793 50.8588
4675.09 7.13726 3.11876 2.39802
4684.6 7.54182 1.95261 0.810195
4700.19 6.96311 3.90585 1.07494
4767.25 7.02646 3.68321 0.763434
4737.38 7.08333 2.97684 4.77509
4739.63 6.77134 3.32743 0.281958
4720.96 7.09133 1.33796 0.524199
4727 7.36919 2.51629 30.2384
4726.14 6.78677 1.94002 0.75842
4742.55 7.42019 4.32188 0.907095
4735.81 7.07494 3.28327 2.04861
4793.96 7.04414 1.86485 0.52622
4794.35 7.07605 1.8418 0.555826
4779.44 7.1087 2.62582 0.180789
4785.96 7.16366 3.70283 17.8171
4772.8 6.80152 2.02599 3.17615
4780.81 6.99831 2.97385 0.351675
4799.06 7.84637 3.73816 69.9855
4781.74 7.31076 2.51535 0.52891
4809.93 6.9394 3.27655 0.0402748
4813.72 7.12701 4.3146 1.0335
4815.98 6.65042 3.14897 0.161967
4832.04 6.99992 2.82372 1.30575
4822.33 6.73061 3.67481 9.14714
4800.13 6.71306 3.68645 44.2568
4848.88 7.04287 3.5384 0.884647
4877.6 7.17066 1.73936 6.67155
4869.46 7.09871 1.67888 0.8975
4845.61 7.00139 4.47461 1.78437
4874.35 7.12184 1.23193 0.844177
4835.87 7.10581 1.24094 0.220742
4880.52 6.48536 3.17642 1.0142
4962.57 7.03739 1.37445 0.556257
4912.5 7.14865 4.47092 1.53496
4923.16 7.07537 4.21244 0.560921
4905.13 6.71105 1.90234 11.2024
4964.09 7.57877 5.04575 0.184228
5031.91 7.10262 3.67586 6.16644
5008.64 7.11738 2.27608 1.06144
4979.54 7.0417 1.31988 1.28317
5036.92 7.15647 2.97241 3.99678
5007.73 7.00988 4.1118 0.771881
4977.65 7.21288 3.01877 1.43582
4991.87 6.86384 3.12121 1.68572
5060.04 7.04856 2.19661 4.89463
5058.03 7.08404 6.54636 11.0776
5091.72 7.8295 4.78892 8.36446
5054.64 7.13324 3.01219 2.00623
5094.95 7.76052 4.5325 9.41792
5088.15 7.2389 4.03654 0.620787
5086.23 7.15516 1.86724 0.886761
5077.36 8.08768 7.68196 8.29896
5098.1 6.89687 3.09554 2.59779
5213.34 7.02892 1.40022 0.151237
5150.12 8.06827 4.65251 44.1083
5194.07 7.51742 0.475568 29.5716
5108.4 7.7079 1.70978 46.9584
5236.2 7.06125 1.27979 0.724792
5279.66 7.03941 2.92029 0.406555
5241.41 6.95486 3.46069 1.03397
5262.88 6.96063 2.83813 30.4469
5255.66 6.68392 0.387195 17.1298
5257.58 7.45265 1.71584 0.612842
5214.61 7.03175 2.96615 6.68551
5274.21 6.15855 3.11614 1.03118
5231.4 6.79801 4.09238 2.36745
5285.13 7.13394 1.79943 0.210617
5320.04 7.05356 2.17469 0.564422
5290.8 7.12152 3.42275 1.35939
5294.55 7.16621 0.790858 0.350845
5318.73 7.21328 2.07525 0.666053
5293.03 7.2011 0.252759 3.4087
5295.31 7.15635 1.14314 0.131462
5310.46 6.44864 4.34229 0.303554
5386.96 6.97924 1.23877 0.447367
5326.81 7.08395 1.70745 0.190084
5385.58 6.91192 1.57945 0.647738
5376.83 7.1695 0.149853 7.10252
5366.42 6.5045 2.25011 2.10438
5321.11 7.17037 2.14133 0.165882
5331.48 6.74355 3.98785 0.716007
5358.11 7.60762 0.928543 1.39427
5406.34 7.19612 2.62684 32.8501
5401.27 7.18116 1.15158 1.39081
5441.34 7.12955 1.81948 0.781195
5407.38 6.13086 2.8694 3.67048
5406.78 7.23483 2.18338 1.52211
5417.04 7.20092 1.17002 0.380925
5460.87 7.15141 4.49006 2.44398
5450.79 7.37565 2.97413 0.322683
5464.28 7.11221 1.64417 0.586271
5456.57 7.06291 3.79509 0.671949
5452.09 7.12701 3.96873 0.541663
5452.86 6.23149 4.94883 0.971755
5477.77 7.04358 3.10167 2.85213
5508.41 6.88787 2.92264 0.598059
5478.46 6.99777 0.348743 3.87454
5488.14 6.72975 1.19736 5.66763
5520.49 6.92613 2.80355 1.08445
5487.15 7.13011 1.56785 1.35251
5481.9 7.57918 0.458206 2.8117
5491.84 7.16289 1.65063 0.228047
5539.82 7.09524 2.50948 0.544867
5539.28 7.04479 0.767097 0.245863
5546.99 7.03036 1.6569 0.345517
5531.98 7.1489 1.60803 1.9043
5521.29 7.08046 1.64779 1.09881
5546.51 7.16227 1.63763 0.442425
5522.45 7.10624 1.61366 0.402382
5557.9 6.93677 2.27567 1.3254
5561.24 6.94598 2.1604 0.45738
5549.95 7.09958 2.7442 0.235522
5577.03 7.06535 1.09123 0.303078
5608.97 7.11104 2.70405 0.190697
5607.66 7.06015 2.02551 0.262199
5592.65 6.92234 1.46517 1.2087
5611.36 7.09823 1.60686 0.197287
5589.35 6.09185 1.49912 1.49546
5603.74 7.06857 3.7027 0.180541
5636.24 6.89944 2.67812 0.297533
5642.75 7.13928 1.69867 0.828711
5636.7 7.10978 0.858731 0.0737582
5619.6 7.22665 1.99262 0.249218
5620.03 6.40812 1.60644 0.786957
5661.97 7.06407 1.86702 1.38575
5665.64 6.83209 2.52396 3.23181
5652.32 7.19471 2.75341 0.0738392
5651.47 7.2189 2.69247 0.0684373
5659.58 6.65733 2.62691 0.666296
5649.63 6.87315 3.10372 5.36696
5653.87 7.22923 2.15712 0.105324
5649.99 7.18497 2.70826 4.35486
5650.71 7.21051 1.61123 0.374849
5702.35 6.95955 2.39471 0.646508
5677.68 7.06331 1.05796 0.105553
5696.09 7.12132 1.47588 0.279266
5691.5 7.09157 1.55447 0.801107
5707.05 7.13125 2.50969 1.54376
5712.88 6.0939 3.06866 4.71764
5724.45 7.20077 2.18038 4.71697
5704.73 6.90162 3.10381 0.31613
5730.85 7.02645 2.02792 0.382927
5742.96 7.11388 2.6633 8.10526
5732.3 7.14255 1.59589 0.400211
5741.85 7.09526 1.75776 0.543705
5738.23 7.25032 1.74604 0.111489
5739.99 6.54915 2.21851 2.31449
5734.56 6.75109 1.10233 0.759749
5778.45 7.11296 1.52018 0.0851702
5805.76 7.08256 2.02762 0.186827
5773.97 6.20358 2.29389 7.2643
5795.84 6.70807 0.14894 0.902798
5793.92 7.07907 1.98807 0.789437
5791.52 6.68608 2.96774 0.989815
5759.51 7.02188 3.04599 0.428751
5835.42 7.07645 2.49903 11.5879
5811.92 7.09674 1.31017 0.169132
5835.1 7.21477 1.06404 1.14068
5827.84 7.22069 1.39249 0.168006
5815.22 6.79056 2.18567 0.175345
5833.93 6.92358 4.61185 2.88674
5845.29 7.07546 1.55521 0.0891918
5853.15 7.19953 1.55051 0.197086
5837.7 7.08278 1.13427 0.305354
5852.22 7.11114 1.08173 1.02982
5855.08 7.22489 1.56984 0.388889
5856.09 7.07769 1.54229 0.565732
5877.79 7.07185 2.61353 2.28778
5873.21 7.11934 3.28174 1.0916
5861.11 7.11789 2.29358 0.134362
5879.49 7.1419 2.02541 0.16098
5871.3 6.88052 4.28736 0.14004
5978.89 6.99281 2.46583 2.19867
5927.79 7.03438 2.7281 0.925209
5929.68 7.22829 2.48267 0.359041
5915.46 8.06033 0.434048 22.1998
5907.86 6.80587 1.3753 3.8318
5995.91 6.89929 2.7094 0.13644
6018.27 7.30509 2.09137 0.502669
6012.21 7.33699 1.99632 0.498548
6007.96 7.24404 1.00436 0.283796
6005.52 6.47809 1.11725 0.206523
6034.04 7.10865 1.57769 0.0797994
6027.05 7.0251 1.08919 0.340995
6079.01 7.12792 1.50814 0.368856
6035.29 7.10655 1.96891 0.0153746
6085.26 7.09081 0.9911 0.409749
6105.13 7.13296 1.97093 0.220604
6100.24 7.09235 1.83441 0.0793293
6098.24 7.10989 1.89513 0.141157
6094.37 7.34677 1.58608 0.0883348
6093.64 7.17109 1.65957 0.20213
6199.23 7.09483 0.27365 4.54367
6186.72 7.21939 1.66676 0.575957
6188.99 7.85523 0.287681 0.111451
6159.37 7.09282 1.9315 0.167381
6165.36 7.06491 1.45941 0.377941
6226.73 7.10695 1.83095 0.126
6224.08 6.36997 2.17287 4.40042
6220.78 7.16225 2.34302 0.731228
6221.37 7.02758 0.380059 14.6557
6330.85 7.54681 1.35646 0.0928058
6385.72 7.10634 1.48331 0.357198
6364.36 7.16257 1.39895 1.26543
6322.18 6.14152 2.46755 4.15559
6551.68 7.05798 1.31179 0.307751
6436.41 7.09532 1.31352 0.343499
6556.79 7.22148 0.930164 0.0919424
6591.31 7.09289 0.855991 0.17682
6416.93 6.66983 2.26612 0.515845
6599.11 8.08805 0.105187 21.8277
6667.71 7.04509 1.72438 1.98231
6627.54 7.11197 1.87611 0.345098
6646.93 7.08121 1.00739 0.421458
6632.47 7.13115 2.26496 0.165572
6608.03 7.10922 1.34869 0.341598
6653.85 7.12053 1.79719 0.174984
6699.14 7.08665 1.85138 0.0865331
6604.59 7.54928 1.18136 0.264859
6725.36 6.93152 1.81897 0.486787
6713.74 7.21312 1.84395 0.622192
6705.1 6.80697 2.22418 0.517059
6732.07 7.0703 1.08986 0.0922217
6715.34 7.14433 1.3919 0.570664
6733.15 7.15587 1.62398 0.702171
6783.7 6.94626 0.388845 0.344631
6737.99 7.09498 0.95497 1.05614
6777.41 7.16661 1.34264 0.0258569
6745.96 7.05385 1.25684 0.170544
6839.83 7.10123 1.50053 0.576956
6842.68 7.12006 1.95238 0.760297
6837.01 7.091 1.45373 0.495619
6796.05 6.90689 1.1132 2.51234
6798.52 8.08805 0.105187 0.7986
6786.86 7.15789 1.81327 1.24657
6793.24 7.09019 0.803666 0.816348
6898.29 7.12714 2.15559 0.67963
6862.49 7.14633 1.67472 0.584094
6855.71 7.07531 4.96941 7.90214
6881.72 6.75162 1.26656 0.742313
6857.25 7.10149 2.10028 0.730447
7010.35 7.1335 2.39039 10.7713
6971.93 7.21859 2.62261 1.26658
7011.34 6.79312 2.43758 2.28766
7022.39 7.37208 5.58467 3.80763
6932.18 7.90283 2.9862 37.6657
7044.64 7.12857 3.10375 4.50531
7038.77 7.20203 1.89439 0.568551
7072.8 7.47913 3.46686 2.65183
7083.4 7.17998 0.964353 0.376633
7086.73 7.1108 0.962479 0.273119
7095.41 6.99609 0.867063 0.613408
7118.1 7.09093 1.19567 0.368731
7093.08 7.10899 1.88208 1.12504
7120.02 7.21964 1.98957 1.00433
7107.46 7.03797 0.670054 1.83947
7114.55 7.23588 4.30852 4.09159
7162.34 7.03679 1.76506 0.409415
7285.28 7.11117 1.96171 0.838545
7148.73 6.97131 1.65349 44.385
7222.83 6.59103 1.4925 0.758515
7155.63 6.80837 2.23353 5.20728
7212.44 6.85413 1.29064 2.37044
7180 7.52067 1.28343 0.527106
7351.51 7.00242 1.95356 4.41484
7421.56 7.20395 3.20226 8.69695
7381.33 7.18392 3.24504 0.34608
7430.79 7.18924 2.6154 2.20447
7418.67 7.11006 1.29543 0.263928
7464.29 7.07196 1.7167 0.199821
7449.38 7.04833 3.3028 0.610214
7440.91 7.03666 1.84572 0.745873
7463.38 7.04634 1.26875 0.250699
7443.02 6.97047 1.61431 1.21587
7461.52 7.14105 1.48954 0.710793
7435.59 7.17022 2.34502 0.298121
7447.39 7.24479 1.6894 0.363224
7484.3 7.0181 1.96984 0.24881
7498.53 7.11987 1.66685 0.469874
7482.22 7.13974 2.66193 3.40185
7514.2 6.90096 2.45418 0.350934
7540.43 7.09884 1.58948 0.711413
7547.9 7.29081 1.62129 0.14479
7855.4 7.09301 2.30711 2.44854
7869.57 7.21962 1.19512 0.673632
7879.76 7.09302 2.14628 0.217398
7802.47 7.21709 2.06444 0.147387
7745.51 7.09459 1.84016 0.433616
7719.05 7.23828 1.79458 0.341093
7563.01 7.3487 1.28617 0.157633
7832.2 7.1901 3.12795 3.72587
7742.7 6.8973 2.87541 1.44774
7955.69 7.09948 1.93591 0.493614
8112.16 7.07055 1.12958 0.494982
8075.15 7.06125 0.224005 0.731599
7941.09 7.11468 0.916296 0.454483
8085.16 7.44087 0.269343 11.2499
7996.42 7.96323 2.81453 8.10909
8571.8 7.03116 2.7464 1.46821
8424.14 7.12871 1.40886 0.323596
8616.25 6.80705 2.10581 1.73418
8679.63 7.32788 1.84 0.278818
8481.98 6.61176 1.02843 0.868625
