wav, obs, sigma_obs, syn, weight
4560.99, 0.972336, 0.0104467, 1, 0
4561, 0.976703, 0.0104746, 1, 0
4561.01, 0.981069, 0.0105024, 1, 0
4561.02, 0.98543, 0.0105301, 1, 0
4561.03, 0.989344, 0.0105499, 1, 0
4561.04, 0.995011, 0.0106008, 1, 0
4561.05, 1.00144, 0.0106663, 0.9986, 0.0151084
4561.06, 1.00476, 0.0106835, 0.99838, 0.0206023
4561.07, 1.00416, 0.0106652, 0.99803, 0.0247228
4561.08, 1.00174, 0.0106493, 0.99732, 0.0288432
4561.09, 1.00219, 0.0106548, 0.99598, 0.0288432
4561.1, 1.00369, 0.010661, 0.99373, 0.0315902
4561.11, 1.00227, 0.0106408, 0.99033, 0.0329637
4561.12, 1.00152, 0.0106264, 0.98568, 0.0343372
4561.13, 1.00161, 0.0106217, 0.97985, 0.0370841
4561.14, 0.9983, 0.0105931, 0.97317, 0.0384576
4561.15, 0.99201, 0.0105299, 0.9662, 0.0412046
4561.16, 0.98493, 0.0104501, 0.9596, 0.0453251
4561.17, 0.97904, 0.0103966, 0.95404, 0.0494455
4561.18, 0.972977, 0.0103465, 0.95006, 0.053566
4561.19, 0.965394, 0.0102685, 0.94799, 0.0618069
4561.2, 0.959837, 0.0102108, 0.948, 0.0727948
4561.21, 0.958289, 0.0101955, 0.95007, 0.0851562
4561.22, 0.960319, 0.0102099, 0.95401, 0.103011
4561.23, 0.964112, 0.0102402, 0.95947, 0.130481
4561.24, 0.968679, 0.0102794, 0.96588, 0.173059
4561.25, 0.974554, 0.0103289, 0.97258, 0.241734
4561.26, 0.981406, 0.0103865, 0.97888, 0.351613
4561.27, 0.987665, 0.0104398, 0.98416, 0.526045
4561.28, 0.990412, 0.0104608, 0.98802, 0.782887
4561.29, 0.991642, 0.0104651, 0.99025, 1.14549
4561.3, 0.99496, 0.0104854, 0.99076, 1.62621
4561.31, 0.996276, 0.0104935, 0.98942, 2.21543
4561.32, 0.993984, 0.0104746, 0.98587, 2.88707
4561.33, 0.990663, 0.0104408, 0.97946, 3.59579
4561.34, 0.984552, 0.0103761, 0.96921, 4.2839
4561.35, 0.973364, 0.0102653, 0.95416, 4.89373
4561.36, 0.957009, 0.0101153, 0.93369, 5.38132
4561.37, 0.935536, 0.00992092, 0.90801, 5.7137
4561.38, 0.909265, 0.00967633, 0.87846, 5.8744
4561.39, 0.879552, 0.00939719, 0.84739, 5.85655
4561.4, 0.849679, 0.0091175, 0.81779, 5.66151
4561.41, 0.823864, 0.00887783, 0.79269, 5.30028
4561.42, 0.802925, 0.00868452, 0.77458, 4.79072
4561.43, 0.78955, 0.00855983, 0.7651, 4.16853
4561.44, 0.789737, 0.00855651, 0.76499, 3.48179
4561.45, 0.801058, 0.00865528, 0.7742, 2.78543
4561.46, 0.819193, 0.00881877, 0.79195, 2.13715
4561.47, 0.845216, 0.00905164, 0.81668, 1.57539
4561.48, 0.875597, 0.00932435, 0.84611, 1.12763
4561.49, 0.904064, 0.00958528, 0.87738, 0.793875
4561.5, 0.929923, 0.00981874, 0.9075, 0.559009
4561.51, 0.952138, 0.0100132, 0.93393, 0.401058
4561.52, 0.968053, 0.010154, 0.95508, 0.296673
4561.53, 0.977936, 0.0102419, 0.97055, 0.226625
4561.54, 0.983563, 0.010289, 0.98093, 0.178553
4561.55, 0.987231, 0.0103165, 0.98741, 0.142843
4561.56, 0.990713, 0.0103443, 0.99129, 0.11812
4561.57, 0.994632, 0.0103801, 0.99362, 0.100265
4561.58, 0.99732, 0.0104, 0.9951, 0.0865297
4561.59, 0.997868, 0.0103963, 0.99612, 0.0741683
4561.6, 0.996767, 0.0103824, 0.99685, 0.0645539
4561.61, 0.995631, 0.0103697, 0.99736, 0.0576864
4561.62, 0.995249, 0.0103621, 0.99766, 0.0521925
4561.63, 0.994903, 0.010355, 0.99772, 0.0466985
4561.64, 0.995865, 0.0103598, 0.99749, 0.0425781
4561.65, 0.998351, 0.0103773, 0.99693, 0.0384576
4561.66, 0.997886, 0.010367, 0.99602, 0.0357107
4561.67, 0.994781, 0.0103338, 0.99479, 0.0329637
4561.68, 0.992508, 0.0103113, 0.99335, 0.0302167
4561.69, 0.99026, 0.0102874, 0.99188, 0.0274697
4561.7, 0.988095, 0.0102614, 0.9906, 0.0247228
4561.71, 0.987563, 0.0102512, 0.9898, 0.0233493
4561.72, 0.984998, 0.010226, 0.98979, 0.0192288
4561.73, 0.979322, 0.0101736, 0.99078, 0.0137349
4561.74, 0.977419, 0.0101475, 1, 0
4561.75, 0.978067, 0.0101451, 1, 0
4561.76, 0.977272, 0.0101408, 1, 0
4561.77, 0.979104, 0.0101565, 1, 0
4561.78, 0.983433, 0.010188, 1, 0
4561.79, 0.985748, 0.0102044, 1, 0
