wav, obs, sigma_obs, syn, weight
4570.66, 0.994574, 0.0080643, 1, 0
4570.67, 0.997389, 0.00808801, 1, 0
4570.68, 1.00017, 0.00809733, 1, 0
4570.69, 1.00168, 0.00809868, 1, 0
4570.7, 1.00116, 0.00810005, 1, 0
4570.71, 1.00031, 0.00809455, 1, 0
4570.72, 1.00106, 0.00809503, 0.99736, 0.037751
4570.73, 1.00313, 0.0081063, 0.99722, 0.0511735
4570.74, 1.0024, 0.00809608, 0.99711, 0.0612405
4570.75, 1.00145, 0.00808868, 0.99699, 0.0687906
4570.76, 1.00254, 0.00810437, 0.99685, 0.074663
4570.77, 0.999277, 0.00808675, 0.99667, 0.0805354
4570.78, 0.995735, 0.00806224, 0.99644, 0.0864078
4570.79, 0.996635, 0.00806785, 0.9961, 0.0914412
4570.8, 0.994355, 0.00805107, 0.99555, 0.0981525
4570.81, 0.991842, 0.0080243, 0.99458, 0.105703
4570.82, 0.993217, 0.00801696, 0.9929, 0.113253
4570.83, 0.989959, 0.00799689, 0.99015, 0.120803
4570.84, 0.98262, 0.00795631, 0.98598, 0.13087
4570.85, 0.97499, 0.00789989, 0.98022, 0.140937
4570.86, 0.963882, 0.00781782, 0.97307, 0.153521
4570.87, 0.950139, 0.00771967, 0.96516, 0.168621
4570.88, 0.936935, 0.00762509, 0.95746, 0.187077
4570.89, 0.925853, 0.00754672, 0.95103, 0.209728
4570.9, 0.918976, 0.0074941, 0.94677, 0.239928
4570.91, 0.917359, 0.00747368, 0.94508, 0.283552
4570.92, 0.918871, 0.00748678, 0.94578, 0.351503
4570.93, 0.923595, 0.00752328, 0.94811, 0.463917
4570.94, 0.930469, 0.00756361, 0.9508, 0.647639
4570.95, 0.932488, 0.00758272, 0.95204, 0.920285
4570.96, 0.928777, 0.00756466, 0.94925, 1.28353
4570.97, 0.920066, 0.00749725, 0.93877, 1.70886
4570.98, 0.900769, 0.00736167, 0.9159, 2.14509
4570.99, 0.867046, 0.0071275, 0.87593, 2.5419
4571, 0.816484, 0.00676607, 0.81586, 2.86823
4571.01, 0.746463, 0.00626982, 0.73614, 3.1132
4571.02, 0.658641, 0.00564776, 0.64117, 3.28182
4571.03, 0.55862, 0.00493174, 0.53852, 3.37829
4571.04, 0.455024, 0.00418807, 0.43729, 3.40681
4571.05, 0.358105, 0.00348811, 0.34629, 3.36739
4571.06, 0.276998, 0.00289113, 0.27225, 3.26588
4571.07, 0.216031, 0.00242602, 0.2184, 3.12242
4571.08, 0.175253, 0.00210273, 0.18441, 2.97729
4571.09, 0.153033, 0.00192341, 0.16782, 2.88166
4571.1, 0.149235, 0.00189368, 0.16638, 2.87327
4571.11, 0.164758, 0.0020192, 0.17986, 2.95548
4571.12, 0.200625, 0.00230231, 0.21023, 3.09726
4571.13, 0.257191, 0.00273911, 0.26016, 3.24742
4571.14, 0.337612, 0.00333707, 0.33064, 3.36151
4571.15, 0.440336, 0.00407549, 0.41927, 3.41604
4571.16, 0.549015, 0.00485234, 0.52002, 3.40262
4571.17, 0.654618, 0.005606, 0.62435, 3.32125
4571.18, 0.7512, 0.00628878, 0.723, 3.16856
4571.19, 0.827057, 0.00681637, 0.8078, 2.93954
4571.2, 0.882624, 0.0072, 0.87347, 2.62915
4571.21, 0.923052, 0.00748359, 0.91865, 2.24409
4571.22, 0.946163, 0.00764477, 0.94579, 1.81121
4571.23, 0.958362, 0.00772742, 0.95947, 1.37833
4571.24, 0.968035, 0.00779238, 0.96454, 0.997464
4571.25, 0.974162, 0.00783055, 0.96475, 0.704685
4571.26, 0.976342, 0.00784633, 0.96252, 0.503346
4571.27, 0.975775, 0.00785206, 0.95921, 0.375832
4571.28, 0.974532, 0.00784559, 0.9555, 0.298652
4571.29, 0.974979, 0.00783891, 0.95174, 0.249156
4571.3, 0.976421, 0.00783645, 0.94811, 0.214761
4571.31, 0.971973, 0.00780737, 0.94481, 0.188755
4571.32, 0.965849, 0.00777188, 0.94207, 0.167782
4571.33, 0.964022, 0.00775701, 0.94008, 0.149326
4571.34, 0.960507, 0.00773133, 0.9388, 0.135065
4571.35, 0.955564, 0.00769851, 0.93765, 0.120803
4571.36, 0.952002, 0.00767348, 0.93541, 0.109058
4571.37, 0.947345, 0.00763654, 0.93036, 0.0981525
4571.38, 0.936163, 0.00755563, 0.92086, 0.0880856
4571.39, 0.916057, 0.00741879, 0.90613, 0.0788576
4571.4, 0.893765, 0.00726564, 0.88699, 0.0704685
4571.41, 0.87156, 0.0071101, 0.86613, 0.0637572
4571.42, 0.850422, 0.00696073, 0.84759, 0.0587237
4571.43, 0.835832, 0.00685664, 0.83566, 0.0528514
4571.44, 0.83379, 0.0068416, 0.83356, 0.0494957
4571.45, 0.846018, 0.00692677, 0.84238, 0.0461401
4571.46, 0.865742, 0.00705807, 0.86079, 0.0411066
4571.47, 0.890978, 0.00723088, 0.88549, 0.0352342
4571.48, 0.920069, 0.00743841, 0.91236, 0.0268451
4571.49, 0.945411, 0.00760649, 1, 0
4571.5, 0.963183, 0.00772037, 1, 0
4571.51, 0.973685, 0.00779819, 1, 0
4571.52, 0.980373, 0.00784832, 1, 0
4571.53, 0.985878, 0.00788632, 1, 0
4571.54, 0.991747, 0.0079281, 1, 0
