wav, obs, sigma_obs, syn, weight
4729.62, 0.897712, 0.00654257, 1, 0
4729.63, 0.858851, 0.00630779, 1, 0
4729.64, 0.819621, 0.00607069, 1, 0
4729.65, 0.78385, 0.00585512, 1, 0
4729.66, 0.755235, 0.00568231, 1, 0
4729.67, 0.737768, 0.00557422, 0.79848, 0
4729.68, 0.734487, 0.00554956, 0.77236, 0.00635504
4729.69, 0.743243, 0.00560728, 0.77052, 0.0108036
4729.7, 0.761251, 0.00572215, 0.78706, 0.0152521
4729.71, 0.785581, 0.00586462, 0.81507, 0.0197006
4729.72, 0.811812, 0.00602929, 0.84874, 0.0241492
4729.73, 0.840324, 0.00620164, 0.88245, 0.0279622
4729.74, 0.8694, 0.00637016, 0.91147, 0.0311397
4729.75, 0.894309, 0.00653175, 0.93188, 0.0349527
4729.76, 0.915993, 0.00667802, 0.9412, 0.0374947
4729.77, 0.934249, 0.0067883, 0.9387, 0.0406723
4729.78, 0.946153, 0.00685313, 0.92541, 0.0425788
4729.79, 0.948594, 0.00688571, 0.90387, 0.0457563
4729.8, 0.946709, 0.00688377, 0.8777, 0.0495693
4729.81, 0.947069, 0.0068765, 0.85099, 0.0546533
4729.82, 0.949408, 0.00688301, 0.82777, 0.0616439
4729.83, 0.944173, 0.00685832, 0.81145, 0.0724475
4729.84, 0.940234, 0.00683386, 0.80431, 0.087064
4729.85, 0.939911, 0.00682889, 0.80728, 0.108671
4729.86, 0.936407, 0.00682606, 0.81979, 0.140446
4729.87, 0.936197, 0.00683091, 0.83984, 0.18938
4729.88, 0.939032, 0.00684435, 0.86423, 0.265005
4729.89, 0.941344, 0.00685883, 0.889, 0.381302
4729.9, 0.941394, 0.00685919, 0.90999, 0.551617
4729.91, 0.937606, 0.00682449, 0.9234, 0.786754
4729.92, 0.930438, 0.00677682, 0.9262, 1.09243
4729.93, 0.918336, 0.00671986, 0.91644, 1.46547
4729.94, 0.895015, 0.00658639, 0.89341, 1.8938
4729.95, 0.860397, 0.00638087, 0.8577, 2.3628
4729.96, 0.81553, 0.00610708, 0.81117, 2.85659
4729.97, 0.760864, 0.00576003, 0.75676, 3.35737
4729.98, 0.698234, 0.0053689, 0.69831, 3.84861
4729.99, 0.633348, 0.00495904, 0.64037, 4.30427
4730, 0.572883, 0.00457125, 0.58793, 4.70019
4730.01, 0.523389, 0.00426315, 0.54616, 5.00459
4730.02, 0.492898, 0.00407317, 0.51967, 5.1927
4730.03, 0.484858, 0.00402124, 0.51164, 5.24672
4730.04, 0.500411, 0.00412159, 0.52306, 5.1622
4730.05, 0.539273, 0.00437448, 0.55241, 4.94676
4730.06, 0.591851, 0.00470617, 0.59618, 4.62011
4730.07, 0.649438, 0.0050702, 0.64966, 4.20894
4730.08, 0.708018, 0.00544879, 0.70786, 3.74375
4730.09, 0.766371, 0.00580933, 0.76607, 3.25124
4730.1, 0.816032, 0.00611361, 0.82027, 2.7511
4730.11, 0.857753, 0.00637445, 0.86739, 2.26367
4730.12, 0.897684, 0.00662018, 0.90563, 1.80483
4730.13, 0.927248, 0.00679808, 0.93459, 1.39048
4730.14, 0.947997, 0.00693111, 0.95512, 1.03587
4730.15, 0.963511, 0.00703852, 0.96889, 0.749259
4730.16, 0.973331, 0.00710002, 0.97774, 0.532552
4730.17, 0.980177, 0.00715399, 0.98333, 0.379396
4730.18, 0.983942, 0.00718778, 0.98689, 0.27708
4730.19, 0.984972, 0.00719361, 0.98921, 0.210352
4730.2, 0.987466, 0.00722023, 0.99081, 0.167138
4730.21, 0.993065, 0.00724454, 0.99197, 0.137904
4730.22, 0.996775, 0.00725471, 0.99285, 0.118204
4730.23, 0.995511, 0.0072613, 0.99356, 0.102316
4730.24, 0.997726, 0.00726554, 0.99413, 0.0902416
4730.25, 0.999908, 0.00727134, 0.99461, 0.0813445
4730.26, 0.99897, 0.00727374, 0.995, 0.073083
4730.27, 0.997384, 0.00726806, 0.99532, 0.0660924
4730.28, 0.99679, 0.00727381, 0.99556, 0.0603729
4730.29, 0.996501, 0.00727034, 0.9957, 0.0546533
4730.3, 0.99547, 0.0072569, 0.99571, 0.0508403
4730.31, 0.993787, 0.0072668, 0.99552, 0.0463918
4730.32, 0.992125, 0.00726388, 0.9951, 0.0425788
4730.33, 0.989689, 0.00724703, 0.99441, 0.0387657
4730.34, 0.986018, 0.00722993, 0.99345, 0.0355882
4730.35, 0.98227, 0.00719951, 0.99228, 0.0324107
4730.36, 0.976862, 0.00715855, 0.99107, 0.0266912
4730.37, 0.969434, 0.00711367, 0.99008, 0.0190651
4730.38, 0.960097, 0.00706272, 0.98973, 0.0120746
4730.39, 0.947883, 0.00699631, 0.99052, 0.00571954
4730.4, 0.940746, 0.0069546, 1, 0
4730.41, 0.941185, 0.00694983, 1, 0
4730.42, 0.944153, 0.00695919, 1, 0
4730.43, 0.949029, 0.00699399, 1, 0
4730.44, 0.95466, 0.00704074, 1, 0
