wav, obs, sigma_obs, syn, weight
5710.56, 0.999104, 0.00434837, 1, 0
5710.57, 0.998925, 0.00434636, 1, 0
5710.58, 0.99869, 0.00434452, 1, 0
5710.59, 0.998572, 0.00434323, 1, 0
5710.6, 0.998715, 0.00434274, 1, 0
5710.61, 0.998859, 0.00434221, 1, 0
5710.62, 0.998722, 0.00434083, 1, 0
5710.63, 0.998425, 0.00433917, 1, 0
5710.64, 0.998191, 0.00433795, 0.9957, 0.0535912
5710.65, 0.998201, 0.00433713, 0.99489, 0.0689029
5710.66, 0.99843, 0.00433626, 0.99426, 0.0821267
5710.67, 0.998137, 0.00433397, 0.99377, 0.0932626
5710.68, 0.996814, 0.00432934, 0.99338, 0.101614
5710.69, 0.995359, 0.00432365, 0.99305, 0.109966
5710.7, 0.994586, 0.00431848, 0.99272, 0.11623
5710.71, 0.994046, 0.00431471, 0.99239, 0.123886
5710.72, 0.99333, 0.00431276, 0.99203, 0.131542
5710.73, 0.992908, 0.0043119, 0.99164, 0.139894
5710.74, 0.992992, 0.00431101, 0.99121, 0.148246
5710.75, 0.992619, 0.00430839, 0.99074, 0.15799
5710.76, 0.991222, 0.00430336, 0.99021, 0.169125
5710.77, 0.989787, 0.00429806, 0.98961, 0.180957
5710.78, 0.98895, 0.0042938, 0.98894, 0.194181
5710.79, 0.987904, 0.00428861, 0.98818, 0.208797
5710.8, 0.98606, 0.00428119, 0.98731, 0.226197
5710.81, 0.983793, 0.00427285, 0.98632, 0.244988
5710.82, 0.98143, 0.00426444, 0.98519, 0.26726
5710.83, 0.97891, 0.00425514, 0.98388, 0.293011
5710.84, 0.976018, 0.00424403, 0.98235, 0.322939
5710.85, 0.972326, 0.0042304, 0.98054, 0.35913
5710.86, 0.967994, 0.00421508, 0.97833, 0.40437
5710.87, 0.964279, 0.00420153, 0.97558, 0.460049
5710.88, 0.96108, 0.00418928, 0.97204, 0.533128
5710.89, 0.955846, 0.00417085, 0.96735, 0.627086
5710.9, 0.947404, 0.00414256, 0.96101, 0.748188
5710.91, 0.93711, 0.00410784, 0.95239, 0.899914
5710.92, 0.925708, 0.00406878, 0.94077, 1.08574
5710.93, 0.912705, 0.00402454, 0.92541, 1.30289
5710.94, 0.897134, 0.00397192, 0.90569, 1.54231
5710.95, 0.877531, 0.00390492, 0.88122, 1.79565
5710.96, 0.853075, 0.00382076, 0.85193, 2.04969
5710.97, 0.82382, 0.00372096, 0.8181, 2.29398
5710.98, 0.789973, 0.00360641, 0.78032, 2.51739
5710.99, 0.751856, 0.00347686, 0.73944, 2.71714
5711, 0.709786, 0.00333263, 0.6965, 2.88836
5711.01, 0.664105, 0.0031748, 0.65265, 3.03382
5711.02, 0.616233, 0.0030083, 0.60913, 3.15562
5711.03, 0.568666, 0.00284177, 0.56731, 3.25793
5711.04, 0.523076, 0.00268086, 0.52861, 3.34423
5711.05, 0.480385, 0.00252848, 0.4945, 3.41731
5711.06, 0.443022, 0.00239336, 0.46648, 3.47647
5711.07, 0.414671, 0.00228919, 0.4459, 3.52171
5711.08, 0.397215, 0.0022239, 0.43386, 3.54815
5711.09, 0.39102, 0.00220046, 0.43103, 3.55511
5711.1, 0.396673, 0.00222121, 0.43759, 3.5398
5711.11, 0.414857, 0.0022877, 0.45316, 3.505
5711.12, 0.444817, 0.0023963, 0.47687, 3.45419
5711.13, 0.484755, 0.00253957, 0.50749, 3.38947
5711.14, 0.532736, 0.00270952, 0.5436, 3.31082
5711.15, 0.586569, 0.00289734, 0.58372, 3.21825
5711.16, 0.642147, 0.00308879, 0.62638, 3.10898
5711.17, 0.694557, 0.00326762, 0.67017, 2.97744
5711.18, 0.742479, 0.00342972, 0.7138, 2.82224
5711.19, 0.786488, 0.00357747, 0.75604, 2.63989
5711.2, 0.825768, 0.00370874, 0.79578, 2.43109
5711.21, 0.858846, 0.00381918, 0.83207, 2.19793
5711.22, 0.884923, 0.00390595, 0.86414, 1.94877
5711.23, 0.903886, 0.00396822, 0.89152, 1.69404
5711.24, 0.918236, 0.00401468, 0.91407, 1.44487
5711.25, 0.93112, 0.00405645, 0.93199, 1.21311
5711.26, 0.94219, 0.00409227, 0.94578, 1.00849
5711.27, 0.950097, 0.00411735, 0.95612, 0.836579
5711.28, 0.956221, 0.00413661, 0.96375, 0.696685
5711.29, 0.962453, 0.00415676, 0.96936, 0.586719
5711.3, 0.967775, 0.00417398, 0.97353, 0.502504
5711.31, 0.970749, 0.00418284, 0.9767, 0.437081
5711.32, 0.972963, 0.00418873, 0.97917, 0.385578
5711.33, 0.976266, 0.00419828, 0.98114, 0.344515
5711.34, 0.979219, 0.00420808, 0.98274, 0.311107
5711.35, 0.980127, 0.00421315, 0.98407, 0.282572
5711.36, 0.980307, 0.00421429, 0.98517, 0.258908
5711.37, 0.981303, 0.00421377, 0.98611, 0.237332
5711.38, 0.982403, 0.00421329, 0.9869, 0.219237
5711.39, 0.98283, 0.00421428, 0.98759, 0.203229
5711.4, 0.983528, 0.00421764, 0.98821, 0.188613
5711.41, 0.985381, 0.0042235, 0.98877, 0.176085
5711.42, 0.987826, 0.00423002, 0.98928, 0.164253
5711.43, 0.990027, 0.00423514, 0.98977, 0.153814
5711.44, 0.991213, 0.00423758, 0.99023, 0.144766
5711.45, 0.991156, 0.00423716, 0.99068, 0.135718
5711.46, 0.991072, 0.00423644, 0.99112, 0.128062
5711.47, 0.991865, 0.0042375, 0.99154, 0.121102
5711.48, 0.993066, 0.00424005, 0.99197, 0.113446
5711.49, 0.994271, 0.00424349, 0.99239, 0.107182
5711.5, 0.995694, 0.00424742, 0.99282, 0.0995265
5711.51, 0.997263, 0.00425102, 0.99329, 0.0911746
5711.52, 0.99813, 0.00425273, 0.99386, 0.0800388
5711.53, 0.997926, 0.0042519, 0.99457, 0.067511
5711.54, 0.99738, 0.00424998, 0.99544, 0.0521992
5711.55, 0.997252, 0.0042488, 1, 0
5711.56, 0.998127, 0.00425052, 1, 0
5711.57, 0.999773, 0.00425471, 1, 0
5711.58, 1.0007, 0.0042568, 1, 0
5711.59, 1.00027, 0.00425481, 1, 0
5711.6, 0.999495, 0.00425178, 1, 0
5711.61, 0.999047, 0.00424973, 1, 0
5711.62, 0.998599, 0.00424768, 1, 0
