wav, obs, sigma_obs, syn, weight
6964.85, 1.00117, 0.00280875, 1, 0
6964.86, 1.00133, 0.0028083, 1, 0
6964.87, 1.00148, 0.00280785, 1, 0
6964.88, 1.00163, 0.00280739, 1, 0
6964.89, 1.00179, 0.00280694, 1, 0
6964.9, 1.00195, 0.0028065, 1, 0
6964.91, 1.00232, 0.00280623, 1, 0
6964.92, 1.00234, 0.00280567, 1, 0
6964.93, 1.00178, 0.00280463, 0.99558, 0.0497119
6964.94, 1.00105, 0.00280366, 0.99445, 0.0736119
6964.95, 1.00083, 0.00280357, 0.99344, 0.0994239
6964.96, 1.001, 0.00280386, 0.9926, 0.125236
6964.97, 1.00085, 0.00280296, 0.99191, 0.14818
6964.98, 1.00009, 0.00280057, 0.99135, 0.168256
6964.99, 0.999107, 0.00279826, 0.99085, 0.183552
6965, 0.998257, 0.00279716, 0.99038, 0.198848
6965.01, 0.9977, 0.00279653, 0.98991, 0.21032
6965.02, 0.997514, 0.00279554, 0.98941, 0.221792
6965.03, 0.997517, 0.00279459, 0.98888, 0.23422
6965.04, 0.997446, 0.00279446, 0.9883, 0.246648
6965.05, 0.997149, 0.00279467, 0.98767, 0.260988
6965.06, 0.996555, 0.00279393, 0.98699, 0.275328
6965.07, 0.995782, 0.00279201, 0.98625, 0.290624
6965.08, 0.99518, 0.0027901, 0.98544, 0.309744
6965.09, 0.99492, 0.002789, 0.98456, 0.327908
6965.1, 0.994716, 0.00278841, 0.98359, 0.349896
6965.11, 0.99427, 0.00278784, 0.98252, 0.373795
6965.12, 0.993511, 0.0027868, 0.98134, 0.399607
6965.13, 0.992443, 0.00278485, 0.98003, 0.428287
6965.14, 0.991157, 0.00278201, 0.97858, 0.460791
6965.15, 0.989779, 0.00277857, 0.97695, 0.497119
6965.16, 0.988189, 0.0027746, 0.97512, 0.537271
6965.17, 0.986019, 0.00276997, 0.97305, 0.584115
6965.18, 0.983098, 0.00276451, 0.9707, 0.637651
6965.19, 0.979653, 0.00275793, 0.96802, 0.697879
6965.2, 0.97583, 0.00274996, 0.96493, 0.767667
6965.21, 0.971324, 0.0027402, 0.96138, 0.847971
6965.22, 0.965692, 0.00272809, 0.95727, 0.940703
6965.23, 0.958188, 0.00271218, 0.95252, 1.04682
6965.24, 0.94794, 0.00269061, 0.94705, 1.16632
6965.25, 0.934117, 0.00266146, 0.94076, 1.30111
6965.26, 0.915939, 0.00262283, 0.9336, 1.45121
6965.27, 0.893508, 0.00257492, 0.92554, 1.61755
6965.28, 0.868257, 0.00252115, 0.91659, 1.79537
6965.29, 0.842467, 0.00246657, 0.90681, 1.98465
6965.3, 0.820523, 0.0024201, 0.89632, 2.1835
6965.31, 0.806588, 0.00239023, 0.88529, 2.38617
6965.32, 0.801498, 0.00237908, 0.87395, 2.5898
6965.33, 0.804868, 0.00238638, 0.86257, 2.7896
6965.34, 0.815659, 0.00240978, 0.85149, 2.97889
6965.35, 0.832363, 0.00244549, 0.84102, 3.1548
6965.36, 0.852322, 0.00248768, 0.83152, 3.31158
6965.37, 0.871517, 0.00252816, 0.82328, 3.44542
6965.38, 0.886859, 0.00256065, 0.81661, 3.55249
6965.39, 0.897502, 0.00258351, 0.81174, 3.63088
6965.4, 0.903304, 0.00259644, 0.80885, 3.67677
6965.41, 0.905855, 0.00260229, 0.80804, 3.69015
6965.42, 0.907072, 0.00260459, 0.80935, 3.67008
6965.43, 0.907651, 0.00260516, 0.81272, 3.61846
6965.44, 0.907676, 0.002605, 0.81803, 3.53528
6965.45, 0.90775, 0.00260546, 0.82509, 3.42248
6965.46, 0.908967, 0.00260828, 0.83365, 3.28386
6965.47, 0.911754, 0.00261412, 0.84341, 3.1242
6965.48, 0.915344, 0.00262174, 0.85404, 2.94543
6965.49, 0.919086, 0.00263002, 0.86521, 2.75423
6965.5, 0.923094, 0.00263886, 0.87659, 2.55347
6965.51, 0.927577, 0.00264825, 0.88786, 2.34984
6965.52, 0.932312, 0.00265784, 0.89876, 2.14622
6965.53, 0.936908, 0.00266708, 0.90908, 1.94928
6965.54, 0.941113, 0.00267569, 0.91865, 1.76095
6965.55, 0.944781, 0.00268357, 0.92738, 1.58409
6965.56, 0.948099, 0.00269107, 0.93522, 1.42157
6965.57, 0.951696, 0.00269909, 0.94216, 1.27435
6965.58, 0.9558, 0.00270782, 0.94825, 1.14146
6965.59, 0.959555, 0.00271545, 0.95356, 1.02387
6965.6, 0.962179, 0.00272043, 0.95815, 0.920627
6965.61, 0.964073, 0.00272391, 0.96213, 0.830763
6965.62, 0.965954, 0.00272775, 0.96557, 0.752371
6965.63, 0.968025, 0.00273239, 0.96856, 0.684495
6965.64, 0.970192, 0.00273748, 0.97116, 0.625223
6965.65, 0.972232, 0.0027423, 0.97345, 0.572643
6965.66, 0.973802, 0.00274578, 0.97546, 0.527711
6965.67, 0.974815, 0.00274765, 0.97724, 0.488515
6965.68, 0.975689, 0.00274916, 0.97882, 0.452187
6965.69, 0.976714, 0.00275125, 0.98023, 0.419683
6965.7, 0.977504, 0.00275296, 0.9815, 0.391959
6965.71, 0.977619, 0.00275317, 0.98264, 0.366147
6965.72, 0.977389, 0.00275242, 0.98366, 0.34416
6965.73, 0.977435, 0.00275194, 0.98459, 0.323128
6965.74, 0.977568, 0.00275168, 0.98543, 0.303052
6965.75, 0.976945, 0.00275056, 0.98619, 0.2868
6965.76, 0.975179, 0.00274785, 0.9869, 0.269592
6965.77, 0.972577, 0.0027434, 0.98754, 0.256208
6965.78, 0.96908, 0.00273644, 0.98814, 0.241868
6965.79, 0.963476, 0.00272444, 0.98869, 0.230396
6965.8, 0.95492, 0.00270575, 0.98921, 0.217968
6965.81, 0.945533, 0.00268534, 0.98969, 0.206496
6965.82, 0.938219, 0.00266985, 0.99016, 0.195024
6965.83, 0.933644, 0.00266059, 0.99063, 0.180684
6965.84, 0.931113, 0.00265565, 0.99114, 0.165388
6965.85, 0.930693, 0.00265494, 0.99172, 0.145312
6965.86, 0.933323, 0.00266041, 0.99243, 0.122368
6965.87, 0.93914, 0.00267243, 0.99331, 0.0975119
6965.88, 0.946565, 0.00268784, 0.99435, 0.0726559
6965.89, 0.954046, 0.0027035, 0.9955, 0.0497119
6965.9, 0.96094, 0.00271804, 1, 0
6965.91, 0.966833, 0.00273052, 1, 0
6965.92, 0.971325, 0.00274004, 1, 0
6965.93, 0.974068, 0.00274588, 1, 0
6965.94, 0.975444, 0.00274879, 1, 0
6965.95, 0.97645, 0.00275084, 1, 0
6965.96, 0.977714, 0.00275337, 1, 0
6965.97, 0.979267, 0.00275657, 1, 0
