wav, obs, sigma_obs, syn, weight
7059.82, 1.00411, 0.00292711, 1, 0
7059.83, 1.00422, 0.002927, 1, 0
7059.84, 1.00434, 0.00292672, 1, 0
7059.85, 1.00442, 0.00292722, 1, 0
7059.86, 1.0044, 0.00292855, 1, 0
7059.87, 1.00417, 0.00292913, 1, 0
7059.88, 1.00365, 0.00292767, 1, 0
7059.89, 1.00282, 0.00292534, 1, 0
7059.9, 1.00169, 0.00292357, 0.99715, 0.0388268
7059.91, 1.0003, 0.00292167, 0.99574, 0.059049
7059.92, 0.998714, 0.00291847, 0.99422, 0.0808891
7059.93, 0.997199, 0.00291493, 0.9928, 0.102729
7059.94, 0.996073, 0.00291284, 0.99163, 0.122143
7059.95, 0.994983, 0.00291127, 0.99082, 0.137511
7059.96, 0.99319, 0.00290764, 0.99034, 0.151263
7059.97, 0.991042, 0.00290276, 0.99014, 0.161778
7059.98, 0.98985, 0.0029004, 0.99014, 0.170676
7059.99, 0.989957, 0.00290149, 0.99027, 0.179574
7060, 0.990486, 0.00290342, 0.99048, 0.18928
7060.01, 0.990939, 0.00290473, 0.99075, 0.199796
7060.02, 0.991562, 0.0029063, 0.99104, 0.209503
7060.03, 0.992497, 0.00290867, 0.99132, 0.221636
7060.04, 0.993494, 0.00291115, 0.99156, 0.23377
7060.05, 0.994278, 0.00291303, 0.99173, 0.247521
7060.06, 0.994657, 0.00291398, 0.9918, 0.261272
7060.07, 0.99456, 0.00291398, 0.99177, 0.27745
7060.08, 0.994388, 0.00291393, 0.99162, 0.294436
7060.09, 0.994533, 0.00291469, 0.99134, 0.31385
7060.1, 0.994566, 0.00291515, 0.99094, 0.334881
7060.11, 0.993858, 0.00291378, 0.99042, 0.358339
7060.12, 0.992822, 0.00291155, 0.98977, 0.382605
7060.13, 0.992328, 0.00291056, 0.989, 0.411726
7060.14, 0.992089, 0.00291039, 0.98808, 0.442463
7060.15, 0.991042, 0.00290894, 0.98701, 0.477246
7060.16, 0.989309, 0.00290624, 0.98575, 0.51769
7060.17, 0.988126, 0.00290437, 0.98429, 0.562179
7060.18, 0.987721, 0.0029037, 0.98259, 0.614757
7060.19, 0.986985, 0.00290228, 0.98062, 0.673806
7060.2, 0.985365, 0.00289911, 0.97833, 0.741753
7060.21, 0.983419, 0.00289508, 0.97568, 0.821024
7060.22, 0.981531, 0.00289089, 0.97261, 0.913238
7060.23, 0.979415, 0.00288642, 0.96908, 1.01839
7060.24, 0.976705, 0.00288119, 0.96503, 1.13892
7060.25, 0.973089, 0.00287399, 0.96041, 1.27643
7060.26, 0.968395, 0.00286394, 0.9552, 1.42931
7060.27, 0.963029, 0.00285224, 0.94938, 1.59918
7060.28, 0.95739, 0.00284024, 0.94297, 1.7836
7060.29, 0.950797, 0.00282644, 0.93604, 1.98178
7060.3, 0.942305, 0.00280854, 0.92866, 2.18886
7060.31, 0.932418, 0.0027872, 0.92099, 2.40322
7060.32, 0.92235, 0.00276459, 0.91317, 2.62
7060.33, 0.912462, 0.00274205, 0.90539, 2.83355
7060.34, 0.902514, 0.00272028, 0.89788, 3.04143
7060.35, 0.89271, 0.00269965, 0.89082, 3.23637
7060.36, 0.883688, 0.00268031, 0.88443, 3.41514
7060.37, 0.875931, 0.00266294, 0.87888, 3.57125
7060.38, 0.869706, 0.00264899, 0.87433, 3.70149
7060.39, 0.865296, 0.00263955, 0.87091, 3.8026
7060.4, 0.863037, 0.00263507, 0.8687, 3.87054
7060.41, 0.863119, 0.00263571, 0.86777, 3.90452
7060.42, 0.865384, 0.00264111, 0.86815, 3.90371
7060.43, 0.869538, 0.00265069, 0.86982, 3.86731
7060.44, 0.875016, 0.00266328, 0.87274, 3.79613
7060.45, 0.881283, 0.0026778, 0.87683, 3.69178
7060.46, 0.888185, 0.00269367, 0.88199, 3.55912
7060.47, 0.89562, 0.00271045, 0.88808, 3.40139
7060.48, 0.903151, 0.00272724, 0.89493, 3.2202
7060.49, 0.910259, 0.00274305, 0.90235, 3.02444
7060.5, 0.916767, 0.00275763, 0.91015, 2.81575
7060.51, 0.922689, 0.00277117, 0.9181, 2.6022
7060.52, 0.928166, 0.00278398, 0.92601, 2.38542
7060.53, 0.933412, 0.00279646, 0.93369, 2.17187
7060.54, 0.938347, 0.00280816, 0.94098, 1.96561
7060.55, 0.942638, 0.00281791, 0.94777, 1.76904
7060.56, 0.946459, 0.00282616, 0.95396, 1.58704
7060.57, 0.95061, 0.00283539, 0.95951, 1.41799
7060.58, 0.955286, 0.00284627, 0.96441, 1.26591
7060.59, 0.959618, 0.00285632, 0.96868, 1.13002
7060.6, 0.963112, 0.00286415, 0.97235, 1.0095
7060.61, 0.966318, 0.00287132, 0.97549, 0.905149
7060.62, 0.969666, 0.00287911, 0.97816, 0.813744
7060.63, 0.972811, 0.00288667, 0.98043, 0.735282
7060.64, 0.975349, 0.00289293, 0.98236, 0.667335
7060.65, 0.977212, 0.00289744, 0.98401, 0.608286
7060.66, 0.978518, 0.00290023, 0.98542, 0.557326
7060.67, 0.979946, 0.00290303, 0.98665, 0.512028
7060.68, 0.982206, 0.0029078, 0.98771, 0.471583
7060.69, 0.984653, 0.0029134, 0.98864, 0.436801
7060.7, 0.986078, 0.00291737, 0.98946, 0.405254
7060.71, 0.986307, 0.00291897, 0.99019, 0.377752
7060.72, 0.985841, 0.00291869, 0.99083, 0.353485
7060.73, 0.985376, 0.0029179, 0.9914, 0.330836
7060.74, 0.985728, 0.00291869, 0.99192, 0.310614
7060.75, 0.986739, 0.00292098, 0.99238, 0.29201
7060.76, 0.987154, 0.00292223, 0.99279, 0.275023
7060.77, 0.986608, 0.0029216, 0.99317, 0.258845
7060.78, 0.986139, 0.00292104, 0.99352, 0.245903
7060.79, 0.986386, 0.0029218, 0.99383, 0.232961
7060.8, 0.986962, 0.00292329, 0.99412, 0.220827
7060.81, 0.987558, 0.002925, 0.99439, 0.209503
7060.82, 0.988399, 0.00292718, 0.99465, 0.198987
7060.83, 0.989687, 0.00293013, 0.99489, 0.18928
7060.84, 0.991222, 0.00293386, 0.99513, 0.180383
7060.85, 0.992721, 0.00293813, 0.99538, 0.170676
7060.86, 0.993957, 0.00294177, 0.99567, 0.159352
7060.87, 0.994785, 0.00294362, 0.99603, 0.146409
7060.88, 0.995497, 0.00294478, 0.99648, 0.129423
7060.89, 0.996519, 0.00294707, 0.99703, 0.1092
7060.9, 0.997739, 0.0029502, 0.99766, 0.0857424
7060.91, 0.998758, 0.00295274, 0.99829, 0.0630935
7060.92, 0.999482, 0.00295452, 0.99887, 0.0412534
7060.93, 1.00004, 0.00295628, 1, 0
7060.94, 1.00042, 0.0029579, 1, 0
7060.95, 1.00046, 0.0029584, 1, 0
7060.96, 1.00021, 0.00295779, 1, 0
7060.97, 0.999961, 0.00295733, 1, 0
7060.98, 0.999896, 0.00295773, 1, 0
7060.99, 0.999907, 0.00295848, 1, 0
7061, 0.999861, 0.00295896, 1, 0
