wav, obs, sigma_obs, syn, weight
7387.02, 0.983143, 0.00271215, 1, 0
7387.03, 0.982875, 0.00271281, 1, 0
7387.04, 0.982686, 0.00271354, 1, 0
7387.05, 0.983215, 0.00271492, 1, 0
7387.06, 0.984633, 0.00271719, 1, 0
7387.07, 0.986504, 0.00272018, 1, 0
7387.08, 0.988337, 0.00272361, 1, 0
7387.09, 0.98979, 0.00272665, 1, 0
7387.1, 0.990594, 0.00272836, 1, 0
7387.11, 0.990921, 0.00272901, 0.99245, 0.039196
7387.12, 0.991339, 0.00272993, 0.98938, 0.0561809
7387.13, 0.992197, 0.0027319, 0.9862, 0.0744723
7387.14, 0.993311, 0.00273435, 0.98326, 0.0927638
7387.15, 0.994393, 0.00273653, 0.98088, 0.109095
7387.16, 0.994976, 0.00273771, 0.97921, 0.122814
7387.17, 0.994552, 0.00273726, 0.97823, 0.135226
7387.18, 0.993318, 0.00273544, 0.9778, 0.145025
7387.19, 0.992149, 0.00273337, 0.97775, 0.152864
7387.2, 0.991574, 0.00273186, 0.97793, 0.160703
7387.21, 0.991242, 0.00273081, 0.97826, 0.168543
7387.22, 0.990762, 0.00273006, 0.97868, 0.176382
7387.23, 0.99035, 0.00272967, 0.9792, 0.184874
7387.24, 0.990449, 0.0027298, 0.97979, 0.194673
7387.25, 0.990985, 0.00273031, 0.98046, 0.205125
7387.26, 0.99136, 0.00273071, 0.98119, 0.215578
7387.27, 0.991221, 0.00273072, 0.98198, 0.22799
7387.28, 0.990882, 0.00273066, 0.98277, 0.240402
7387.29, 0.9907, 0.00273083, 0.98355, 0.254774
7387.3, 0.990614, 0.00273089, 0.98425, 0.269799
7387.31, 0.990392, 0.00273026, 0.98483, 0.285477
7387.32, 0.990074, 0.00272917, 0.98526, 0.303115
7387.33, 0.989995, 0.00272866, 0.9855, 0.32206
7387.34, 0.990266, 0.00272921, 0.98553, 0.342311
7387.35, 0.990379, 0.0027297, 0.98534, 0.365176
7387.36, 0.989815, 0.0027289, 0.98494, 0.39
7387.37, 0.98872, 0.00272693, 0.98431, 0.416784
7387.38, 0.987529, 0.00272448, 0.98347, 0.446181
7387.39, 0.986377, 0.00272191, 0.98242, 0.478844
7387.4, 0.985065, 0.00271924, 0.98114, 0.515427
7387.41, 0.983401, 0.00271631, 0.97962, 0.557236
7387.42, 0.981245, 0.0027125, 0.97783, 0.604271
7387.43, 0.978533, 0.00270732, 0.97574, 0.657185
7387.44, 0.975674, 0.00270146, 0.97327, 0.717939
7387.45, 0.973276, 0.00269618, 0.97037, 0.787185
7387.46, 0.971242, 0.00269163, 0.96694, 0.865577
7387.47, 0.968677, 0.00268672, 0.96289, 0.955075
7387.48, 0.96502, 0.00268055, 0.95812, 1.05568
7387.49, 0.960809, 0.00267306, 0.95252, 1.16804
7387.5, 0.956645, 0.00266426, 0.94602, 1.29347
7387.51, 0.952087, 0.00265381, 0.93853, 1.43065
7387.52, 0.946216, 0.00264116, 0.93, 1.57829
7387.53, 0.938712, 0.00262613, 0.92044, 1.73703
7387.54, 0.929962, 0.00260886, 0.90986, 1.90296
7387.55, 0.920172, 0.00258925, 0.89836, 2.07543
7387.56, 0.908897, 0.00256631, 0.88604, 2.25181
7387.57, 0.895635, 0.00253901, 0.8731, 2.43015
7387.58, 0.880423, 0.00250743, 0.85973, 2.60914
7387.59, 0.86356, 0.00247222, 0.84619, 2.78487
7387.6, 0.845221, 0.00243394, 0.83275, 2.95603
7387.61, 0.825437, 0.00239312, 0.81971, 3.12
7387.62, 0.80449, 0.00235051, 0.80736, 3.27417
7387.63, 0.783465, 0.00230753, 0.79599, 3.41658
7387.64, 0.7636, 0.0022659, 0.78588, 3.54266
7387.65, 0.746151, 0.00222865, 0.77728, 3.65045
7387.66, 0.732368, 0.00219938, 0.77041, 3.73733
7387.67, 0.722955, 0.00217989, 0.76544, 3.8007
7387.68, 0.717945, 0.00216969, 0.76249, 3.83794
7387.69, 0.71738, 0.00216846, 0.76164, 3.84839
7387.7, 0.721469, 0.0021767, 0.76292, 3.83271
7387.71, 0.73035, 0.00219492, 0.76628, 3.7896
7387.72, 0.74332, 0.00222188, 0.77164, 3.72166
7387.73, 0.759245, 0.00225542, 0.77888, 3.6302
7387.74, 0.777056, 0.00229322, 0.7878, 3.51784
7387.75, 0.795773, 0.00233273, 0.79818, 3.38784
7387.76, 0.8145, 0.00237172, 0.80978, 3.24346
7387.77, 0.832591, 0.00240911, 0.82229, 3.08668
7387.78, 0.849461, 0.00244402, 0.83544, 2.92075
7387.79, 0.864621, 0.00247542, 0.84892, 2.74894
7387.8, 0.877639, 0.00250224, 0.86245, 2.57256
7387.81, 0.888443, 0.00252429, 0.87575, 2.39357
7387.82, 0.897407, 0.00254249, 0.88859, 2.21588
7387.83, 0.904981, 0.00255792, 0.90075, 2.0395
7387.84, 0.911767, 0.00257193, 0.91208, 1.86834
7387.85, 0.918333, 0.00258577, 0.92246, 1.70372
7387.86, 0.924671, 0.00259926, 0.93182, 1.54693
7387.87, 0.930489, 0.00261156, 0.94014, 1.40126
7387.88, 0.935952, 0.00262289, 0.94743, 1.26668
7387.89, 0.941812, 0.00263491, 0.95375, 1.14387
7387.9, 0.94839, 0.00264832, 0.95918, 1.03347
7387.91, 0.954534, 0.00266058, 0.9638, 0.934823
7387.92, 0.958993, 0.00266897, 0.96772, 0.847939
7387.93, 0.962201, 0.00267474, 0.97105, 0.771507
7387.94, 0.965448, 0.00268116, 0.97387, 0.704221
7387.95, 0.969057, 0.002689, 0.97627, 0.645427
7387.96, 0.972125, 0.00269584, 0.97833, 0.593819
7387.97, 0.974044, 0.00270001, 0.98011, 0.547437
7387.98, 0.975376, 0.00270276, 0.98166, 0.506934
7387.99, 0.976848, 0.00270578, 0.98301, 0.471005
7388, 0.978589, 0.00270935, 0.98421, 0.438995
7388.01, 0.980417, 0.00271303, 0.98527, 0.410904
7388.02, 0.982107, 0.00271633, 0.98621, 0.38412
7388.03, 0.983381, 0.00271873, 0.98706, 0.360603
7388.04, 0.984123, 0.00272005, 0.98783, 0.339045
7388.05, 0.984741, 0.0027212, 0.98852, 0.3201
7388.06, 0.985678, 0.00272318, 0.98915, 0.302462
7388.07, 0.986803, 0.00272554, 0.98973, 0.28613
7388.08, 0.987696, 0.00272718, 0.99025, 0.271105
7388.09, 0.988241, 0.00272792, 0.99073, 0.256733
7388.1, 0.988698, 0.00272876, 0.99118, 0.244321
7388.11, 0.989188, 0.00273019, 0.99159, 0.231909
7388.12, 0.989328, 0.00273083, 0.99196, 0.220804
7388.13, 0.988727, 0.00272927, 0.99231, 0.211005
7388.14, 0.987759, 0.00272666, 0.99264, 0.201206
7388.15, 0.987174, 0.0027254, 0.99294, 0.192713
7388.16, 0.987284, 0.00272622, 0.99322, 0.184221
7388.17, 0.987872, 0.00272779, 0.99348, 0.175729
7388.18, 0.988739, 0.00272918, 0.99374, 0.167889
7388.19, 0.98983, 0.00273106, 0.99401, 0.16005
7388.2, 0.991107, 0.00273422, 0.9943, 0.151558
7388.21, 0.992431, 0.00273794, 0.99465, 0.141759
7388.22, 0.993617, 0.0027408, 0.99509, 0.129347
7388.23, 0.994536, 0.00274225, 0.99564, 0.114975
7388.24, 0.995122, 0.0027428, 0.99629, 0.0973366
7388.25, 0.995401, 0.00274304, 0.99701, 0.0783919
7388.26, 0.995652, 0.00274356, 0.99775, 0.0587939
7388.27, 0.996156, 0.00274486, 0.99842, 0.0411557
7388.28, 0.996842, 0.00274673, 1, 0
7388.29, 0.997476, 0.00274861, 1, 0
7388.3, 0.997951, 0.00275008, 1, 0
7388.31, 0.998307, 0.00275088, 1, 0
7388.32, 0.998579, 0.00275097, 1, 0
7388.33, 0.998763, 0.00275083, 1, 0
7388.34, 0.998856, 0.002751, 1, 0
7388.35, 0.998883, 0.0027515, 1, 0
7388.36, 0.998904, 0.00275204, 1, 0
