wav, obs, sigma_obs, syn, weight
7656.95, 0.988019, 0.00281021, 1, 0
7656.96, 0.987844, 0.0028097, 1, 0
7656.97, 0.987996, 0.00280987, 1, 0
7656.98, 0.9885, 0.00281076, 1, 0
7656.99, 0.989018, 0.00281164, 1, 0
7657, 0.989218, 0.00281178, 1, 0
7657.01, 0.989274, 0.00281156, 1, 0
7657.02, 0.989648, 0.00281196, 1, 0
7657.03, 0.990406, 0.00281319, 1, 0
7657.04, 0.990796, 0.00281389, 0.99549, 0.0515475
7657.05, 0.9901, 0.00281272, 0.99489, 0.0715937
7657.06, 0.988869, 0.00281063, 0.99436, 0.0930718
7657.07, 0.988333, 0.00280978, 0.99389, 0.11455
7657.08, 0.988936, 0.0028109, 0.99344, 0.134596
7657.09, 0.989543, 0.00281185, 0.99297, 0.151063
7657.1, 0.988993, 0.00281045, 0.99244, 0.165381
7657.11, 0.987466, 0.00280721, 0.99181, 0.176836
7657.12, 0.98583, 0.002804, 0.99107, 0.186144
7657.13, 0.984616, 0.00280184, 0.99018, 0.194735
7657.14, 0.983694, 0.00280012, 0.98913, 0.20261
7657.15, 0.982842, 0.00279806, 0.98791, 0.210485
7657.16, 0.981624, 0.00279494, 0.98654, 0.219077
7657.17, 0.979511, 0.00279009, 0.98504, 0.227668
7657.18, 0.976329, 0.00278332, 0.98342, 0.238407
7657.19, 0.972557, 0.00277533, 0.98175, 0.24843
7657.2, 0.968746, 0.00276697, 0.98007, 0.260601
7657.21, 0.965516, 0.00275978, 0.97844, 0.273488
7657.22, 0.963515, 0.00275561, 0.97692, 0.288523
7657.23, 0.962867, 0.00275484, 0.97555, 0.304989
7657.24, 0.962812, 0.00275538, 0.97437, 0.322172
7657.25, 0.962618, 0.00275521, 0.9734, 0.342934
7657.26, 0.962395, 0.00275455, 0.97266, 0.365128
7657.27, 0.962617, 0.00275458, 0.97213, 0.390902
7657.28, 0.963445, 0.00275589, 0.97179, 0.419539
7657.29, 0.964529, 0.00275804, 0.97158, 0.452472
7657.3, 0.965488, 0.00276046, 0.97145, 0.490417
7657.31, 0.96605, 0.00276221, 0.9713, 0.533373
7657.32, 0.965987, 0.00276222, 0.97105, 0.584205
7657.33, 0.965169, 0.00276003, 0.97057, 0.643627
7657.34, 0.963614, 0.00275613, 0.96972, 0.712357
7657.35, 0.961349, 0.00275103, 0.96837, 0.791826
7657.36, 0.958379, 0.00274486, 0.96634, 0.884898
7657.37, 0.954698, 0.00273758, 0.96342, 0.989425
7657.38, 0.950232, 0.00272884, 0.95941, 1.10684
7657.39, 0.944801, 0.00271781, 0.95404, 1.23571
7657.4, 0.938231, 0.00270377, 0.94706, 1.37245
7657.41, 0.930389, 0.00268677, 0.93819, 1.51635
7657.42, 0.921161, 0.0026671, 0.92717, 1.66241
7657.43, 0.910398, 0.00264463, 0.9138, 1.80846
7657.44, 0.897915, 0.00261855, 0.89794, 1.95164
7657.45, 0.883497, 0.00258809, 0.87955, 2.08696
7657.46, 0.866801, 0.00255263, 0.85871, 2.21439
7657.47, 0.847451, 0.00251168, 0.83563, 2.33181
7657.48, 0.825351, 0.00246501, 0.81063, 2.4392
7657.49, 0.800767, 0.00241276, 0.78416, 2.53442
7657.5, 0.77403, 0.00235533, 0.75675, 2.62033
7657.51, 0.745691, 0.00229416, 0.72899, 2.69622
7657.52, 0.716371, 0.002231, 0.70154, 2.76352
7657.53, 0.686725, 0.00216727, 0.67506, 2.82294
7657.54, 0.657455, 0.00210394, 0.65024, 2.87449
7657.55, 0.629381, 0.00204238, 0.62773, 2.92102
7657.56, 0.603899, 0.00198585, 0.60812, 2.96112
7657.57, 0.582557, 0.00193812, 0.59196, 2.99405
7657.58, 0.566539, 0.00190209, 0.57969, 3.01982
7657.59, 0.556616, 0.00187963, 0.57164, 3.03772
7657.6, 0.553445, 0.00187234, 0.56803, 3.04631
7657.61, 0.557252, 0.00188075, 0.56897, 3.04631
7657.62, 0.568099, 0.00190498, 0.57444, 3.03629
7657.63, 0.584793, 0.00194226, 0.58428, 3.01839
7657.64, 0.604833, 0.00198679, 0.59824, 2.9919
7657.65, 0.625955, 0.00203336, 0.61592, 2.95825
7657.66, 0.647084, 0.0020796, 0.63684, 2.91744
7657.67, 0.667495, 0.00212401, 0.66045, 2.87019
7657.68, 0.687587, 0.00216753, 0.6861, 2.8165
7657.69, 0.708848, 0.00221348, 0.71313, 2.75493
7657.7, 0.732329, 0.00226418, 0.74086, 2.68476
7657.71, 0.757307, 0.00231797, 0.76862, 2.60601
7657.72, 0.782702, 0.00237235, 0.79578, 2.51652
7657.73, 0.80844, 0.00242712, 0.82177, 2.41629
7657.74, 0.835355, 0.00248405, 0.84608, 2.30603
7657.75, 0.863479, 0.00254332, 0.86833, 2.18432
7657.76, 0.890025, 0.00259929, 0.88826, 2.05331
7657.77, 0.911768, 0.00264544, 0.90571, 1.91442
7657.78, 0.928111, 0.0026804, 0.92067, 1.76908
7657.79, 0.940648, 0.00270718, 0.93324, 1.62231
7657.8, 0.950697, 0.00272826, 0.94361, 1.47555
7657.81, 0.958518, 0.00274432, 0.95205, 1.33451
7657.82, 0.964197, 0.00275571, 0.95883, 1.19991
7657.83, 0.968247, 0.0027637, 0.96425, 1.07462
7657.84, 0.971514, 0.00277027, 0.96857, 0.962219
7657.85, 0.97459, 0.00277679, 0.97204, 0.862704
7657.86, 0.97732, 0.00278273, 0.97485, 0.77536
7657.87, 0.979438, 0.00278732, 0.97716, 0.700186
7657.88, 0.980953, 0.00279056, 0.97908, 0.636468
7657.89, 0.982066, 0.00279298, 0.98071, 0.580625
7657.9, 0.983038, 0.00279517, 0.9821, 0.533373
7657.91, 0.984263, 0.00279767, 0.98332, 0.492565
7657.92, 0.986101, 0.00280099, 0.9844, 0.457484
7657.93, 0.988197, 0.00280454, 0.98535, 0.426698
7657.94, 0.989737, 0.00280706, 0.98622, 0.399493
7657.95, 0.9904, 0.00280821, 0.987, 0.375151
7657.96, 0.991041, 0.00280984, 0.98771, 0.353673
7657.97, 0.992574, 0.00281386, 0.98837, 0.334343
7657.98, 0.994698, 0.00281931, 0.98897, 0.315728
7657.99, 0.996393, 0.00282349, 0.98952, 0.299262
7658, 0.997145, 0.00282509, 0.99004, 0.284943
7658.01, 0.99755, 0.00282563, 0.99051, 0.27134
7658.02, 0.998268, 0.00282687, 0.99095, 0.258453
7658.03, 0.999233, 0.00282872, 0.99135, 0.247714
7658.04, 0.999989, 0.00283013, 0.99172, 0.236975
7658.05, 1.00037, 0.00283073, 0.99205, 0.226952
7658.06, 1.00078, 0.00283154, 0.99236, 0.217645
7658.07, 1.00161, 0.00283354, 0.99263, 0.208338
7658.08, 1.00259, 0.00283591, 0.99288, 0.19903
7658.09, 1.00309, 0.00283701, 0.99309, 0.188291
7658.1, 1.00297, 0.0028364, 0.9933, 0.17612
7658.11, 1.00294, 0.00283585, 0.99349, 0.161086
7658.12, 1.00362, 0.00283699, 0.9937, 0.143187
7658.13, 1.0046, 0.00283902, 0.99394, 0.122425
7658.14, 1.00498, 0.00284005, 0.99426, 0.0987993
7658.15, 1.00441, 0.0028392, 0.99467, 0.0758893
7658.16, 1.00338, 0.00283727, 0.99521, 0.0544112
7658.17, 1.00245, 0.00283518, 1, 0
7658.18, 1.00175, 0.00283351, 1, 0
7658.19, 1.0013, 0.00283276, 1, 0
7658.2, 1.00106, 0.002833, 1, 0
7658.21, 1.00092, 0.00283379, 1, 0
7658.22, 1.00072, 0.00283426, 1, 0
7658.23, 1.0005, 0.00283466, 1, 0
7658.24, 1.00029, 0.00283507, 1, 0
7658.25, 1.00008, 0.00283547, 1, 0
