wav, obs, sigma_obs, syn, weight
7758.81, 0.998672, 0.00282306, 1, 0
7758.82, 0.998879, 0.00282354, 1, 0
7758.83, 0.999038, 0.00282421, 1, 0
7758.84, 0.999065, 0.00282469, 1, 0
7758.85, 0.998859, 0.00282442, 1, 0
7758.86, 0.99847, 0.00282346, 1, 0
7758.87, 0.998163, 0.00282266, 1, 0
7758.88, 0.998151, 0.00282274, 1, 0
7758.89, 0.998283, 0.00282334, 1, 0
7758.9, 0.998288, 0.00282372, 0.99897, 0.0764504
7758.91, 0.998025, 0.0028235, 0.99855, 0.107597
7758.92, 0.997512, 0.00282268, 0.99808, 0.141575
7758.93, 0.996842, 0.00282144, 0.99759, 0.176969
7758.94, 0.996412, 0.00282058, 0.99713, 0.209531
7758.95, 0.996683, 0.00282102, 0.99671, 0.240677
7758.96, 0.997527, 0.00282255, 0.99633, 0.267577
7758.97, 0.998165, 0.00282362, 0.99599, 0.29306
7758.98, 0.998023, 0.00282314, 0.99568, 0.315712
7758.99, 0.997512, 0.00282199, 0.99539, 0.338364
7759, 0.997276, 0.00282155, 0.99509, 0.363847
7759.01, 0.997458, 0.00282205, 0.99477, 0.390747
7759.02, 0.997718, 0.00282263, 0.99444, 0.419062
7759.03, 0.997771, 0.00282258, 0.99408, 0.45304
7759.04, 0.997608, 0.00282199, 0.99367, 0.489849
7759.05, 0.997282, 0.00282109, 0.99322, 0.533737
7759.06, 0.996801, 0.00281994, 0.99271, 0.580457
7759.07, 0.996144, 0.00281846, 0.99213, 0.634255
7759.08, 0.995301, 0.00281658, 0.99147, 0.696548
7759.09, 0.994313, 0.00281444, 0.99071, 0.767336
7759.1, 0.993234, 0.0028122, 0.98984, 0.846618
7759.11, 0.992149, 0.00281007, 0.98885, 0.937226
7759.12, 0.991169, 0.00280833, 0.98772, 1.03916
7759.13, 0.990303, 0.00280696, 0.98645, 1.15242
7759.14, 0.989278, 0.00280529, 0.98503, 1.27559
7759.15, 0.987805, 0.00280258, 0.98347, 1.41009
7759.16, 0.985953, 0.00279885, 0.98177, 1.55449
7759.17, 0.984035, 0.00279468, 0.97997, 1.70598
7759.18, 0.982201, 0.00279039, 0.97808, 1.86313
7759.19, 0.980214, 0.00278581, 0.97614, 2.02452
7759.2, 0.977817, 0.00278072, 0.97418, 2.18592
7759.21, 0.975145, 0.00277533, 0.97226, 2.34448
7759.22, 0.972557, 0.00277011, 0.97041, 2.49597
7759.23, 0.970288, 0.00276539, 0.96868, 2.63754
7759.24, 0.968302, 0.00276116, 0.9671, 2.76637
7759.25, 0.966548, 0.00275742, 0.96571, 2.88105
7759.26, 0.965147, 0.00275449, 0.96455, 2.9759
7759.27, 0.964306, 0.00275283, 0.96363, 3.05235
7759.28, 0.964126, 0.00275267, 0.96298, 3.10474
7759.29, 0.964515, 0.0027538, 0.96261, 3.13588
7759.3, 0.96534, 0.00275588, 0.96252, 3.14296
7759.31, 0.966274, 0.00275812, 0.96272, 3.12739
7759.32, 0.966914, 0.00275948, 0.96321, 3.08633
7759.33, 0.967235, 0.00275993, 0.96397, 3.02404
7759.34, 0.967805, 0.00276092, 0.96499, 2.93909
7759.35, 0.969106, 0.00276369, 0.96624, 2.83716
7759.36, 0.970775, 0.00276733, 0.96771, 2.71682
7759.37, 0.97214, 0.00277013, 0.96936, 2.58233
7759.38, 0.973085, 0.0027718, 0.97116, 2.4365
7759.39, 0.974245, 0.002774, 0.97306, 2.28219
7759.4, 0.976132, 0.00277806, 0.97502, 2.12079
7759.41, 0.978322, 0.00278293, 0.977, 1.9594
7759.42, 0.980106, 0.00278687, 0.97897, 1.79942
7759.43, 0.981358, 0.00278954, 0.98087, 1.64368
7759.44, 0.982643, 0.00279229, 0.98269, 1.49503
7759.45, 0.984374, 0.00279614, 0.9844, 1.35487
7759.46, 0.986113, 0.00280001, 0.98597, 1.22462
7759.47, 0.987209, 0.00280235, 0.9874, 1.1057
7759.48, 0.987618, 0.00280305, 0.98869, 0.998103
7759.49, 0.987911, 0.0028035, 0.98984, 0.901832
7759.5, 0.988544, 0.00280482, 0.99085, 0.815471
7759.51, 0.989413, 0.00280667, 0.99174, 0.739021
7759.52, 0.990284, 0.00280843, 0.99251, 0.672481
7759.53, 0.99097, 0.00280975, 0.99318, 0.614435
7759.54, 0.991325, 0.00281058, 0.99376, 0.562052
7759.55, 0.99131, 0.00281097, 0.99427, 0.516748
7759.56, 0.991229, 0.00281132, 0.99471, 0.477107
7759.57, 0.991425, 0.00281204, 0.9951, 0.440298
7759.58, 0.991822, 0.00281298, 0.99545, 0.410567
7759.59, 0.992019, 0.0028136, 0.99576, 0.380836
7759.6, 0.991822, 0.0028136, 0.99603, 0.356769
7759.61, 0.991605, 0.0028135, 0.99628, 0.332701
7759.62, 0.991799, 0.0028139, 0.99651, 0.31288
7759.63, 0.992326, 0.00281479, 0.99674, 0.29306
7759.64, 0.992776, 0.00281574, 0.99696, 0.271824
7759.65, 0.992995, 0.00281663, 0.99721, 0.249172
7759.66, 0.993426, 0.00281802, 0.99748, 0.223688
7759.67, 0.994516, 0.00282044, 0.99779, 0.195373
7759.68, 0.995908, 0.00282319, 0.99814, 0.165643
7759.69, 0.996799, 0.00282488, 0.9985, 0.131665
7759.7, 0.996839, 0.00282497, 0.99886, 0.101934
7759.71, 0.996574, 0.00282463, 0.99919, 0.0722032
7759.72, 0.99658, 0.00282505, 1, 0
7759.73, 0.996828, 0.00282604, 1, 0
7759.74, 0.996998, 0.00282682, 1, 0
7759.75, 0.99693, 0.00282695, 1, 0
7759.76, 0.996719, 0.0028267, 1, 0
7759.77, 0.99658, 0.00282665, 1, 0
7759.78, 0.996461, 0.00282665, 1, 0
7759.79, 0.996343, 0.00282665, 1, 0
7759.8, 0.996224, 0.00282665, 1, 0
