wav, obs, sigma_obs, syn, weight
7810.4, 1.00225, 0.00439419, 1, 0
7810.41, 1.00241, 0.00439543, 1, 0
7810.42, 1.00301, 0.00439815, 1, 0
7810.43, 1.00432, 0.00440323, 1, 0
7810.44, 1.00475, 0.0044047, 1, 0
7810.45, 1.00281, 0.00439741, 1, 0
7810.46, 1.00039, 0.00438929, 1, 0
7810.47, 0.999591, 0.00438872, 0.99911, 0.0124566
7810.48, 1.00024, 0.00439298, 0.99861, 0.0256917
7810.49, 1.00141, 0.00439711, 0.99805, 0.0451551
7810.5, 1.00143, 0.00439711, 0.99751, 0.0708468
7810.51, 0.999676, 0.00439223, 0.99706, 0.0996526
7810.52, 0.998406, 0.0043894, 0.99671, 0.126901
7810.53, 0.998798, 0.00439195, 0.99646, 0.149479
7810.54, 0.998931, 0.00439337, 0.99627, 0.167385
7810.55, 0.997913, 0.00439076, 0.9961, 0.179842
7810.56, 0.997289, 0.00438953, 0.99593, 0.188406
7810.57, 0.997437, 0.00439091, 0.99575, 0.196191
7810.58, 0.996715, 0.00438882, 0.99553, 0.203198
7810.59, 0.995017, 0.00438315, 0.99526, 0.210205
7810.6, 0.994266, 0.00438149, 0.99491, 0.216433
7810.61, 0.994526, 0.00438403, 0.99446, 0.224218
7810.62, 0.993866, 0.00438305, 0.99383, 0.231225
7810.63, 0.991862, 0.00437705, 0.99297, 0.238232
7810.64, 0.989494, 0.00437026, 0.99178, 0.245239
7810.65, 0.98761, 0.00436524, 0.99013, 0.251467
7810.66, 0.986796, 0.0043629, 0.98793, 0.257695
7810.67, 0.986164, 0.00436043, 0.98504, 0.263145
7810.68, 0.98411, 0.00435335, 0.98138, 0.268595
7810.69, 0.98082, 0.00434296, 0.97692, 0.274045
7810.7, 0.97729, 0.00433302, 0.97165, 0.278716
7810.71, 0.973623, 0.00432311, 0.96566, 0.283387
7810.72, 0.969519, 0.00431115, 0.95911, 0.288837
7810.73, 0.964616, 0.00429554, 0.9522, 0.295065
7810.74, 0.958632, 0.00427549, 0.94519, 0.302851
7810.75, 0.951777, 0.00425288, 0.93834, 0.311414
7810.76, 0.944417, 0.00422995, 0.93192, 0.323092
7810.77, 0.936972, 0.00420689, 0.92615, 0.337106
7810.78, 0.929975, 0.00418439, 0.92124, 0.354234
7810.79, 0.924275, 0.00416605, 0.91731, 0.373697
7810.8, 0.920423, 0.00415446, 0.91447, 0.397832
7810.81, 0.918025, 0.00414805, 0.91277, 0.425081
7810.82, 0.917047, 0.00414615, 0.91223, 0.456222
7810.83, 0.918567, 0.00415145, 0.91285, 0.492813
7810.84, 0.922947, 0.0041651, 0.91458, 0.534076
7810.85, 0.929008, 0.0041846, 0.91737, 0.580009
7810.86, 0.935722, 0.00420717, 0.92108, 0.632171
7810.87, 0.942537, 0.00423027, 0.92556, 0.69134
7810.88, 0.948962, 0.00425194, 0.93061, 0.756737
7810.89, 0.954543, 0.004271, 0.93595, 0.829919
7810.9, 0.958974, 0.00428624, 0.9413, 0.912444
7810.91, 0.962104, 0.00429644, 0.94637, 1.00431
7810.92, 0.96399, 0.00430217, 0.95086, 1.10474
7810.93, 0.964864, 0.00430545, 0.95454, 1.21607
7810.94, 0.965077, 0.00430732, 0.95721, 1.33752
7810.95, 0.964999, 0.00430794, 0.95875, 1.4691
7810.96, 0.964383, 0.00430647, 0.95913, 1.61157
7810.97, 0.962715, 0.00430171, 0.95836, 1.76338
7810.98, 0.960384, 0.00429476, 0.95651, 1.92376
7810.99, 0.958086, 0.00428745, 0.9537, 2.09115
7811, 0.955471, 0.00427847, 0.95007, 2.26398
7811.01, 0.951839, 0.00426572, 0.94577, 2.43993
7811.02, 0.946964, 0.00424965, 0.94096, 2.61822
7811.03, 0.94102, 0.00423184, 0.9358, 2.79417
7811.04, 0.935248, 0.00421518, 0.93045, 2.96622
7811.05, 0.930561, 0.00420122, 0.92508, 3.13127
7811.06, 0.92564, 0.00418552, 0.91985, 3.2862
7811.07, 0.919494, 0.00416526, 0.91492, 3.42945
7811.08, 0.913535, 0.00414606, 0.91043, 3.55557
7811.09, 0.909023, 0.00413243, 0.90654, 3.66379
7811.1, 0.905813, 0.00412261, 0.90336, 3.75099
7811.11, 0.903619, 0.00411509, 0.90098, 3.81638
7811.12, 0.902275, 0.00411073, 0.89949, 3.85609
7811.13, 0.901927, 0.0041105, 0.89892, 3.87088
7811.14, 0.903178, 0.00411514, 0.8993, 3.86076
7811.15, 0.90584, 0.00412372, 0.90061, 3.82495
7811.16, 0.908664, 0.00413323, 0.90279, 3.76422
7811.17, 0.911484, 0.00414336, 0.90578, 3.68092
7811.18, 0.915359, 0.0041568, 0.90947, 3.57582
7811.19, 0.920348, 0.00417349, 0.91374, 3.45203
7811.2, 0.925547, 0.00419082, 0.91846, 3.31189
7811.21, 0.930203, 0.0042064, 0.92349, 3.15774
7811.22, 0.933816, 0.00421848, 0.92869, 2.99425
7811.23, 0.937135, 0.00422965, 0.93393, 2.82297
7811.24, 0.941469, 0.00424443, 0.93908, 2.64858
7811.25, 0.946271, 0.00426062, 0.94405, 2.47185
7811.26, 0.950169, 0.00427325, 0.94875, 2.29668
7811.27, 0.952758, 0.00428171, 0.95313, 2.12696
7811.28, 0.954195, 0.0042874, 0.95716, 1.96269
7811.29, 0.955497, 0.00429234, 0.96083, 1.80698
7811.3, 0.957654, 0.00429841, 0.96413, 1.66062
7811.31, 0.960259, 0.00430598, 0.9671, 1.52437
7811.32, 0.962727, 0.0043148, 0.96975, 1.40059
7811.33, 0.965175, 0.00432382, 0.97213, 1.28614
7811.34, 0.967662, 0.00433206, 0.97427, 1.18415
7811.35, 0.969636, 0.00433922, 0.97622, 1.09151
7811.36, 0.971007, 0.00434573, 0.978, 1.00898
7811.37, 0.972988, 0.00435327, 0.97965, 0.935022
7811.38, 0.975948, 0.00436209, 0.98118, 0.869625
7811.39, 0.97836, 0.00436934, 0.98262, 0.809677
7811.4, 0.9795, 0.00437364, 0.98396, 0.757516
7811.41, 0.980197, 0.00437635, 0.98522, 0.709246
7811.42, 0.981099, 0.00437921, 0.98638, 0.666427
7811.43, 0.982456, 0.0043841, 0.98745, 0.626722
7811.44, 0.984059, 0.00439026, 0.98843, 0.591687
7811.45, 0.985284, 0.00439444, 0.98931, 0.558989
7811.46, 0.985956, 0.00439614, 0.99011, 0.529405
7811.47, 0.986318, 0.00439732, 0.99081, 0.502156
7811.48, 0.986849, 0.00439956, 0.99143, 0.476464
7811.49, 0.988098, 0.00440392, 0.99198, 0.453108
7811.5, 0.989699, 0.00440952, 0.99246, 0.431309
7811.51, 0.99086, 0.00441443, 0.99289, 0.411067
7811.52, 0.991514, 0.00441751, 0.99327, 0.391604
7811.53, 0.991949, 0.00441841, 0.99361, 0.373697
7811.54, 0.992555, 0.00441961, 0.99392, 0.357348
7811.55, 0.993553, 0.00442344, 0.99419, 0.342556
7811.56, 0.994163, 0.00442686, 0.99445, 0.327764
7811.57, 0.993728, 0.00442672, 0.99468, 0.31375
7811.58, 0.993177, 0.00442581, 0.99489, 0.300515
7811.59, 0.993433, 0.00442701, 0.99509, 0.288058
7811.6, 0.994244, 0.00442922, 0.99527, 0.277159
7811.61, 0.99511, 0.00443127, 0.99544, 0.266259
7811.62, 0.995479, 0.00443348, 0.9956, 0.256138
7811.63, 0.99527, 0.00443585, 0.99575, 0.246796
7811.64, 0.995345, 0.00443718, 0.99588, 0.237453
7811.65, 0.996082, 0.00443745, 0.99602, 0.22889
7811.66, 0.996936, 0.00443866, 0.99614, 0.221104
7811.67, 0.997438, 0.00444103, 0.99626, 0.21254
7811.68, 0.997352, 0.00444239, 0.99637, 0.204755
7811.69, 0.997043, 0.00444265, 0.99649, 0.193855
7811.7, 0.997431, 0.0044439, 0.99661, 0.179842
7811.71, 0.998249, 0.00444573, 0.99677, 0.161157
7811.72, 0.998278, 0.00444564, 0.99699, 0.136244
7811.73, 0.997445, 0.00444306, 0.9973, 0.106659
7811.74, 0.99652, 0.00443913, 0.99771, 0.075518
7811.75, 0.996446, 0.00443821, 0.9982, 0.0482692
7811.76, 0.997983, 0.00444501, 0.99872, 0.0272488
7811.77, 0.999793, 0.00445347, 0.99918, 0.0132351
7811.78, 1.00002, 0.00445469, 1, 0
7811.79, 0.999404, 0.00445216, 1, 0
7811.8, 0.999319, 0.0044524, 1, 0
7811.81, 0.999868, 0.00445522, 1, 0
7811.82, 1.00079, 0.0044588, 1, 0
7811.83, 1.00188, 0.00446259, 1, 0
7811.84, 1.00288, 0.00446627, 1, 0
