wav, obs, sigma_obs, syn, weight
7948.78, 0.976142, 0.00289775, 1, 0
7948.79, 0.974986, 0.00289528, 1, 0
7948.8, 0.974764, 0.00289483, 1, 0
7948.81, 0.975849, 0.0028972, 1, 0
7948.82, 0.977877, 0.0029016, 1, 0
7948.83, 0.980308, 0.00290686, 1, 0
7948.84, 0.98279, 0.00291223, 1, 0
7948.85, 0.985244, 0.00291756, 1, 0
7948.86, 0.987624, 0.00292278, 1, 0
7948.87, 0.990011, 0.00292803, 1, 0
7948.88, 0.992558, 0.0029336, 0.99904, 0.147139
7948.89, 0.995254, 0.00293943, 0.99897, 0.196185
7948.9, 0.997562, 0.00294438, 0.9989, 0.245232
7948.91, 0.998863, 0.00294712, 0.99881, 0.282016
7948.92, 0.999196, 0.00294776, 0.99871, 0.343324
7948.93, 0.999391, 0.00294809, 0.9986, 0.392371
7948.94, 1.00019, 0.00294972, 0.99846, 0.441417
7948.95, 1.00127, 0.00295205, 0.9983, 0.502725
7948.96, 1.00181, 0.00295342, 0.99809, 0.551771
7948.97, 1.00136, 0.00295287, 0.99782, 0.613079
7948.98, 1.00041, 0.00295122, 0.99744, 0.686649
7948.99, 0.99955, 0.00294951, 0.9969, 0.760218
7949, 0.998841, 0.00294792, 0.99609, 0.846049
7949.01, 0.997772, 0.00294569, 0.99487, 0.93188
7949.02, 0.995864, 0.00294205, 0.99308, 1.02997
7949.03, 0.992995, 0.00293639, 0.99048, 1.14033
7949.04, 0.989174, 0.00292813, 0.98681, 1.25068
7949.05, 0.98427, 0.00291681, 0.98181, 1.38556
7949.06, 0.977833, 0.00290218, 0.97528, 1.50817
7949.07, 0.969411, 0.00288403, 0.96712, 1.64305
7949.08, 0.959095, 0.00286253, 0.95738, 1.77793
7949.09, 0.947434, 0.00283816, 0.94634, 1.92507
7949.1, 0.93499, 0.00281156, 0.93454, 2.05995
7949.11, 0.92232, 0.00278404, 0.92269, 2.18256
7949.12, 0.909986, 0.00275715, 0.91168, 2.30518
7949.13, 0.898929, 0.00273311, 0.90244, 2.42779
7949.14, 0.890762, 0.00271533, 0.89582, 2.51362
7949.15, 0.88706, 0.00270716, 0.89242, 2.61172
7949.16, 0.888085, 0.00270922, 0.89257, 2.66076
7949.17, 0.89319, 0.00272028, 0.89623, 2.70981
7949.18, 0.90165, 0.00273889, 0.90301, 2.73433
7949.19, 0.912501, 0.00276281, 0.91221, 2.73433
7949.2, 0.924719, 0.00278961, 0.92301, 2.70981
7949.21, 0.937379, 0.00281723, 0.93448, 2.68529
7949.22, 0.949697, 0.00284417, 0.94581, 2.61172
7949.23, 0.960937, 0.00286896, 0.95633, 2.53815
7949.24, 0.97069, 0.00289056, 0.96559, 2.45232
7949.25, 0.978736, 0.00290811, 0.97337, 2.35422
7949.26, 0.984952, 0.00292113, 0.97964, 2.23161
7949.27, 0.989517, 0.00293032, 0.98451, 2.09673
7949.28, 0.99267, 0.00293662, 0.98819, 1.96185
7949.29, 0.994733, 0.00294086, 0.9909, 1.81471
7949.3, 0.996118, 0.00294376, 0.99287, 1.67984
7949.31, 0.997182, 0.00294595, 0.99429, 1.5327
7949.32, 0.997827, 0.00294726, 0.99531, 1.3733
7949.33, 0.997748, 0.00294716, 0.99607, 1.25068
7949.34, 0.996904, 0.00294562, 0.99664, 1.12807
7949.35, 0.99593, 0.00294382, 0.99707, 0.993188
7949.36, 0.995535, 0.00294306, 0.99742, 0.895095
7949.37, 0.995766, 0.0029435, 0.99771, 0.784741
7949.38, 0.996024, 0.0029442, 0.99795, 0.69891
7949.39, 0.995828, 0.0029444, 0.99815, 0.625341
7949.4, 0.995518, 0.00294456, 0.99832, 0.551771
7949.41, 0.99573, 0.00294566, 0.99847, 0.490463
7949.42, 0.996756, 0.00294807, 0.9986, 0.429155
7949.43, 0.998186, 0.00295111, 0.99871, 0.392371
7949.44, 0.999545, 0.00295397, 0.99881, 0.343324
7949.45, 1.00069, 0.00295634, 0.9989, 0.282016
7949.46, 1.00173, 0.00295831, 0.99897, 0.23297
7949.47, 1.00276, 0.00296001, 0.99904, 0.183924
7949.48, 1.00383, 0.00296185, 0.9991, 0.134877
7949.49, 1.00493, 0.00296429, 1, 0
7949.5, 1.00597, 0.00296714, 1, 0
7949.51, 1.0066, 0.0029692, 1, 0
7949.52, 1.00656, 0.00296934, 1, 0
7949.53, 1.00612, 0.00296818, 1, 0
7949.54, 1.00594, 0.00296747, 1, 0
7949.55, 1.00649, 0.0029685, 1, 0
7949.56, 1.00757, 0.00297083, 1, 0
7949.57, 1.0087, 0.00297328, 1, 0
7949.58, 1.00961, 0.00297519, 1, 0
