wav, obs, sigma_obs, syn, weight
8047.31, 0.986465, 0.00300775, 1, 0
8047.32, 0.985181, 0.00300525, 1, 0
8047.33, 0.984221, 0.00300316, 1, 0
8047.34, 0.98383, 0.00300178, 1, 0
8047.35, 0.984195, 0.00300174, 1, 0
8047.36, 0.985452, 0.00300388, 1, 0
8047.37, 0.987662, 0.00300876, 1, 0
8047.38, 0.990397, 0.0030152, 1, 0
8047.39, 0.993033, 0.00302129, 1, 0
8047.4, 0.995077, 0.0030256, 1, 0
8047.41, 0.996419, 0.00302809, 0.99678, 0.105764
8047.42, 0.997014, 0.00302898, 0.99635, 0.141019
8047.43, 0.996813, 0.00302833, 0.99563, 0.179799
8047.44, 0.99576, 0.00302601, 0.9944, 0.215053
8047.45, 0.993763, 0.00302177, 0.99231, 0.246782
8047.46, 0.990322, 0.00301435, 0.98883, 0.274986
8047.47, 0.984658, 0.00300175, 0.98329, 0.292614
8047.48, 0.976032, 0.00298217, 0.97482, 0.30319
8047.49, 0.963935, 0.00295477, 0.96248, 0.313766
8047.5, 0.94793, 0.00291901, 0.94534, 0.320817
8047.51, 0.92757, 0.00287408, 0.92266, 0.327868
8047.52, 0.902377, 0.0028185, 0.89417, 0.338445
8047.53, 0.871903, 0.00275078, 0.86017, 0.359597
8047.54, 0.836531, 0.00267145, 0.82168, 0.384276
8047.55, 0.797576, 0.0025833, 0.78042, 0.426581
8047.56, 0.7565, 0.00248949, 0.7386, 0.486514
8047.57, 0.715692, 0.00239568, 0.6987, 0.564074
8047.58, 0.678043, 0.00230883, 0.66313, 0.666313
8047.59, 0.646385, 0.00223571, 0.63398, 0.782653
8047.6, 0.623288, 0.00218219, 0.61288, 0.923672
8047.61, 0.611243, 0.00215393, 0.60089, 1.08232
8047.62, 0.611638, 0.0021542, 0.59857, 1.25859
8047.63, 0.623837, 0.00218198, 0.60595, 1.44544
8047.64, 0.646927, 0.00223564, 0.62263, 1.63934
8047.65, 0.678848, 0.00231013, 0.64767, 1.83677
8047.66, 0.716507, 0.00239744, 0.67965, 2.03067
8047.67, 0.756835, 0.00248967, 0.71666, 2.22104
8047.68, 0.797141, 0.00258084, 0.75643, 2.39732
8047.69, 0.834901, 0.00266572, 0.79659, 2.56301
8047.7, 0.8681, 0.00274015, 0.83488, 2.71108
8047.71, 0.896292, 0.00280308, 0.86949, 2.838
8047.72, 0.919338, 0.00285412, 0.89922, 2.94729
8047.73, 0.937502, 0.00289396, 0.92357, 3.0319
8047.74, 0.951624, 0.00292489, 0.94262, 3.08831
8047.75, 0.96257, 0.00294924, 0.95696, 3.12004
8047.76, 0.970937, 0.00296818, 0.96739, 3.12356
8047.77, 0.977132, 0.00298211, 0.97482, 3.09888
8047.78, 0.981584, 0.00299154, 0.98006, 3.046
8047.79, 0.984863, 0.00299802, 0.98379, 2.96139
8047.8, 0.987584, 0.00300341, 0.9865, 2.8521
8047.81, 0.990121, 0.00300882, 0.98857, 2.71461
8047.82, 0.992278, 0.0030136, 0.99019, 2.55949
8047.83, 0.993787, 0.00301689, 0.99153, 2.38674
8047.84, 0.994726, 0.00301872, 0.99264, 2.20694
8047.85, 0.995568, 0.0030202, 0.99357, 2.01657
8047.86, 0.996742, 0.00302235, 0.99436, 1.82972
8047.87, 0.998072, 0.00302487, 0.99501, 1.64639
8047.88, 0.999047, 0.00302679, 0.99556, 1.47364
8047.89, 0.999342, 0.00302743, 0.99602, 1.31147
8047.9, 0.999407, 0.0030275, 0.99641, 1.15988
8047.91, 0.999881, 0.00302806, 0.99673, 1.02591
8047.92, 1.00097, 0.00302954, 0.99701, 0.90957
8047.93, 1.00211, 0.00303124, 0.99724, 0.803806
8047.94, 1.00267, 0.00303237, 0.99744, 0.712144
8047.95, 1.00261, 0.00303278, 0.99762, 0.627533
8047.96, 1.00244, 0.00303286, 0.99777, 0.553498
8047.97, 1.00261, 0.00303299, 0.99791, 0.486514
8047.98, 1.00307, 0.00303333, 0.99802, 0.423056
8047.99, 1.00354, 0.00303396, 0.99813, 0.359597
8048, 1.00386, 0.00303493, 0.99822, 0.296139
8048.01, 1.00416, 0.00303612, 0.9983, 0.236206
8048.02, 1.00465, 0.0030374, 0.99837, 0.179799
8048.03, 1.00529, 0.00303851, 0.99844, 0.133968
8048.04, 1.00574, 0.00303901, 1, 0
8048.05, 1.00565, 0.00303852, 1, 0
8048.06, 1.00513, 0.00303728, 1, 0
8048.07, 1.00456, 0.003036, 1, 0
8048.08, 1.00429, 0.00303525, 1, 0
8048.09, 1.00428, 0.00303496, 1, 0
8048.1, 1.00434, 0.00303483, 1, 0
8048.11, 1.00428, 0.00303446, 1, 0
8048.12, 1.00421, 0.00303409, 1, 0
8048.13, 1.00415, 0.00303371, 1, 0
