wav, obs, sigma_obs, syn, weight
8212.14, 0.97729, 0.00370933, 1, 0
8212.15, 0.979158, 0.00371476, 1, 0
8212.16, 0.981025, 0.0037202, 1, 0
8212.17, 0.982893, 0.00372563, 1, 0
8212.18, 0.985143, 0.00373205, 1, 0
8212.19, 0.987007, 0.00373747, 1, 0
8212.2, 0.987673, 0.00373979, 1, 0
8212.21, 0.98734, 0.00373948, 1, 0
8212.22, 0.986981, 0.00373895, 0.98681, 0.0172117
8212.23, 0.987211, 0.00373982, 0.98653, 0.0302927
8212.24, 0.98804, 0.00374241, 0.98623, 0.0481929
8212.25, 0.989224, 0.00374622, 0.9859, 0.0709124
8212.26, 0.989953, 0.00374891, 0.98554, 0.0956973
8212.27, 0.989533, 0.0037484, 0.98517, 0.119794
8212.28, 0.988383, 0.00374584, 0.98476, 0.139759
8212.29, 0.987249, 0.00374328, 0.98432, 0.156283
8212.3, 0.986559, 0.00374196, 0.98384, 0.168675
8212.31, 0.986535, 0.00374256, 0.98331, 0.178314
8212.32, 0.986944, 0.00374431, 0.98273, 0.185887
8212.33, 0.987097, 0.00374494, 0.98209, 0.192083
8212.34, 0.986674, 0.0037436, 0.98137, 0.197591
8212.35, 0.986026, 0.00374189, 0.98059, 0.203099
8212.36, 0.985471, 0.00374115, 0.97974, 0.209295
8212.37, 0.985, 0.00374101, 0.97883, 0.216179
8212.38, 0.984572, 0.0037409, 0.97788, 0.223064
8212.39, 0.984315, 0.00374091, 0.97692, 0.229949
8212.4, 0.98438, 0.00374131, 0.97598, 0.236834
8212.41, 0.984489, 0.00374145, 0.97508, 0.245095
8212.42, 0.984103, 0.00374018, 0.97426, 0.253357
8212.43, 0.983207, 0.00373767, 0.97352, 0.261618
8212.44, 0.982357, 0.00373561, 0.97287, 0.26988
8212.45, 0.98195, 0.00373512, 0.97228, 0.280207
8212.46, 0.982012, 0.00373608, 0.97173, 0.289846
8212.47, 0.982371, 0.00373781, 0.97118, 0.300173
8212.48, 0.982308, 0.00373821, 0.97058, 0.311188
8212.49, 0.981161, 0.00373539, 0.96989, 0.322892
8212.5, 0.979371, 0.00373066, 0.96906, 0.335285
8212.51, 0.977762, 0.00372651, 0.96809, 0.348366
8212.52, 0.976473, 0.00372349, 0.96695, 0.362135
8212.53, 0.975167, 0.00372084, 0.96567, 0.377281
8212.54, 0.97345, 0.00371735, 0.96427, 0.392428
8212.55, 0.970871, 0.00371131, 0.96278, 0.408951
8212.56, 0.967464, 0.0037025, 0.96126, 0.426851
8212.57, 0.964251, 0.00369382, 0.95973, 0.44544
8212.58, 0.961969, 0.00368742, 0.95822, 0.465405
8212.59, 0.959819, 0.0036813, 0.95673, 0.487436
8212.6, 0.956881, 0.00367316, 0.95525, 0.510156
8212.61, 0.953871, 0.00366517, 0.95373, 0.534252
8212.62, 0.952092, 0.00366108, 0.95212, 0.560414
8212.63, 0.951321, 0.00365999, 0.95039, 0.588641
8212.64, 0.950236, 0.00365763, 0.94849, 0.618934
8212.65, 0.948484, 0.00365304, 0.94638, 0.651981
8212.66, 0.946965, 0.00364953, 0.94405, 0.687093
8212.67, 0.946114, 0.00364855, 0.94147, 0.724958
8212.68, 0.945174, 0.00364699, 0.93865, 0.766267
8212.69, 0.943387, 0.00364195, 0.93557, 0.811017
8212.7, 0.940629, 0.00363387, 0.93221, 0.85921
8212.71, 0.936937, 0.00362385, 0.92857, 0.912222
8212.72, 0.932423, 0.00361218, 0.92462, 0.970054
8212.73, 0.927239, 0.0035988, 0.92034, 1.0327
8212.74, 0.921641, 0.00358415, 0.9157, 1.10155
8212.75, 0.915966, 0.00356901, 0.91066, 1.17591
8212.76, 0.910433, 0.00355394, 0.90518, 1.25783
8212.77, 0.905098, 0.0035392, 0.8992, 1.34596
8212.78, 0.899785, 0.00352446, 0.89267, 1.44097
8212.79, 0.893807, 0.00350817, 0.88549, 1.54148
8212.8, 0.88654, 0.00348876, 0.87757, 1.64751
8212.81, 0.877911, 0.00346548, 0.86876, 1.75766
8212.82, 0.868007, 0.00343795, 0.85891, 1.86919
8212.83, 0.857071, 0.00340724, 0.84782, 1.98142
8212.84, 0.845356, 0.00337479, 0.83531, 2.09088
8212.85, 0.832077, 0.00333846, 0.82118, 2.19691
8212.86, 0.815651, 0.00329325, 0.80525, 2.29742
8212.87, 0.79551, 0.00323721, 0.78741, 2.39105
8212.88, 0.772489, 0.0031726, 0.76763, 2.47574
8212.89, 0.746882, 0.00310021, 0.746, 2.55216
8212.9, 0.717479, 0.00301658, 0.72276, 2.61894
8212.91, 0.683057, 0.00291815, 0.69835, 2.67677
8212.92, 0.643257, 0.00280333, 0.67335, 2.72565
8212.93, 0.59804, 0.00267133, 0.64847, 2.76765
8212.94, 0.548116, 0.00252327, 0.62444, 2.80138
8212.95, 0.494606, 0.0023614, 0.60194, 2.8303
8212.96, 0.439569, 0.00219113, 0.58152, 2.85371
8212.97, 0.385826, 0.00202046, 0.56358, 2.87298
8212.98, 0.336477, 0.00185906, 0.54834, 2.88951
8212.99, 0.294967, 0.0017187, 0.53586, 2.9019
8213, 0.26403, 0.00160992, 0.52613, 2.91223
8213.01, 0.244671, 0.00153991, 0.51907, 2.92049
8213.02, 0.237383, 0.00151372, 0.51458, 2.92531
8213.03, 0.241576, 0.00152938, 0.51259, 2.92737
8213.04, 0.256248, 0.0015826, 0.51307, 2.92668
8213.05, 0.279465, 0.00166518, 0.51603, 2.92255
8213.06, 0.308844, 0.00176717, 0.52152, 2.91567
8213.07, 0.341874, 0.00187904, 0.52964, 2.90603
8213.08, 0.375976, 0.00199178, 0.54046, 2.89433
8213.09, 0.409832, 0.00210106, 0.55406, 2.87918
8213.1, 0.443841, 0.00220888, 0.57043, 2.86197
8213.11, 0.478195, 0.00231636, 0.58944, 2.84063
8213.12, 0.51232, 0.00242153, 0.61081, 2.81515
8213.13, 0.54566, 0.00252254, 0.63405, 2.78417
8213.14, 0.578186, 0.00261975, 0.65857, 2.7463
8213.15, 0.609994, 0.00271399, 0.68363, 2.70224
8213.16, 0.641054, 0.00280537, 0.70851, 2.64923
8213.17, 0.671246, 0.00289354, 0.73253, 2.58796
8213.18, 0.699963, 0.00297685, 0.75517, 2.51773
8213.19, 0.726225, 0.00305261, 0.77607, 2.43787
8213.2, 0.74971, 0.00312016, 0.79505, 2.34906
8213.21, 0.770981, 0.00318152, 0.81208, 2.25336
8213.22, 0.790345, 0.00323767, 0.82724, 2.15147
8213.23, 0.807394, 0.00328685, 0.84068, 2.04338
8213.24, 0.82187, 0.00332783, 0.85258, 1.93253
8213.25, 0.834532, 0.00336325, 0.86312, 1.82031
8213.26, 0.846234, 0.00339617, 0.87252, 1.70947
8213.27, 0.856648, 0.00342575, 0.88094, 1.60207
8213.28, 0.864987, 0.0034496, 0.88854, 1.49811
8213.29, 0.871484, 0.00346826, 0.89543, 1.39966
8213.3, 0.877137, 0.00348442, 0.90172, 1.30809
8213.31, 0.882235, 0.00349889, 0.90749, 1.22341
8213.32, 0.886136, 0.00350995, 0.91278, 1.14492
8213.33, 0.888681, 0.00351731, 0.91766, 1.07264
8213.34, 0.890891, 0.0035241, 0.92215, 1.00654
8213.35, 0.893644, 0.00353291, 0.92631, 0.945957
8213.36, 0.896665, 0.00354238, 0.93016, 0.89088
8213.37, 0.8995, 0.00355064, 0.93372, 0.839933
8213.38, 0.902364, 0.00355862, 0.93704, 0.793805
8213.39, 0.905715, 0.0035683, 0.94012, 0.75112
8213.4, 0.909447, 0.00357953, 0.94299, 0.711189
8213.41, 0.91306, 0.00359062, 0.94566, 0.6747
8213.42, 0.916437, 0.003601, 0.94816, 0.639588
8213.43, 0.919943, 0.00361149, 0.9505, 0.608607
8213.44, 0.923952, 0.00362302, 0.95268, 0.579691
8213.45, 0.928799, 0.00363654, 0.95472, 0.552153
8213.46, 0.934503, 0.00365228, 0.95664, 0.526679
8213.47, 0.93997, 0.00366778, 0.95844, 0.502583
8213.48, 0.944124, 0.00368055, 0.96014, 0.480552
8213.49, 0.947648, 0.00369185, 0.96173, 0.459898
8213.5, 0.951788, 0.00370417, 0.96324, 0.44062
8213.51, 0.956158, 0.00371648, 0.96465, 0.42272
8213.52, 0.959308, 0.00372552, 0.96599, 0.405509
8213.53, 0.960934, 0.00373083, 0.96726, 0.388985
8213.54, 0.962054, 0.00373521, 0.96845, 0.373839
8213.55, 0.963422, 0.0037405, 0.96959, 0.359381
8213.56, 0.965164, 0.0037464, 0.97066, 0.3463
8213.57, 0.967216, 0.0037523, 0.97168, 0.333908
8213.58, 0.969117, 0.00375744, 0.97264, 0.320827
8213.59, 0.970451, 0.00376127, 0.97356, 0.309811
8213.6, 0.971562, 0.00376472, 0.97444, 0.298796
8213.61, 0.972996, 0.00376915, 0.97527, 0.288469
8213.62, 0.97455, 0.00377395, 0.97606, 0.27883
8213.63, 0.975575, 0.00377746, 0.97682, 0.269192
8213.64, 0.976155, 0.00377985, 0.97754, 0.260241
8213.65, 0.977129, 0.00378321, 0.97823, 0.25198
8213.66, 0.978664, 0.00378791, 0.97888, 0.243718
8213.67, 0.979711, 0.00379118, 0.9795, 0.235457
8213.68, 0.979667, 0.00379148, 0.9801, 0.228572
8213.69, 0.979606, 0.00379183, 0.98067, 0.220999
8213.7, 0.98061, 0.00379529, 0.9812, 0.213426
8213.71, 0.982188, 0.00380056, 0.98171, 0.204475
8213.72, 0.983425, 0.00380513, 0.98219, 0.19346
8213.73, 0.984278, 0.00380856, 0.98264, 0.179002
8213.74, 0.985164, 0.00381153, 0.98305, 0.159725
8213.75, 0.98592, 0.00381368, 0.98343, 0.135628
8213.76, 0.985846, 0.00381371, 0.98378, 0.108778
8213.77, 0.985112, 0.00381234, 0.9841, 0.0798625
8213.78, 0.985268, 0.00381347, 0.98439, 0.0550776
8213.79, 0.987074, 0.003819, 0.98466, 0.0344235
8213.8, 0.98893, 0.0038248, 0.98493, 0.0192771
8213.81, 0.989303, 0.00382689, 1, 0
8213.82, 0.988744, 0.00382627, 1, 0
8213.83, 0.988306, 0.00382527, 1, 0
8213.84, 0.98818, 0.00382488, 1, 0
8213.85, 0.988128, 0.00382543, 1, 0
8213.86, 0.987896, 0.00382617, 1, 0
8213.87, 0.987227, 0.00382548, 1, 0
8213.88, 0.986081, 0.00382285, 1, 0
