#lines(A)      6161.275   6166.440   4685.270   5512.980   7326.150   5867.570
T6500g500mm10     -0.052      0.000      0.039      0.040      0.000      0.042
T6250g500mm10     -0.051      0.000      0.029      0.030      0.000      0.031
T6000g500mm10     -0.045      0.000      0.022      0.022      0.000      0.024
T5750g500mm10     -0.036      0.000      0.016      0.017      0.000      0.018
T5500g500mm10     -0.032      0.000      0.011      0.010      0.000      0.011
T5250g500mm10     -0.023      0.000      0.008      0.007      0.000      0.007
T5000g500mm10     -0.026      0.000      0.001     -0.003      0.000     -0.003
T4750g500mm10     -0.015      0.000      0.001     -0.003      0.000     -0.004
T4500g500mm10     -0.014      0.000     -0.000     -0.005      0.000     -0.007
T6500g450mm10     -0.057      0.000      0.064      0.063      0.000      0.066
T6250g450mm10     -0.061      0.000      0.051      0.050      0.000      0.053
T6000g450mm10     -0.057      0.000      0.039      0.039      0.000      0.041
T5750g450mm10     -0.044      0.000      0.031      0.031      0.000      0.033
T5500g450mm10     -0.035      0.000      0.024      0.023      0.000      0.024
T5250g450mm10     -0.023      0.000      0.020      0.018      0.000      0.019
T5000g450mm10     -0.022      0.000      0.011      0.007      0.000      0.007
T4750g450mm10     -0.009      0.000      0.009      0.004      0.000      0.003
T4500g450mm10     -0.004      0.000      0.008      0.001      0.000     -0.001
T6500g400mm10     -0.040      0.000      0.100      0.094      0.000      0.098
T6250g400mm10     -0.068      0.000      0.076      0.072      0.000      0.075
T6000g400mm10     -0.071      0.000      0.059      0.057      0.000      0.060
T5750g400mm10     -0.057      0.000      0.049      0.047      0.000      0.049
T5500g400mm10     -0.044      0.000      0.040      0.038      0.000      0.040
T5250g400mm10     -0.024      0.000      0.035      0.033      0.000      0.035
T5000g400mm10     -0.018      0.000      0.025      0.021      0.000      0.022
T4750g400mm10     -0.002      0.000      0.021      0.016      0.000      0.016
T4500g400mm10      0.004      0.000      0.016      0.008      0.000      0.007
T6500g350mm10      0.094      0.000      0.228      0.207      0.000      0.216
T6250g350mm10     -0.052      0.000      0.113      0.100      0.000      0.104
T6000g350mm10     -0.076      0.000      0.087      0.079      0.000      0.082
T5750g350mm10     -0.075      0.000      0.069      0.063      0.000      0.065
T5500g350mm10     -0.057      0.000      0.060      0.053      0.000      0.055
T5250g350mm10     -0.032      0.000      0.053      0.047      0.000      0.049
T5000g350mm10     -0.019      0.000      0.043      0.036      0.000      0.037
T4750g350mm10      0.003      0.000      0.038      0.030      0.000      0.030
T4500g350mm10      0.020      0.000      0.034      0.022      0.000      0.023
T6500g300mm10      0.502      0.000      0.629      0.541      0.000      0.571
T6250g300mm10      0.060      0.000      0.228      0.196      0.000      0.203
T6000g300mm10     -0.059      0.000      0.125      0.104      0.000      0.108
T5750g300mm10     -0.077      0.000      0.098      0.082      0.000      0.084
T5500g300mm10     -0.070      0.000      0.080      0.066      0.000      0.068
T5250g300mm10     -0.048      0.000      0.069      0.056      0.000      0.058
T5000g300mm10     -0.026      0.000      0.060      0.047      0.000      0.048
T4750g300mm10      0.003      0.000      0.054      0.040      0.000      0.041
T4500g300mm10      0.022      0.000      0.046      0.029      0.000      0.030
T6500g500mm05     -0.062      0.000      0.028      0.027      0.000      0.029
T6250g500mm05     -0.050      0.000      0.023      0.021      0.000      0.023
T6000g500mm05     -0.038      0.000      0.018      0.016      0.000      0.017
T5750g500mm05     -0.027      0.000      0.015      0.012      0.000      0.013
T5500g500mm05     -0.023      0.000      0.009      0.004      0.000      0.004
T5250g500mm05     -0.015      0.000      0.006      0.001      0.000     -0.000
T5000g500mm05     -0.018      0.000     -0.001     -0.010      0.000     -0.013
T4750g500mm05     -0.007      0.000      0.002     -0.006      0.000     -0.009
T4500g500mm05     -0.007      0.000     -0.000     -0.009      0.000     -0.013
T6500g450mm05     -0.071      0.000      0.053      0.049      0.000      0.053
T6250g450mm05     -0.058      0.000      0.043      0.040      0.000      0.043
T6000g450mm05     -0.044      0.000      0.036      0.032      0.000      0.035
T5750g450mm05     -0.028      0.000      0.031      0.027      0.000      0.029
T5500g450mm05     -0.021      0.000      0.023      0.017      0.000      0.018
T5250g450mm05     -0.010      0.000      0.019      0.012      0.000      0.012
T5000g450mm05     -0.010      0.000      0.008     -0.003      0.000     -0.005
T4750g450mm05      0.002      0.000      0.008     -0.002      0.000     -0.005
T4500g450mm05      0.003      0.000      0.007     -0.006      0.000     -0.012
T6500g400mm05     -0.070      0.000      0.087      0.078      0.000      0.082
T6250g400mm05     -0.070      0.000      0.070      0.061      0.000      0.065
T6000g400mm05     -0.053      0.000      0.059      0.051      0.000      0.054
T5750g400mm05     -0.035      0.000      0.051      0.043      0.000      0.046
T5500g400mm05     -0.022      0.000      0.042      0.033      0.000      0.035
T5250g400mm05     -0.006      0.000      0.036      0.026      0.000      0.028
T5000g400mm05     -0.003      0.000      0.023      0.009      0.000      0.008
T4750g400mm05      0.012      0.000      0.020      0.005      0.000      0.003
T4500g400mm05      0.013      0.000      0.014     -0.006      0.000     -0.012
T6500g350mm05      0.000      0.000      0.165      0.146      0.000      0.153
T6250g350mm05     -0.067      0.000      0.105      0.087      0.000      0.091
T6000g350mm05     -0.064      0.000      0.086      0.070      0.000      0.073
T5750g350mm05     -0.044      0.000      0.074      0.059      0.000      0.062
T5500g350mm05     -0.029      0.000      0.063      0.048      0.000      0.050
T5250g350mm05     -0.008      0.000      0.056      0.039      0.000      0.041
T5000g350mm05      0.002      0.000      0.041      0.021      0.000      0.021
T4750g350mm05      0.023      0.000      0.036      0.015      0.000      0.014
T4500g350mm05      0.023      0.000      0.023     -0.003      0.000     -0.008
T6500g300mm05      0.379      0.000      0.450      0.389      0.000      0.409
T6250g300mm05      0.007      0.000      0.185      0.152      0.000      0.158
T6000g300mm05     -0.061      0.000      0.120      0.090      0.000      0.093
T5750g300mm05     -0.053      0.000      0.099      0.072      0.000      0.075
T5500g300mm05     -0.040      0.000      0.083      0.057      0.000      0.059
T5250g300mm05     -0.015      0.000      0.074      0.046      0.000      0.048
T5000g300mm05      0.003      0.000      0.058      0.028      0.000      0.029
T4750g300mm05      0.028      0.000      0.051      0.019      0.000      0.018
T4500g300mm05      0.039      0.000      0.040      0.001      0.000     -0.004
T6500g500mm00     -0.036      0.000      0.029      0.026      0.000      0.029
T6250g500mm00     -0.025      0.000      0.025      0.021      0.000      0.023
T6000g500mm00     -0.016      0.000      0.021      0.017      0.000      0.018
T5750g500mm00     -0.009      0.000      0.017      0.012      0.000      0.012
T5500g500mm00     -0.009      0.000      0.010      0.002      0.000     -0.000
T5250g500mm00     -0.002      0.000      0.008     -0.001      0.000     -0.003
T5000g500mm00     -0.005      0.000      0.002     -0.009      0.000     -0.014
T4750g500mm00      0.002      0.000      0.005     -0.003      0.000     -0.007
T4500g500mm00      0.000      0.000      0.004     -0.002      0.000     -0.005
T6500g450mm00     -0.041      0.000      0.055      0.047      0.000      0.052
T6250g450mm00     -0.028      0.000      0.048      0.039      0.000      0.044
T6000g450mm00     -0.016      0.000      0.041      0.033      0.000      0.036
T5750g450mm00     -0.006      0.000      0.035      0.026      0.000      0.028
T5500g450mm00     -0.003      0.000      0.024      0.013      0.000      0.013
T5250g450mm00      0.005      0.000      0.019      0.007      0.000      0.005
T5000g450mm00      0.004      0.000      0.009     -0.006      0.000     -0.011
T4750g450mm00      0.012      0.000      0.011     -0.001      0.000     -0.005
T4500g450mm00      0.013      0.000      0.011      0.001      0.000     -0.004
T6500g400mm00     -0.043      0.000      0.091      0.074      0.000      0.081
T6250g400mm00     -0.032      0.000      0.077      0.061      0.000      0.067
T6000g400mm00     -0.019      0.000      0.067      0.051      0.000      0.056
T5750g400mm00     -0.006      0.000      0.057      0.041      0.000      0.045
T5500g400mm00      0.000      0.000      0.043      0.026      0.000      0.027
T5250g400mm00      0.011      0.000      0.035      0.016      0.000      0.016
T5000g400mm00      0.013      0.000      0.021     -0.001      0.000     -0.005
T4750g400mm00      0.022      0.000      0.020      0.002      0.000     -0.003
T4500g400mm00      0.024      0.000      0.017      0.001      0.000     -0.005
T6500g350mm00      0.037      0.000      0.188      0.156      0.000      0.166
T6250g350mm00     -0.034      0.000      0.113      0.084      0.000      0.091
T6000g350mm00     -0.024      0.000      0.095      0.068      0.000      0.074
T5750g350mm00     -0.011      0.000      0.082      0.055      0.000      0.059
T5500g350mm00     -0.001      0.000      0.065      0.037      0.000      0.039
T5250g350mm00      0.014      0.000      0.052      0.024      0.000      0.025
T5000g350mm00      0.021      0.000      0.035      0.004      0.000      0.002
T4750g350mm00      0.032      0.000      0.031      0.003      0.000     -0.002
T4500g350mm00      0.039      0.000      0.028      0.001      0.000     -0.005
T6500g300mm00      0.274      0.000      0.374      0.316      0.000      0.334
T6250g300mm00      0.018      0.000      0.186      0.140      0.000      0.148
T6000g300mm00     -0.029      0.000      0.126      0.084      0.000      0.089
T5750g300mm00     -0.019      0.000      0.105      0.064      0.000      0.068
T5500g300mm00     -0.007      0.000      0.083      0.043      0.000      0.046
T5250g300mm00      0.012      0.000      0.067      0.027      0.000      0.029
T5000g300mm00      0.027      0.000      0.048      0.006      0.000      0.005
T4750g300mm00      0.040      0.000      0.039      0.000      0.000     -0.004
T4500g300mm00      0.042      0.000      0.030     -0.009      0.000     -0.017
T6500g500mp05     -0.011      0.000      0.033      0.026      0.000      0.032
T6250g500mp05     -0.008      0.000      0.026      0.020      0.000      0.023
T6000g500mp05     -0.004      0.000      0.021      0.014      0.000      0.015
T5750g500mp05     -0.000      0.000      0.016      0.009      0.000      0.008
T5500g500mp05      0.000      0.000      0.010      0.002      0.000     -0.001
T5250g500mp05      0.004      0.000      0.007      0.001      0.000     -0.003
T5000g500mp05      0.001      0.000      0.004     -0.004      0.000     -0.008
T4750g500mp05      0.004      0.000      0.005      0.000      0.000     -0.002
T4500g500mp05      0.004      0.000      0.004     -0.001      0.000     -0.004
T6500g450mp05     -0.010      0.000      0.059      0.047      0.000      0.056
T6250g450mp05     -0.005      0.000      0.048      0.036      0.000      0.043
T6000g450mp05     -0.001      0.000      0.038      0.026      0.000      0.030
T5750g450mp05      0.003      0.000      0.029      0.018      0.000      0.018
T5500g450mp05      0.004      0.000      0.019      0.006      0.000      0.003
T5250g450mp05      0.009      0.000      0.016      0.003      0.000     -0.000
T5000g450mp05      0.008      0.000      0.009     -0.002      0.000     -0.007
T4750g450mp05      0.009      0.000      0.009      0.001      0.000     -0.003
T4500g450mp05      0.009      0.000      0.000      0.000      0.000      0.000
T6500g400mp05     -0.006      0.000      0.098      0.075      0.000      0.087
T6250g400mp05     -0.004      0.000      0.078      0.056      0.000      0.066
T6000g400mp05     -0.000      0.000      0.061      0.041      0.000      0.047
T5750g400mp05      0.005      0.000      0.047      0.027      0.000      0.029
T5500g400mp05      0.008      0.000      0.032      0.012      0.000      0.010
T5250g400mp05      0.014      0.000      0.025      0.006      0.000      0.003
T5000g400mp05      0.014      0.000      0.015     -0.001      0.000     -0.006
T4750g400mp05      0.017      0.000      0.014      0.002      0.000     -0.002
T4500g400mp05      0.019      0.000      0.014      0.005      0.000      0.002
T6500g350mp05      0.058      0.000      0.197      0.157      0.000      0.175
T6250g350mp05      0.000      0.000      0.119      0.084      0.000      0.096
T6000g350mp05     -0.001      0.000      0.088      0.056      0.000      0.064
T5750g350mp05      0.005      0.000      0.067      0.036      0.000      0.040
T5500g350mp05      0.008      0.000      0.046      0.017      0.000      0.016
T5250g350mp05      0.018      0.000      0.035      0.008      0.000      0.005
T5000g350mp05      0.021      0.000      0.023     -0.000      0.000     -0.004
T4750g350mp05      0.025      0.000      0.020      0.001      0.000     -0.003
T4500g350mp05      0.031      0.000      0.021      0.001      0.000     -0.008
T6500g300mp05      0.201      0.000      0.365      0.296      0.000      0.318
T6250g300mp05      0.077      0.000      0.225      0.170      0.000      0.187
T6000g300mp05     -0.003      0.000      0.116      0.070      0.000      0.079
T5750g300mp05      0.001      0.000      0.085      0.044      0.000      0.049
T5500g300mp05      0.007      0.000      0.058      0.020      0.000      0.021
T5250g300mp05      0.021      0.000      0.042      0.008      0.000      0.006
T5000g300mp05      0.028      0.000      0.028     -0.001      0.000     -0.002
T4750g300mp05      0.032      0.000      0.022     -0.002      0.000     -0.006
T4500g300mp05      0.032      0.000      0.022     -0.007      0.000     -0.018
