T6500g500mm10 6500 5.00 0.00 1.5
T6250g500mm10 6250 5.00 0.00 1.5
T6000g500mm10 6000 5.00 0.00 1.5
T5750g500mm10 5750 5.00 0.00 1.5 
T5500g500mm10 5500 5.00 0.00 1.5
T5250g500mm10 5250 5.00 0.00 1.5
T5000g500mm10 5000 5.00 0.00 1.5
T4750g500mm10 4750 5.00 0.00 1.5
T4500g500mm10 4500 5.00 0.00 1.5 
T6500g450mm10 6500 4.50 0.00 1.5
T6250g450mm10 6250 4.50 0.00 1.5
T6000g450mm10 6000 4.50 0.00 1.5
T5750g450mm10 5750 4.50 0.00 1.5 
T5500g450mm10 5500 4.50 0.00 1.5
T5250g450mm10 5250 4.50 0.00 1.5
T5000g450mm10 5000 4.50 0.00 1.5
T4750g450mm10 4750 4.50 0.00 1.5
T4500g450mm10 4500 4.50 0.00 1.5 
T6500g400mm10 6500 4.00 0.00 1.5
T6250g400mm10 6250 4.00 0.00 1.5
T6000g400mm10 6000 4.00 0.00 1.5
T5750g400mm10 5750 4.00 0.00 1.5 
T5500g400mm10 5500 4.00 0.00 1.5
T5250g400mm10 5250 4.00 0.00 1.5
T5000g400mm10 5000 4.00 0.00 1.5
T4750g400mm10 4750 4.00 0.00 1.5
T4500g400mm10 4500 4.00 0.00 1.5 

T6500g350mm10 6500 3.50 0.00 1.5
T6250g350mm10 6250 3.50 0.00 1.5
T6000g350mm10 6000 3.50 0.00 1.5
T5750g350mm10 5750 3.50 0.00 1.5 
T5500g350mm10 5500 3.50 0.00 1.5
T5250g350mm10 5250 3.50 0.00 1.5
T5000g350mm10 5000 3.50 0.00 1.5
T4750g350mm10 4750 3.50 0.00 1.5
T4500g350mm10 4500 3.50 0.00 1.5 
T6500g300mm10 6500 3.00 0.00 1.5
T6250g300mm10 6250 3.00 0.00 1.5
T6000g300mm10 6000 3.00 0.00 1.5
T5750g300mm10 5750 3.00 0.00 1.5 
T5500g300mm10 5500 3.00 0.00 1.5
T5250g300mm10 5250 3.00 0.00 1.5
T5000g300mm10 5000 3.00 0.00 1.5
T4750g300mm10 4750 3.00 0.00 1.5
T4500g300mm10 4500 3.00 0.00 1.5 
