#lines(A)      5978.54    5689.49    5062.11    6098.66    5471.21    4562.63     5219.7    5295.78    6554.24
T6500g500mm10     30.000     30.000     30.000     30.000     30.000     30.000     30.000     30.000     30.000
T6250g500mm10      0.198     30.000     30.000     30.000     30.000      0.180     30.000     30.000     30.000
T6000g500mm10      0.189     30.000     30.000     30.000     30.000      0.171      0.204     30.000     30.000
T5750g500mm10      0.178      0.182      0.158     30.000     30.000      0.162      0.194      0.197      0.180
T5500g500mm10      0.159      0.162      0.141     30.000      0.150      0.146      0.174      0.169      0.157
T5250g500mm10      0.145      0.144      0.128     30.000      0.135      0.133      0.155      0.150      0.140
T5000g500mm10      0.107      0.107      0.096      0.095      0.098      0.097      0.106      0.105      0.099
T4750g500mm10      0.092      0.091      0.083      0.084      0.087      0.087      0.095      0.090      0.088
T4500g500mm10      0.067      0.071      0.065      0.068      0.067      0.068      0.069      0.068      0.067
T6500g450mm10     30.000     30.000     30.000     30.000     30.000     30.000     30.000     30.000     30.000
T6250g450mm10     30.000     30.000     30.000     30.000     30.000     30.000     30.000     30.000     30.000
T6000g450mm10      0.242     30.000     30.000     30.000     30.000      0.228      0.267     30.000     30.000
T5750g450mm10      0.230     30.000      0.210     30.000     30.000      0.216      0.257     30.000      0.233
T5500g450mm10      0.210      0.224      0.191     30.000      0.200      0.197      0.235      0.226      0.206
T5250g450mm10      0.196      0.203      0.179     30.000      0.185      0.185      0.211      0.204      0.189
T5000g450mm10      0.160      0.166      0.147      0.144      0.150      0.150      0.160      0.159      0.148
T4750g450mm10      0.138      0.142      0.128      0.131      0.130      0.132      0.142      0.136      0.130
T4500g450mm10      0.114      0.122      0.111      0.118      0.111      0.114      0.119      0.115      0.111
T6500g400mm10     30.000     30.000     30.000     30.000     30.000     30.000     30.000     30.000     30.000
T6250g400mm10     30.000     30.000     30.000     30.000     30.000     30.000     30.000     30.000     30.000
T6000g400mm10      0.280     30.000     30.000     30.000     30.000      0.275      0.317     30.000     30.000
T5750g400mm10      0.272     30.000      0.258     30.000     30.000      0.268      0.311     30.000      0.277
T5500g400mm10      0.257      0.282      0.242     30.000      0.251      0.252      0.290      0.279      0.254
T5250g400mm10      0.243      0.264      0.227     30.000      0.233      0.236      0.268      0.260      0.234
T5000g400mm10      0.205      0.223      0.193      0.186      0.194      0.197      0.211      0.209      0.191
T4750g400mm10      0.182      0.194      0.173      0.177      0.172      0.177      0.188      0.180      0.170
T4500g400mm10      0.147      0.161      0.146      0.154      0.142      0.148      0.154      0.148      0.141
T6500g350mm10     30.000     30.000     30.000     30.000     30.000     30.000     30.000     30.000     30.000
T6250g350mm10     30.000     30.000     30.000     30.000     30.000     30.000     30.000     30.000     30.000
T6000g350mm10      0.297     30.000     30.000     30.000     30.000      0.301      0.349     30.000     30.000
T5750g350mm10      0.295     30.000      0.284     30.000     30.000      0.300      0.351     30.000      0.311
T5500g350mm10      0.283      0.324      0.272     30.000      0.280      0.287      0.337      0.325      0.288
T5250g350mm10      0.273      0.310      0.261     30.000      0.263      0.275      0.316      0.299      0.270
T5000g350mm10      0.245      0.276      0.232      0.207      0.231      0.241      0.261      0.258      0.227
T4750g350mm10      0.225      0.251      0.212      0.203      0.210      0.220      0.237      0.229      0.205
T4500g350mm10      0.192      0.221      0.188      0.193      0.177      0.191      0.199      0.191      0.172
T6500g300mm10     30.000     30.000     30.000     30.000     30.000     30.000     30.000     30.000     30.000
T6250g300mm10     30.000     30.000     30.000     30.000     30.000     30.000     30.000     30.000     30.000
T6000g300mm10      0.301     30.000     30.000     30.000     30.000      0.311      0.360     30.000     30.000
T5750g300mm10      0.303     30.000      0.291     30.000     30.000      0.315      0.368     30.000     30.000
T5500g300mm10      0.294      0.349      0.286     30.000      0.295      0.307      0.365      0.345      0.311
T5250g300mm10      0.287      0.340      0.278     30.000      0.277      0.296      0.350      0.325      0.289
T5000g300mm10      0.267      0.314      0.257      0.215      0.249      0.271      0.302      0.291      0.253
T4750g300mm10      0.249      0.288      0.236      0.218      0.228      0.246      0.265      0.255      0.218
T4500g300mm10      0.206      0.248      0.204      0.208      0.188      0.211      0.223      0.209      0.181
T6500g500mm05      0.159      0.165      0.148     30.000     30.000      0.146      0.171     30.000      0.166
T6250g500mm05      0.154      0.161      0.142     30.000      0.151      0.141      0.167      0.164      0.157
T6000g500mm05      0.148      0.154      0.136     30.000      0.142      0.136      0.161      0.157      0.149
T5750g500mm05      0.139      0.144      0.128      0.123      0.132      0.128      0.151      0.143      0.136
T5500g500mm05      0.116      0.122      0.109      0.106      0.111      0.108      0.121      0.117      0.113
T5250g500mm05      0.103      0.108      0.098      0.098      0.099      0.098      0.109      0.103      0.100
T5000g500mm05      0.072      0.080      0.074      0.078      0.073      0.074      0.078      0.074      0.072
T4750g500mm05      0.065      0.071      0.066      0.070      0.068      0.070      0.078      0.070      0.068
T4500g500mm05      0.049      0.059      0.056      0.060      0.057      0.056      0.060      0.057      0.055
T6500g450mm05      0.190     30.000      0.179     30.000     30.000      0.179      0.207     30.000      0.197
T6250g450mm05      0.186      0.198      0.175     30.000      0.184      0.176      0.203      0.198      0.190
T6000g450mm05      0.179      0.192      0.170     30.000      0.174      0.170      0.197      0.191      0.180
T5750g450mm05      0.170      0.182      0.161      0.155      0.164      0.162      0.185      0.177      0.167
T5500g450mm05      0.148      0.162      0.143      0.139      0.143      0.142      0.156      0.151      0.144
T5250g450mm05      0.136      0.148      0.132      0.134      0.132      0.132      0.142      0.137      0.131
T5000g450mm05      0.102      0.117      0.105      0.113      0.101      0.104      0.110      0.104      0.100
T4750g450mm05      0.094      0.105      0.098      0.103      0.096      0.101      0.111      0.101      0.096
T4500g450mm05      0.080      0.101      0.096      0.101      0.093      0.095      0.100      0.095      0.087
T6500g400mm05      0.217     30.000      0.202     30.000     30.000      0.205      0.241     30.000     30.000
T6250g400mm05      0.210      0.233      0.199     30.000     30.000      0.203      0.238      0.228      0.216
T6000g400mm05      0.202      0.227      0.194     30.000      0.196      0.197      0.230      0.220      0.203
T5750g400mm05      0.193      0.217      0.186      0.178      0.186      0.188      0.216      0.203      0.191
T5500g400mm05      0.175      0.197      0.172      0.167      0.169      0.171      0.186      0.181      0.169
T5250g400mm05      0.160      0.183      0.159      0.163      0.156      0.158      0.167      0.163      0.154
T5000g400mm05      0.129      0.155      0.136      0.148      0.129      0.134      0.138      0.134      0.125
T4750g400mm05      0.117      0.141      0.129      0.140      0.123      0.130      0.138      0.128      0.119
T4500g400mm05      0.100      0.134      0.126      0.134      0.116      0.124      0.128      0.120      0.106
T6500g350mm05      0.230     30.000      0.212     30.000     30.000      0.216      0.255     30.000     30.000
T6250g350mm05      0.222      0.252      0.209     30.000     30.000      0.216      0.254      0.235      0.233
T6000g350mm05      0.215      0.248      0.205     30.000      0.210      0.213      0.250      0.235      0.221
T5750g350mm05      0.207      0.243      0.199      0.186      0.196      0.204      0.240      0.223      0.207
T5500g350mm05      0.193      0.231      0.189      0.178      0.182      0.190      0.213      0.202      0.185
T5250g350mm05      0.181      0.216      0.180      0.175      0.172      0.179      0.193      0.186      0.171
T5000g350mm05      0.148      0.187      0.158      0.169      0.145      0.155      0.159      0.154      0.139
T4750g350mm05      0.134      0.173      0.152      0.165      0.138      0.152      0.158      0.148      0.131
T4500g350mm05      0.116      0.164      0.151      0.162      0.135      0.150      0.154      0.142      0.120
T6500g300mm05      0.233     30.000      0.210     30.000     30.000      0.214      0.258     30.000     30.000
T6250g300mm05      0.229      0.262      0.210     30.000     30.000      0.219      0.262      0.229      0.244
T6000g300mm05      0.221      0.258      0.206     30.000      0.211      0.216      0.260      0.234      0.228
T5750g300mm05      0.213      0.256      0.201      0.188      0.196      0.209      0.253      0.227      0.212
T5500g300mm05      0.199      0.248      0.194      0.181      0.182      0.197      0.230      0.211      0.189
T5250g300mm05      0.187      0.238      0.187      0.177      0.172      0.187      0.202      0.194      0.170
T5000g300mm05      0.161      0.213      0.170      0.174      0.152      0.169      0.177      0.168      0.143
T4750g300mm05      0.144      0.197      0.163      0.176      0.143      0.166      0.174      0.160      0.134
T4500g300mm05      0.132      0.201      0.171      0.181      0.141      0.174      0.181      0.164      0.125
T6500g500mm00      0.109      0.115      0.103      0.100      0.106      0.101      0.123      0.114      0.110
T6250g500mm00      0.102      0.110      0.099      0.095      0.100      0.097      0.116      0.107      0.104
T6000g500mm00      0.095      0.102      0.094      0.091      0.094      0.093      0.107      0.098      0.097
T5750g500mm00      0.086      0.095      0.087      0.087      0.088      0.087      0.098      0.091      0.090
T5500g500mm00      0.070      0.081      0.074      0.078      0.075      0.075      0.085      0.077      0.076
T5250g500mm00      0.063      0.074      0.069      0.074      0.070      0.072      0.083      0.073      0.071
T5000g500mm00      0.034      0.054      0.052      0.058      0.052      0.054      0.061      0.052      0.047
T4750g500mm00      0.033      0.049      0.048      0.053      0.051      0.052      0.065      0.051      0.047
T4500g500mm00      0.019      0.037      0.036      0.043      0.041      0.040      0.050      0.038      0.034
T6500g450mm00      0.130      0.142      0.125      0.122      0.126      0.123      0.146      0.135      0.129
T6250g450mm00      0.121      0.135      0.119      0.116      0.118      0.118      0.138      0.128      0.121
T6000g450mm00      0.111      0.128      0.113      0.111      0.111      0.111      0.125      0.117      0.113
T5750g450mm00      0.100      0.119      0.104      0.107      0.103      0.104      0.114      0.107      0.105
T5500g450mm00      0.084      0.104      0.092      0.098      0.090      0.092      0.100      0.093      0.090
T5250g450mm00      0.076      0.097      0.089      0.096      0.086      0.091      0.101      0.090      0.086
T5000g450mm00      0.047      0.077      0.072      0.082      0.070      0.076      0.082      0.071      0.063
T4750g450mm00      0.043      0.071      0.069      0.077      0.070      0.075      0.088      0.069      0.061
T4500g450mm00      0.029      0.060      0.060      0.071      0.063      0.067      0.079      0.058      0.049
T6500g400mm00      0.146      0.163      0.140      0.140      0.139      0.140      0.164      0.150      0.142
T6250g400mm00      0.134      0.156      0.134      0.134      0.130      0.134      0.154      0.142      0.132
T6000g400mm00      0.122      0.149      0.127      0.129      0.121      0.126      0.139      0.130      0.124
T5750g400mm00      0.110      0.141      0.119      0.126      0.114      0.118      0.126      0.120      0.115
T5500g400mm00      0.093      0.126      0.107      0.119      0.101      0.107      0.113      0.106      0.100
T5250g400mm00      0.085      0.118      0.103      0.117      0.097      0.107      0.112      0.103      0.095
T5000g400mm00      0.057      0.098      0.090      0.105      0.085      0.095      0.099      0.087      0.075
T4750g400mm00      0.051      0.092      0.088      0.101      0.085      0.095      0.105      0.085      0.071
T4500g400mm00      0.037      0.078      0.076      0.092      0.077      0.091      0.106      0.074      0.058
T6500g350mm00      0.155      0.178      0.145      0.145      0.144      0.144      0.173      0.154      0.146
T6250g350mm00      0.142      0.171      0.139      0.140      0.130      0.139      0.164      0.147      0.134
T6000g350mm00      0.130      0.164      0.132      0.136      0.121      0.132      0.148      0.136      0.125
T5750g350mm00      0.117      0.158      0.126      0.133      0.115      0.124      0.133      0.126      0.115
T5500g350mm00      0.096      0.145      0.116      0.130      0.104      0.114      0.118      0.112      0.100
T5250g350mm00      0.087      0.136      0.112      0.129      0.099      0.114      0.117      0.108      0.094
T5000g350mm00      0.061      0.118      0.100      0.122      0.089      0.107      0.108      0.096      0.076
T4750g350mm00      0.052      0.110      0.099      0.123      0.091      0.109      0.114      0.094      0.069
T4500g350mm00      0.032      0.100      0.089      0.120      0.083      0.108      0.118      0.084      0.051
T6500g300mm00      0.165      0.189      0.146      0.146      0.145      0.142      0.180      0.152      0.149
T6250g300mm00      0.150      0.182      0.140      0.141      0.126      0.138      0.171      0.146      0.131
T6000g300mm00      0.136      0.176      0.132      0.138      0.112      0.131      0.155      0.136      0.118
T5750g300mm00      0.120      0.171      0.127      0.136      0.107      0.124      0.137      0.126      0.108
T5500g300mm00      0.099      0.159      0.118      0.133      0.098      0.116      0.121      0.113      0.093
T5250g300mm00      0.084      0.149      0.113      0.134      0.093      0.116      0.118      0.108      0.086
T5000g300mm00      0.061      0.132      0.102      0.130      0.086      0.113      0.116      0.100      0.072
T4750g300mm00      0.052      0.124      0.101      0.135      0.091      0.118      0.121      0.099      0.064
T4500g300mm00      0.019      0.109      0.088      0.135      0.081      0.108      0.107      0.079      0.033
T6500g500mp05      0.071      0.078      0.072      0.071      0.074      0.072      0.086      0.078      0.077
T6250g500mp05      0.065      0.074      0.068      0.068      0.070      0.069      0.081      0.073      0.073
T6000g500mp05      0.061      0.070      0.065      0.066      0.068      0.068      0.080      0.071      0.070
T5750g500mp05      0.057      0.067      0.062      0.065      0.065      0.067      0.081      0.069      0.068
T5500g500mp05      0.046      0.058      0.055      0.059      0.058      0.061      0.074      0.061      0.060
T5250g500mp05      0.039      0.053      0.051      0.056      0.056      0.059      0.073      0.059      0.057
T5000g500mp05      0.014      0.034      0.033      0.042      0.040      0.043      0.055      0.039      0.037
T4750g500mp05      0.014      0.029      0.029      0.037      0.038      0.036      0.045      0.034      0.033
T4500g500mp05      0.005      0.024      0.025      0.035      0.031      0.028      0.036      0.026      0.020
T6500g450mp05      0.077      0.091      0.082      0.083      0.081      0.082      0.094      0.086      0.084
T6250g450mp05      0.071      0.086      0.078      0.080      0.077      0.079      0.089      0.082      0.079
T6000g450mp05      0.065      0.082      0.074      0.079      0.074      0.077      0.087      0.078      0.076
T5750g450mp05      0.059      0.078      0.070      0.077      0.072      0.076      0.087      0.076      0.073
T5500g450mp05      0.047      0.069      0.064      0.073      0.066      0.072      0.082      0.070      0.066
T5250g450mp05      0.045      0.067      0.063      0.073      0.067      0.074      0.085      0.070      0.066
T5000g450mp05      0.021      0.049      0.047      0.061      0.054      0.060      0.071      0.053      0.048
T4750g450mp05      0.019      0.042      0.040      0.056      0.049      0.051      0.058      0.044      0.042
T4500g450mp05      0.019      0.000      0.000      0.000      0.000      0.000      0.000      0.000      0.000
T6500g400mp05      0.080      0.103      0.089      0.093      0.084      0.088      0.100      0.091      0.086
T6250g400mp05      0.070      0.096      0.083      0.090      0.079      0.084      0.092      0.085      0.080
T6000g400mp05      0.063      0.091      0.078      0.089      0.076      0.082      0.089      0.081      0.077
T5750g400mp05      0.056      0.087      0.075      0.088      0.074      0.082      0.088      0.079      0.074
T5500g400mp05      0.048      0.081      0.071      0.086      0.071      0.080      0.086      0.076      0.068
T5250g400mp05      0.045      0.078      0.070      0.088      0.073      0.085      0.091      0.078      0.068
T5000g400mp05      0.029      0.065      0.059      0.082      0.065      0.077      0.085      0.066      0.056
T4750g400mp05      0.030      0.059      0.053      0.080      0.062      0.071      0.078      0.058      0.052
T4500g400mp05      0.028      0.054      0.048      0.079      0.060      0.071      0.082      0.058      0.051
T6500g350mp05      0.085      0.116      0.093      0.099      0.083      0.091      0.106      0.093      0.084
T6250g350mp05      0.070      0.106      0.085      0.095      0.077      0.086      0.093      0.085      0.076
T6000g350mp05      0.058      0.100      0.080      0.094      0.072      0.083      0.088      0.080      0.071
T5750g350mp05      0.052      0.096      0.077      0.095      0.070      0.083      0.086      0.079      0.067
T5500g350mp05      0.043      0.089      0.072      0.094      0.067      0.083      0.084      0.076      0.061
T5250g350mp05      0.040      0.086      0.071      0.098      0.071      0.089      0.091      0.079      0.061
T5000g350mp05      0.034      0.079      0.065      0.099      0.070      0.089      0.092      0.075      0.056
T4750g350mp05      0.038      0.076      0.061      0.104      0.070      0.086      0.090      0.067      0.055
T4500g350mp05      0.011      0.072      0.056      0.119      0.060      0.085      0.089      0.060      0.029
T6500g300mp05      0.094      0.130      0.095      0.103      0.077      0.089      0.112      0.092      0.077
T6250g300mp05      0.076      0.119      0.088      0.099      0.071      0.086      0.098      0.086      0.069
T6000g300mp05      0.058      0.111      0.080      0.098      0.065      0.082      0.088      0.079      0.061
T5750g300mp05      0.045      0.104      0.076      0.099      0.062      0.082      0.084      0.075      0.056
T5500g300mp05      0.032      0.095      0.069      0.099      0.059      0.082      0.081      0.072      0.049
T5250g300mp05      0.033      0.093      0.068      0.106      0.065      0.091      0.090      0.077      0.050
T5000g300mp05      0.036      0.089      0.065      0.114      0.071      0.097      0.095      0.080      0.051
T4750g300mp05      0.048      0.091      0.063      0.127      0.073      0.098      0.097      0.076      0.055
T4500g300mp05      0.008      0.085      0.055      0.146      0.062      0.090      0.063      0.060      0.020
